#!ascii label  , from subject sub-v1s19x0051307_ses-1 vox2ras=TkReg
929
49282  -21.082  -22.259  -21.463 0.4285714328
51199  -21.919  -20.728  -22.861 0.2857142985
115062  -21.613  -21.402  -22.420 0.4285714328
51200  -22.898  -20.518  -22.549 0.4285714328
51241  -22.330  -19.759  -23.884 0.2857142985
51224  -22.590  -20.044  -23.185 0.4285714328
52157  -23.115  -19.518  -23.614 0.4285714328
52198  -22.622  -19.160  -25.393 0.4285714328
52181  -23.498  -18.871  -24.766 0.4285714328
53153  -23.438  -18.729  -25.766 0.4285714328
119767  -24.131  -18.500  -26.262 0.4285714328
54126  -23.448  -17.669  -27.624 0.5714285970
53183  -23.822  -18.278  -27.564 0.5714285970
122922  -24.107  -18.434  -27.226 0.4285714328
53184  -24.513  -18.271  -27.886 0.2857142985
55239  -24.263  -17.191  -27.921 0.7142857313
54127  -24.244  -18.075  -27.949 0.7142857313
55249  -25.632  -16.324  -28.125 0.7142857313
55250  -26.337  -16.753  -28.417 0.4285714328
55240  -25.060  -17.307  -28.235 0.7142857313
56396  -26.929  -15.727  -28.313 0.5714285970
56395  -25.110  -15.293  -28.187 0.5714285970
113553  -26.058  -15.402  -28.252 0.5714285970
57457  -26.579  -14.656  -28.444 0.5714285970
57458  -27.480  -14.679  -28.424 0.5714285970
119876  -27.786  -15.414  -28.376 0.4285714328
58514  -27.519  -13.091  -29.055 0.5714285970
58515  -28.466  -12.937  -29.093 0.5714285970
58513  -26.699  -13.188  -29.235 0.7142857313
117476  -28.410  -12.233  -29.558 0.7142857313
58516  -29.479  -13.095  -29.042 0.5714285970
58497  -27.079  -13.841  -28.665 0.5714285970
58511  -24.785  -13.524  -29.661 0.5714285970
114263  -27.126  -12.668  -29.623 0.8571428657
59560  -29.106  -12.390  -29.403 0.7142857313
59561  -30.052  -12.458  -29.351 0.5714285970
59558  -26.491  -12.733  -29.991 0.7142857313
59557  -25.854  -12.777  -30.326 0.5714285970
60655  -29.338  -11.187  -29.871 0.7142857313
124041  -30.848  -12.186  -29.446 0.5714285970
60634  -28.026  -11.746  -29.957 0.7142857313
119264  -29.957  -10.642  -30.007 0.5714285970
60654  -28.545  -11.159  -30.277 0.7142857313
61658  -30.912  -10.757  -29.728 0.5714285970
61668  -27.720  -11.300  -30.822 0.5714285970
61669  -28.412  -10.629  -30.867 0.7142857313
125818  -29.121  -10.589  -30.433 0.7142857313
62640  -30.266  -9.352  -30.581 0.7142857313
113130  -30.556  -10.058  -30.233 0.7142857313
61681  -28.365  -10.139  -31.282 0.7142857313
62639  -28.913  -10.013  -30.896 0.7142857313
62651  -29.387  -9.227  -30.968 0.7142857313
63559  -30.472  -8.031  -31.132 0.7142857313
63550  -30.843  -8.717  -30.680 0.5714285970
61680  -27.859  -10.587  -31.435 0.5714285970
63560  -31.434  -8.027  -30.941 0.5714285970
64486  -32.107  -7.303  -31.246 0.5714285970
119740  -28.865  -8.848  -31.505 0.8571428657
62650  -28.605  -9.521  -31.379 0.8571428657
64485  -31.003  -7.130  -31.359 0.7142857313
65421  -30.368  -6.536  -31.719 0.7142857313
63558  -29.511  -8.265  -31.386 0.8571428657
64484  -29.977  -7.309  -31.521 0.7142857313
66364  -29.953  -5.587  -32.723 0.8571428657
65439  -31.340  -5.396  -31.781 0.5714285970
123990  -30.032  -6.196  -32.323 0.8571428657
65437  -29.506  -6.336  -32.800 0.8571428657
64483  -29.235  -7.536  -31.954 0.8571428657
65420  -29.642  -6.764  -32.016 0.8571428657
67377  -29.668  -4.366  -33.525 0.8571428657
68420  -29.814  -3.536  -33.689 0.8571428657
69420  -29.553  -2.296  -34.502 0.8571428657
67394  -29.208  -3.961  -34.072 0.8571428657
68447  -28.376  -3.184  -35.178 1.0000000000
69419  -28.940  -2.739  -34.848 1.0000000000
67376  -29.063  -4.797  -33.888 0.8571428657
68439  -28.783  -3.557  -34.626 1.0000000000
70370  -28.174  -1.665  -35.834 1.0000000000
71262  -27.106  -0.074  -37.139 0.7142857313
125194  -28.686  -1.604  -35.477 1.0000000000
69436  -27.867  -2.236  -35.863 1.0000000000
70393  -28.020  -1.083  -36.181 1.0000000000
73977  -27.119  2.862  -38.056 1.0000000000
73976  -26.435  2.637  -38.427 0.8571428657
75990  -26.558  4.514  -39.114 0.8571428657
133983  -26.821  3.968  -38.707 1.0000000000
78848  -26.472  7.412  -40.247 0.8571428657
76940  -26.235  5.820  -39.733 0.8571428657
117001  -26.587  5.197  -39.326 1.0000000000
78849  -26.824  8.427  -40.492 0.8571428657
79882  -26.034  8.951  -41.423 0.7142857313
79897  -25.201  8.493  -41.796 0.5714285970
80854  -25.320  10.029  -43.444 0.7142857313
81756  -26.176  10.322  -43.135 0.5714285970
81767  -24.461  9.887  -43.008 0.5714285970
79909  -24.820  8.960  -42.438 0.5714285970
81754  -24.242  10.049  -42.646 0.4285714328
82554  -24.828  11.576  -43.586 0.4285714328
82512  -25.689  11.098  -39.235 0.2857142985
81732  -25.010  10.795  -39.711 0.2857142985
117932  -26.418  11.393  -38.775 0.2857142985
126137  -21.905  -20.261  -23.525 0.2857142985
60636  -29.505  -11.844  -29.560 0.5714285970
65422  -31.140  -6.183  -31.588 0.5714285970
65438  -30.587  -5.805  -32.057 0.8571428657
67359  -30.153  -4.728  -32.946 0.8571428657
67378  -30.341  -3.958  -33.191 0.8571428657
68440  -29.385  -3.132  -34.291 0.8571428657
72081  -27.738  0.225  -36.703 0.8571428657
119491  -27.750  11.231  -36.643 0.1428571492
50279  -21.101  -20.705  -23.590 0.2857142985
52179  -22.027  -19.629  -24.744 0.2857142985
52180  -22.861  -19.333  -24.383 0.4285714328
53136  -24.204  -18.555  -25.188 0.4285714328
53167  -23.400  -18.617  -26.871 0.4285714328
53166  -22.521  -18.503  -26.820 0.5714285970
54128  -24.982  -18.105  -28.310 0.4285714328
55238  -23.409  -16.530  -27.630 0.2857142985
56382  -24.742  -16.225  -27.932 0.7142857313
132222  -26.255  -15.983  -28.190 0.4285714328
57459  -28.466  -14.762  -28.466 0.4285714328
57456  -25.701  -14.570  -28.506 0.7142857313
58496  -26.180  -13.838  -28.799 0.7142857313
58498  -28.010  -13.812  -28.587 0.5714285970
58499  -29.006  -13.805  -28.623 0.4285714328
59559  -27.769  -12.430  -29.587 0.7142857313
58512  -25.778  -13.277  -29.592 0.5714285970
61671  -31.446  -10.151  -30.031 0.5714285970
59579  -26.313  -12.325  -30.702 0.5714285970
60638  -31.298  -11.551  -29.566 0.5714285970
62641  -31.120  -9.447  -30.377 0.5714285970
66365  -30.724  -5.086  -32.400 0.5714285970
65449  -29.381  -5.876  -33.252 1.0000000000
69438  -29.119  -1.932  -35.089 1.0000000000
67412  -28.192  -3.964  -34.982 1.0000000000
71249  -27.507  -0.719  -36.637 0.8571428657
72975  -26.723  1.251  -37.726 0.7142857313
72093  -27.279  0.726  -37.250 1.0000000000
72958  -27.844  1.090  -36.776 1.0000000000
73965  -26.892  2.102  -37.860 0.7142857313
72976  -27.394  1.569  -37.340 1.0000000000
72987  -26.207  1.776  -38.305 0.7142857313
74949  -26.669  3.377  -38.551 0.8571428657
77889  -25.941  6.536  -40.318 0.8571428657
76924  -27.125  5.081  -38.887 1.0000000000
75991  -27.238  4.419  -38.552 1.0000000000
79881  -25.866  7.990  -41.009 0.7142857313
81755  -24.516  10.680  -42.771 0.7142857313
80853  -24.760  9.826  -43.242 0.7142857313
81738  -23.852  9.669  -41.655 0.4285714328
82534  -25.379  11.392  -40.300 0.2857142985
82544  -25.001  11.446  -41.806 0.4285714328
81769  -25.331  10.840  -43.689 0.4285714328
82545  -25.040  12.140  -42.696 0.4285714328
82535  -25.839  12.052  -40.908 0.4285714328
56394  -24.203  -15.502  -28.066 0.4285714328
57455  -24.290  -14.763  -28.463 0.4285714328
121720  -24.590  10.184  -43.270 0.7142857313
82524  -26.145  11.697  -39.705 0.2857142985
50233  -21.789  -21.826  -21.876 0.4285714328
50259  -22.370  -21.226  -22.188 0.4285714328
50258  -21.053  -21.319  -22.902 0.2857142985
51240  -21.524  -20.100  -24.188 0.2857142985
112980  -22.787  -18.825  -26.244 0.4285714328
53182  -23.135  -18.307  -27.366 0.4285714328
57474  -25.281  -13.911  -28.957 0.7142857313
60653  -27.192  -12.141  -30.295 0.5714285970
60637  -30.271  -11.490  -29.585 0.5714285970
61670  -29.685  -9.985  -30.529 0.7142857313
60652  -26.813  -11.768  -31.168 0.7142857313
63549  -30.087  -8.706  -30.896 0.7142857313
62649  -28.017  -9.888  -31.787 0.8571428657
66382  -29.526  -5.181  -33.356 0.8571428657
64495  -29.084  -7.063  -32.745 0.8571428657
67393  -28.623  -4.386  -34.444 1.0000000000
70392  -27.550  -1.717  -36.348 1.0000000000
72092  -26.565  0.406  -37.618 0.8571428657
80836  -26.125  9.695  -42.253 0.7142857313
79898  -25.228  9.307  -42.620 0.5714285970
80852  -24.537  9.518  -42.750 0.5714285970
81739  -24.250  10.234  -41.469 0.4285714328
81724  -25.702  10.909  -38.158 0.2857142985
81740  -24.821  10.795  -40.990 0.2857142985
82500  -26.568  11.298  -37.790 0.2857142985
81713  -26.916  11.032  -36.889 0.1428571492
56381  -24.028  -16.167  -27.790 0.2857142985
81768  -24.910  10.727  -43.550 0.5714285970
84880  -27.259  14.501  -43.048 0.2857142985
120942  -27.558  15.198  -41.847 0.1428571492
83305  -26.285  13.191  -41.989 0.2857142985
84104  -25.982  14.085  -44.198 0.2857142985
84085  -27.408  14.336  -40.768 0.1428571492
84874  -27.744  15.615  -40.751 0.1428571492
117494  -26.542  12.248  -40.029 0.1428571492
83304  -25.853  12.556  -41.814 0.2857142985
84084  -27.122  13.285  -40.830 0.1428571492
84114  -25.941  13.967  -44.734 0.2857142985
81771  -29.686  11.268  -42.516 0.2857142985
82557  -28.024  11.976  -43.717 0.2857142985
84076  -27.937  14.151  -39.822 0.1428571492
83313  -24.671  12.205  -44.009 0.2857142985
81758  -28.305  10.751  -41.738 0.2857142985
83330  -25.531  13.271  -44.782 0.2857142985
84093  -25.669  13.368  -43.526 0.2857142985
80824  -29.656  9.580  -40.349 0.1428571492
82547  -28.898  11.276  -42.330 0.2857142985
82556  -26.690  11.886  -44.078 0.2857142985
84075  -27.551  13.468  -40.061 0.1428571492
82565  -25.397  12.391  -44.650 0.2857142985
83322  -25.004  12.704  -44.519 0.2857142985
79873  -32.053  8.247  -39.819 0.1428571492
79885  -30.754  9.102  -39.973 0.1428571492
81742  -28.666  10.313  -40.936 0.4285714328
78827  -29.615  7.442  -38.335 0.2857142985
79883  -28.252  8.821  -40.053 0.4285714328
81741  -27.761  10.242  -41.247 0.2857142985
82555  -24.753  11.807  -44.129 0.2857142985
77853  -30.632  6.655  -37.303 0.1428571492
79870  -29.514  8.643  -39.354 0.2857142985
78836  -28.144  7.630  -39.205 0.5714285970
120384  -27.621  8.890  -40.348 0.7142857313
76896  -30.263  5.070  -36.542 0.1428571492
128922  -29.860  6.507  -37.474 0.1428571492
80837  -26.942  10.044  -42.002 0.4285714328
78826  -28.670  7.063  -38.508 0.4285714328
134474  -30.724  3.872  -35.565 0.2857142985
75962  -29.575  4.235  -36.536 0.7142857313
78835  -27.276  7.413  -39.608 0.7142857313
74931  -27.354  3.646  -38.137 0.8571428657
76907  -28.514  5.109  -37.658 0.8571428657
77877  -27.636  6.636  -39.007 0.5714285970
73934  -31.094  2.800  -34.805 0.2857142985
74904  -30.588  3.153  -35.414 0.2857142985
128318  -28.215  6.322  -38.477 0.7142857313
76954  -25.429  5.782  -40.477 0.5714285970
77862  -27.649  5.753  -38.662 0.8571428657
73920  -30.729  1.990  -34.499 0.1428571492
74916  -29.367  3.324  -36.306 0.7142857313
72930  -31.292  1.493  -33.890 0.1428571492
66413  -26.311  -5.468  -36.360 0.5714285970
69457  -27.343  -2.611  -36.158 0.8571428657
117491  -26.660  -3.106  -36.472 0.4285714328
71248  -26.858  -1.390  -36.838 0.5714285970
73966  -27.519  2.358  -37.480 0.8571428657
72941  -28.806  1.070  -35.809 0.8571428657
120114  -27.642  3.023  -37.623 0.8571428657
72058  -30.837  0.665  -34.007 0.2857142985
72960  -28.901  1.811  -35.901 0.8571428657
74915  -28.657  3.015  -36.648 0.8571428657
75992  -27.743  5.067  -38.297 0.8571428657
130732  -32.093  -0.071  -33.385 0.4285714328
72942  -29.918  1.489  -35.018 0.7142857313
73949  -29.158  2.538  -36.129 0.7142857313
65477  -26.181  -6.319  -36.312 0.2857142985
67411  -27.488  -4.313  -35.457 0.5714285970
67426  -26.897  -4.217  -35.998 0.5714285970
119560  -27.850  -2.896  -35.635 0.8571428657
71250  -28.295  -0.303  -36.198 0.8571428657
72082  -28.347  0.623  -36.303 0.8571428657
72959  -28.408  1.441  -36.379 0.8571428657
73948  -28.520  2.234  -36.496 0.8571428657
118472  -30.494  -0.165  -34.272 0.4285714328
72057  -29.976  0.485  -34.720 0.8571428657
125322  -29.319  1.428  -35.525 0.8571428657
71196  -31.485  -0.616  -33.390 0.4285714328
62658  -27.017  -10.201  -32.872 0.7142857313
62677  -26.419  -9.395  -34.696 0.4285714328
63580  -28.150  -8.120  -33.159 0.8571428657
63587  -27.341  -8.209  -34.443 0.5714285970
65467  -26.620  -6.687  -35.673 0.5714285970
64527  -25.942  -7.120  -36.198 0.4285714328
64508  -28.227  -6.998  -34.021 0.8571428657
64517  -27.181  -7.092  -35.136 0.5714285970
66403  -26.763  -5.804  -35.769 0.5714285970
66381  -28.970  -5.641  -33.749 0.8571428657
67392  -28.008  -4.804  -34.847 0.7142857313
66404  -27.374  -5.272  -35.288 0.5714285970
69398  -29.994  -2.664  -33.840 0.7142857313
70353  -29.672  -1.436  -34.666 0.7142857313
123780  -29.353  -0.089  -35.311 0.8571428657
69377  -32.295  -2.790  -32.388 0.2857142985
69399  -30.886  -2.136  -33.311 0.4285714328
70333  -30.825  -1.220  -33.590 0.5714285970
60681  -26.012  -11.412  -32.740 0.4285714328
61700  -26.035  -10.505  -33.794 0.4285714328
63557  -28.759  -8.283  -31.952 0.7142857313
63571  -28.316  -8.395  -32.508 0.7142857313
117624  -28.665  -7.789  -32.612 0.7142857313
65458  -28.378  -6.119  -34.145 0.8571428657
67360  -30.980  -4.257  -32.547 0.7142857313
132192  -30.888  -3.542  -32.790 0.5714285970
68421  -30.525  -3.138  -33.309 0.5714285970
59588  -25.273  -12.494  -31.687 0.5714285970
61690  -26.743  -10.909  -32.417 0.5714285970
62660  -28.207  -9.003  -31.982 0.7142857313
66349  -31.929  -5.848  -31.532 0.4285714328
67361  -31.977  -4.178  -32.040 0.4285714328
68395  -32.640  -3.531  -32.187 0.4285714328
68394  -31.640  -3.515  -32.411 0.4285714328
57473  -24.302  -14.059  -29.016 0.5714285970
61659  -31.838  -10.882  -29.717 0.4285714328
64487  -32.900  -7.610  -31.199 0.4285714328
64488  -33.586  -7.372  -31.503 0.4285714328
65423  -32.396  -6.459  -31.446 0.4285714328
53168  -24.888  -18.330  -26.823 0.1428571492
62642  -31.961  -9.596  -30.302 0.4285714328
63552  -32.576  -9.114  -30.528 0.4285714328
63562  -33.773  -8.874  -31.131 0.4285714328
53185  -25.342  -18.298  -28.005 0.1428571492
54129  -25.883  -18.095  -28.397 0.1428571492
56397  -27.629  -16.161  -28.418 0.2857142985
58533  -31.787  -13.955  -30.129 0.2857142985
59590  -32.866  -12.949  -31.708 0.2857142985
59564  -32.482  -12.420  -30.207 0.2857142985
58500  -29.924  -13.830  -28.761 0.4285714328
130218  -33.561  -11.616  -31.700 0.2857142985
60656  -32.754  -11.699  -30.305 0.2857142985
58518  -31.468  -13.489  -29.645 0.2857142985
126267  -33.750  -10.919  -31.422 0.2857142985
61673  -33.043  -10.362  -30.400 0.4285714328
53169  -25.911  -18.225  -26.675 0.1428571492
120476  -26.456  -17.747  -28.649 0.2857142985
55251  -27.097  -17.078  -28.703 0.2857142985
56408  -29.659  -16.023  -29.060 0.2857142985
56410  -31.214  -15.153  -29.865 0.2857142985
56409  -30.477  -15.457  -29.359 0.2857142985
56399  -29.139  -15.455  -28.620 0.2857142985
57476  -31.341  -14.310  -29.717 0.2857142985
53186  -26.475  -18.184  -27.670 0.1428571492
53203  -28.251  -18.238  -28.854 0.2857142985
53201  -26.762  -18.077  -28.421 0.2857142985
55252  -27.860  -17.053  -28.902 0.2857142985
134139  -27.471  -17.552  -28.933 0.2857142985
55253  -28.801  -16.473  -28.870 0.2857142985
51225  -23.452  -19.854  -22.952 0.2857142985
53137  -24.971  -18.509  -24.900 0.1428571492
53155  -25.457  -18.341  -25.686 0.1428571492
49283  -22.081  -22.368  -21.295 0.2857142985
49255  -21.621  -22.645  -20.735 0.2857142985
52182  -24.313  -18.835  -24.227 0.2857142985
49254  -20.775  -22.514  -20.670 0.2857142985
53202  -27.553  -18.113  -28.588 0.2857142985
55263  -29.137  -17.056  -29.585 0.2857142985
56400  -29.869  -15.187  -28.806 0.2857142985
58519  -32.135  -13.261  -30.148 0.2857142985
59562  -30.885  -12.974  -29.363 0.4285714328
60639  -32.155  -11.641  -29.765 0.4285714328
60657  -33.263  -11.167  -30.763 0.2857142985
60670  -33.951  -11.022  -32.131 0.2857142985
63578  -26.914  -8.912  -34.173 0.7142857313
62652  -33.970  -9.643  -31.321 0.4285714328
66393  -27.868  -5.688  -34.707 0.5714285970
66366  -31.426  -4.758  -32.078 0.4285714328
67362  -32.946  -4.283  -31.910 0.2857142985
69378  -33.302  -2.903  -32.392 0.2857142985
68422  -31.301  -2.830  -32.714 0.5714285970
70354  -30.340  -0.995  -34.299 0.7142857313
130777  -25.730  7.134  -40.877 0.5714285970
77876  -26.750  6.603  -39.643 0.7142857313
70334  -31.713  -1.282  -33.039 0.2857142985
74932  -28.199  3.514  -37.389 0.8571428657
76941  -27.012  5.793  -39.215 0.8571428657
74903  -29.769  2.883  -35.664 0.5714285970
81770  -26.200  11.290  -43.725 0.2857142985
77864  -29.349  6.751  -37.950 0.4285714328
78837  -29.076  7.979  -38.851 0.4285714328
83298  -27.920  13.104  -39.401 0.1428571492
125496  -29.100  9.715  -40.533 0.2857142985
80818  -29.980  9.289  -39.774 0.1428571492
83331  -26.461  13.592  -44.876 0.2857142985
119803  -22.672  -21.807  -21.632 0.1428571492
50232  -20.967  -21.806  -22.259 0.2857142985
51201  -23.879  -20.483  -22.370 0.1428571492
131552  -23.543  -19.106  -24.039 0.2857142985
53170  -26.903  -18.243  -26.272 0.1428571492
134084  -27.390  -18.225  -26.870 0.1428571492
56417  -30.863  -16.059  -30.173 0.2857142985
56398  -28.318  -15.849  -28.462 0.2857142985
57484  -31.675  -14.670  -30.387 0.2857142985
59589  -26.054  -12.196  -31.515 0.5714285970
57460  -29.474  -14.554  -28.626 0.2857142985
57461  -30.279  -14.563  -28.904 0.2857142985
130700  -25.825  -10.978  -33.341 0.2857142985
61692  -34.192  -10.393  -32.531 0.2857142985
62669  -27.186  -9.409  -33.390 0.7142857313
63570  -27.827  -8.835  -32.839 0.5714285970
63598  -25.816  -8.346  -35.750 0.4285714328
62653  -34.308  -9.673  -32.073 0.4285714328
66427  -25.915  -5.242  -36.844 0.2857142985
124250  -34.168  -9.041  -31.665 0.2857142985
63551  -31.724  -8.840  -30.560 0.4285714328
113860  -27.599  -7.432  -34.525 0.7142857313
67425  -26.325  -4.576  -36.489 0.2857142985
64496  -34.187  -7.240  -32.044 0.1428571492
66351  -33.517  -5.777  -31.713 0.4285714328
66350  -32.746  -5.719  -31.543 0.4285714328
67342  -33.958  -5.234  -32.079 0.1428571492
71230  -28.802  -0.423  -35.629 0.8571428657
67363  -33.782  -4.473  -32.178 0.1428571492
69400  -31.996  -2.007  -32.633 0.2857142985
132333  -30.807  -0.578  -33.794 0.5714285970
75976  -27.873  4.370  -37.823 0.8571428657
72059  -32.060  0.702  -33.568 0.2857142985
72931  -32.578  1.670  -33.712 0.1428571492
74897  -32.116  3.127  -34.483 0.1428571492
76908  -29.418  5.097  -37.094 0.5714285970
74905  -31.469  3.632  -35.169 0.1428571492
75963  -30.453  4.399  -35.996 0.1428571492
76897  -30.864  5.635  -36.496 0.1428571492
83297  -27.245  12.687  -39.866 0.1428571492
120177  -28.740  6.393  -38.100 0.5714285970
75964  -31.060  5.095  -36.012 0.1428571492
77865  -30.126  7.047  -37.813 0.1428571492
79884  -29.070  9.148  -40.024 0.2857142985
79862  -29.969  8.188  -38.703 0.2857142985
78828  -30.521  7.540  -38.343 0.1428571492
78838  -30.878  8.089  -38.852 0.1428571492
79872  -31.258  8.470  -39.544 0.1428571492
123542  -29.188  10.713  -41.509 0.2857142985
81759  -30.058  10.614  -41.747 0.2857142985
80839  -30.624  9.867  -41.272 0.1428571492
53138  -25.767  -18.589  -24.833 0.1428571492
57485  -32.215  -14.047  -30.875 0.2857142985
79899  -31.868  8.947  -41.210 0.1428571492
81772  -30.536  10.693  -42.642 0.2857142985
50260  -23.296  -21.151  -21.937 0.1428571492
52158  -23.927  -19.325  -23.480 0.1428571492
54137  -25.711  -17.667  -28.449 0.2857142985
118715  -30.242  -13.237  -29.110 0.4285714328
61691  -27.418  -10.404  -32.130 0.5714285970
61679  -27.182  -11.117  -31.672 0.4285714328
125242  -32.879  -6.999  -31.392 0.4285714328
62659  -27.624  -9.623  -32.490 0.7142857313
65448  -28.880  -6.503  -33.459 0.7142857313
132863  -27.839  -3.567  -35.418 0.8571428657
66394  -28.486  -5.241  -34.288 0.8571428657
71231  -29.163  -1.027  -35.279 0.8571428657
133405  -27.048  7.902  -39.969 0.7142857313
80822  -27.050  9.519  -41.015 0.5714285970
81757  -27.338  10.602  -42.420 0.2857142985
53154  -24.757  -18.415  -25.713 0.1428571492
121362  -24.943  -14.486  -28.590 0.5714285970
61672  -32.297  -10.288  -30.065 0.4285714328
73967  -28.115  2.650  -37.135 0.8571428657
83314  -25.025  12.699  -43.454 0.2857142985
119989  -28.500  -7.380  -33.332 0.8571428657
84094  -26.538  13.765  -42.727 0.2857142985
84095  -26.938  14.081  -41.736 0.2857142985
83296  -26.611  12.622  -40.822 0.1428571492
84113  -25.545  13.524  -44.668 0.2857142985
125902  -27.383  12.925  -44.615 0.2857142985
82546  -27.745  11.200  -42.977 0.2857142985
82566  -26.390  12.686  -44.706 0.2857142985
80838  -29.693  10.106  -40.904 0.1428571492
80825  -30.293  9.574  -40.478 0.1428571492
79886  -31.565  8.750  -40.345 0.1428571492
79871  -30.385  8.677  -39.320 0.1428571492
80826  -31.110  9.353  -40.780 0.1428571492
79868  -27.646  8.241  -39.807 0.5714285970
79869  -28.599  8.426  -39.531 0.4285714328
80823  -28.230  9.535  -40.542 0.5714285970
77854  -31.544  6.720  -37.317 0.1428571492
76909  -30.151  5.963  -36.936 0.1428571492
77852  -29.172  5.969  -37.579 0.5714285970
74917  -30.023  3.663  -35.855 0.5714285970
74933  -28.887  3.698  -36.804 0.7142857313
75977  -28.759  4.321  -37.244 0.7142857313
77863  -28.309  5.760  -38.119 0.7142857313
73933  -30.288  2.380  -35.205 0.5714285970
72929  -30.522  1.213  -34.487 0.4285714328
67410  -26.848  -4.929  -35.875 0.5714285970
68456  -27.237  -3.493  -35.900 0.5714285970
116686  -26.778  -2.247  -36.659 0.4285714328
68455  -26.621  -3.820  -36.340 0.4285714328
72068  -28.801  0.288  -35.746 0.8571428657
119049  -29.372  0.768  -35.373 0.8571428657
71216  -31.247  0.016  -33.666 0.5714285970
73932  -29.544  2.111  -35.538 0.8571428657
71215  -29.780  -0.534  -34.730 0.7142857313
116299  -26.388  -10.687  -33.130 0.5714285970
112793  -26.629  -10.087  -33.615 0.4285714328
63579  -27.563  -8.545  -33.665 0.7142857313
64502  -27.954  -7.802  -33.895 0.7142857313
63586  -26.667  -8.596  -35.105 0.4285714328
127573  -27.103  -7.849  -35.004 0.5714285970
65468  -27.286  -6.181  -35.207 0.5714285970
64516  -26.449  -7.646  -35.576 0.4285714328
65457  -27.747  -6.586  -34.617 0.7142857313
69421  -30.193  -1.802  -34.083 0.7142857313
60669  -26.457  -11.678  -32.017 0.5714285970
60668  -25.746  -12.110  -32.249 0.5714285970
66367  -32.264  -4.998  -31.669 0.4285714328
68396  -33.578  -3.693  -32.313 0.2857142985
59563  -31.674  -12.500  -29.625 0.2857142985
123700  -32.628  -10.997  -30.016 0.4285714328
63561  -32.490  -8.238  -30.845 0.4285714328
63563  -34.113  -8.202  -31.667 0.4285714328
130658  -33.331  -6.828  -31.525 0.4285714328
62643  -32.672  -9.782  -30.359 0.4285714328
132466  -33.036  -12.231  -31.090 0.2857142985
58517  -30.738  -13.869  -29.233 0.2857142985
61682  -33.634  -10.346  -30.997 0.4285714328
54138  -27.179  -17.838  -28.791 0.2857142985
54139  -27.802  -17.908  -29.104 0.2857142985
54149  -28.412  -17.568  -29.363 0.2857142985
49256  -22.468  -22.796  -20.719 0.1428571492
49284  -22.955  -22.451  -21.182 0.1428571492
67341  -33.224  -5.047  -31.730 0.2857142985
118066  -24.954  5.153  -40.661 0.5714285970
74961  -25.650  3.659  -39.328 0.4285714328
124233  -24.835  3.958  -39.843 0.4285714328
76002  -25.102  4.615  -39.935 0.5714285970
73983  -25.106  2.999  -39.532 0.4285714328
76003  -25.757  4.256  -39.459 0.5714285970
76939  -25.759  5.061  -39.705 0.4285714328
72102  -26.067  0.864  -38.212 0.4285714328
72986  -25.330  1.339  -38.798 0.4285714328
73975  -25.584  2.369  -38.806 0.5714285970
73984  -25.949  3.200  -38.901 0.5714285970
71261  -26.314  -1.096  -37.336 0.5714285970
111710  -32.933  -13.227  -33.267 0.1428571492
59591  -33.207  -12.487  -32.293 0.1428571492
60682  -33.610  -11.694  -32.803 0.1428571492
54115  -22.605  -17.760  -27.286 0.2857142985
120368  -32.600  -13.105  -30.940 0.1428571492
111569  -33.287  -14.736  -34.664 0.1428571492
111772  -32.764  -14.236  -33.705 0.1428571492
111756  -34.856  -14.650  -35.724 0.1428571492
121045  -32.975  -13.811  -34.480 0.1428571492
58564  -35.079  -13.860  -36.167 0.1428571492
56419  -31.850  -14.980  -31.292 0.1428571492
56430  -32.036  -15.306  -32.364 0.1428571492
111563  -32.925  -15.180  -34.032 0.1428571492
111733  -35.204  -15.374  -35.253 0.1428571492
126739  -35.393  -12.738  -33.970 0.1428571492
111567  -35.384  -14.897  -35.118 0.1428571492
59609  -35.307  -13.045  -35.205 0.1428571492
53165  -21.644  -18.400  -26.395 0.2857142985
54151  -29.452  -17.491  -30.312 0.1428571492
55272  -30.090  -17.109  -30.923 0.1428571492
55264  -30.042  -16.521  -29.790 0.1428571492
55273  -31.105  -16.484  -31.116 0.1428571492
55284  -32.092  -16.380  -32.823 0.1428571492
55283  -31.360  -16.888  -32.107 0.1428571492
112205  -33.702  -16.209  -34.324 0.1428571492
115680  -35.259  -16.457  -34.734 0.1428571492
111742  -34.960  -14.801  -33.397 0.1428571492
111647  -35.223  -13.226  -33.418 0.1428571492
111568  -35.152  -14.261  -34.031 0.1428571492
53152  -22.126  -19.002  -26.110 0.2857142985
53151  -21.338  -18.917  -25.876 0.2857142985
52196  -20.912  -19.382  -25.449 0.2857142985
54140  -28.425  -18.118  -29.467 0.1428571492
53216  -29.285  -18.245  -30.487 0.1428571492
54169  -29.971  -17.838  -31.556 0.1428571492
54176  -32.742  -17.319  -33.151 0.1428571492
55282  -30.576  -17.215  -31.604 0.1428571492
55298  -35.209  -16.990  -34.292 0.1428571492
113631  -35.388  -16.020  -34.373 0.1428571492
111561  -35.325  -16.807  -34.220 0.1428571492
60684  -35.663  -11.994  -33.255 0.1428571492
132171  -35.450  -12.610  -33.295 0.1428571492
130255  -28.894  -18.482  -29.066 0.1428571492
52243  -30.285  -19.380  -30.610 0.1428571492
53205  -30.091  -19.114  -29.033 0.1428571492
52257  -31.596  -19.411  -31.808 0.1428571492
54161  -29.527  -17.904  -31.042 0.1428571492
53245  -32.715  -18.174  -32.745 0.1428571492
53237  -30.431  -18.407  -31.734 0.1428571492
54177  -34.126  -17.979  -33.228 0.1428571492
126858  -34.642  -14.677  -32.344 0.1428571492
128394  -35.264  -16.919  -33.336 0.1428571492
126854  -35.225  -13.204  -32.450 0.1428571492
111736  -34.774  -13.915  -32.338 0.1428571492
53189  -29.042  -18.483  -28.032 0.1428571492
53187  -27.411  -18.187  -27.778 0.1428571492
52234  -30.988  -19.574  -28.867 0.1428571492
53190  -29.649  -18.803  -28.435 0.1428571492
52233  -30.441  -19.324  -29.689 0.1428571492
134765  -29.429  -18.738  -29.288 0.1428571492
53240  -33.920  -19.265  -32.454 0.1428571492
52258  -32.948  -19.701  -32.001 0.1428571492
54178  -35.195  -18.234  -32.940 0.1428571492
55286  -35.221  -17.381  -32.829 0.1428571492
53246  -34.037  -18.655  -32.794 0.1428571492
113228  -34.980  -15.820  -33.124 0.1428571492
54179  -35.186  -17.581  -33.459 0.1428571492
51281  -31.422  -20.351  -28.266 0.1428571492
52221  -30.438  -19.322  -27.980 0.1428571492
112969  -30.319  -19.433  -27.122 0.1428571492
51312  -31.569  -20.381  -30.507 0.1428571492
51302  -31.540  -20.270  -29.394 0.1428571492
52252  -31.812  -20.150  -31.331 0.1428571492
52263  -35.119  -19.044  -32.557 0.1428571492
52244  -31.058  -19.708  -29.942 0.1428571492
53217  -29.632  -18.875  -30.093 0.1428571492
131336  -30.924  -19.664  -31.377 0.1428571492
53244  -31.782  -17.570  -32.438 0.1428571492
59592  -35.527  -12.552  -31.809 0.1428571492
60685  -36.110  -11.216  -32.783 0.1428571492
133658  -34.918  -13.813  -33.099 0.1428571492
111560  -35.200  -16.099  -34.947 0.1428571492
111562  -35.321  -15.269  -34.494 0.1428571492
58541  -32.570  -13.717  -31.872 0.1428571492
59603  -33.102  -12.839  -34.160 0.1428571492
52197  -21.735  -19.395  -25.451 0.2857142985
56432  -34.648  -16.201  -32.101 0.1428571492
57491  -34.498  -15.076  -31.734 0.1428571492
60671  -35.789  -11.845  -32.262 0.1428571492
71260  -25.850  -0.059  -38.101 0.4285714328
60695  -35.995  -11.267  -33.720 0.1428571492
114100  -35.624  -12.049  -34.361 0.1428571492
132921  -35.285  -14.103  -35.486 0.1428571492
60693  -33.464  -12.016  -33.848 0.1428571492
60683  -33.929  -10.989  -32.900 0.1428571492
77888  -25.168  6.522  -41.056 0.4285714328
81773  -31.267  10.047  -43.148 0.1428571492
115372  -30.181  11.376  -43.178 0.1428571492
58542  -32.842  -13.211  -32.373 0.1428571492
53188  -28.273  -18.287  -27.847 0.1428571492
54150  -28.881  -17.876  -29.906 0.1428571492
56418  -31.428  -15.560  -30.678 0.1428571492
62661  -34.335  -9.709  -33.104 0.1428571492
122815  -34.364  -8.876  -32.373 0.1428571492
57490  -32.226  -14.501  -31.823 0.1428571492
58548  -32.691  -13.771  -32.785 0.1428571492
59599  -33.260  -12.430  -33.251 0.1428571492
111570  -33.679  -14.358  -35.353 0.1428571492
111565  -34.361  -15.147  -35.277 0.1428571492
111730  -33.940  -15.611  -34.790 0.1428571492
57496  -32.491  -14.616  -32.847 0.1428571492
59608  -33.338  -13.354  -35.295 0.1428571492
59615  -34.109  -13.380  -36.168 0.1428571492
57509  -35.174  -14.482  -35.631 0.1428571492
56429  -31.573  -15.917  -31.734 0.1428571492
56437  -32.606  -15.707  -33.421 0.1428571492
111784  -35.248  -13.701  -34.561 0.1428571492
53204  -29.054  -18.371  -29.753 0.1428571492
55292  -31.935  -17.000  -32.636 0.1428571492
55297  -33.309  -16.694  -33.738 0.1428571492
54170  -30.855  -17.721  -31.919 0.1428571492
55293  -34.206  -17.402  -33.638 0.1428571492
53228  -29.765  -18.755  -31.197 0.1428571492
111558  -35.218  -17.466  -33.727 0.1428571492
52220  -29.784  -18.906  -27.437 0.1428571492
53238  -31.413  -18.505  -32.150 0.1428571492
53239  -32.686  -18.972  -32.366 0.1428571492
52251  -30.409  -19.406  -31.200 0.1428571492
121851  -30.859  -19.898  -30.968 0.1428571492
113450  -35.259  -17.770  -33.205 0.1428571492
49229  -19.539  -22.491  -19.961 0.1428571492
49281  -20.328  -22.303  -21.238 0.1428571492
49253  -19.079  -22.250  -20.578 0.1428571492
49280  -19.592  -22.158  -21.280 0.1428571492
50231  -20.137  -22.098  -22.022 0.1428571492
50257  -20.283  -21.701  -22.804 0.1428571492
50278  -20.470  -21.241  -23.336 0.1428571492
51223  -20.153  -20.867  -23.894 0.1428571492
51239  -20.667  -20.348  -24.419 0.1428571492
52178  -21.191  -19.848  -24.936 0.1428571492
51222  -19.251  -20.746  -23.780 0.1428571492
51238  -19.737  -20.289  -24.460 0.1428571492
52195  -20.139  -19.031  -25.328 0.1428571492
53150  -20.150  -18.243  -25.592 0.1428571492
54113  -21.053  -17.560  -26.455 0.1428571492
53164  -20.848  -18.277  -26.049 0.1428571492
54114  -21.876  -17.729  -26.866 0.2857142985
55227  -22.068  -17.044  -27.145 0.1428571492
55237  -22.656  -16.826  -27.415 0.1428571492
56380  -23.419  -15.674  -27.873 0.2857142985
58531  -24.327  -13.274  -30.487 0.4285714328
59578  -25.554  -12.555  -30.919 0.4285714328
70404  -26.182  -1.890  -37.188 0.2857142985
117552  -25.434  -0.938  -38.351 0.2857142985
115753  -26.434  -0.370  -37.490 0.2857142985
113074  -23.520  3.256  -40.759 0.2857142985
74971  -23.608  3.941  -40.969 0.2857142985
76012  -24.432  4.620  -40.586 0.2857142985
76952  -24.144  5.183  -41.173 0.4285714328
55226  -21.347  -16.808  -26.877 0.1428571492
55236  -21.809  -16.184  -27.335 0.2857142985
50256  -19.504  -21.723  -22.652 0.1428571492
56379  -22.639  -15.896  -27.623 0.2857142985
56393  -23.491  -14.991  -28.353 0.2857142985
58530  -23.481  -13.299  -30.555 0.2857142985
69474  -26.078  -2.762  -37.039 0.2857142985
69473  -25.613  -2.390  -37.762 0.2857142985
70403  -25.692  -1.492  -37.777 0.2857142985
70429  -24.923  -1.109  -39.125 0.2857142985
71286  -25.175  -0.234  -38.806 0.2857142985
72995  -24.313  1.613  -40.298 0.2857142985
73005  -23.577  1.961  -40.597 0.2857142985
74960  -24.287  3.273  -40.422 0.2857142985
70417  -25.179  -1.954  -38.623 0.2857142985
69486  -25.143  -2.958  -38.404 0.2857142985
71285  -24.604  -0.344  -39.600 0.2857142985
124361  -24.310  0.487  -40.183 0.2857142985
72111  -24.863  0.502  -39.187 0.2857142985
72122  -23.667  1.152  -40.536 0.2857142985
121532  -24.835  2.019  -39.426 0.2857142985
70428  -24.352  -1.160  -39.794 0.2857142985
58532  -25.170  -13.055  -30.358 0.4285714328
73982  -24.540  2.429  -40.151 0.2857142985
118643  -24.681  1.182  -39.600 0.2857142985
135205  -20.679  -18.777  -25.677 0.1428571492
127848  -19.968  -22.371  -20.588 0.1428571492
50277  -19.729  -21.363  -23.328 0.1428571492
117509  -20.326  -19.874  -25.058 0.1428571492
52177  -19.338  -19.282  -24.735 0.1428571492
58510  -23.864  -13.616  -29.793 0.4285714328
73992  -23.973  2.510  -40.561 0.2857142985
57454  -23.631  -14.435  -28.769 0.4285714328
71301  -24.049  -0.474  -40.274 0.2857142985
59598  -24.986  -12.315  -32.362 0.2857142985
59577  -24.770  -12.818  -31.079 0.2857142985
134288  -29.577  14.874  -46.295 0.1428571492
83339  -29.823  13.950  -47.041 0.1428571492
83333  -28.938  13.519  -44.945 0.1428571492
82567  -29.563  12.143  -43.760 0.1428571492
84122  -29.659  15.307  -45.721 0.1428571492
84115  -27.389  14.583  -44.702 0.1428571492
113280  -28.416  16.126  -43.760 0.1428571492
60680  -25.404  -11.832  -32.711 0.2857142985
60692  -25.357  -11.383  -33.188 0.2857142985
82568  -30.210  11.793  -44.199 0.1428571492
83334  -29.614  13.178  -45.342 0.1428571492
82558  -29.103  11.795  -43.143 0.1428571492
84120  -28.552  15.413  -45.150 0.1428571492
85702  -28.476  16.108  -44.559 0.1428571492
84881  -28.098  15.699  -42.996 0.1428571492
84105  -26.632  14.441  -44.397 0.1428571492
83323  -28.674  12.609  -44.151 0.1428571492
83332  -27.697  13.767  -44.924 0.1428571492
83338  -29.332  14.559  -46.197 0.1428571492
84116  -28.477  14.628  -45.289 0.1428571492
84899  -30.111  15.678  -44.551 0.1428571492
69485  -24.576  -2.717  -39.120 0.1428571492
70416  -24.550  -1.879  -39.392 0.1428571492
123213  -23.556  0.249  -40.474 0.1428571492
72118  -21.024  1.189  -40.004 0.1428571492
73002  -21.179  1.741  -40.332 0.1428571492
120449  -25.572  -3.275  -37.668 0.1428571492
72121  -22.821  0.918  -40.559 0.1428571492
74969  -21.113  3.225  -40.763 0.1428571492
74975  -21.582  3.993  -41.288 0.2857142985
62685  -25.832  -9.240  -35.333 0.1428571492
66426  -25.485  -5.520  -37.322 0.1428571492
67444  -25.721  -4.685  -37.186 0.1428571492
68477  -25.070  -3.662  -38.132 0.1428571492
71197  -32.485  -0.639  -33.127 0.1428571492
122854  -24.020  -2.465  -39.697 0.1428571492
73991  -23.087  2.736  -40.745 0.1428571492
76019  -23.316  4.529  -41.201 0.1428571492
74976  -22.370  4.136  -41.385 0.1428571492
76018  -22.181  4.753  -41.477 0.2857142985
76963  -23.626  5.592  -41.567 0.2857142985
79880  -22.892  8.690  -40.920 0.2857142985
118428  -22.111  8.662  -39.422 0.2857142985
80821  -23.535  9.055  -40.809 0.2857142985
81697  -25.773  10.326  -36.596 0.1428571492
111828  -23.067  5.260  -41.375 0.2857142985
76964  -23.940  6.017  -41.737 0.2857142985
78847  -25.044  7.483  -41.457 0.2857142985
78862  -23.403  7.424  -41.766 0.2857142985
79893  -21.394  8.197  -41.655 0.2857142985
79896  -24.443  8.291  -42.038 0.2857142985
79894  -22.653  8.137  -41.650 0.2857142985
79879  -21.905  8.648  -40.442 0.2857142985
80835  -23.587  9.052  -41.942 0.2857142985
81731  -24.121  10.499  -40.113 0.1428571492
80814  -23.408  8.557  -38.837 0.2857142985
82501  -27.504  11.453  -37.583 0.1428571492
79866  -21.260  8.260  -39.175 0.1428571492
130195  -20.607  7.889  -39.353 0.1428571492
74974  -21.000  4.619  -41.356 0.2857142985
111874  -21.931  8.062  -38.664 0.2857142985
81721  -23.703  9.815  -39.556 0.1428571492
81711  -25.087  10.201  -38.366 0.1428571492
80815  -24.423  9.281  -38.802 0.1428571492
122161  -19.639  3.567  -40.067 0.2857142985
79861  -23.723  8.364  -38.023 0.1428571492
132879  -24.578  8.917  -38.346 0.1428571492
74910  -18.563  4.142  -36.505 0.1428571492
71217  -33.191  0.050  -33.431 0.1428571492
69379  -34.114  -3.141  -32.694 0.1428571492
66412  -25.815  -5.982  -36.887 0.1428571492
67456  -24.737  -4.333  -38.186 0.1428571492
71198  -33.542  -0.809  -33.200 0.1428571492
67455  -24.090  -4.589  -38.779 0.1428571492
69496  -22.726  -2.398  -39.739 0.1428571492
131629  -22.689  -1.738  -39.954 0.1428571492
70441  -22.977  -1.246  -40.350 0.1428571492
72119  -21.339  0.601  -40.018 0.1428571492
73003  -22.150  1.510  -40.551 0.1428571492
73981  -19.832  2.724  -39.921 0.1428571492
73998  -22.670  3.303  -40.917 0.1428571492
74967  -19.820  4.100  -40.431 0.2857142985
76962  -22.409  5.497  -41.593 0.1428571492
128487  -22.435  6.064  -41.721 0.1428571492
77902  -22.614  6.617  -41.734 0.2857142985
79906  -20.897  8.035  -41.945 0.1428571492
78861  -22.578  7.474  -41.842 0.1428571492
118474  -24.681  8.639  -37.886 0.1428571492
79854  -22.837  7.833  -38.243 0.2857142985
80806  -25.002  9.594  -37.889 0.1428571492
80797  -25.403  9.787  -36.880 0.1428571492
80807  -25.475  10.321  -37.473 0.1428571492
69401  -33.029  -2.091  -32.510 0.1428571492
70335  -32.789  -1.318  -32.715 0.1428571492
70336  -33.693  -1.574  -32.876 0.1428571492
78863  -24.207  7.440  -41.812 0.2857142985
79907  -23.984  8.744  -42.233 0.2857142985
81723  -25.293  10.558  -38.956 0.1428571492
81730  -23.623  9.964  -40.362 0.2857142985
82513  -27.172  11.739  -38.438 0.1428571492
76953  -24.572  5.756  -41.338 0.2857142985
65476  -25.623  -6.798  -36.860 0.1428571492
64526  -25.367  -7.534  -36.758 0.1428571492
77904  -24.424  6.615  -41.589 0.2857142985
68468  -26.021  -3.743  -36.929 0.1428571492
68397  -34.252  -3.956  -32.684 0.1428571492
74970  -23.104  3.656  -41.107 0.1428571492
76011  -23.741  4.662  -41.037 0.1428571492
76020  -23.667  5.197  -41.329 0.1428571492
68476  -24.450  -3.647  -38.753 0.1428571492
134594  -24.032  -1.758  -39.833 0.1428571492
71299  -22.563  -0.441  -40.341 0.1428571492
69497  -23.351  -2.833  -39.747 0.1428571492
67466  -23.678  -3.978  -39.168 0.1428571492
72120  -22.103  0.527  -40.408 0.1428571492
112565  -21.528  1.241  -40.354 0.1428571492
73989  -21.523  2.483  -40.586 0.1428571492
73990  -22.296  2.472  -40.664 0.1428571492
67443  -25.365  -4.090  -37.628 0.1428571492
73988  -20.204  3.280  -40.481 0.1428571492
73997  -22.094  3.402  -40.958 0.1428571492
74977  -22.774  3.939  -41.325 0.1428571492
66439  -25.111  -4.930  -37.725 0.1428571492
118056  -22.951  4.647  -41.325 0.2857142985
76961  -21.341  5.288  -41.558 0.2857142985
130587  -23.384  6.476  -41.684 0.2857142985
133905  -23.888  5.538  -41.589 0.2857142985
129215  -23.443  5.111  -41.265 0.2857142985
79867  -23.125  8.897  -39.464 0.2857142985
81698  -26.262  10.776  -36.224 0.1428571492
77903  -23.884  6.747  -41.747 0.2857142985
79878  -20.776  8.454  -40.211 0.1428571492
79895  -23.571  8.199  -41.930 0.2857142985
81722  -24.612  10.213  -39.226 0.1428571492
76970  -21.616  5.945  -41.743 0.1428571492
77901  -21.695  7.497  -42.025 0.2857142985
56377  -20.384  -15.256  -27.354 0.1428571492
56391  -21.822  -15.378  -27.797 0.1428571492
57453  -21.659  -14.583  -28.438 0.1428571492
57444  -20.043  -14.507  -27.663 0.1428571492
58495  -21.073  -13.758  -28.881 0.1428571492
58508  -21.601  -13.415  -29.607 0.1428571492
57470  -21.901  -13.957  -28.990 0.1428571492
131916  -22.729  -14.422  -28.773 0.1428571492
58528  -21.923  -13.084  -30.269 0.1428571492
58509  -23.013  -13.600  -29.954 0.1428571492
57472  -23.330  -13.989  -29.262 0.1428571492
59556  -21.154  -12.631  -30.137 0.1428571492
59574  -22.107  -12.511  -30.849 0.1428571492
59576  -23.950  -13.018  -31.225 0.1428571492
59597  -24.144  -12.315  -32.384 0.1428571492
60691  -24.773  -11.311  -33.538 0.1428571492
60701  -25.295  -10.881  -33.861 0.1428571492
76010  -20.121  4.723  -40.775 0.1428571492
56364  -19.896  -15.586  -26.729 0.1428571492
57452  -20.551  -14.187  -28.289 0.1428571492
61710  -26.276  -9.981  -34.289 0.1428571492
57445  -20.930  -14.961  -27.897 0.1428571492
56378  -21.172  -15.563  -27.500 0.1428571492
56392  -22.628  -15.169  -28.158 0.1428571492
59587  -24.447  -12.665  -31.818 0.1428571492
58494  -20.204  -13.359  -28.588 0.1428571492
128411  -22.333  -13.425  -29.965 0.1428571492
57471  -22.484  -13.791  -29.403 0.1428571492
58529  -22.649  -13.179  -30.500 0.1428571492
59575  -23.103  -12.850  -31.137 0.1428571492
57475  -30.858  -14.666  -29.381 0.2857142985
59600  -35.481  -12.555  -32.711 0.1428571492
60635  -28.794  -11.722  -29.723 0.7142857313
61683  -34.079  -10.358  -31.703 0.2857142985
62644  -33.333  -9.547  -30.696 0.4285714328
62668  -26.663  -9.546  -34.024 0.4285714328
63607  -25.688  -7.748  -36.129 0.2857142985
65424  -33.109  -6.371  -31.507 0.4285714328
66352  -34.059  -5.894  -32.040 0.1428571492
66368  -34.307  -5.600  -32.571 0.1428571492
68489  -23.928  -3.282  -39.540 0.1428571492
69437  -28.459  -2.334  -35.440 1.0000000000
69507  -23.366  -1.962  -39.921 0.1428571492
70371  -28.504  -1.007  -35.733 1.0000000000
70442  -23.683  -1.221  -40.237 0.1428571492
71300  -23.312  -0.554  -40.448 0.2857142985
72101  -25.471  0.479  -38.617 0.4285714328
73004  -22.850  1.825  -40.625 0.2857142985
73947  -27.938  1.899  -36.884 1.0000000000
74911  -18.762  4.154  -36.079 0.1428571492
74948  -26.285  3.840  -39.028 0.5714285970
74968  -20.608  3.962  -40.946 0.2857142985
74972  -24.151  4.077  -40.641 0.2857142985
76009  -19.433  4.937  -40.112 0.1428571492
77913  -21.783  6.616  -41.887 0.1428571492
78873  -20.878  7.413  -41.858 0.2857142985
79865  -20.701  8.085  -39.319 0.1428571492
79877  -20.330  7.939  -39.942 0.1428571492
79892  -20.530  8.150  -41.022 0.1428571492
79908  -24.377  8.970  -42.360 0.2857142985
80851  -24.184  9.317  -42.367 0.2857142985
80869  -24.357  9.707  -42.675 0.5714285970
81753  -24.117  9.859  -42.344 0.2857142985
111559  -35.114  -16.395  -34.937 0.1428571492
111564  -34.959  -15.839  -35.186 0.1428571492
111566  -35.328  -15.819  -34.895 0.1428571492
112754  -30.615  -19.119  -31.606 0.1428571492
117223  -33.396  -8.170  -31.145 0.4285714328
119889  -35.238  -13.680  -36.110 0.1428571492
120127  -31.699  -6.573  -31.440 0.5714285970
120385  -22.849  0.128  -40.498 0.1428571492
122135  -20.650  2.349  -40.335 0.1428571492
124991  -23.059  5.874  -41.593 0.1428571492
128753  -26.854  -0.716  -37.061 0.5714285970
129113  -25.889  -0.768  -37.761 0.2857142985
129657  -21.719  1.875  -40.513 0.1428571492
131233  -33.165  -8.771  -30.778 0.4285714328
131984  -29.480  10.992  -41.920 0.2857142985
