#!ascii label  , from subject sub-v1s19x0051307_ses-1 vox2ras=TkReg
1232
53188  23.209  -18.425  36.519 0.0000000000
53995  36.848  -17.116  44.425 0.0000000000
68552  39.617  -3.848  17.208 0.0000000000
59296  31.271  -12.859  29.378 0.0000000000
55032  37.566  -16.922  36.649 0.0000000000
78176  48.806  6.245  8.472 0.0000000000
64538  41.192  -7.256  20.079 0.0000000000
62507  35.415  -9.600  20.633 0.0000000000
47904  21.015  -23.735  37.247 0.0000000000
56103  30.701  -14.748  40.294 0.0000000000
53175  32.677  -18.029  37.069 0.0000000000
55077  25.461  -16.330  33.184 0.0000000000
74293  43.734  2.095  13.376 0.0000000000
54948  26.349  -15.863  43.633 0.0000000000
128166  21.293  -18.063  42.573 0.0000000000
72254  44.760  0.273  17.323 0.0000000000
46615  18.878  -24.396  41.466 0.0000000000
42298  15.250  -28.283  40.479 0.0000000000
128398  35.064  -10.347  26.140 0.0000000000
57148  33.685  -14.100  34.291 0.0000000000
52335  36.995  -19.213  30.827 0.0000000000
51317  34.466  -20.778  33.758 0.0000000000
64513  40.877  -7.754  21.407 0.0000000000
63518  38.466  -8.463  20.651 0.0000000000
62491  38.233  -9.040  22.268 0.0000000000
65522  43.439  -6.340  21.182 0.0000000000
52280  22.459  -19.855  34.341 0.0000000000
119977  21.763  -23.308  34.892 0.0000000000
115569  21.253  -20.785  36.614 0.0000000000
56132  26.329  -15.761  38.760 0.0000000000
56157  27.983  -15.505  36.907 0.0000000000
54103  24.136  -17.438  35.551 0.0000000000
53231  23.400  -18.567  32.346 0.0000000000
133490  39.060  -2.966  15.612 0.0000000000
68541  43.042  -3.979  18.225 0.0000000000
69532  41.971  -2.112  17.522 0.0000000000
71384  41.487  -0.515  16.242 0.0000000000
52174  20.331  -18.786  45.214 0.0000000000
50152  19.025  -21.535  41.796 0.0000000000
49006  18.847  -21.905  44.647 0.0000000000
43189  15.899  -27.749  46.637 0.0000000000
43219  16.311  -27.361  43.268 0.0000000000
42260  14.702  -28.684  43.732 0.0000000000
40433  12.700  -30.702  42.794 0.0000000000
39455  12.263  -31.312  45.788 0.0000000000
60297  35.252  -11.797  36.637 0.0000000000
57135  36.023  -15.198  36.028 0.0000000000
55085  35.781  -16.638  33.219 0.0000000000
127457  37.387  -18.421  33.723 0.0000000000
54121  30.318  -17.299  33.884 0.0000000000
52259  33.419  -19.563  35.992 0.0000000000
53228  31.428  -18.662  32.068 0.0000000000
51365  32.913  -19.631  30.319 0.0000000000
123275  33.032  -11.379  27.279 0.0000000000
60438  33.123  -11.097  24.390 0.0000000000
124823  31.047  -13.550  24.866 0.0000000000
79113  51.398  7.394  7.208 0.0000000000
77305  49.275  5.501  6.186 0.0000000000
66528  40.035  -5.853  18.510 0.0000000000
64553  38.345  -6.993  19.068 0.0000000000
66516  43.213  -5.534  19.127 0.0000000000
54956  33.843  -16.077  42.660 0.0000000000
53131  35.407  -18.175  40.686 0.0000000000
54062  31.900  -16.379  38.664 0.0000000000
55047  29.649  -16.437  35.423 0.0000000000
116112  27.428  -16.087  31.874 0.0000000000
75229  46.778  3.141  15.218 0.0000000000
117814  46.323  3.595  13.114 0.0000000000
76298  46.534  4.341  10.788 0.0000000000
76317  46.489  4.340  8.502 0.0000000000
54985  24.853  -16.880  40.351 0.0000000000
53158  22.853  -18.247  39.919 0.0000000000
54951  23.830  -16.920  43.698 0.0000000000
56092  28.068  -15.051  41.927 0.0000000000
73256  44.009  1.297  15.982 0.0000000000
125898  19.895  -21.031  38.967 0.0000000000
46650  19.830  -24.206  39.283 0.0000000000
44350  18.302  -26.198  39.170 0.0000000000
45427  18.555  -25.035  44.147 0.0000000000
44313  17.741  -26.363  41.580 0.0000000000
36551  9.738  -34.183  46.461 0.0000000000
62442  37.818  -9.166  25.280 0.0000000000
60380  33.518  -11.907  30.008 0.0000000000
60341  33.789  -12.167  33.705 0.0000000000
58261  32.029  -13.406  31.843 0.0000000000
56208  34.009  -16.145  32.022 0.0000000000
54161  36.498  -18.024  30.624 0.0000000000
52372  35.795  -19.463  28.259 0.0000000000
52230  35.718  -19.069  39.233 0.0000000000
50206  36.476  -20.318  36.907 0.0000000000
51298  37.723  -19.671  34.745 0.0000000000
126877  35.837  -20.864  32.126 0.0000000000
113639  34.147  -19.773  28.885 0.0000000000
61522  35.327  -10.186  23.561 0.0000000000
60471  33.215  -11.814  21.179 0.0000000000
64489  40.800  -7.595  23.245 0.0000000000
63496  39.574  -8.483  22.384 0.0000000000
63484  39.460  -8.480  23.199 0.0000000000
65514  42.517  -6.595  22.445 0.0000000000
52261  22.803  -18.860  35.919 0.0000000000
50225  21.812  -20.717  35.185 0.0000000000
52250  22.504  -19.064  36.759 0.0000000000
129040  24.781  -16.973  38.002 0.0000000000
55025  25.299  -16.328  37.506 0.0000000000
53187  23.731  -17.926  36.171 0.0000000000
53198  23.151  -18.624  35.173 0.0000000000
68562  39.097  -3.415  16.369 0.0000000000
68550  41.319  -3.643  17.663 0.0000000000
68549  42.337  -3.205  17.775 0.0000000000
119230  40.691  -2.883  17.341 0.0000000000
69545  40.244  -2.197  16.776 0.0000000000
42239  14.862  -28.903  45.648 0.0000000000
42238  15.346  -28.476  45.115 0.0000000000
41309  14.253  -29.209  44.167 0.0000000000
41338  13.658  -29.688  42.835 0.0000000000
40408  13.260  -30.194  44.154 0.0000000000
40409  12.804  -30.742  44.547 0.0000000000
57116  36.575  -14.329  37.448 0.0000000000
56169  36.986  -16.590  36.165 0.0000000000
55046  36.714  -16.883  35.300 0.0000000000
55045  37.217  -17.328  35.891 0.0000000000
54008  38.055  -17.630  43.598 0.0000000000
54150  29.787  -17.044  31.469 0.0000000000
53229  30.843  -18.037  32.497 0.0000000000
54163  30.314  -17.579  31.066 0.0000000000
122306  30.798  -18.198  29.860 0.0000000000
59303  32.028  -12.048  28.313 0.0000000000
128317  31.695  -11.973  26.222 0.0000000000
78156  48.606  6.440  10.387 0.0000000000
79091  49.703  7.428  9.652 0.0000000000
79102  49.876  7.245  8.958 0.0000000000
78182  50.199  6.679  7.513 0.0000000000
136874  48.641  5.861  7.687 0.0000000000
65553  40.464  -6.397  19.024 0.0000000000
120890  38.859  -6.565  18.737 0.0000000000
64552  39.183  -6.977  19.284 0.0000000000
63519  36.769  -8.730  20.263 0.0000000000
119800  36.668  -8.279  19.324 0.0000000000
62520  35.069  -9.280  19.802 0.0000000000
65532  42.730  -6.583  20.598 0.0000000000
65551  42.051  -6.200  19.300 0.0000000000
66526  41.696  -5.745  18.801 0.0000000000
47933  21.492  -23.689  35.622 0.0000000000
120520  21.144  -24.862  37.577 0.0000000000
56088  32.238  -15.325  41.943 0.0000000000
54980  32.886  -16.227  40.353 0.0000000000
54982  31.406  -15.369  39.814 0.0000000000
131031  26.823  -15.745  35.276 0.0000000000
55034  28.188  -15.680  36.149 0.0000000000
55062  27.578  -15.899  34.786 0.0000000000
55074  28.429  -16.251  33.354 0.0000000000
55091  26.547  -16.033  32.442 0.0000000000
54152  24.872  -16.832  31.948 0.0000000000
55125  33.735  -16.515  29.530 0.0000000000
74279  45.468  2.682  14.379 0.0000000000
115368  46.914  3.511  14.383 0.0000000000
74291  45.101  2.818  13.396 0.0000000000
75269  45.337  3.436  11.152 0.0000000000
75277  45.340  3.473  10.368 0.0000000000
125563  46.671  4.479  10.097 0.0000000000
54971  25.501  -16.434  41.573 0.0000000000
54026  24.260  -17.148  41.782 0.0000000000
116436  24.944  -16.509  43.042 0.0000000000
56066  27.699  -15.318  43.431 0.0000000000
54983  26.083  -16.155  41.150 0.0000000000
73254  45.570  1.757  16.697 0.0000000000
72269  44.367  0.848  16.702 0.0000000000
72279  41.638  0.229  14.873 0.0000000000
116721  21.469  -18.548  40.968 0.0000000000
52234  21.008  -19.581  39.252 0.0000000000
52224  20.065  -19.716  40.514 0.0000000000
49020  18.817  -22.796  41.913 0.0000000000
49043  19.069  -22.356  40.823 0.0000000000
46632  19.403  -24.303  40.196 0.0000000000
45497  19.531  -25.211  39.590 0.0000000000
45485  18.999  -25.446  40.533 0.0000000000
45412  18.314  -25.278  45.560 0.0000000000
43253  15.693  -27.677  41.975 0.0000000000
43234  17.029  -26.857  42.088 0.0000000000
43264  16.339  -27.258  40.556 0.0000000000
43274  16.351  -27.350  39.614 0.0000000000
115132  34.872  -11.254  29.906 0.0000000000
58216  34.212  -13.390  35.339 0.0000000000
129014  34.923  -11.609  34.925 0.0000000000
59258  33.508  -12.807  34.192 0.0000000000
123000  32.852  -12.649  32.779 0.0000000000
57163  32.839  -13.674  33.256 0.0000000000
115088  32.727  -14.908  31.826 0.0000000000
130183  33.647  -14.879  33.223 0.0000000000
54134  36.640  -17.825  32.460 0.0000000000
54135  35.833  -17.162  32.265 0.0000000000
54160  36.785  -18.421  31.158 0.0000000000
53265  36.865  -18.716  29.179 0.0000000000
52351  36.578  -19.401  29.619 0.0000000000
53156  33.877  -17.969  38.601 0.0000000000
52221  35.196  -18.643  39.535 0.0000000000
52237  34.109  -18.710  37.859 0.0000000000
51302  33.878  -20.414  34.663 0.0000000000
51274  34.642  -19.911  36.845 0.0000000000
51286  35.353  -20.558  35.560 0.0000000000
51272  37.711  -19.774  36.335 0.0000000000
129689  36.340  -20.811  33.877 0.0000000000
51314  37.137  -20.407  33.491 0.0000000000
115279  35.128  -20.948  33.094 0.0000000000
52375  32.291  -19.435  28.369 0.0000000000
52354  33.521  -19.750  29.647 0.0000000000
61501  36.278  -9.742  25.382 0.0000000000
62456  36.926  -9.527  24.136 0.0000000000
61513  35.319  -10.083  24.380 0.0000000000
59358  32.022  -12.481  23.385 0.0000000000
60463  33.228  -11.405  22.439 0.0000000000
78185  51.981  7.005  5.778 0.0000000000
64524  41.442  -7.419  20.824 0.0000000000
64526  39.864  -7.838  20.324 0.0000000000
63506  40.106  -8.024  21.096 0.0000000000
63508  38.304  -8.822  21.474 0.0000000000
62493  36.655  -9.536  21.698 0.0000000000
65513  43.270  -6.271  22.070 0.0000000000
65523  42.715  -6.648  21.529 0.0000000000
120151  21.930  -21.990  34.266 0.0000000000
134061  21.537  -22.199  35.447 0.0000000000
49072  20.982  -22.918  36.633 0.0000000000
117841  28.419  -14.988  39.901 0.0000000000
56129  29.452  -15.144  38.492 0.0000000000
56144  26.717  -15.537  37.950 0.0000000000
127681  25.246  -16.214  35.873 0.0000000000
55065  24.639  -16.815  34.373 0.0000000000
54124  24.316  -17.213  33.284 0.0000000000
53210  23.819  -17.762  33.882 0.0000000000
52292  22.513  -19.986  33.444 0.0000000000
73288  43.064  1.694  12.746 0.0000000000
56043  25.595  -15.798  45.168 0.0000000000
69530  43.666  -2.553  17.948 0.0000000000
70488  43.635  -1.821  17.745 0.0000000000
71368  42.629  -0.725  17.249 0.0000000000
71382  43.084  0.028  16.856 0.0000000000
71369  41.750  -0.817  16.995 0.0000000000
70504  40.462  -1.489  16.273 0.0000000000
53110  20.516  -18.331  43.896 0.0000000000
51209  19.555  -19.972  42.336 0.0000000000
52186  19.722  -19.817  44.100 0.0000000000
50135  18.942  -21.347  43.324 0.0000000000
46586  18.609  -23.421  43.153 0.0000000000
125751  17.302  -26.637  45.206 0.0000000000
43195  16.601  -27.273  45.115 0.0000000000
42259  15.208  -28.197  43.302 0.0000000000
42288  14.615  -28.659  41.923 0.0000000000
41351  13.614  -29.790  41.835 0.0000000000
57125  35.440  -14.173  36.386 0.0000000000
57146  34.877  -14.895  34.921 0.0000000000
56183  34.839  -15.211  34.052 0.0000000000
55059  36.102  -16.364  34.082 0.0000000000
55072  36.539  -17.018  33.743 0.0000000000
54133  37.245  -18.652  32.708 0.0000000000
120129  31.815  -18.072  35.743 0.0000000000
52248  33.448  -18.779  36.970 0.0000000000
53195  31.482  -18.587  34.704 0.0000000000
52278  31.937  -19.195  34.256 0.0000000000
51319  32.884  -20.009  33.396 0.0000000000
118841  33.218  -20.152  31.769 0.0000000000
52319  31.908  -19.152  31.480 0.0000000000
52356  31.864  -19.139  29.295 0.0000000000
60395  33.905  -10.885  27.101 0.0000000000
61503  34.475  -10.516  25.514 0.0000000000
60409  33.176  -11.109  26.328 0.0000000000
59347  31.718  -12.184  24.894 0.0000000000
79101  51.152  7.728  8.077 0.0000000000
78187  50.507  6.386  6.612 0.0000000000
117536  39.973  -4.910  17.806 0.0000000000
67517  38.557  -4.710  17.039 0.0000000000
65563  39.032  -6.018  18.165 0.0000000000
64542  38.029  -7.571  19.318 0.0000000000
63539  36.661  -7.823  18.622 0.0000000000
66498  45.485  -5.285  20.710 0.0000000000
66505  45.224  -5.167  19.906 0.0000000000
135511  44.974  -4.379  19.167 0.0000000000
67502  42.773  -4.650  18.404 0.0000000000
67514  41.250  -4.587  17.936 0.0000000000
135462  35.282  -16.981  43.162 0.0000000000
130063  36.315  -17.587  43.057 0.0000000000
54036  34.389  -17.079  40.898 0.0000000000
54049  33.523  -16.953  39.761 0.0000000000
54061  32.615  -17.196  38.265 0.0000000000
55009  30.281  -15.608  38.071 0.0000000000
54083  30.555  -16.491  36.753 0.0000000000
121755  31.157  -17.108  36.497 0.0000000000
54111  29.958  -16.816  34.687 0.0000000000
55073  29.286  -16.622  32.850 0.0000000000
119281  28.167  -16.510  30.425 0.0000000000
116422  47.411  4.525  13.010 0.0000000000
75260  45.554  3.306  12.684 0.0000000000
75259  46.187  3.721  12.386 0.0000000000
76267  47.770  5.113  12.468 0.0000000000
77250  47.577  5.255  11.071 0.0000000000
77266  47.599  5.332  10.226 0.0000000000
77295  47.545  5.297  8.509 0.0000000000
77301  47.538  5.209  7.670 0.0000000000
54063  24.262  -17.355  39.151 0.0000000000
115990  23.141  -18.251  38.253 0.0000000000
54064  23.593  -17.754  39.557 0.0000000000
54039  23.078  -17.878  41.165 0.0000000000
54028  22.779  -17.557  42.657 0.0000000000
114027  24.139  -16.349  44.906 0.0000000000
54015  21.784  -17.462  43.890 0.0000000000
53987  21.480  -17.465  45.570 0.0000000000
119741  36.159  -16.211  45.338 0.0000000000
54932  34.769  -16.539  45.078 0.0000000000
54947  33.023  -15.713  43.379 0.0000000000
56075  31.404  -15.090  42.609 0.0000000000
114326  30.067  -14.844  43.251 0.0000000000
114385  28.871  -14.751  41.284 0.0000000000
56107  26.858  -15.567  40.129 0.0000000000
55011  25.327  -16.721  39.174 0.0000000000
74255  46.657  2.588  16.507 0.0000000000
74267  45.509  2.382  15.413 0.0000000000
73273  44.291  2.014  14.744 0.0000000000
72271  42.740  0.403  16.127 0.0000000000
73266  42.791  1.220  14.820 0.0000000000
73275  42.558  1.246  13.981 0.0000000000
52239  21.900  -19.347  38.138 0.0000000000
133098  20.866  -20.351  38.135 0.0000000000
49063  20.279  -22.772  37.882 0.0000000000
51229  19.521  -20.775  40.552 0.0000000000
49052  19.575  -22.611  39.285 0.0000000000
46689  20.930  -24.353  37.905 0.0000000000
45507  20.737  -25.029  38.196 0.0000000000
44366  19.394  -26.133  38.048 0.0000000000
132678  18.611  -23.215  44.605 0.0000000000
45452  18.614  -24.744  42.769 0.0000000000
129954  18.005  -26.102  42.319 0.0000000000
45467  18.788  -25.384  41.481 0.0000000000
44351  17.590  -26.493  39.600 0.0000000000
38522  11.042  -32.442  46.756 0.0000000000
63471  39.309  -8.437  24.787 0.0000000000
61471  35.400  -10.477  27.638 0.0000000000
60386  34.366  -11.101  28.571 0.0000000000
133477  33.342  -11.759  29.331 0.0000000000
60381  32.665  -12.110  29.641 0.0000000000
124583  33.816  -11.932  32.301 0.0000000000
59279  32.703  -12.379  31.401 0.0000000000
58262  31.726  -13.287  30.956 0.0000000000
57186  31.802  -14.034  31.191 0.0000000000
56215  32.911  -15.774  30.794 0.0000000000
55098  34.156  -16.520  31.096 0.0000000000
55087  34.663  -16.312  32.411 0.0000000000
116983  34.901  -16.666  31.739 0.0000000000
54162  35.826  -17.539  29.993 0.0000000000
54174  36.684  -18.061  29.568 0.0000000000
52392  36.175  -18.958  27.368 0.0000000000
55030  38.647  -17.316  37.857 0.0000000000
52195  36.821  -18.563  41.377 0.0000000000
52219  37.218  -18.940  40.157 0.0000000000
51237  37.593  -19.091  39.723 0.0000000000
51264  34.277  -19.470  37.088 0.0000000000
51252  35.710  -19.805  38.133 0.0000000000
51249  37.965  -19.099  38.667 0.0000000000
51270  38.130  -18.902  37.632 0.0000000000
52267  37.710  -18.647  36.228 0.0000000000
53184  37.608  -18.328  36.079 0.0000000000
53206  37.971  -19.003  34.565 0.0000000000
52288  37.531  -19.824  33.321 0.0000000000
52317  36.708  -19.842  31.265 0.0000000000
51345  33.810  -20.304  31.288 0.0000000000
114024  35.266  -20.485  30.954 0.0000000000
52337  36.165  -19.927  29.988 0.0000000000
52353  35.199  -19.810  28.978 0.0000000000
62465  38.128  -8.924  23.936 0.0000000000
62467  36.801  -9.636  23.294 0.0000000000
62480  36.042  -9.906  22.172 0.0000000000
60437  34.002  -10.648  24.131 0.0000000000
61532  34.523  -10.561  22.388 0.0000000000
61540  34.142  -10.711  21.053 0.0000000000
131954  48.278  5.072  6.249 0.0000000000
63483  40.219  -8.093  22.942 0.0000000000
128644  39.883  -8.235  23.647 0.0000000000
117344  41.377  -7.135  23.130 0.0000000000
52262  22.301  -19.436  35.996 0.0000000000
54084  24.226  -17.341  37.510 0.0000000000
53177  23.711  -17.856  37.008 0.0000000000
127729  23.313  -18.389  35.860 0.0000000000
68563  38.476  -3.935  16.081 0.0000000000
67529  38.843  -4.137  16.817 0.0000000000
68551  40.430  -3.646  17.435 0.0000000000
68561  39.901  -3.070  16.946 0.0000000000
42231  14.858  -28.936  46.547 0.0000000000
41301  14.430  -29.304  45.056 0.0000000000
41310  13.808  -29.746  44.591 0.0000000000
41302  13.840  -29.807  45.393 0.0000000000
40398  13.361  -30.290  44.994 0.0000000000
56140  37.779  -15.809  37.532 0.0000000000
57123  37.085  -15.323  37.109 0.0000000000
56155  37.412  -16.177  36.851 0.0000000000
54930  37.967  -16.621  44.207 0.0000000000
53994  37.608  -17.152  44.101 0.0000000000
54164  29.637  -17.173  30.505 0.0000000000
54176  30.259  -17.697  30.133 0.0000000000
59304  31.290  -12.594  28.489 0.0000000000
127983  31.515  -12.310  27.784 0.0000000000
78166  48.686  6.361  9.467 0.0000000000
78155  49.124  6.983  10.009 0.0000000000
78165  49.322  6.837  9.159 0.0000000000
78175  49.671  6.758  8.365 0.0000000000
65542  40.857  -6.899  19.504 0.0000000000
65543  40.011  -6.928  19.413 0.0000000000
62506  36.263  -9.341  20.901 0.0000000000
62519  35.794  -9.044  20.230 0.0000000000
62508  34.650  -9.911  20.203 0.0000000000
64537  41.919  -6.936  20.333 0.0000000000
65541  42.369  -6.509  19.852 0.0000000000
115837  41.635  -6.740  19.666 0.0000000000
65552  41.285  -6.337  19.152 0.0000000000
47919  21.259  -23.728  36.569 0.0000000000
46705  21.374  -24.432  36.309 0.0000000000
46706  21.250  -25.021  36.877 0.0000000000
46688  21.261  -24.382  37.163 0.0000000000
56102  31.414  -15.190  40.681 0.0000000000
54969  32.145  -15.600  40.999 0.0000000000
114736  25.590  -16.190  34.015 0.0000000000
55063  26.588  -15.887  34.370 0.0000000000
55076  26.436  -15.997  33.355 0.0000000000
134700  25.986  -16.119  32.822 0.0000000000
55092  25.580  -16.375  32.308 0.0000000000
54123  24.836  -16.724  32.809 0.0000000000
55124  34.443  -16.747  29.026 0.0000000000
74280  44.490  2.388  14.029 0.0000000000
74292  44.356  2.517  13.029 0.0000000000
75286  45.333  3.429  9.431 0.0000000000
54958  26.198  -15.939  42.795 0.0000000000
54959  25.546  -16.306  42.453 0.0000000000
54949  25.639  -16.176  43.357 0.0000000000
56067  26.913  -15.596  43.117 0.0000000000
71366  44.685  -0.435  17.624 0.0000000000
72268  45.182  1.079  17.013 0.0000000000
53134  21.450  -18.328  41.763 0.0000000000
52210  20.639  -18.900  40.626 0.0000000000
133168  20.627  -18.692  41.382 0.0000000000
46614  18.796  -23.882  41.821 0.0000000000
47857  18.825  -23.397  41.466 0.0000000000
136646  19.070  -24.464  40.807 0.0000000000
45484  19.346  -24.827  40.356 0.0000000000
124131  19.033  -24.890  41.116 0.0000000000
45402  17.946  -25.723  46.158 0.0000000000
42287  15.164  -28.183  41.469 0.0000000000
43265  15.727  -27.700  41.001 0.0000000000
43275  15.755  -27.756  40.027 0.0000000000
57147  34.115  -14.091  34.911 0.0000000000
59250  34.067  -12.725  35.057 0.0000000000
58223  33.750  -13.399  34.659 0.0000000000
58224  33.313  -13.531  33.945 0.0000000000
57162  33.293  -14.241  33.599 0.0000000000
57161  33.949  -14.770  33.855 0.0000000000
54146  36.921  -18.509  31.876 0.0000000000
53237  37.063  -18.886  31.297 0.0000000000
52350  36.964  -19.140  30.060 0.0000000000
53166  33.681  -18.280  37.907 0.0000000000
53165  34.233  -18.398  38.433 0.0000000000
51287  34.559  -20.473  35.305 0.0000000000
51301  34.748  -20.741  34.442 0.0000000000
51285  36.113  -20.682  34.886 0.0000000000
51300  35.389  -20.957  33.727 0.0000000000
114907  34.210  -20.725  32.997 0.0000000000
122654  35.780  -10.052  25.978 0.0000000000
61502  35.341  -10.130  25.272 0.0000000000
114012  38.952  -8.765  21.942 0.0000000000
62492  37.507  -9.213  21.740 0.0000000000
66492  43.733  -5.789  22.652 0.0000000000
64500  41.755  -7.047  22.396 0.0000000000
64511  42.143  -6.948  21.808 0.0000000000
64512  41.583  -7.351  21.640 0.0000000000
64523  42.104  -7.015  21.100 0.0000000000
51277  21.508  -20.707  35.890 0.0000000000
50226  21.546  -21.558  35.464 0.0000000000
131321  21.284  -21.444  36.132 0.0000000000
125893  21.316  -22.277  35.983 0.0000000000
50212  20.948  -21.828  36.712 0.0000000000
56118  27.538  -15.287  39.601 0.0000000000
56131  27.394  -15.344  38.655 0.0000000000
55050  24.635  -16.786  35.961 0.0000000000
55037  25.661  -15.914  36.626 0.0000000000
126492  24.737  -16.649  35.117 0.0000000000
119969  24.363  -17.143  33.982 0.0000000000
54112  24.243  -17.309  34.627 0.0000000000
52279  22.825  -19.132  34.543 0.0000000000
52291  22.860  -19.242  33.766 0.0000000000
122607  43.903  -3.815  18.450 0.0000000000
68548  43.358  -3.168  18.059 0.0000000000
69531  42.964  -2.421  17.731 0.0000000000
70489  42.756  -1.582  17.525 0.0000000000
132484  43.309  -1.101  17.528 0.0000000000
122414  42.054  -1.301  17.342 0.0000000000
70490  41.404  -1.490  17.188 0.0000000000
69546  39.544  -2.629  16.186 0.0000000000
69552  39.848  -1.918  15.859 0.0000000000
52180  20.112  -18.960  44.424 0.0000000000
52185  19.952  -19.059  43.547 0.0000000000
50122  19.037  -21.325  44.229 0.0000000000
125416  18.767  -22.126  43.751 0.0000000000
49015  18.703  -22.689  42.844 0.0000000000
47831  18.674  -22.977  43.833 0.0000000000
43180  16.371  -27.096  46.795 0.0000000000
131374  16.966  -26.849  45.778 0.0000000000
42248  15.299  -28.302  44.184 0.0000000000
42276  15.129  -28.127  42.414 0.0000000000
42277  14.641  -28.646  42.851 0.0000000000
41337  14.118  -29.175  42.369 0.0000000000
40417  13.211  -30.179  43.283 0.0000000000
40432  13.145  -30.238  42.347 0.0000000000
117567  12.336  -31.319  44.921 0.0000000000
39456  11.805  -31.864  45.307 0.0000000000
57124  36.314  -14.778  36.740 0.0000000000
58203  35.717  -13.666  37.069 0.0000000000
57136  35.210  -14.631  35.690 0.0000000000
56171  35.797  -15.494  35.253 0.0000000000
56182  35.638  -15.685  34.435 0.0000000000
134902  36.756  -17.243  34.778 0.0000000000
55058  36.550  -16.866  34.491 0.0000000000
55057  36.935  -17.606  34.240 0.0000000000
54120  36.874  -17.788  33.326 0.0000000000
53196  31.108  -17.959  35.142 0.0000000000
129317  31.749  -18.516  35.325 0.0000000000
53209  30.876  -18.061  34.324 0.0000000000
53218  31.312  -18.557  32.992 0.0000000000
52303  31.752  -18.998  32.670 0.0000000000
52289  32.292  -19.523  33.587 0.0000000000
128775  31.966  -19.213  32.156 0.0000000000
52318  32.540  -19.671  31.820 0.0000000000
53250  31.467  -18.692  30.150 0.0000000000
59324  31.163  -12.648  26.043 0.0000000000
59334  31.651  -12.084  25.577 0.0000000000
59335  31.224  -12.814  25.239 0.0000000000
78188  49.709  6.070  6.822 0.0000000000
77304  50.117  5.787  6.056 0.0000000000
66535  40.510  -5.184  18.118 0.0000000000
66536  39.645  -5.358  17.933 0.0000000000
65555  38.037  -6.578  18.145 0.0000000000
64554  37.448  -7.282  18.628 0.0000000000
63528  39.069  -8.058  20.064 0.0000000000
64541  38.760  -7.619  19.561 0.0000000000
63529  38.158  -8.105  19.814 0.0000000000
118687  36.026  -8.249  18.676 0.0000000000
123491  35.973  -8.036  17.812 0.0000000000
66500  43.999  -5.911  21.759 0.0000000000
66499  44.883  -5.613  21.425 0.0000000000
65521  44.168  -6.008  20.847 0.0000000000
65540  43.465  -5.960  19.688 0.0000000000
126898  44.604  -5.456  19.755 0.0000000000
66515  43.986  -5.449  19.403 0.0000000000
66514  44.657  -4.871  19.317 0.0000000000
66524  43.643  -4.746  18.764 0.0000000000
66527  40.894  -5.813  18.668 0.0000000000
67503  42.099  -5.070  18.401 0.0000000000
66534  41.307  -5.284  18.370 0.0000000000
54011  34.607  -16.541  43.169 0.0000000000
54025  34.519  -16.712  41.920 0.0000000000
54050  32.741  -16.517  39.566 0.0000000000
131067  32.524  -16.713  38.954 0.0000000000
54060  33.249  -17.302  38.946 0.0000000000
56130  28.510  -15.199  38.139 0.0000000000
56142  28.650  -15.436  37.363 0.0000000000
117741  29.303  -15.957  36.037 0.0000000000
55033  29.810  -16.002  36.632 0.0000000000
54082  31.312  -16.756  37.236 0.0000000000
54094  30.301  -16.634  36.065 0.0000000000
54102  30.463  -17.103  35.316 0.0000000000
55089  28.372  -16.312  32.383 0.0000000000
55100  28.290  -16.361  31.381 0.0000000000
53230  23.833  -17.870  31.979 0.0000000000
75220  47.423  3.335  15.839 0.0000000000
75244  46.496  3.444  13.817 0.0000000000
118931  47.406  3.899  14.299 0.0000000000
75243  47.042  3.876  13.577 0.0000000000
76254  47.725  4.376  13.872 0.0000000000
74311  43.726  2.299  11.711 0.0000000000
116256  44.856  2.874  12.627 0.0000000000
75268  45.905  3.841  10.974 0.0000000000
115366  45.741  3.592  11.786 0.0000000000
76283  46.478  4.129  11.729 0.0000000000
76268  47.171  4.602  12.163 0.0000000000
76282  47.086  4.682  11.345 0.0000000000
131205  47.538  5.077  11.764 0.0000000000
76310  46.551  4.404  9.378 0.0000000000
76309  47.114  4.848  9.755 0.0000000000
77282  47.584  5.342  9.367 0.0000000000
76316  47.047  4.845  8.929 0.0000000000
54051  24.237  -17.274  39.993 0.0000000000
54012  24.183  -16.942  42.813 0.0000000000
127971  23.625  -17.540  41.410 0.0000000000
54027  23.554  -17.396  42.275 0.0000000000
54040  22.954  -17.775  41.834 0.0000000000
54013  23.342  -17.174  43.156 0.0000000000
114846  24.865  -16.083  44.858 0.0000000000
54921  23.575  -16.497  45.306 0.0000000000
53999  22.400  -17.171  44.383 0.0000000000
53986  22.224  -17.046  45.201 0.0000000000
54000  21.708  -17.454  44.735 0.0000000000
53984  35.578  -16.573  45.352 0.0000000000
56074  32.172  -15.420  43.005 0.0000000000
56078  28.468  -15.049  42.867 0.0000000000
56077  29.482  -14.791  42.657 0.0000000000
114409  28.914  -14.794  42.117 0.0000000000
56105  28.247  -14.967  40.750 0.0000000000
56093  27.481  -15.268  41.256 0.0000000000
54984  25.465  -16.515  40.731 0.0000000000
54998  26.094  -16.079  40.260 0.0000000000
54999  25.393  -16.615  39.913 0.0000000000
55012  24.861  -17.077  38.785 0.0000000000
66550  37.891  -5.193  16.748 0.0000000000
73255  44.824  1.485  16.340 0.0000000000
73263  45.286  1.986  16.075 0.0000000000
73264  44.632  1.873  15.504 0.0000000000
73265  43.685  1.580  15.065 0.0000000000
71383  42.263  -0.213  16.589 0.0000000000
72272  41.953  0.075  15.771 0.0000000000
72285  41.428  0.242  13.925 0.0000000000
72278  42.390  0.649  15.298 0.0000000000
72284  42.098  0.745  14.401 0.0000000000
72291  41.911  0.752  13.480 0.0000000000
126358  22.523  -18.659  39.271 0.0000000000
53169  22.567  -18.763  38.499 0.0000000000
52233  21.878  -19.168  39.037 0.0000000000
51242  20.206  -20.226  39.680 0.0000000000
51241  20.612  -20.312  38.804 0.0000000000
50190  20.332  -21.051  38.173 0.0000000000
120442  19.909  -22.043  38.468 0.0000000000
51217  19.213  -20.760  42.042 0.0000000000
51216  19.644  -20.099  41.398 0.0000000000
51230  19.249  -20.946  41.371 0.0000000000
49042  19.324  -22.974  40.228 0.0000000000
50164  19.333  -21.906  40.148 0.0000000000
47878  19.704  -23.501  39.270 0.0000000000
123295  19.995  -23.148  38.486 0.0000000000
47888  20.346  -23.958  38.549 0.0000000000
46668  20.466  -24.473  38.547 0.0000000000
44349  19.056  -25.793  38.873 0.0000000000
45508  19.906  -25.407  38.608 0.0000000000
44367  18.396  -26.471  38.152 0.0000000000
46563  18.551  -24.214  45.432 0.0000000000
46575  18.533  -24.219  44.597 0.0000000000
121238  18.515  -24.234  43.830 0.0000000000
45440  18.552  -24.651  43.584 0.0000000000
44276  17.118  -26.880  44.389 0.0000000000
44289  16.932  -26.966  43.543 0.0000000000
134661  17.562  -26.477  42.202 0.0000000000
44312  18.378  -25.844  41.770 0.0000000000
118104  18.384  -25.949  41.030 0.0000000000
44332  17.669  -26.418  40.585 0.0000000000
39441  11.683  -31.845  46.224 0.0000000000
39427  11.577  -31.848  47.067 0.0000000000
37562  10.302  -33.170  47.323 0.0000000000
38523  10.572  -33.003  46.284 0.0000000000
62428  37.270  -9.570  26.684 0.0000000000
61472  34.561  -10.806  27.761 0.0000000000
61459  35.102  -10.698  28.399 0.0000000000
60371  34.386  -11.578  30.415 0.0000000000
60379  34.166  -11.440  29.449 0.0000000000
59287  32.711  -12.250  30.470 0.0000000000
60327  34.187  -12.071  34.599 0.0000000000
60354  34.419  -11.688  32.885 0.0000000000
136558  32.322  -13.213  32.402 0.0000000000
59273  33.078  -12.298  32.235 0.0000000000
59274  32.395  -12.823  32.199 0.0000000000
59280  32.012  -12.853  31.365 0.0000000000
56209  33.308  -15.426  31.982 0.0000000000
116880  32.945  -15.445  31.426 0.0000000000
55099  33.463  -16.008  31.310 0.0000000000
55112  33.604  -16.341  30.469 0.0000000000
130769  35.360  -15.900  33.693 0.0000000000
56192  34.960  -16.162  33.005 0.0000000000
55086  35.228  -16.565  32.530 0.0000000000
54148  35.600  -17.315  31.068 0.0000000000
128558  35.092  -17.116  30.299 0.0000000000
52371  36.389  -19.161  28.599 0.0000000000
52393  35.516  -19.305  27.118 0.0000000000
53120  35.641  -17.816  41.609 0.0000000000
53119  36.406  -18.050  42.110 0.0000000000
52196  36.105  -18.370  41.156 0.0000000000
114569  36.549  -18.818  40.335 0.0000000000
52220  36.561  -19.047  39.758 0.0000000000
51225  37.653  -18.995  40.008 0.0000000000
51239  36.513  -19.316  39.254 0.0000000000
52260  33.051  -19.031  36.325 0.0000000000
52247  33.972  -18.988  37.311 0.0000000000
118415  33.701  -19.270  36.713 0.0000000000
50207  35.712  -20.311  36.891 0.0000000000
51262  35.226  -19.963  37.383 0.0000000000
50197  35.952  -20.144  37.643 0.0000000000
50183  37.116  -19.728  38.604 0.0000000000
50195  37.577  -19.875  37.975 0.0000000000
51259  38.330  -18.787  38.462 0.0000000000
51261  37.858  -19.589  37.374 0.0000000000
51283  37.761  -19.467  35.701 0.0000000000
52258  37.744  -19.077  36.141 0.0000000000
52268  37.889  -19.128  35.191 0.0000000000
53183  37.920  -18.097  36.888 0.0000000000
53194  37.784  -18.713  35.297 0.0000000000
52275  37.849  -19.348  34.424 0.0000000000
117193  36.412  -20.784  32.495 0.0000000000
51330  37.085  -20.356  32.813 0.0000000000
52301  36.948  -20.160  32.038 0.0000000000
51343  36.333  -20.534  31.700 0.0000000000
51346  33.072  -19.882  31.094 0.0000000000
51332  33.848  -20.539  32.178 0.0000000000
51363  34.552  -20.332  30.700 0.0000000000
51379  34.582  -20.022  29.811 0.0000000000
51362  35.413  -20.238  30.307 0.0000000000
51378  35.563  -20.001  29.654 0.0000000000
134751  38.145  -8.897  24.624 0.0000000000
63472  38.720  -8.690  24.337 0.0000000000
62455  37.593  -9.227  24.418 0.0000000000
61512  36.086  -9.790  23.963 0.0000000000
61521  36.008  -9.971  22.966 0.0000000000
135444  35.671  -10.121  22.490 0.0000000000
60421  33.819  -10.742  24.964 0.0000000000
136937  33.190  -11.584  21.837 0.0000000000
60462  33.843  -10.889  22.673 0.0000000000
60470  33.726  -11.018  21.776 0.0000000000
113777  34.519  -10.495  21.683 0.0000000000
61541  33.633  -11.234  20.908 0.0000000000
115248  52.330  6.825  5.072 0.0000000000
79128  52.988  7.155  4.730 0.0000000000
130680  47.617  5.080  6.944 0.0000000000
76330  47.451  4.467  6.527 0.0000000000
64501  41.003  -7.621  22.386 0.0000000000
63495  40.240  -8.089  21.961 0.0000000000
63497  38.868  -8.763  22.735 0.0000000000
52271  22.528  -19.428  35.233 0.0000000000
121044  22.178  -20.126  34.984 0.0000000000
51290  21.966  -20.028  35.616 0.0000000000
51276  21.790  -19.930  36.461 0.0000000000
121771  25.289  -16.639  38.441 0.0000000000
55024  25.853  -15.945  38.149 0.0000000000
135675  24.686  -16.911  37.280 0.0000000000
54095  24.300  -17.275  36.594 0.0000000000
53197  23.701  -17.961  34.841 0.0000000000
124347  23.617  -18.080  35.521 0.0000000000
67513  42.157  -4.212  18.028 0.0000000000
121688  41.456  -2.788  17.521 0.0000000000
69533  41.037  -2.138  17.291 0.0000000000
52167  20.220  -19.153  46.354 0.0000000000
136728  19.792  -19.638  45.109 0.0000000000
52175  19.947  -19.788  45.985 0.0000000000
42249  14.820  -28.814  44.563 0.0000000000
41323  14.163  -29.157  43.292 0.0000000000
41324  13.703  -29.666  43.734 0.0000000000
40399  12.812  -30.776  45.398 0.0000000000
56156  36.757  -15.737  36.421 0.0000000000
56170  36.444  -16.075  35.655 0.0000000000
54101  37.056  -17.633  35.079 0.0000000000
54109  37.476  -18.267  34.583 0.0000000000
54136  30.358  -17.441  32.898 0.0000000000
53219  30.807  -18.023  33.441 0.0000000000
54149  30.367  -17.484  31.989 0.0000000000
53239  30.859  -18.090  31.576 0.0000000000
53238  31.406  -18.627  31.127 0.0000000000
53251  30.849  -18.151  30.668 0.0000000000
53267  30.300  -17.944  29.219 0.0000000000
59312  32.142  -11.802  27.525 0.0000000000
60410  32.250  -11.616  26.695 0.0000000000
59313  31.411  -12.299  26.945 0.0000000000
78147  48.957  7.106  10.889 0.0000000000
78174  50.426  7.335  8.388 0.0000000000
78183  49.300  6.251  7.628 0.0000000000
77299  48.881  5.721  6.966 0.0000000000
65554  39.616  -6.444  18.876 0.0000000000
123507  37.694  -8.472  20.288 0.0000000000
130049  37.371  -8.305  19.782 0.0000000000
63531  35.714  -8.677  19.374 0.0000000000
65531  43.520  -6.233  20.356 0.0000000000
136885  42.998  -6.323  19.951 0.0000000000
66517  42.773  -6.059  19.455 0.0000000000
66525  42.464  -5.650  18.946 0.0000000000
45533  20.834  -25.680  36.445 0.0000000000
44383  20.281  -26.077  36.852 0.0000000000
54957  33.026  -15.707  42.289 0.0000000000
54967  33.733  -16.314  41.598 0.0000000000
54968  32.967  -15.892  41.268 0.0000000000
54981  32.158  -15.795  40.098 0.0000000000
54996  32.003  -16.093  39.365 0.0000000000
55035  27.154  -15.618  35.976 0.0000000000
55049  27.797  -15.795  35.496 0.0000000000
115938  28.316  -16.059  35.034 0.0000000000
116743  29.100  -16.347  34.828 0.0000000000
55075  27.496  -15.963  33.841 0.0000000000
55090  27.457  -16.046  32.877 0.0000000000
55102  26.392  -16.261  31.424 0.0000000000
116223  24.947  -16.958  31.082 0.0000000000
56223  32.954  -16.119  29.957 0.0000000000
114377  46.090  2.770  15.020 0.0000000000
74278  46.274  3.107  14.405 0.0000000000
74290  45.857  3.171  13.625 0.0000000000
74310  44.233  2.639  11.299 0.0000000000
75278  44.764  3.068  10.811 0.0000000000
75276  46.040  3.988  10.005 0.0000000000
75285  45.946  3.883  8.975 0.0000000000
54972  24.871  -16.802  41.217 0.0000000000
54960  24.894  -16.697  42.127 0.0000000000
54950  24.416  -16.676  43.638 0.0000000000
56079  27.513  -15.333  42.610 0.0000000000
126891  27.273  -15.411  41.944 0.0000000000
56080  26.751  -15.670  42.328 0.0000000000
54970  26.114  -16.070  41.958 0.0000000000
71390  41.238  -0.337  15.364 0.0000000000
53148  22.215  -18.474  40.503 0.0000000000
53159  22.107  -18.769  39.784 0.0000000000
53149  21.430  -18.793  40.224 0.0000000000
52223  20.731  -19.273  39.937 0.0000000000
49021  18.844  -22.124  42.239 0.0000000000
49029  18.934  -22.245  41.513 0.0000000000
49028  18.956  -22.891  41.128 0.0000000000
128556  19.037  -23.419  40.761 0.0000000000
47869  19.406  -23.750  40.105 0.0000000000
45496  20.074  -24.777  38.956 0.0000000000
45483  19.657  -24.649  39.677 0.0000000000
131440  18.913  -25.754  39.707 0.0000000000
45411  18.498  -24.672  45.735 0.0000000000
45426  18.532  -24.765  44.919 0.0000000000
44301  16.766  -27.011  42.853 0.0000000000
43235  16.294  -27.304  42.449 0.0000000000
43252  16.346  -27.259  41.540 0.0000000000
43251  16.990  -26.796  41.065 0.0000000000
43273  16.945  -26.840  40.087 0.0000000000
60378  34.998  -10.901  29.209 0.0000000000
122798  35.385  -10.976  29.853 0.0000000000
58210  34.532  -12.720  35.897 0.0000000000
60298  34.774  -12.099  36.125 0.0000000000
60311  34.504  -12.118  35.464 0.0000000000
60355  33.454  -12.223  32.916 0.0000000000
59267  33.130  -12.711  33.394 0.0000000000
58237  32.616  -13.102  32.922 0.0000000000
58248  32.398  -13.671  32.551 0.0000000000
57185  32.234  -14.249  31.930 0.0000000000
57174  32.918  -14.556  32.683 0.0000000000
56194  33.778  -15.418  32.651 0.0000000000
132493  36.395  -17.245  33.019 0.0000000000
54147  36.368  -17.891  31.610 0.0000000000
53249  36.956  -18.653  30.367 0.0000000000
53145  34.525  -18.014  39.710 0.0000000000
53144  34.980  -18.310  39.987 0.0000000000
52222  34.751  -18.343  39.455 0.0000000000
52232  34.706  -18.505  38.966 0.0000000000
52231  35.129  -19.152  38.460 0.0000000000
51289  33.230  -19.827  35.168 0.0000000000
51275  34.067  -19.856  36.361 0.0000000000
136173  34.224  -20.184  35.895 0.0000000000
51273  35.230  -20.302  36.478 0.0000000000
50220  36.119  -20.600  35.964 0.0000000000
50219  37.114  -20.350  36.055 0.0000000000
136463  36.823  -20.474  35.141 0.0000000000
51299  37.212  -20.324  34.335 0.0000000000
52276  37.638  -19.843  33.962 0.0000000000
51316  35.930  -20.958  33.127 0.0000000000
51331  35.663  -20.944  32.647 0.0000000000
52355  32.651  -19.474  29.473 0.0000000000
52374  33.181  -19.627  28.768 0.0000000000
115086  33.715  -19.653  27.994 0.0000000000
62443  37.053  -9.518  24.943 0.0000000000
120233  36.435  -9.651  24.637 0.0000000000
117376  35.868  -9.810  24.733 0.0000000000
60451  32.502  -11.679  23.824 0.0000000000
60450  33.354  -11.084  23.380 0.0000000000
60464  32.636  -11.895  22.916 0.0000000000
78186  51.291  6.759  6.371 0.0000000000
79120  51.821  7.327  6.521 0.0000000000
64539  40.378  -7.393  19.896 0.0000000000
64525  40.663  -7.649  20.583 0.0000000000
63517  39.356  -8.279  20.797 0.0000000000
63507  39.559  -8.421  21.567 0.0000000000
127036  38.953  -8.598  21.282 0.0000000000
63509  37.633  -8.802  20.928 0.0000000000
62505  36.990  -9.152  21.108 0.0000000000
66491  44.503  -5.483  22.408 0.0000000000
126330  21.876  -22.719  34.596 0.0000000000
50241  21.844  -21.367  34.737 0.0000000000
50242  21.732  -22.116  34.994 0.0000000000
49097  21.571  -22.762  35.370 0.0000000000
49081  21.289  -23.074  36.037 0.0000000000
125566  29.191  -14.694  40.321 0.0000000000
117592  29.560  -14.813  39.375 0.0000000000
126106  28.491  -15.102  39.016 0.0000000000
56143  27.692  -15.367  37.687 0.0000000000
55023  26.145  -15.704  37.321 0.0000000000
55036  26.572  -15.622  36.569 0.0000000000
115351  26.158  -15.761  35.879 0.0000000000
118226  25.677  -16.037  34.998 0.0000000000
55078  24.837  -16.654  33.725 0.0000000000
53220  23.763  -17.817  32.862 0.0000000000
53221  23.331  -18.554  33.314 0.0000000000
53211  23.279  -18.550  34.252 0.0000000000
74302  43.685  2.194  12.472 0.0000000000
54935  25.774  -15.988  44.327 0.0000000000
114040  26.712  -15.546  45.753 0.0000000000
69521  44.748  -2.381  18.322 0.0000000000
69529  44.143  -2.303  18.038 0.0000000000
115283  44.100  -0.968  17.662 0.0000000000
71367  43.517  -0.462  17.312 0.0000000000
72255  43.907  0.204  17.033 0.0000000000
70491  40.801  -1.654  16.931 0.0000000000
70503  41.086  -1.121  16.610 0.0000000000
71385  40.798  -0.878  15.834 0.0000000000
70510  40.249  -1.352  15.405 0.0000000000
53123  20.482  -18.437  43.039 0.0000000000
53135  20.536  -18.561  42.192 0.0000000000
52197  19.860  -19.112  42.678 0.0000000000
51198  19.547  -19.873  43.201 0.0000000000
51210  19.198  -20.657  42.856 0.0000000000
51188  19.394  -20.543  44.679 0.0000000000
51199  19.309  -20.612  43.728 0.0000000000
50144  18.945  -21.407  42.517 0.0000000000
124535  18.772  -21.953  42.915 0.0000000000
47850  18.724  -23.341  42.281 0.0000000000
46600  18.650  -23.853  42.633 0.0000000000
43207  16.465  -27.398  44.118 0.0000000000
43220  15.822  -27.811  43.731 0.0000000000
43236  15.708  -27.706  42.865 0.0000000000
41350  14.164  -29.295  41.378 0.0000000000
59226  35.369  -12.513  37.244 0.0000000000
58209  34.991  -13.106  36.562 0.0000000000
58215  34.705  -13.645  35.943 0.0000000000
57137  34.545  -14.134  35.414 0.0000000000
131147  34.254  -14.622  34.429 0.0000000000
56181  36.246  -16.252  34.853 0.0000000000
131382  37.230  -19.021  31.982 0.0000000000
53185  32.325  -18.125  36.387 0.0000000000
52249  32.877  -18.529  36.663 0.0000000000
52270  32.348  -18.714  35.891 0.0000000000
118511  32.069  -19.010  35.113 0.0000000000
53208  31.330  -18.613  33.884 0.0000000000
125356  32.546  -19.515  34.738 0.0000000000
52277  32.540  -19.691  34.034 0.0000000000
51303  33.069  -20.049  34.249 0.0000000000
51318  33.592  -20.484  33.675 0.0000000000
118406  33.453  -20.444  32.945 0.0000000000
51333  33.002  -20.119  32.480 0.0000000000
116043  32.399  -19.458  30.950 0.0000000000
128369  31.854  -19.081  30.784 0.0000000000
119647  32.188  -19.266  30.181 0.0000000000
61486  34.816  -10.551  26.955 0.0000000000
60408  34.192  -10.667  26.294 0.0000000000
132593  33.720  -10.792  25.686 0.0000000000
60422  32.953  -11.212  25.317 0.0000000000
60423  32.287  -11.564  25.894 0.0000000000
128616  32.164  -11.692  25.262 0.0000000000
60439  32.357  -11.642  24.652 0.0000000000
127138  31.872  -12.283  24.183 0.0000000000
79114  50.811  7.188  7.651 0.0000000000
78181  50.838  6.883  7.065 0.0000000000
67515  40.295  -4.424  17.659 0.0000000000
67516  39.380  -4.661  17.456 0.0000000000
66537  38.760  -5.310  17.490 0.0000000000
65564  38.084  -5.913  17.427 0.0000000000
64540  39.561  -7.527  19.735 0.0000000000
63530  37.412  -7.899  19.263 0.0000000000
64555  36.677  -7.488  17.973 0.0000000000
66506  44.810  -5.659  20.403 0.0000000000
67501  44.515  -4.248  18.867 0.0000000000
116807  42.852  -5.147  18.705 0.0000000000
53996  35.989  -16.972  44.572 0.0000000000
117123  36.615  -17.328  43.757 0.0000000000
54010  35.866  -17.132  43.562 0.0000000000
54024  35.192  -17.093  42.229 0.0000000000
54035  35.005  -17.509  41.236 0.0000000000
54037  33.637  -16.648  40.620 0.0000000000
53132  34.767  -17.824  40.398 0.0000000000
53146  34.012  -17.705  39.328 0.0000000000
53157  33.360  -17.787  38.223 0.0000000000
53167  33.040  -17.890  37.681 0.0000000000
56117  30.616  -14.924  39.494 0.0000000000
56128  30.415  -15.263  38.766 0.0000000000
55008  31.153  -15.900  38.358 0.0000000000
132686  29.410  -15.683  37.131 0.0000000000
55021  30.258  -15.982  37.327 0.0000000000
55020  30.965  -16.156  37.790 0.0000000000
54072  32.257  -17.381  37.520 0.0000000000
53176  31.980  -17.557  36.821 0.0000000000
53186  31.754  -17.667  36.224 0.0000000000
54110  30.556  -17.478  34.690 0.0000000000
55060  29.429  -16.583  33.870 0.0000000000
54122  29.921  -16.941  33.175 0.0000000000
55088  29.179  -16.663  31.905 0.0000000000
54151  29.040  -16.678  30.925 0.0000000000
54165  28.837  -16.833  29.981 0.0000000000
54138  24.335  -17.293  32.413 0.0000000000
136614  23.940  -17.937  31.245 0.0000000000
58289  31.113  -13.648  29.589 0.0000000000
76253  48.102  4.996  13.345 0.0000000000
74300  44.956  3.110  11.803 0.0000000000
75258  46.753  4.089  12.664 0.0000000000
77239  48.352  5.670  12.772 0.0000000000
77249  48.093  5.693  11.766 0.0000000000
77265  48.120  5.822  10.764 0.0000000000
76297  47.121  4.796  10.547 0.0000000000
77281  48.152  5.827  9.859 0.0000000000
77294  48.138  5.790  8.958 0.0000000000
77300  48.125  5.640  8.096 0.0000000000
54085  23.653  -17.785  37.867 0.0000000000
53178  23.083  -18.412  37.433 0.0000000000
54075  23.645  -17.765  38.701 0.0000000000
53168  23.081  -18.268  39.045 0.0000000000
54038  24.236  -17.207  40.872 0.0000000000
54052  23.509  -17.711  40.523 0.0000000000
53147  22.830  -18.118  40.701 0.0000000000
53133  22.366  -18.202  41.319 0.0000000000
53121  22.168  -17.936  42.183 0.0000000000
53122  21.963  -17.668  43.025 0.0000000000
117176  25.022  -16.365  43.927 0.0000000000
136462  24.097  -16.758  44.036 0.0000000000
54920  24.282  -16.166  45.626 0.0000000000
54937  23.729  -16.716  44.454 0.0000000000
53998  23.169  -17.077  44.030 0.0000000000
54014  22.583  -17.347  43.523 0.0000000000
115546  21.135  -17.848  43.430 0.0000000000
53109  21.123  -17.793  44.278 0.0000000000
53093  21.187  -17.833  44.971 0.0000000000
53094  20.825  -18.091  45.449 0.0000000000
53979  20.949  -17.808  46.322 0.0000000000
119841  20.484  -18.563  45.946 0.0000000000
56034  37.542  -16.061  44.473 0.0000000000
54931  37.000  -16.560  44.646 0.0000000000
53997  35.218  -16.681  44.087 0.0000000000
54945  34.458  -16.353  44.206 0.0000000000
54946  33.825  -16.037  43.786 0.0000000000
56089  31.426  -15.013  41.623 0.0000000000
56090  30.643  -14.699  41.220 0.0000000000
56063  30.757  -14.996  43.117 0.0000000000
56076  30.524  -14.746  42.326 0.0000000000
56104  29.900  -14.528  40.770 0.0000000000
56106  27.517  -15.272  40.413 0.0000000000
56119  26.642  -15.640  39.481 0.0000000000
128931  26.731  -15.688  40.814 0.0000000000
55010  25.880  -16.212  39.426 0.0000000000
54074  24.239  -17.343  38.333 0.0000000000
74254  47.386  2.988  16.662 0.0000000000
74265  46.954  2.912  15.992 0.0000000000
74256  45.924  2.303  16.291 0.0000000000
74266  46.340  2.682  15.748 0.0000000000
74268  44.866  2.291  14.824 0.0000000000
73274  43.762  1.901  14.229 0.0000000000
72270  43.549  0.651  16.411 0.0000000000
72277  43.179  1.011  15.641 0.0000000000
132468  43.189  1.552  14.372 0.0000000000
73280  43.121  1.646  13.640 0.0000000000
73281  42.432  1.251  13.094 0.0000000000
53179  22.476  -18.953  37.686 0.0000000000
52251  21.903  -19.556  37.314 0.0000000000
51265  21.454  -20.210  37.120 0.0000000000
52240  21.242  -19.747  38.523 0.0000000000
126031  20.856  -20.818  37.396 0.0000000000
50202  20.482  -21.969  37.536 0.0000000000
49073  20.602  -22.978  37.260 0.0000000000
52211  19.906  -19.177  41.822 0.0000000000
132389  19.627  -21.106  39.724 0.0000000000
50165  19.124  -21.631  41.050 0.0000000000
50177  19.588  -21.742  39.304 0.0000000000
47905  20.593  -23.577  37.850 0.0000000000
45518  20.836  -25.412  37.344 0.0000000000
45519  20.212  -25.757  37.742 0.0000000000
44384  19.559  -26.377  37.176 0.0000000000
49005  18.701  -22.577  44.610 0.0000000000
137191  18.547  -23.906  43.347 0.0000000000
46601  18.750  -24.323  42.268 0.0000000000
44267  17.841  -25.978  45.367 0.0000000000
44266  18.298  -25.488  44.753 0.0000000000
44287  18.246  -25.713  43.951 0.0000000000
44300  17.412  -26.539  42.846 0.0000000000
44299  18.105  -25.877  43.107 0.0000000000
45441  18.494  -25.192  43.342 0.0000000000
45453  18.547  -25.399  42.402 0.0000000000
45466  18.868  -24.854  41.921 0.0000000000
44331  18.375  -26.093  40.134 0.0000000000
44368  17.541  -26.675  38.632 0.0000000000
38534  11.232  -32.427  45.761 0.0000000000
38535  10.775  -33.026  45.264 0.0000000000
63470  39.911  -8.170  24.335 0.0000000000
61484  36.449  -9.809  26.270 0.0000000000
61485  35.751  -10.183  26.792 0.0000000000
60396  33.748  -11.241  27.916 0.0000000000
60387  33.555  -11.507  28.703 0.0000000000
118791  32.879  -11.636  28.095 0.0000000000
60388  32.713  -11.879  28.861 0.0000000000
59295  31.874  -12.317  29.133 0.0000000000
114779  34.214  -11.716  31.136 0.0000000000
60372  33.537  -11.965  30.834 0.0000000000
60364  33.642  -11.961  31.620 0.0000000000
124962  32.140  -12.602  30.827 0.0000000000
59288  31.852  -12.562  30.080 0.0000000000
58274  31.439  -13.086  30.203 0.0000000000
57192  31.479  -13.846  30.405 0.0000000000
57198  31.766  -14.560  30.599 0.0000000000
56210  32.310  -14.924  31.173 0.0000000000
55111  34.388  -16.764  30.108 0.0000000000
56193  34.451  -15.461  33.301 0.0000000000
56200  34.355  -15.920  32.694 0.0000000000
55097  34.792  -16.866  30.864 0.0000000000
55110  35.118  -17.072  29.456 0.0000000000
54175  36.021  -17.416  28.929 0.0000000000
54190  36.689  -17.884  28.381 0.0000000000
53283  36.657  -18.401  27.564 0.0000000000
53304  36.701  -18.628  26.444 0.0000000000
55031  37.982  -17.238  37.216 0.0000000000
53108  37.026  -17.784  42.987 0.0000000000
53118  37.258  -18.315  42.174 0.0000000000
52194  37.498  -18.640  41.356 0.0000000000
52208  35.945  -18.620  40.537 0.0000000000
52207  37.061  -18.753  40.779 0.0000000000
52193  38.012  -18.618  41.372 0.0000000000
51223  38.111  -18.898  39.927 0.0000000000
52238  33.708  -18.614  37.465 0.0000000000
52246  34.563  -19.196  37.756 0.0000000000
51253  35.143  -19.574  37.949 0.0000000000
51240  35.718  -19.444  38.623 0.0000000000
51251  36.796  -19.507  39.013 0.0000000000
121735  37.706  -19.116  39.307 0.0000000000
134909  38.289  -18.841  39.620 0.0000000000
52236  38.696  -18.606  39.227 0.0000000000
51271  37.899  -19.270  36.861 0.0000000000
128530  37.976  -18.782  37.016 0.0000000000
117081  38.168  -18.275  37.344 0.0000000000
54092  37.739  -17.842  36.584 0.0000000000
55044  37.590  -17.538  36.416 0.0000000000
54100  37.503  -18.125  35.577 0.0000000000
54108  37.814  -18.667  34.791 0.0000000000
53207  37.846  -18.853  34.137 0.0000000000
52287  37.810  -19.338  33.933 0.0000000000
53217  37.637  -19.183  33.366 0.0000000000
52300  37.316  -19.574  32.537 0.0000000000
52316  37.073  -19.379  31.681 0.0000000000
117135  34.982  -20.820  32.311 0.0000000000
115777  34.640  -20.593  31.498 0.0000000000
51364  33.722  -19.997  30.476 0.0000000000
51344  35.565  -20.674  31.564 0.0000000000
51361  36.095  -20.256  30.857 0.0000000000
52336  36.648  -19.620  30.426 0.0000000000
52352  36.066  -19.696  29.215 0.0000000000
52373  34.770  -19.626  27.921 0.0000000000
122026  34.816  -19.562  26.864 0.0000000000
126603  39.364  -8.477  23.973 0.0000000000
63485  38.786  -8.727  23.545 0.0000000000
62477  38.177  -9.050  23.113 0.0000000000
62466  37.516  -9.297  23.587 0.0000000000
62478  37.455  -9.381  22.649 0.0000000000
134436  37.101  -9.483  22.126 0.0000000000
62494  35.793  -9.816  21.420 0.0000000000
61514  34.625  -10.416  24.717 0.0000000000
119662  34.735  -10.345  24.018 0.0000000000
61523  34.454  -10.580  23.285 0.0000000000
124721  35.257  -10.321  22.789 0.0000000000
61531  35.272  -10.207  22.011 0.0000000000
61551  34.889  -10.171  21.091 0.0000000000
119673  48.126  5.481  7.244 0.0000000000
43188  16.429  -27.236  46.068 0.0000000000
46587  18.560  -24.272  43.059 0.0000000000
47832  18.544  -23.700  44.071 0.0000000000
50182  37.644  -19.387  38.710 0.0000000000
50184  36.378  -19.873  38.379 0.0000000000
50196  36.794  -20.145  37.818 0.0000000000
50205  37.371  -20.072  37.044 0.0000000000
51226  37.228  -19.112  39.713 0.0000000000
51236  37.844  -19.000  39.728 0.0000000000
51238  37.178  -19.228  39.466 0.0000000000
51248  38.130  -18.899  39.230 0.0000000000
51250  37.387  -19.286  39.261 0.0000000000
51260  37.894  -19.439  38.150 0.0000000000
51263  34.752  -19.622  37.414 0.0000000000
51284  37.523  -20.029  35.331 0.0000000000
51288  33.863  -20.090  35.621 0.0000000000
51315  36.618  -20.767  33.121 0.0000000000
52209  35.446  -18.537  40.138 0.0000000000
52252  21.334  -19.957  37.753 0.0000000000
52269  32.723  -19.292  35.567 0.0000000000
52290  31.807  -19.097  33.381 0.0000000000
52302  32.322  -19.526  32.785 0.0000000000
53099  20.659  -18.274  44.707 0.0000000000
53107  37.737  -17.854  42.925 0.0000000000
53117  37.920  -18.334  42.136 0.0000000000
53155  34.380  -18.170  39.065 0.0000000000
53160  21.449  -19.075  39.628 0.0000000000
53174  33.273  -18.371  37.291 0.0000000000
53983  36.363  -16.775  45.017 0.0000000000
54009  37.382  -17.548  43.743 0.0000000000
54023  35.751  -17.454  42.637 0.0000000000
54048  34.207  -17.420  40.071 0.0000000000
54073  31.740  -16.632  37.968 0.0000000000
54081  38.525  -17.822  37.681 0.0000000000
54091  38.125  -17.665  37.291 0.0000000000
54093  31.114  -17.458  35.821 0.0000000000
54137  29.894  -16.975  32.380 0.0000000000
54153  24.389  -17.409  31.550 0.0000000000
54933  33.907  -16.108  44.811 0.0000000000
54936  24.386  -16.512  44.307 0.0000000000
54997  31.277  -15.628  39.062 0.0000000000
55000  24.863  -17.011  39.551 0.0000000000
55022  28.904  -15.662  36.673 0.0000000000
55038  24.928  -16.525  36.645 0.0000000000
55048  28.732  -16.001  35.506 0.0000000000
55061  28.408  -16.143  34.299 0.0000000000
55064  25.048  -16.445  34.444 0.0000000000
55101  27.382  -16.323  30.848 0.0000000000
55103  25.464  -16.568  31.493 0.0000000000
56042  26.401  -15.627  45.028 0.0000000000
56091  29.732  -14.603  41.726 0.0000000000
56094  26.691  -15.718  41.573 0.0000000000
56141  29.434  -15.442  37.734 0.0000000000
56158  27.059  -15.511  37.156 0.0000000000
58236  33.041  -13.152  33.552 0.0000000000
59237  34.936  -12.399  36.512 0.0000000000
59289  31.776  -12.870  30.701 0.0000000000
62479  36.698  -9.677  22.476 0.0000000000
74301  44.300  2.619  12.172 0.0000000000
113638  34.619  -18.773  38.379 0.0000000000
114652  35.466  -20.777  34.602 0.0000000000
116412  22.807  -18.572  37.966 0.0000000000
116491  18.923  -23.960  40.906 0.0000000000
117233  44.199  -0.265  17.396 0.0000000000
122332  35.882  -18.815  39.936 0.0000000000
126778  36.503  -18.663  40.833 0.0000000000
127839  20.155  -19.213  45.713 0.0000000000
128509  18.545  -24.573  44.233 0.0000000000
128839  38.057  -19.189  37.875 0.0000000000
130692  30.041  -14.572  39.998 0.0000000000
131583  36.202  -19.604  38.715 0.0000000000
132683  34.619  -20.240  36.110 0.0000000000
133097  25.716  -16.292  38.820 0.0000000000
133607  27.388  -15.553  36.541 0.0000000000
133623  40.843  -4.094  17.659 0.0000000000
133835  35.067  -18.828  38.923 0.0000000000
133962  14.890  -28.903  45.105 0.0000000000
134764  35.376  -16.800  44.860 0.0000000000
135003  30.532  -14.956  43.707 0.0000000000
135011  36.643  -20.602  34.479 0.0000000000
135488  20.741  -22.456  36.971 0.0000000000
136121  28.142  -14.992  41.315 0.0000000000
136431  20.063  -19.220  41.102 0.0000000000
