#!ascii label  , from subject sub-v1s19x0051307_ses-1 vox2ras=TkReg
1679
37593  16.320  -33.353  45.031 0.0000000000
62557  45.425  -9.681  16.524 0.0000000000
46736  32.643  -24.587  34.273 0.0000000000
44389  45.125  -26.520  37.063 0.0000000000
46738  25.410  -24.840  34.558 0.0000000000
43169  24.522  -27.325  48.244 0.0000000000
72318  51.317  0.646  10.733 0.0000000000
67497  54.255  -3.889  19.006 0.0000000000
57191  39.562  -14.080  31.348 0.0000000000
74419  52.521  2.162  1.695 0.0000000000
49038  31.204  -22.595  40.235 0.0000000000
41290  20.328  -30.362  47.105 0.0000000000
70516  52.761  -2.007  14.899 0.0000000000
67546  49.330  -4.569  13.474 0.0000000000
135146  46.565  -9.675  22.021 0.0000000000
118522  51.663  -7.755  23.253 0.0000000000
128645  42.049  -12.149  22.296 0.0000000000
47976  39.809  -23.102  31.680 0.0000000000
46695  38.482  -25.476  36.030 0.0000000000
129710  27.007  -21.653  40.241 0.0000000000
48979  24.872  -22.195  46.654 0.0000000000
45482  24.992  -26.401  41.167 0.0000000000
41363  21.698  -29.918  40.816 0.0000000000
50253  27.999  -21.736  34.039 0.0000000000
75275  55.071  3.523  10.983 0.0000000000
73272  55.910  1.836  14.849 0.0000000000
65550  51.260  -7.120  18.014 0.0000000000
58282  44.636  -13.802  29.599 0.0000000000
52285  43.064  -19.505  33.649 0.0000000000
120973  52.148  0.335  5.927 0.0000000000
74369  56.678  2.563  5.557 0.0000000000
72420  59.061  1.002  1.981 0.0000000000
51205  29.876  -21.182  42.659 0.0000000000
39454  18.107  -31.998  45.647 0.0000000000
41255  18.871  -30.694  49.875 0.0000000000
39403  16.914  -32.144  49.164 0.0000000000
69579  47.913  -2.763  12.003 0.0000000000
62440  46.901  -9.507  25.446 0.0000000000
124439  48.859  -8.701  25.111 0.0000000000
33711  12.336  -37.526  46.895 0.0000000000
59396  41.657  -12.518  19.399 0.0000000000
46780  33.713  -24.345  31.774 0.0000000000
113952  36.565  -24.376  32.632 0.0000000000
115014  35.870  -24.974  35.393 0.0000000000
47903  25.839  -23.149  37.419 0.0000000000
133090  25.303  -23.999  40.398 0.0000000000
45517  25.127  -25.205  37.618 0.0000000000
125894  26.620  -22.491  34.185 0.0000000000
50200  27.624  -22.167  37.322 0.0000000000
46543  24.825  -24.810  47.417 0.0000000000
74317  52.726  1.800  10.497 0.0000000000
74299  55.978  2.974  12.330 0.0000000000
72297  54.834  0.538  12.460 0.0000000000
69544  52.684  -2.536  16.568 0.0000000000
71363  54.047  -0.758  17.321 0.0000000000
63586  45.049  -8.237  14.761 0.0000000000
64588  48.248  -7.190  15.368 0.0000000000
63546  48.484  -8.320  17.228 0.0000000000
58314  39.416  -13.426  27.468 0.0000000000
58324  41.186  -13.365  26.249 0.0000000000
58270  42.008  -13.514  30.613 0.0000000000
46726  42.732  -24.738  34.661 0.0000000000
50263  41.892  -21.360  32.458 0.0000000000
49092  44.501  -22.629  35.788 0.0000000000
71452  49.584  -0.460  8.512 0.0000000000
72365  49.469  0.290  6.290 0.0000000000
120185  52.166  0.079  8.763 0.0000000000
73322  54.183  1.447  8.548 0.0000000000
72453  56.802  0.929  0.358 0.0000000000
72423  55.486  0.623  2.286 0.0000000000
74386  57.980  2.551  4.554 0.0000000000
72395  55.017  0.663  4.161 0.0000000000
46686  32.060  -23.958  36.992 0.0000000000
117982  35.038  -25.025  37.919 0.0000000000
47866  33.651  -23.898  40.603 0.0000000000
42220  22.031  -29.285  47.879 0.0000000000
136361  23.131  -28.021  51.544 0.0000000000
42202  21.070  -29.316  50.110 0.0000000000
71432  49.333  -0.468  10.479 0.0000000000
134344  52.601  -0.939  11.819 0.0000000000
69592  49.722  -2.072  11.719 0.0000000000
117790  51.342  -3.498  13.858 0.0000000000
67526  52.135  -3.879  16.603 0.0000000000
128883  46.489  -9.964  19.720 0.0000000000
63527  49.086  -8.825  19.664 0.0000000000
63494  48.665  -8.754  22.405 0.0000000000
55135  39.828  -16.360  29.000 0.0000000000
46659  46.961  -24.349  38.790 0.0000000000
36569  14.591  -34.575  44.431 0.0000000000
36536  15.412  -34.371  48.085 0.0000000000
35609  13.902  -35.913  47.971 0.0000000000
61580  43.684  -10.917  16.963 0.0000000000
60497  44.349  -11.092  19.315 0.0000000000
61530  44.492  -10.576  22.535 0.0000000000
60418  44.892  -10.921  25.781 0.0000000000
47999  37.462  -23.572  30.382 0.0000000000
46746  39.533  -24.399  33.567 0.0000000000
44393  42.157  -26.227  36.742 0.0000000000
46660  37.811  -25.795  38.966 0.0000000000
115068  40.708  -26.634  39.528 0.0000000000
51208  27.949  -20.844  42.571 0.0000000000
51175  26.693  -20.429  45.987 0.0000000000
49019  25.542  -22.181  42.636 0.0000000000
46585  24.879  -24.220  43.545 0.0000000000
120067  24.955  -26.472  44.774 0.0000000000
42331  24.120  -28.119  37.630 0.0000000000
42296  23.650  -28.649  40.792 0.0000000000
128022  22.965  -29.133  44.835 0.0000000000
41322  21.223  -30.053  43.986 0.0000000000
127739  18.787  -31.817  42.805 0.0000000000
38570  16.862  -32.949  42.528 0.0000000000
47980  31.216  -23.793  31.607 0.0000000000
49138  28.677  -21.743  31.469 0.0000000000
47940  30.852  -23.534  34.410 0.0000000000
49068  30.062  -22.678  36.913 0.0000000000
50173  28.891  -21.456  39.411 0.0000000000
74264  57.744  2.750  16.094 0.0000000000
71395  54.264  -0.128  15.197 0.0000000000
66571  46.939  -5.500  13.398 0.0000000000
66556  49.788  -6.019  15.457 0.0000000000
66523  52.878  -5.528  18.040 0.0000000000
64522  51.826  -8.028  20.493 0.0000000000
64532  54.096  -7.347  20.129 0.0000000000
120170  40.592  -13.426  22.786 0.0000000000
59331  43.222  -12.419  25.563 0.0000000000
59301  46.429  -12.780  28.629 0.0000000000
53247  41.251  -18.499  30.553 0.0000000000
120677  41.900  -16.281  32.461 0.0000000000
50194  44.833  -21.103  37.325 0.0000000000
54106  43.646  -17.491  34.894 0.0000000000
57160  42.105  -14.423  33.000 0.0000000000
57171  44.353  -15.001  32.710 0.0000000000
57180  47.326  -14.303  31.944 0.0000000000
73374  52.098  0.825  3.881 0.0000000000
73330  54.936  1.550  6.426 0.0000000000
75293  56.402  3.888  8.439 0.0000000000
50130  31.389  -21.211  44.221 0.0000000000
38546  16.970  -32.898  45.133 0.0000000000
126577  17.599  -32.293  47.128 0.0000000000
37570  16.712  -33.033  46.495 0.0000000000
61480  47.088  -10.041  26.876 0.0000000000
117786  48.348  -9.361  26.684 0.0000000000
32797  11.058  -38.747  45.331 0.0000000000
46752  33.566  -24.680  33.407 0.0000000000
46751  34.427  -24.720  33.507 0.0000000000
129555  34.320  -24.911  35.048 0.0000000000
47918  25.719  -23.824  35.960 0.0000000000
46687  25.351  -24.525  37.201 0.0000000000
123791  25.150  -25.384  35.929 0.0000000000
47971  26.014  -22.930  32.719 0.0000000000
47942  26.116  -23.197  34.557 0.0000000000
47931  26.141  -23.133  35.480 0.0000000000
44246  24.754  -26.602  47.931 0.0000000000
44238  24.748  -26.485  49.429 0.0000000000
73305  52.195  1.382  10.592 0.0000000000
73296  53.368  1.586  11.420 0.0000000000
72308  52.240  0.606  11.367 0.0000000000
69518  53.691  -2.570  18.163 0.0000000000
70476  54.112  -1.810  18.242 0.0000000000
62572  45.934  -9.188  16.143 0.0000000000
63559  46.700  -8.792  16.160 0.0000000000
62555  47.092  -9.005  17.091 0.0000000000
58288  38.228  -13.929  29.923 0.0000000000
58300  38.681  -13.723  29.527 0.0000000000
58299  40.523  -13.503  28.559 0.0000000000
58272  39.947  -13.718  31.150 0.0000000000
45525  44.241  -25.891  36.052 0.0000000000
46712  43.484  -24.460  34.903 0.0000000000
129609  45.297  -25.197  36.275 0.0000000000
72331  50.621  0.264  9.904 0.0000000000
72341  50.466  -0.405  8.420 0.0000000000
121959  51.260  0.538  9.775 0.0000000000
73314  52.348  1.439  9.961 0.0000000000
73412  53.947  1.175  1.040 0.0000000000
72438  54.063  0.752  1.866 0.0000000000
72411  55.274  0.609  3.198 0.0000000000
73401  52.960  0.997  2.451 0.0000000000
47885  31.610  -23.401  38.525 0.0000000000
47883  33.285  -24.104  38.939 0.0000000000
49037  32.539  -23.266  40.567 0.0000000000
41289  21.036  -30.178  46.813 0.0000000000
42211  21.878  -29.153  48.760 0.0000000000
115858  20.666  -29.910  49.148 0.0000000000
40327  18.516  -30.518  51.006 0.0000000000
41224  19.745  -29.959  51.440 0.0000000000
70554  47.939  -1.168  10.705 0.0000000000
134181  50.020  -1.136  11.533 0.0000000000
133415  48.558  -1.602  11.430 0.0000000000
68592  48.400  -3.415  12.335 0.0000000000
126219  49.973  -3.570  12.611 0.0000000000
67545  50.120  -4.330  13.789 0.0000000000
68567  51.631  -3.608  15.496 0.0000000000
67539  50.449  -4.581  14.578 0.0000000000
61537  46.087  -10.126  21.034 0.0000000000
62489  47.403  -9.519  21.162 0.0000000000
62474  47.842  -8.925  22.643 0.0000000000
71443  48.086  -0.702  9.438 0.0000000000
35636  14.216  -35.212  45.763 0.0000000000
35623  13.695  -35.932  46.135 0.0000000000
60521  42.389  -11.384  16.761 0.0000000000
60506  43.474  -11.345  17.750 0.0000000000
60507  42.610  -11.649  17.475 0.0000000000
59379  42.261  -11.992  21.518 0.0000000000
60469  42.945  -11.678  20.993 0.0000000000
126359  43.338  -11.350  22.130 0.0000000000
114552  44.653  -10.239  24.064 0.0000000000
60448  43.501  -11.108  23.511 0.0000000000
113643  36.244  -23.647  29.960 0.0000000000
46731  37.350  -24.864  34.558 0.0000000000
114432  37.876  -24.576  33.663 0.0000000000
46714  39.022  -25.169  35.205 0.0000000000
45542  40.698  -25.416  35.148 0.0000000000
117773  40.308  -25.847  36.809 0.0000000000
46646  35.601  -24.979  39.844 0.0000000000
46662  36.031  -25.130  38.445 0.0000000000
46644  37.118  -25.426  39.565 0.0000000000
125592  39.417  -26.399  40.383 0.0000000000
44341  41.411  -26.983  39.593 0.0000000000
50150  27.515  -21.207  41.737 0.0000000000
50132  26.660  -21.110  43.132 0.0000000000
49026  26.029  -21.995  41.761 0.0000000000
134579  25.171  -24.812  40.339 0.0000000000
47849  24.955  -23.992  42.593 0.0000000000
125065  25.000  -25.014  43.035 0.0000000000
120885  24.934  -25.470  44.692 0.0000000000
44298  24.970  -26.768  42.627 0.0000000000
43310  24.421  -27.590  36.319 0.0000000000
135767  22.210  -29.636  39.542 0.0000000000
42309  23.029  -29.003  39.199 0.0000000000
42286  22.944  -29.128  41.683 0.0000000000
42258  23.977  -28.521  43.712 0.0000000000
41320  22.411  -29.442  43.182 0.0000000000
41306  22.026  -29.616  43.977 0.0000000000
41336  21.131  -30.277  42.165 0.0000000000
121106  18.116  -32.244  43.049 0.0000000000
129621  31.274  -23.575  29.958 0.0000000000
48027  30.088  -23.061  29.843 0.0000000000
50264  27.508  -21.252  32.692 0.0000000000
49127  28.892  -21.823  32.852 0.0000000000
47970  29.614  -22.572  32.571 0.0000000000
49109  29.584  -22.536  33.955 0.0000000000
131915  30.588  -23.269  35.364 0.0000000000
49095  28.738  -22.116  35.384 0.0000000000
50176  27.242  -21.915  38.707 0.0000000000
50187  28.204  -21.597  38.599 0.0000000000
116870  27.693  -21.432  39.759 0.0000000000
51228  28.272  -21.298  41.045 0.0000000000
50107  25.336  -21.325  45.923 0.0000000000
36525  14.798  -34.735  49.667 0.0000000000
37539  15.646  -33.488  49.723 0.0000000000
75256  56.616  4.253  12.116 0.0000000000
73279  56.086  1.740  13.617 0.0000000000
73278  56.640  2.589  14.660 0.0000000000
73271  56.548  2.533  15.743 0.0000000000
73261  56.727  2.476  16.605 0.0000000000
69564  53.397  -1.831  12.947 0.0000000000
70522  53.899  -1.166  13.662 0.0000000000
71396  53.673  -0.923  14.731 0.0000000000
72250  55.313  0.652  17.648 0.0000000000
64576  49.310  -7.265  16.313 0.0000000000
65585  48.618  -6.546  15.005 0.0000000000
65561  50.653  -6.499  16.863 0.0000000000
65559  52.083  -5.621  17.473 0.0000000000
65549  52.435  -6.328  18.145 0.0000000000
63503  50.445  -8.429  21.466 0.0000000000
63514  50.412  -8.483  20.613 0.0000000000
64510  51.961  -8.013  21.402 0.0000000000
58362  39.625  -13.868  23.543 0.0000000000
58297  42.599  -13.633  28.176 0.0000000000
58336  41.959  -13.110  25.845 0.0000000000
131767  44.006  -13.322  27.480 0.0000000000
59310  45.374  -12.728  27.617 0.0000000000
58294  45.271  -13.576  28.918 0.0000000000
49170  39.437  -22.370  29.639 0.0000000000
49153  40.088  -22.302  30.345 0.0000000000
122630  42.752  -20.966  33.566 0.0000000000
52315  41.833  -19.922  31.642 0.0000000000
52299  42.226  -19.591  32.214 0.0000000000
53227  41.798  -17.725  31.565 0.0000000000
134424  42.836  -18.380  32.845 0.0000000000
49057  46.112  -22.201  38.571 0.0000000000
55029  44.153  -16.459  35.779 0.0000000000
55056  43.289  -16.114  34.097 0.0000000000
129676  43.471  -15.796  34.059 0.0000000000
57158  43.313  -14.886  33.196 0.0000000000
57143  44.287  -15.584  34.479 0.0000000000
72364  51.488  0.178  6.242 0.0000000000
72382  52.394  0.495  5.364 0.0000000000
72397  53.558  0.580  4.701 0.0000000000
72361  53.601  0.599  5.975 0.0000000000
128979  54.399  2.801  9.845 0.0000000000
74337  54.837  2.079  8.424 0.0000000000
75283  55.545  3.803  9.755 0.0000000000
76307  56.749  4.689  9.645 0.0000000000
72434  57.979  0.759  1.591 0.0000000000
74387  56.997  2.169  4.875 0.0000000000
75321  58.442  3.852  5.576 0.0000000000
75301  57.450  4.204  7.084 0.0000000000
119716  30.407  -21.779  41.391 0.0000000000
49024  31.889  -22.469  41.805 0.0000000000
50140  31.303  -21.652  43.069 0.0000000000
40397  19.180  -31.218  46.088 0.0000000000
40353  19.647  -30.582  48.325 0.0000000000
39425  18.513  -31.518  47.370 0.0000000000
40355  18.180  -31.218  49.185 0.0000000000
39388  17.301  -31.325  50.614 0.0000000000
69580  47.043  -2.889  11.977 0.0000000000
67562  47.110  -4.144  12.628 0.0000000000
62463  46.515  -9.391  23.669 0.0000000000
63469  47.833  -8.885  24.343 0.0000000000
62439  47.774  -9.181  25.497 0.0000000000
63412  49.716  -8.865  27.203 0.0000000000
34695  12.729  -36.907  45.522 0.0000000000
33723  12.148  -37.564  45.839 0.0000000000
33712  11.707  -38.102  46.587 0.0000000000
59419  41.219  -12.391  17.704 0.0000000000
59381  41.036  -13.047  21.033 0.0000000000
46799  35.401  -24.013  31.018 0.0000000000
46765  35.568  -24.495  32.674 0.0000000000
46732  36.288  -24.819  34.422 0.0000000000
114279  37.561  -25.412  36.149 0.0000000000
49061  26.706  -22.343  38.305 0.0000000000
126672  25.951  -22.483  40.409 0.0000000000
47877  25.655  -23.275  39.189 0.0000000000
46649  25.349  -24.244  38.914 0.0000000000
44347  25.023  -26.025  39.391 0.0000000000
40465  20.343  -30.684  40.781 0.0000000000
132410  20.191  -30.488  39.096 0.0000000000
50255  27.121  -21.634  33.015 0.0000000000
50239  27.503  -22.122  34.467 0.0000000000
50222  27.996  -22.111  35.851 0.0000000000
50224  27.131  -22.296  35.218 0.0000000000
49080  26.792  -22.451  36.531 0.0000000000
116945  24.796  -23.766  47.579 0.0000000000
74315  54.292  2.868  10.548 0.0000000000
74307  55.416  3.337  11.555 0.0000000000
73294  55.203  2.474  11.876 0.0000000000
73287  55.064  1.455  12.181 0.0000000000
72290  55.503  0.809  13.891 0.0000000000
70509  52.786  -1.913  15.558 0.0000000000
70508  53.208  -1.291  15.979 0.0000000000
70486  53.734  -1.488  17.540 0.0000000000
70485  54.409  -0.906  18.214 0.0000000000
65594  46.148  -6.883  14.101 0.0000000000
64595  46.439  -7.607  14.748 0.0000000000
64578  47.986  -7.736  15.744 0.0000000000
64551  49.932  -7.937  18.034 0.0000000000
114126  53.259  -7.575  22.685 0.0000000000
58340  38.611  -13.786  25.354 0.0000000000
119581  40.068  -13.569  25.258 0.0000000000
58313  40.487  -13.455  26.998 0.0000000000
58298  41.528  -13.548  28.341 0.0000000000
114130  42.938  -13.648  29.970 0.0000000000
47950  41.427  -23.756  33.563 0.0000000000
49125  41.320  -22.229  32.246 0.0000000000
47949  42.213  -23.370  33.795 0.0000000000
122500  43.131  -22.131  34.155 0.0000000000
119783  43.908  -21.761  35.250 0.0000000000
72352  48.301  0.038  7.032 0.0000000000
72366  48.598  0.454  6.356 0.0000000000
72351  49.152  -0.150  6.930 0.0000000000
72350  50.747  -0.323  7.395 0.0000000000
134456  51.956  -0.120  7.452 0.0000000000
116255  53.003  0.219  7.158 0.0000000000
72338  52.940  0.282  8.242 0.0000000000
74326  53.614  2.317  9.929 0.0000000000
73428  54.397  1.762  0.077 0.0000000000
72436  55.812  0.752  1.240 0.0000000000
72422  57.044  0.682  2.313 0.0000000000
73385  59.159  1.871  3.206 0.0000000000
73387  56.872  0.993  3.746 0.0000000000
73371  56.509  1.368  4.469 0.0000000000
73355  56.082  1.732  5.200 0.0000000000
46702  32.508  -24.411  36.313 0.0000000000
126143  34.250  -24.935  36.813 0.0000000000
46684  33.619  -24.712  37.436 0.0000000000
46648  34.069  -24.432  39.185 0.0000000000
47864  35.077  -24.491  41.377 0.0000000000
42209  23.376  -28.448  48.125 0.0000000000
43160  23.868  -27.766  49.570 0.0000000000
42200  22.433  -28.710  49.346 0.0000000000
120675  22.139  -28.636  51.270 0.0000000000
41239  19.962  -29.971  50.610 0.0000000000
136075  20.491  -29.535  51.579 0.0000000000
71431  49.966  -0.209  10.890 0.0000000000
71416  52.007  -0.257  11.518 0.0000000000
71418  50.368  -0.471  11.318 0.0000000000
70530  51.300  -1.980  11.886 0.0000000000
69575  51.733  -2.709  12.497 0.0000000000
69578  48.887  -2.683  11.940 0.0000000000
68579  51.188  -3.315  12.823 0.0000000000
69559  51.985  -3.045  14.469 0.0000000000
69551  52.019  -2.978  15.308 0.0000000000
68547  52.568  -3.224  16.896 0.0000000000
67510  53.132  -4.022  17.760 0.0000000000
61569  46.197  -9.860  18.194 0.0000000000
132862  47.346  -9.382  18.749 0.0000000000
62517  47.659  -9.384  19.388 0.0000000000
63505  48.823  -8.980  21.432 0.0000000000
63479  50.343  -8.164  23.232 0.0000000000
63468  48.617  -8.621  24.344 0.0000000000
63466  50.236  -8.059  24.013 0.0000000000
115627  51.533  -7.576  24.318 0.0000000000
121761  39.297  -14.736  30.934 0.0000000000
44372  46.267  -25.939  37.510 0.0000000000
72353  47.476  0.332  7.151 0.0000000000
71463  47.998  -0.244  7.781 0.0000000000
135610  49.456  -0.449  9.291 0.0000000000
76381  52.721  4.008  1.519 0.0000000000
75361  52.146  3.640  2.008 0.0000000000
37584  15.173  -34.115  44.879 0.0000000000
135859  15.781  -33.872  46.858 0.0000000000
36560  14.849  -34.699  46.264 0.0000000000
36537  14.864  -34.896  47.781 0.0000000000
35604  14.418  -35.368  49.253 0.0000000000
34680  13.401  -36.445  47.620 0.0000000000
62558  44.665  -9.826  16.012 0.0000000000
61606  43.346  -10.207  15.724 0.0000000000
61587  44.727  -10.141  16.571 0.0000000000
113996  44.927  -10.569  17.952 0.0000000000
61571  45.010  -10.685  18.950 0.0000000000
61550  44.983  -10.730  20.652 0.0000000000
60487  42.970  -11.776  19.251 0.0000000000
60476  44.252  -11.070  20.985 0.0000000000
61529  45.226  -10.257  22.236 0.0000000000
133311  45.268  -9.876  23.930 0.0000000000
114967  46.151  -9.956  25.821 0.0000000000
61468  46.698  -10.686  27.294 0.0000000000
47997  39.218  -23.215  30.998 0.0000000000
46777  37.225  -24.019  31.955 0.0000000000
47967  38.160  -23.792  32.076 0.0000000000
47966  39.477  -23.589  32.429 0.0000000000
46745  40.785  -24.346  33.792 0.0000000000
118938  42.152  -25.498  35.128 0.0000000000
44374  43.854  -26.764  37.196 0.0000000000
46699  35.470  -25.036  36.270 0.0000000000
121097  36.752  -25.407  36.808 0.0000000000
119175  38.227  -25.812  37.488 0.0000000000
46642  38.619  -26.097  40.298 0.0000000000
45491  39.086  -26.230  39.497 0.0000000000
45515  39.723  -25.900  37.484 0.0000000000
45502  41.115  -26.274  38.239 0.0000000000
44358  42.598  -26.906  38.299 0.0000000000
44356  44.626  -27.205  38.584 0.0000000000
114646  28.929  -20.152  43.995 0.0000000000
51197  27.147  -20.704  43.840 0.0000000000
50120  26.009  -21.174  44.505 0.0000000000
49003  25.275  -21.995  44.325 0.0000000000
49027  25.479  -22.652  41.804 0.0000000000
49014  24.938  -22.705  43.951 0.0000000000
47819  24.763  -23.020  45.486 0.0000000000
130254  24.808  -24.479  46.055 0.0000000000
45399  24.862  -26.158  46.201 0.0000000000
43186  24.663  -27.357  46.610 0.0000000000
44395  24.938  -26.093  36.352 0.0000000000
44382  24.759  -26.771  37.675 0.0000000000
44348  24.877  -26.858  39.621 0.0000000000
124225  23.700  -28.512  37.930 0.0000000000
42307  24.214  -27.999  39.410 0.0000000000
116705  24.673  -27.726  41.632 0.0000000000
43233  24.584  -27.802  42.927 0.0000000000
119269  24.501  -27.864  45.077 0.0000000000
42227  23.853  -28.621  46.366 0.0000000000
42228  22.981  -29.168  46.706 0.0000000000
41298  21.777  -29.825  45.619 0.0000000000
40395  20.428  -30.480  45.350 0.0000000000
40447  20.488  -30.702  41.732 0.0000000000
40430  19.906  -31.009  43.010 0.0000000000
40416  19.192  -31.324  44.279 0.0000000000
119489  18.500  -31.818  44.765 0.0000000000
38557  17.467  -32.640  43.251 0.0000000000
38558  16.793  -33.103  43.440 0.0000000000
37604  15.632  -33.678  43.349 0.0000000000
37605  14.883  -33.995  42.967 0.0000000000
48003  32.815  -23.772  30.048 0.0000000000
46782  32.063  -23.949  31.530 0.0000000000
134184  32.121  -24.295  33.320 0.0000000000
47981  30.495  -23.443  31.664 0.0000000000
47954  30.720  -23.500  33.095 0.0000000000
47953  31.503  -23.980  34.102 0.0000000000
47930  31.328  -23.732  35.842 0.0000000000
47902  30.793  -23.097  37.204 0.0000000000
49059  30.312  -22.443  38.544 0.0000000000
50208  28.574  -22.058  37.123 0.0000000000
49060  29.540  -22.078  38.216 0.0000000000
50172  29.802  -21.706  39.877 0.0000000000
50149  29.622  -21.490  41.217 0.0000000000
51206  29.276  -20.881  42.859 0.0000000000
37548  16.344  -33.251  48.043 0.0000000000
38475  16.202  -32.228  50.620 0.0000000000
74298  56.878  3.652  12.894 0.0000000000
72298  54.028  -0.161  12.142 0.0000000000
71403  54.917  0.005  13.608 0.0000000000
72282  55.257  1.025  15.199 0.0000000000
71388  54.201  -0.040  16.160 0.0000000000
72267  54.893  0.669  16.727 0.0000000000
72275  55.383  1.313  16.369 0.0000000000
67563  46.236  -4.107  12.635 0.0000000000
120715  47.595  -4.931  13.153 0.0000000000
65593  47.455  -6.396  14.149 0.0000000000
65592  48.257  -6.101  14.286 0.0000000000
66563  50.075  -5.332  14.974 0.0000000000
67528  51.113  -5.109  16.017 0.0000000000
67511  52.692  -4.782  17.583 0.0000000000
67498  53.882  -4.734  18.702 0.0000000000
113673  49.246  -8.455  18.699 0.0000000000
63537  50.155  -8.194  18.942 0.0000000000
64549  51.484  -7.541  18.740 0.0000000000
64509  52.854  -7.783  21.134 0.0000000000
64521  52.606  -7.763  20.187 0.0000000000
65539  52.776  -7.034  18.788 0.0000000000
65538  53.534  -6.652  19.067 0.0000000000
66513  54.861  -5.629  19.638 0.0000000000
58387  40.294  -13.525  21.210 0.0000000000
59371  41.627  -12.623  22.766 0.0000000000
116184  40.759  -13.405  24.905 0.0000000000
59345  42.181  -12.668  24.612 0.0000000000
60436  42.547  -12.092  24.007 0.0000000000
60407  44.529  -11.657  26.103 0.0000000000
60394  45.672  -11.886  27.297 0.0000000000
60385  47.081  -11.571  28.415 0.0000000000
50286  41.168  -21.150  30.912 0.0000000000
54173  40.700  -17.490  29.794 0.0000000000
134133  40.496  -16.382  30.510 0.0000000000
56206  40.246  -15.110  31.819 0.0000000000
47899  46.036  -23.872  37.256 0.0000000000
50204  44.646  -21.772  36.471 0.0000000000
51282  43.816  -20.130  35.726 0.0000000000
52257  43.877  -19.355  36.028 0.0000000000
117798  43.601  -18.478  34.812 0.0000000000
54119  43.218  -17.029  33.714 0.0000000000
56198  41.608  -15.277  32.729 0.0000000000
57173  40.803  -14.144  32.524 0.0000000000
58246  41.545  -13.807  32.577 0.0000000000
116879  42.922  -13.734  31.835 0.0000000000
58256  44.591  -14.226  31.517 0.0000000000
56189  45.909  -15.579  34.197 0.0000000000
57170  45.433  -15.079  32.568 0.0000000000
57190  45.932  -14.006  30.461 0.0000000000
58268  46.766  -13.790  30.523 0.0000000000
75362  51.604  3.368  2.453 0.0000000000
73389  52.500  0.969  3.111 0.0000000000
118273  53.979  0.616  4.017 0.0000000000
72396  54.457  0.678  4.869 0.0000000000
73356  55.439  1.671  5.807 0.0000000000
130850  54.405  1.219  7.043 0.0000000000
74345  55.665  2.675  7.390 0.0000000000
74344  56.146  3.087  7.007 0.0000000000
76321  57.283  4.457  8.075 0.0000000000
51195  29.646  -20.308  44.208 0.0000000000
51183  30.194  -20.283  45.119 0.0000000000
38533  16.948  -32.829  45.942 0.0000000000
37582  16.442  -33.259  45.830 0.0000000000
61467  47.415  -10.422  27.612 0.0000000000
62412  47.885  -9.846  27.143 0.0000000000
46735  33.228  -24.714  34.027 0.0000000000
114162  33.963  -24.794  34.184 0.0000000000
116221  33.317  -24.767  34.797 0.0000000000
47932  25.757  -23.979  35.009 0.0000000000
46720  25.421  -24.693  35.493 0.0000000000
47943  25.719  -24.136  33.926 0.0000000000
128611  24.728  -26.741  48.660 0.0000000000
73306  51.788  1.053  10.745 0.0000000000
73297  52.144  1.208  11.076 0.0000000000
73298  51.760  0.839  11.069 0.0000000000
68537  53.960  -3.164  18.647 0.0000000000
69517  54.403  -2.345  18.866 0.0000000000
68529  54.652  -3.037  19.344 0.0000000000
62556  46.306  -9.323  16.825 0.0000000000
57197  38.870  -13.988  30.650 0.0000000000
58287  38.890  -13.828  30.301 0.0000000000
58286  39.845  -13.614  30.300 0.0000000000
58273  39.253  -13.824  30.829 0.0000000000
44390  44.446  -26.428  36.695 0.0000000000
45538  44.709  -25.263  35.873 0.0000000000
135933  45.646  -26.104  37.030 0.0000000000
134250  51.106  0.599  10.233 0.0000000000
72330  51.654  1.004  10.223 0.0000000000
117301  53.106  1.764  1.212 0.0000000000
73414  52.805  1.499  1.897 0.0000000000
72425  53.782  0.707  2.523 0.0000000000
49049  31.360  -22.994  39.375 0.0000000000
47876  32.010  -23.421  39.240 0.0000000000
49048  31.951  -23.119  39.976 0.0000000000
41279  20.935  -30.082  47.647 0.0000000000
41280  20.253  -30.279  47.935 0.0000000000
70538  48.547  -1.155  11.087 0.0000000000
118513  47.836  -1.594  11.295 0.0000000000
68581  48.882  -4.103  12.776 0.0000000000
124804  49.706  -4.041  12.985 0.0000000000
67540  49.712  -4.976  14.211 0.0000000000
62490  46.672  -9.773  21.451 0.0000000000
116401  47.146  -9.379  22.105 0.0000000000
35637  13.694  -35.706  45.244 0.0000000000
60537  41.348  -11.100  15.960 0.0000000000
60522  41.620  -11.539  16.530 0.0000000000
60508  41.844  -11.913  17.189 0.0000000000
128456  42.943  -11.621  21.668 0.0000000000
60461  42.646  -11.742  22.273 0.0000000000
120018  43.052  -11.423  22.881 0.0000000000
46715  38.022  -25.111  35.305 0.0000000000
46730  38.380  -24.844  34.433 0.0000000000
45543  39.868  -25.482  35.587 0.0000000000
45529  39.760  -25.727  36.435 0.0000000000
46629  35.704  -24.998  40.793 0.0000000000
46645  36.431  -25.240  40.175 0.0000000000
124666  37.270  -25.525  40.596 0.0000000000
115936  27.262  -21.489  40.883 0.0000000000
50151  26.800  -21.535  41.689 0.0000000000
49040  26.508  -21.922  40.863 0.0000000000
45481  25.085  -25.477  40.704 0.0000000000
45465  25.055  -25.399  41.614 0.0000000000
45451  25.020  -25.742  42.482 0.0000000000
123264  25.001  -26.288  41.959 0.0000000000
126496  22.026  -29.783  40.009 0.0000000000
41362  22.362  -29.598  40.604 0.0000000000
41348  22.402  -29.583  41.344 0.0000000000
41334  22.525  -29.473  42.250 0.0000000000
41335  21.794  -29.898  42.615 0.0000000000
118312  21.785  -29.939  41.758 0.0000000000
118087  28.091  -21.411  33.195 0.0000000000
49119  28.777  -21.888  33.651 0.0000000000
49118  29.436  -22.318  33.246 0.0000000000
49110  28.694  -22.006  34.461 0.0000000000
119256  29.398  -22.406  34.740 0.0000000000
50163  27.176  -21.668  39.546 0.0000000000
50175  27.632  -21.604  39.036 0.0000000000
133817  27.372  -21.523  40.140 0.0000000000
50162  27.757  -21.374  40.494 0.0000000000
50108  25.087  -21.599  46.439 0.0000000000
36522  14.448  -34.695  50.944 0.0000000000
36521  14.998  -33.992  50.179 0.0000000000
75274  55.603  3.985  10.629 0.0000000000
76281  56.592  4.528  11.557 0.0000000000
75267  55.882  4.024  11.379 0.0000000000
73262  55.887  1.984  15.991 0.0000000000
134308  53.028  -2.275  13.337 0.0000000000
70523  53.203  -1.772  14.129 0.0000000000
64560  50.496  -7.225  17.488 0.0000000000
65562  49.996  -6.915  16.626 0.0000000000
123152  51.083  -6.687  17.441 0.0000000000
65560  51.704  -6.492  17.737 0.0000000000
64548  51.953  -6.994  18.387 0.0000000000
63491  51.144  -8.180  21.913 0.0000000000
64498  51.811  -7.906  22.466 0.0000000000
58363  38.883  -14.154  23.687 0.0000000000
58296  43.575  -13.670  28.504 0.0000000000
58310  43.502  -13.507  27.697 0.0000000000
58295  44.421  -13.680  28.733 0.0000000000
58308  44.971  -13.367  28.113 0.0000000000
49136  39.776  -22.820  30.875 0.0000000000
49135  40.358  -22.536  31.195 0.0000000000
51313  42.866  -20.292  33.549 0.0000000000
52286  42.635  -19.734  32.888 0.0000000000
124811  42.538  -18.835  32.454 0.0000000000
53216  42.948  -18.840  33.144 0.0000000000
54089  44.522  -17.083  36.333 0.0000000000
123541  43.949  -16.087  35.337 0.0000000000
56168  44.009  -15.901  35.180 0.0000000000
57133  44.183  -15.717  34.869 0.0000000000
56167  44.496  -15.914  35.575 0.0000000000
72384  50.703  0.585  5.429 0.0000000000
72383  51.615  0.515  5.416 0.0000000000
72400  51.177  0.739  4.852 0.0000000000
72362  52.911  0.405  6.142 0.0000000000
75284  54.973  3.423  10.214 0.0000000000
76308  56.106  4.374  10.168 0.0000000000
72433  59.259  1.167  0.644 0.0000000000
73399  59.901  1.732  2.449 0.0000000000
74368  57.610  2.963  5.235 0.0000000000
75322  57.229  3.308  5.916 0.0000000000
75310  57.821  3.979  6.363 0.0000000000
50147  31.192  -22.034  42.087 0.0000000000
113838  30.537  -21.551  42.389 0.0000000000
39438  18.486  -31.638  46.435 0.0000000000
40384  19.132  -31.162  46.968 0.0000000000
38499  17.426  -32.300  47.802 0.0000000000
39414  17.641  -31.900  48.571 0.0000000000
39402  17.493  -31.593  49.621 0.0000000000
39389  16.803  -31.877  50.093 0.0000000000
69581  46.153  -3.015  11.964 0.0000000000
68594  46.631  -3.492  12.315 0.0000000000
62452  46.642  -9.367  24.558 0.0000000000
62451  47.364  -9.070  24.819 0.0000000000
33736  12.219  -37.287  44.966 0.0000000000
33724  11.565  -38.223  45.748 0.0000000000
32776  11.160  -38.768  47.320 0.0000000000
117218  33.975  -24.063  30.981 0.0000000000
46779  34.619  -24.257  31.467 0.0000000000
134038  34.309  -24.458  32.035 0.0000000000
46733  35.555  -24.862  34.653 0.0000000000
114163  35.601  -24.757  34.100 0.0000000000
114642  36.688  -24.977  35.112 0.0000000000
46697  36.703  -25.185  35.828 0.0000000000
49071  26.122  -22.777  38.016 0.0000000000
49062  26.088  -22.714  38.748 0.0000000000
47887  25.646  -23.445  38.254 0.0000000000
46667  25.297  -24.377  37.994 0.0000000000
45506  25.139  -25.112  38.423 0.0000000000
45495  25.154  -25.187  39.188 0.0000000000
135889  25.028  -25.784  38.749 0.0000000000
49120  26.604  -22.308  33.342 0.0000000000
49129  26.548  -22.037  32.480 0.0000000000
50240  27.177  -22.056  33.824 0.0000000000
132463  27.064  -22.222  34.543 0.0000000000
47917  26.138  -22.952  36.491 0.0000000000
49070  26.569  -22.521  37.357 0.0000000000
46550  24.790  -24.128  46.782 0.0000000000
46535  24.827  -24.225  48.263 0.0000000000
74316  53.417  2.301  10.705 0.0000000000
74308  54.461  2.831  11.199 0.0000000000
130087  53.599  2.205  11.172 0.0000000000
72306  54.258  0.943  11.841 0.0000000000
113744  55.570  1.030  12.869 0.0000000000
72296  55.226  0.361  13.049 0.0000000000
70502  52.922  -1.910  16.256 0.0000000000
69543  53.188  -2.011  17.032 0.0000000000
127452  44.712  -7.681  14.336 0.0000000000
64596  45.554  -7.627  14.485 0.0000000000
63585  45.815  -8.240  15.003 0.0000000000
134026  47.449  -8.556  16.544 0.0000000000
63558  47.419  -8.202  15.866 0.0000000000
63557  48.129  -8.145  16.460 0.0000000000
64562  48.920  -7.875  16.764 0.0000000000
63545  49.121  -8.165  17.651 0.0000000000
58326  38.364  -13.536  26.278 0.0000000000
116078  38.874  -13.432  26.863 0.0000000000
114451  39.795  -13.394  26.526 0.0000000000
116080  40.932  -13.525  29.305 0.0000000000
58284  41.967  -13.533  28.994 0.0000000000
130762  42.093  -13.540  29.699 0.0000000000
47938  41.986  -24.068  34.003 0.0000000000
120513  41.799  -22.981  33.346 0.0000000000
47937  42.730  -23.980  34.282 0.0000000000
47928  44.126  -23.515  35.231 0.0000000000
47929  43.486  -23.299  34.673 0.0000000000
49093  43.985  -22.553  35.188 0.0000000000
50236  43.439  -21.414  34.624 0.0000000000
71462  48.913  -0.347  7.745 0.0000000000
71461  49.793  -0.376  7.637 0.0000000000
125444  51.363  -0.287  8.429 0.0000000000
74327  52.957  1.973  10.154 0.0000000000
72437  54.775  0.756  1.595 0.0000000000
72455  54.905  1.055  0.631 0.0000000000
124180  56.263  0.640  2.066 0.0000000000
72435  56.916  0.715  1.365 0.0000000000
72409  57.194  0.774  3.084 0.0000000000
72410  56.272  0.619  2.976 0.0000000000
72412  54.350  0.609  3.279 0.0000000000
73388  55.947  0.756  3.899 0.0000000000
73372  55.779  1.037  4.607 0.0000000000
46685  32.792  -24.409  37.206 0.0000000000
47874  33.512  -23.985  39.761 0.0000000000
47873  34.228  -24.289  40.052 0.0000000000
46630  34.949  -24.618  40.424 0.0000000000
47865  34.347  -24.176  40.982 0.0000000000
42219  22.795  -29.063  47.603 0.0000000000
43171  23.203  -28.322  49.000 0.0000000000
42210  22.602  -28.859  48.458 0.0000000000
42201  21.726  -29.047  49.702 0.0000000000
42192  21.586  -28.997  50.683 0.0000000000
42182  21.530  -28.996  51.690 0.0000000000
40340  19.593  -30.471  49.237 0.0000000000
129877  19.581  -30.290  50.044 0.0000000000
71419  49.752  -0.690  11.255 0.0000000000
69591  50.485  -1.762  11.712 0.0000000000
69576  50.710  -2.676  12.096 0.0000000000
69594  47.427  -2.250  11.670 0.0000000000
128366  48.248  -2.115  11.692 0.0000000000
68580  50.544  -3.794  13.240 0.0000000000
68590  50.472  -3.330  12.526 0.0000000000
68572  51.477  -3.503  14.766 0.0000000000
68560  51.797  -3.876  16.039 0.0000000000
68566  52.129  -3.141  16.114 0.0000000000
68546  52.954  -3.401  17.441 0.0000000000
123990  52.586  -3.978  17.208 0.0000000000
61558  46.310  -9.920  18.968 0.0000000000
62518  46.943  -9.642  19.194 0.0000000000
135835  47.100  -9.714  19.817 0.0000000000
62488  47.990  -9.103  21.760 0.0000000000
62502  48.208  -9.279  20.859 0.0000000000
124546  49.318  -8.676  21.910 0.0000000000
63493  49.582  -8.425  22.695 0.0000000000
63482  47.955  -8.791  23.545 0.0000000000
64456  50.035  -8.152  24.834 0.0000000000
64473  50.912  -7.832  24.522 0.0000000000
114524  52.125  -7.414  24.482 0.0000000000
116183  38.930  -15.406  29.187 0.0000000000
56221  38.668  -14.489  30.150 0.0000000000
55122  39.515  -15.540  29.968 0.0000000000
72342  47.040  -0.036  7.751 0.0000000000
71454  47.611  -0.476  8.535 0.0000000000
71433  48.523  -0.806  10.374 0.0000000000
71442  48.983  -0.519  9.755 0.0000000000
72320  49.869  -0.152  10.088 0.0000000000
119039  15.181  -34.240  45.654 0.0000000000
120845  14.709  -34.664  45.320 0.0000000000
35622  14.290  -35.350  46.633 0.0000000000
36550  14.730  -34.946  47.052 0.0000000000
35612  14.370  -35.421  47.473 0.0000000000
35608  14.439  -35.415  48.326 0.0000000000
35605  13.883  -35.892  48.882 0.0000000000
122200  12.773  -36.981  46.381 0.0000000000
34685  12.857  -36.947  47.266 0.0000000000
62574  44.498  -9.309  15.412 0.0000000000
62575  43.648  -9.569  15.293 0.0000000000
61589  43.017  -10.833  16.338 0.0000000000
61607  42.510  -10.468  15.668 0.0000000000
61588  43.989  -10.379  16.301 0.0000000000
61579  44.443  -10.555  17.045 0.0000000000
60505  44.276  -11.044  18.386 0.0000000000
125756  45.488  -10.510  20.195 0.0000000000
59404  41.437  -12.545  18.535 0.0000000000
59403  42.221  -12.143  18.852 0.0000000000
60468  43.553  -11.352  21.363 0.0000000000
60477  43.645  -11.393  20.569 0.0000000000
60459  44.104  -10.941  21.849 0.0000000000
61539  44.707  -10.761  21.339 0.0000000000
128870  44.783  -10.588  21.854 0.0000000000
61519  45.017  -10.148  23.173 0.0000000000
61500  44.563  -10.570  24.920 0.0000000000
61511  45.263  -9.959  24.620 0.0000000000
61499  45.408  -10.248  25.392 0.0000000000
61481  46.370  -10.331  26.572 0.0000000000
61482  45.643  -10.619  26.194 0.0000000000
134042  37.590  -23.403  29.818 0.0000000000
47998  38.684  -23.252  30.404 0.0000000000
124156  38.115  -23.473  30.604 0.0000000000
134964  36.040  -24.294  32.071 0.0000000000
129762  36.065  -24.075  31.427 0.0000000000
46764  36.549  -24.135  31.841 0.0000000000
46747  38.738  -24.519  33.637 0.0000000000
130222  38.354  -24.134  32.974 0.0000000000
46762  39.103  -23.981  33.059 0.0000000000
135988  38.819  -23.774  32.481 0.0000000000
47952  39.847  -23.844  33.063 0.0000000000
123036  40.197  -24.227  33.526 0.0000000000
113879  40.105  -24.679  34.035 0.0000000000
45527  41.474  -25.937  36.301 0.0000000000
45541  41.479  -25.680  35.471 0.0000000000
121803  42.369  -25.893  35.778 0.0000000000
44392  42.896  -26.235  36.363 0.0000000000
44375  42.915  -26.648  37.203 0.0000000000
129845  34.805  -24.981  36.334 0.0000000000
46682  35.069  -25.072  37.106 0.0000000000
46661  36.928  -25.397  38.532 0.0000000000
46681  36.397  -25.312  37.727 0.0000000000
46680  37.071  -25.514  37.675 0.0000000000
46696  37.572  -25.656  37.159 0.0000000000
135882  38.225  -25.899  38.237 0.0000000000
45490  40.178  -26.634  40.061 0.0000000000
121351  39.995  -26.358  39.339 0.0000000000
45504  39.430  -26.112  38.562 0.0000000000
45503  40.275  -26.135  38.337 0.0000000000
136060  40.681  -26.379  38.908 0.0000000000
44340  42.309  -27.170  39.242 0.0000000000
44339  43.421  -27.300  38.898 0.0000000000
51196  28.080  -20.398  43.660 0.0000000000
129586  27.370  -20.804  43.102 0.0000000000
50143  25.942  -21.591  43.257 0.0000000000
50133  26.350  -21.151  43.900 0.0000000000
50134  25.734  -21.594  44.005 0.0000000000
50121  25.614  -21.503  44.629 0.0000000000
47868  25.622  -23.184  40.025 0.0000000000
49041  25.844  -22.389  41.155 0.0000000000
117103  25.497  -23.121  40.967 0.0000000000
47842  24.899  -23.297  43.281 0.0000000000
114570  24.823  -23.555  43.985 0.0000000000
47830  24.820  -23.321  44.683 0.0000000000
125224  24.797  -23.949  45.364 0.0000000000
46574  24.841  -24.368  44.501 0.0000000000
124715  24.923  -25.849  45.457 0.0000000000
44265  24.872  -26.678  45.600 0.0000000000
44259  24.811  -26.852  46.237 0.0000000000
43296  24.476  -27.555  37.213 0.0000000000
44396  24.732  -26.836  36.780 0.0000000000
43283  24.517  -27.501  38.127 0.0000000000
44365  24.851  -26.648  38.667 0.0000000000
43272  24.565  -27.482  39.050 0.0000000000
41443  22.945  -29.029  36.904 0.0000000000
41418  23.133  -28.900  37.740 0.0000000000
42308  23.730  -28.523  39.316 0.0000000000
42295  24.066  -28.233  40.217 0.0000000000
43250  24.603  -27.716  40.809 0.0000000000
42284  24.165  -28.240  41.218 0.0000000000
136159  24.767  -27.536  42.365 0.0000000000
42273  24.258  -28.271  42.175 0.0000000000
42245  23.546  -28.835  44.222 0.0000000000
42235  23.866  -28.707  45.109 0.0000000000
43194  24.273  -28.238  45.732 0.0000000000
134938  23.812  -28.725  45.747 0.0000000000
42236  23.135  -29.081  45.744 0.0000000000
41307  21.843  -29.803  44.754 0.0000000000
41308  21.136  -30.164  45.016 0.0000000000
41299  21.103  -30.224  45.936 0.0000000000
40405  20.475  -30.478  44.421 0.0000000000
129856  18.916  -31.764  41.964 0.0000000000
118786  19.343  -31.397  42.544 0.0000000000
40431  19.266  -31.365  43.374 0.0000000000
40415  19.836  -30.903  43.884 0.0000000000
40407  19.183  -31.259  45.199 0.0000000000
39473  18.646  -31.821  43.709 0.0000000000
39487  17.537  -32.476  42.351 0.0000000000
39474  17.938  -32.262  43.974 0.0000000000
117178  17.276  -32.751  44.158 0.0000000000
37615  15.432  -33.579  42.389 0.0000000000
48004  31.462  -23.735  30.735 0.0000000000
121293  32.360  -24.177  32.217 0.0000000000
46769  31.713  -23.985  32.302 0.0000000000
128754  29.244  -22.457  31.150 0.0000000000
116815  29.384  -22.584  30.225 0.0000000000
47941  30.401  -23.229  33.812 0.0000000000
47969  30.279  -23.225  32.430 0.0000000000
128657  31.018  -23.668  33.698 0.0000000000
47939  31.398  -23.895  34.955 0.0000000000
49078  29.921  -22.756  36.117 0.0000000000
47916  30.686  -23.205  36.350 0.0000000000
47886  30.903  -22.973  38.056 0.0000000000
117021  30.178  -22.576  37.730 0.0000000000
134227  27.726  -22.269  36.169 0.0000000000
50209  27.939  -22.143  36.712 0.0000000000
50198  28.709  -21.868  37.950 0.0000000000
50186  28.965  -21.647  38.629 0.0000000000
50185  29.694  -21.875  39.005 0.0000000000
131720  29.908  -21.664  40.637 0.0000000000
50160  29.262  -21.465  40.369 0.0000000000
51215  28.166  -21.118  41.748 0.0000000000
133384  28.674  -21.202  41.645 0.0000000000
121636  28.689  -20.982  42.334 0.0000000000
51207  28.710  -20.604  43.155 0.0000000000
51174  27.605  -20.083  45.745 0.0000000000
43151  23.609  -27.688  50.763 0.0000000000
43150  24.391  -27.125  50.093 0.0000000000
37561  15.818  -33.851  47.566 0.0000000000
37549  15.797  -33.810  48.325 0.0000000000
37532  15.331  -33.336  50.737 0.0000000000
38476  15.843  -32.832  50.185 0.0000000000
113893  15.604  -32.644  51.210 0.0000000000
38469  15.922  -31.939  51.676 0.0000000000
39372  15.826  -31.864  52.885 0.0000000000
75257  56.104  3.686  11.999 0.0000000000
74277  57.236  2.935  15.599 0.0000000000
71415  52.953  -0.236  11.718 0.0000000000
71411  53.385  -1.085  12.263 0.0000000000
71404  54.359  -0.451  14.166 0.0000000000
132615  54.435  -0.615  13.329 0.0000000000
72283  54.850  0.275  14.528 0.0000000000
134684  54.708  0.439  15.199 0.0000000000
71381  53.747  -0.676  16.473 0.0000000000
72266  55.753  1.364  17.347 0.0000000000
73235  56.736  1.630  17.674 0.0000000000
67548  45.887  -4.764  12.925 0.0000000000
67564  45.392  -4.151  12.672 0.0000000000
128068  46.672  -4.793  12.942 0.0000000000
64594  47.032  -6.959  14.490 0.0000000000
117073  46.828  -6.495  14.000 0.0000000000
65586  47.848  -6.802  14.739 0.0000000000
65584  49.222  -6.398  15.333 0.0000000000
66557  49.172  -5.807  14.664 0.0000000000
66555  50.465  -5.583  15.723 0.0000000000
67499  53.299  -4.745  18.157 0.0000000000
66522  53.452  -5.375  18.487 0.0000000000
62530  48.432  -8.957  19.066 0.0000000000
62531  47.863  -9.123  18.656 0.0000000000
63513  51.096  -8.197  20.098 0.0000000000
63525  50.348  -8.376  19.754 0.0000000000
64536  50.970  -8.046  19.225 0.0000000000
64535  51.807  -7.811  19.573 0.0000000000
64519  54.378  -7.458  20.809 0.0000000000
64520  53.509  -7.587  20.494 0.0000000000
64534  52.526  -7.513  19.420 0.0000000000
64533  53.357  -7.340  19.625 0.0000000000
65537  54.292  -6.715  19.624 0.0000000000
58377  39.906  -13.768  22.664 0.0000000000
58376  40.446  -13.467  22.118 0.0000000000
128442  40.883  -13.165  21.732 0.0000000000
59357  41.051  -13.112  23.215 0.0000000000
58338  40.649  -13.376  25.656 0.0000000000
58337  41.320  -13.240  25.420 0.0000000000
59323  42.849  -12.996  26.223 0.0000000000
59333  41.883  -12.979  25.176 0.0000000000
59332  42.516  -12.771  25.349 0.0000000000
59344  42.862  -12.184  24.814 0.0000000000
60420  43.519  -11.699  25.121 0.0000000000
59330  43.882  -12.013  25.821 0.0000000000
59320  44.958  -12.231  26.985 0.0000000000
59309  46.083  -12.398  27.975 0.0000000000
60393  46.460  -11.516  27.729 0.0000000000
135032  46.647  -12.151  28.307 0.0000000000
49117  41.835  -22.257  32.988 0.0000000000
50271  41.321  -21.632  31.593 0.0000000000
125290  41.482  -19.359  30.938 0.0000000000
52333  41.403  -20.316  30.956 0.0000000000
127291  40.983  -19.222  30.165 0.0000000000
53248  40.821  -18.417  29.789 0.0000000000
54159  41.058  -17.816  30.293 0.0000000000
54132  42.154  -17.319  32.174 0.0000000000
54145  41.491  -16.831  31.521 0.0000000000
55096  40.643  -16.019  31.157 0.0000000000
56205  41.157  -15.717  32.028 0.0000000000
46677  46.739  -25.194  38.040 0.0000000000
46678  46.291  -24.930  37.245 0.0000000000
47898  46.577  -24.184  37.950 0.0000000000
135966  45.572  -21.823  38.039 0.0000000000
49067  45.131  -21.857  37.364 0.0000000000
118616  44.424  -21.082  36.607 0.0000000000
51268  44.467  -20.510  36.915 0.0000000000
127634  44.198  -17.820  36.350 0.0000000000
52256  44.229  -19.201  36.707 0.0000000000
53182  43.992  -18.588  36.231 0.0000000000
123760  43.782  -18.766  35.596 0.0000000000
54107  43.421  -17.668  34.177 0.0000000000
56190  42.787  -15.560  33.359 0.0000000000
56191  42.173  -14.985  32.934 0.0000000000
121412  41.430  -14.512  32.890 0.0000000000
58247  40.926  -13.895  32.513 0.0000000000
58235  42.010  -13.946  33.072 0.0000000000
58232  43.579  -14.468  32.917 0.0000000000
58244  43.256  -13.931  32.567 0.0000000000
58243  44.097  -14.157  32.299 0.0000000000
58257  43.827  -13.890  31.476 0.0000000000
56166  45.506  -15.754  35.763 0.0000000000
56178  46.239  -15.674  35.262 0.0000000000
57155  46.847  -15.242  33.460 0.0000000000
57169  46.546  -14.856  32.467 0.0000000000
130076  45.905  -14.664  31.816 0.0000000000
57181  46.348  -14.238  31.124 0.0000000000
58254  47.101  -14.038  31.198 0.0000000000
72386  48.914  0.861  5.703 0.0000000000
131515  51.551  1.519  3.182 0.0000000000
72414  53.036  0.649  3.900 0.0000000000
72380  53.991  0.649  5.467 0.0000000000
73357  54.763  1.020  5.668 0.0000000000
73332  53.803  0.793  7.785 0.0000000000
73331  54.510  1.461  7.849 0.0000000000
74336  55.458  2.695  8.218 0.0000000000
75303  56.016  3.234  7.902 0.0000000000
75302  56.657  3.715  7.510 0.0000000000
76306  57.606  5.367  9.865 0.0000000000
73427  55.988  1.588  -0.697 0.0000000000
73426  56.699  1.349  -0.435 0.0000000000
74400  58.480  2.167  3.858 0.0000000000
118429  30.422  -20.683  44.237 0.0000000000
38532  17.474  -32.481  45.755 0.0000000000
39439  17.837  -32.157  46.412 0.0000000000
38521  17.245  -32.591  46.504 0.0000000000
38511  16.948  -32.781  47.318 0.0000000000
38500  16.966  -32.536  48.293 0.0000000000
62425  46.813  -9.851  26.187 0.0000000000
62424  47.570  -9.538  26.266 0.0000000000
46768  33.049  -24.486  32.583 0.0000000000
46767  34.093  -24.601  32.641 0.0000000000
46734  34.893  -24.830  34.297 0.0000000000
115013  35.128  -24.926  35.003 0.0000000000
117943  25.620  -23.791  36.842 0.0000000000
124371  25.515  -23.850  37.547 0.0000000000
46704  25.395  -24.591  36.378 0.0000000000
45531  25.170  -25.309  36.787 0.0000000000
47956  26.081  -23.126  33.633 0.0000000000
124351  26.639  -22.552  34.981 0.0000000000
45393  24.847  -25.777  47.670 0.0000000000
116291  24.823  -25.085  48.216 0.0000000000
45386  24.835  -25.855  48.672 0.0000000000
45382  24.884  -25.471  49.773 0.0000000000
44230  24.746  -26.207  50.449 0.0000000000
74309  52.755  1.776  11.031 0.0000000000
115487  52.622  1.230  11.308 0.0000000000
72307  53.185  0.695  11.608 0.0000000000
69528  53.122  -2.720  17.397 0.0000000000
137192  53.527  -2.127  17.683 0.0000000000
63574  45.209  -8.774  15.240 0.0000000000
63573  45.930  -8.764  15.600 0.0000000000
63547  47.836  -8.650  17.241 0.0000000000
58315  38.168  -13.498  28.025 0.0000000000
119181  38.947  -13.517  28.526 0.0000000000
116079  40.041  -13.466  27.977 0.0000000000
117484  39.715  -13.571  29.483 0.0000000000
58285  41.044  -13.546  30.264 0.0000000000
45540  42.954  -25.360  35.095 0.0000000000
45539  43.910  -25.291  35.437 0.0000000000
46711  44.370  -24.506  35.472 0.0000000000
46694  45.076  -24.507  36.028 0.0000000000
72332  50.178  -0.289  9.264 0.0000000000
72340  50.966  -0.154  9.206 0.0000000000
134595  51.586  0.081  9.209 0.0000000000
72329  51.919  0.729  9.579 0.0000000000
72424  54.624  0.635  2.484 0.0000000000
47901  31.468  -23.539  37.559 0.0000000000
47900  32.223  -23.945  37.869 0.0000000000
47884  32.459  -23.839  38.725 0.0000000000
47875  32.687  -23.649  39.639 0.0000000000
47867  33.098  -23.652  40.313 0.0000000000
41278  21.585  -29.711  47.347 0.0000000000
41265  21.420  -29.602  48.185 0.0000000000
42212  21.210  -29.519  49.143 0.0000000000
41253  20.769  -29.667  49.719 0.0000000000
41240  19.244  -30.201  50.772 0.0000000000
71420  49.229  -0.703  10.976 0.0000000000
70537  49.236  -1.274  11.405 0.0000000000
68591  49.272  -3.482  12.423 0.0000000000
68573  50.853  -3.969  14.230 0.0000000000
67538  51.062  -4.089  15.026 0.0000000000
67533  51.325  -4.315  15.700 0.0000000000
62504  46.774  -9.857  20.532 0.0000000000
63452  49.476  -8.457  25.390 0.0000000000
36570  14.120  -35.097  44.891 0.0000000000
35613  13.830  -35.906  47.101 0.0000000000
122509  42.141  -11.038  16.121 0.0000000000
60520  43.029  -11.235  17.032 0.0000000000
60498  43.621  -11.437  18.781 0.0000000000
131597  41.821  -12.380  20.137 0.0000000000
59395  42.336  -12.065  19.722 0.0000000000
59388  42.313  -12.012  20.583 0.0000000000
60460  43.746  -10.968  22.714 0.0000000000
61520  44.198  -10.611  23.374 0.0000000000
60434  43.985  -10.814  24.184 0.0000000000
48000  36.740  -23.685  30.370 0.0000000000
46748  36.945  -24.625  33.595 0.0000000000
46763  37.522  -24.285  32.815 0.0000000000
46729  39.281  -24.815  34.255 0.0000000000
46713  39.954  -25.075  34.784 0.0000000000
128652  40.624  -25.770  36.026 0.0000000000
45528  40.874  -25.898  36.748 0.0000000000
116672  35.470  -24.962  38.997 0.0000000000
46663  35.382  -25.008  38.355 0.0000000000
116737  36.276  -25.147  39.244 0.0000000000
45475  39.996  -26.882  40.903 0.0000000000
50141  27.072  -21.108  42.419 0.0000000000
50142  26.310  -21.561  42.472 0.0000000000
131347  25.215  -23.893  41.180 0.0000000000
46613  25.061  -24.349  41.743 0.0000000000
46599  25.022  -24.879  42.293 0.0000000000
122113  24.907  -25.187  43.886 0.0000000000
44286  24.991  -26.083  43.380 0.0000000000
44274  24.946  -26.634  44.019 0.0000000000
42349  24.079  -28.174  36.767 0.0000000000
120119  22.389  -29.480  39.075 0.0000000000
41397  22.738  -29.228  38.377 0.0000000000
41379  22.634  -29.376  39.897 0.0000000000
42297  22.965  -29.100  40.860 0.0000000000
42285  23.597  -28.746  41.536 0.0000000000
42275  23.368  -28.881  42.398 0.0000000000
135062  22.864  -29.141  42.778 0.0000000000
42246  22.720  -29.210  44.027 0.0000000000
133548  22.366  -29.437  44.586 0.0000000000
41321  21.718  -29.870  43.350 0.0000000000
117032  21.130  -30.192  43.022 0.0000000000
39486  18.246  -32.148  42.156 0.0000000000
48005  30.719  -23.441  30.312 0.0000000000
120788  30.767  -23.566  31.025 0.0000000000
49128  28.228  -21.308  32.238 0.0000000000
49137  29.083  -22.150  31.999 0.0000000000
49108  30.125  -22.942  34.596 0.0000000000
49094  29.695  -22.618  35.363 0.0000000000
124221  29.239  -22.332  35.976 0.0000000000
50199  28.028  -21.887  37.655 0.0000000000
50188  27.658  -21.892  38.206 0.0000000000
50174  28.104  -21.403  39.366 0.0000000000
50161  28.389  -21.351  40.179 0.0000000000
124257  27.792  -21.289  41.179 0.0000000000
36527  15.427  -34.142  49.066 0.0000000000
73285  56.554  2.670  13.352 0.0000000000
130733  57.171  2.752  16.259 0.0000000000
74252  57.572  2.346  16.669 0.0000000000
70529  52.741  -1.725  12.306 0.0000000000
71362  54.837  -0.086  17.961 0.0000000000
66572  45.672  -5.454  13.322 0.0000000000
65578  48.943  -6.938  15.636 0.0000000000
65577  49.585  -6.639  15.907 0.0000000000
65576  50.221  -6.256  16.159 0.0000000000
66549  50.850  -5.809  16.440 0.0000000000
66533  51.312  -6.084  17.092 0.0000000000
63504  49.672  -8.730  21.143 0.0000000000
63515  49.709  -8.668  20.208 0.0000000000
63502  51.162  -8.288  20.988 0.0000000000
65529  54.849  -7.071  20.351 0.0000000000
57268  39.067  -14.161  22.838 0.0000000000
58361  40.391  -13.562  23.450 0.0000000000
58323  42.018  -13.369  26.650 0.0000000000
58322  42.788  -13.435  27.176 0.0000000000
59311  43.687  -13.078  26.918 0.0000000000
59321  44.302  -12.413  26.521 0.0000000000
116746  44.534  -13.004  27.335 0.0000000000
59302  45.749  -13.106  28.355 0.0000000000
50252  42.384  -21.530  33.282 0.0000000000
51342  41.659  -20.806  31.639 0.0000000000
51329  42.126  -20.353  32.318 0.0000000000
52314  41.960  -19.081  31.766 0.0000000000
53236  41.671  -18.452  31.272 0.0000000000
53226  42.127  -18.247  31.965 0.0000000000
136041  46.677  -23.548  38.724 0.0000000000
49056  46.547  -22.851  39.134 0.0000000000
50181  45.868  -21.373  38.527 0.0000000000
54099  43.800  -16.911  35.336 0.0000000000
125800  43.497  -16.710  34.441 0.0000000000
55042  43.690  -16.241  35.019 0.0000000000
55043  43.637  -15.953  34.566 0.0000000000
56180  43.158  -15.602  33.620 0.0000000000
57159  42.841  -14.904  33.153 0.0000000000
57145  43.431  -15.494  33.647 0.0000000000
57144  43.942  -15.432  33.989 0.0000000000
57157  44.078  -15.290  33.597 0.0000000000
125306  50.462  0.124  6.343 0.0000000000
72385  49.773  0.663  5.610 0.0000000000
72399  51.840  0.666  4.686 0.0000000000
72398  52.688  0.586  4.645 0.0000000000
72381  53.185  0.533  5.375 0.0000000000
73339  54.267  0.887  6.213 0.0000000000
74325  54.365  2.148  9.175 0.0000000000
74324  55.071  2.935  9.217 0.0000000000
75294  55.740  3.489  8.836 0.0000000000
75282  56.142  4.141  9.323 0.0000000000
72452  57.936  0.958  0.499 0.0000000000
75338  58.680  3.363  4.869 0.0000000000
75320  59.821  4.626  5.486 0.0000000000
50159  30.492  -22.015  40.454 0.0000000000
124231  31.844  -22.816  40.894 0.0000000000
49025  31.166  -22.269  41.137 0.0000000000
40383  19.779  -30.739  46.590 0.0000000000
40369  19.722  -30.659  47.455 0.0000000000
40370  19.065  -31.084  47.859 0.0000000000
40354  18.977  -30.985  48.790 0.0000000000
119957  17.987  -31.943  47.699 0.0000000000
39413  18.370  -31.420  48.242 0.0000000000
40341  17.987  -30.982  50.207 0.0000000000
40328  17.821  -30.877  51.284 0.0000000000
39379  17.066  -31.013  51.649 0.0000000000
68593  47.512  -3.441  12.315 0.0000000000
67561  48.008  -4.143  12.673 0.0000000000
62475  46.408  -9.580  22.686 0.0000000000
115304  47.154  -9.131  23.106 0.0000000000
62462  47.208  -9.048  24.016 0.0000000000
62438  48.494  -9.007  25.542 0.0000000000
62423  48.182  -9.199  26.043 0.0000000000
63432  48.820  -9.055  26.164 0.0000000000
133290  49.084  -8.781  25.654 0.0000000000
34706  12.665  -36.660  44.644 0.0000000000
33737  11.548  -37.948  44.876 0.0000000000
33703  11.803  -37.981  47.527 0.0000000000
59390  41.151  -12.903  20.088 0.0000000000
59389  41.683  -12.485  20.873 0.0000000000
46778  35.427  -24.313  31.802 0.0000000000
114161  34.825  -24.625  32.925 0.0000000000
46749  36.036  -24.609  33.506 0.0000000000
46716  37.260  -25.103  35.380 0.0000000000
49050  26.673  -22.164  39.145 0.0000000000
128414  26.574  -22.037  39.953 0.0000000000
49051  26.049  -22.597  39.572 0.0000000000
120472  25.414  -23.841  39.645 0.0000000000
46631  25.245  -24.572  39.729 0.0000000000
121717  25.103  -25.377  39.923 0.0000000000
44329  24.999  -26.205  40.214 0.0000000000
41398  21.921  -29.655  38.265 0.0000000000
41380  21.718  -29.790  39.232 0.0000000000
116165  21.298  -29.997  39.983 0.0000000000
41364  20.997  -30.246  40.580 0.0000000000
40479  20.608  -30.408  39.931 0.0000000000
50265  26.980  -21.234  32.265 0.0000000000
50254  27.555  -21.708  33.476 0.0000000000
50238  27.994  -21.990  34.951 0.0000000000
50223  27.542  -22.265  35.606 0.0000000000
50210  27.521  -22.301  36.482 0.0000000000
49096  26.695  -22.555  35.804 0.0000000000
50211  27.200  -22.345  36.093 0.0000000000
50201  27.228  -22.282  36.926 0.0000000000
50189  27.235  -22.158  37.811 0.0000000000
73295  54.355  2.020  11.579 0.0000000000
73286  55.807  1.973  12.631 0.0000000000
70515  53.166  -1.427  15.201 0.0000000000
70501  53.420  -1.339  16.752 0.0000000000
65595  45.148  -7.036  13.991 0.0000000000
64589  47.394  -7.543  15.173 0.0000000000
63572  46.632  -8.230  15.386 0.0000000000
64577  48.623  -7.556  15.999 0.0000000000
64561  49.662  -7.592  17.135 0.0000000000
114500  52.411  -7.564  23.173 0.0000000000
58353  38.727  -14.004  24.494 0.0000000000
136103  39.356  -13.902  24.206 0.0000000000
58352  39.389  -13.789  24.922 0.0000000000
129683  40.069  -13.410  25.892 0.0000000000
58325  40.448  -13.384  26.247 0.0000000000
114290  41.004  -13.502  27.703 0.0000000000
58312  41.338  -13.504  26.998 0.0000000000
114648  42.847  -13.630  29.102 0.0000000000
58283  43.732  -13.762  29.354 0.0000000000
47965  40.246  -23.364  32.508 0.0000000000
49126  40.599  -22.726  32.016 0.0000000000
47964  41.097  -23.009  32.853 0.0000000000
49107  42.983  -22.940  34.116 0.0000000000
50237  42.935  -21.537  33.867 0.0000000000
51297  43.118  -20.767  34.087 0.0000000000
51312  43.170  -20.062  34.100 0.0000000000
126735  49.915  -0.214  6.862 0.0000000000
134011  51.174  -0.137  6.811 0.0000000000
72363  52.317  0.170  6.569 0.0000000000
73323  53.464  0.987  8.815 0.0000000000
72339  52.678  0.786  9.216 0.0000000000
73313  53.079  1.549  9.557 0.0000000000
73312  53.768  1.633  9.183 0.0000000000
119432  55.168  1.449  -0.173 0.0000000000
72454  55.820  1.067  0.159 0.0000000000
72421  57.963  0.864  2.607 0.0000000000
73400  58.768  1.295  2.800 0.0000000000
73386  57.925  1.334  3.404 0.0000000000
73370  57.429  1.711  4.201 0.0000000000
128866  32.576  -24.587  34.939 0.0000000000
46717  33.634  -24.849  35.543 0.0000000000
46701  33.403  -24.766  36.401 0.0000000000
46683  34.417  -24.901  37.710 0.0000000000
46666  33.028  -24.307  38.095 0.0000000000
46665  33.852  -24.585  38.329 0.0000000000
46664  34.714  -24.848  38.580 0.0000000000
46647  34.825  -24.732  39.510 0.0000000000
49036  33.123  -23.406  41.075 0.0000000000
47855  33.744  -23.687  41.541 0.0000000000
49017  33.937  -23.369  42.551 0.0000000000
43179  24.160  -27.954  47.778 0.0000000000
43170  24.024  -27.879  48.632 0.0000000000
43161  23.032  -28.253  49.957 0.0000000000
42191  22.270  -28.656  50.291 0.0000000000
43152  22.824  -28.314  50.923 0.0000000000
42181  22.599  -28.314  51.678 0.0000000000
41267  20.190  -30.204  48.771 0.0000000000
41254  20.224  -30.065  49.710 0.0000000000
41238  20.530  -29.622  50.436 0.0000000000
129499  20.295  -29.615  51.227 0.0000000000
42193  20.848  -29.318  51.101 0.0000000000
72319  50.633  0.247  10.516 0.0000000000
72309  51.504  0.334  11.207 0.0000000000
72310  50.779  0.131  11.059 0.0000000000
71417  51.156  -0.348  11.409 0.0000000000
70536  51.834  -1.241  11.736 0.0000000000
114254  50.815  -1.098  11.578 0.0000000000
114884  52.134  -2.145  12.220 0.0000000000
69574  52.643  -2.483  12.867 0.0000000000
69565  52.569  -2.521  14.062 0.0000000000
69593  48.917  -1.930  11.633 0.0000000000
69577  49.850  -3.022  12.121 0.0000000000
69566  51.979  -3.076  13.352 0.0000000000
69558  52.383  -2.430  15.102 0.0000000000
69550  52.428  -2.413  15.810 0.0000000000
68538  53.351  -3.266  18.016 0.0000000000
122336  53.625  -3.957  18.403 0.0000000000
62544  45.922  -9.773  17.400 0.0000000000
62543  46.659  -9.455  17.687 0.0000000000
62532  46.826  -9.567  18.480 0.0000000000
62516  48.361  -9.242  19.962 0.0000000000
62503  47.587  -9.527  20.285 0.0000000000
63516  48.995  -8.996  20.551 0.0000000000
63492  50.397  -8.281  22.363 0.0000000000
64499  51.087  -8.063  22.862 0.0000000000
135692  48.310  -8.705  22.993 0.0000000000
63481  48.881  -8.516  23.394 0.0000000000
115344  49.266  -8.433  24.790 0.0000000000
63467  49.439  -8.315  24.159 0.0000000000
63480  49.684  -8.275  23.518 0.0000000000
64487  51.104  -7.851  23.756 0.0000000000
64486  51.880  -7.520  23.851 0.0000000000
57205  37.748  -13.913  29.234 0.0000000000
44355  45.539  -26.917  38.312 0.0000000000
45501  46.674  -26.092  38.399 0.0000000000
71453  48.661  -0.506  8.719 0.0000000000
75374  52.465  3.064  1.542 0.0000000000
37594  15.824  -33.637  44.379 0.0000000000
37571  16.006  -33.603  46.314 0.0000000000
37583  15.775  -33.759  45.484 0.0000000000
36559  15.463  -34.074  46.286 0.0000000000
36549  15.305  -34.416  47.123 0.0000000000
36528  14.924  -34.837  48.682 0.0000000000
34684  13.158  -36.516  46.039 0.0000000000
125856  13.316  -36.466  46.765 0.0000000000
35600  13.757  -35.875  49.989 0.0000000000
63575  44.623  -8.722  14.974 0.0000000000
62573  45.285  -9.287  15.789 0.0000000000
61605  44.031  -9.893  15.731 0.0000000000
61578  45.181  -10.171  17.190 0.0000000000
126925  45.614  -10.148  17.885 0.0000000000
61570  45.658  -10.260  18.600 0.0000000000
131745  44.158  -10.921  17.587 0.0000000000
61559  45.730  -10.341  19.515 0.0000000000
61548  46.040  -10.223  20.282 0.0000000000
61528  46.009  -9.970  21.914 0.0000000000
59418  42.019  -12.062  17.998 0.0000000000
60499  42.839  -11.783  18.316 0.0000000000
60486  43.679  -11.420  19.710 0.0000000000
60478  43.003  -11.732  20.146 0.0000000000
60485  44.344  -11.090  20.178 0.0000000000
61538  45.360  -10.417  21.375 0.0000000000
62476  45.684  -9.902  22.664 0.0000000000
62464  45.793  -9.724  23.394 0.0000000000
62453  45.909  -9.648  24.229 0.0000000000
61498  46.032  -9.745  25.033 0.0000000000
49155  38.658  -22.884  29.604 0.0000000000
49154  39.341  -22.856  30.278 0.0000000000
46798  36.131  -23.839  30.695 0.0000000000
47979  36.839  -23.841  31.132 0.0000000000
47978  37.722  -23.676  31.220 0.0000000000
47977  38.508  -23.488  31.163 0.0000000000
120323  39.010  -23.494  31.795 0.0000000000
47951  40.618  -23.767  33.207 0.0000000000
46744  41.455  -24.506  34.132 0.0000000000
46728  40.762  -24.900  34.431 0.0000000000
45552  41.565  -25.170  34.747 0.0000000000
45551  42.310  -25.115  34.787 0.0000000000
45526  43.381  -25.859  35.803 0.0000000000
44391  43.637  -26.380  36.489 0.0000000000
133181  44.540  -26.764  37.286 0.0000000000
46700  34.238  -24.934  35.946 0.0000000000
120638  34.980  -24.960  35.649 0.0000000000
115273  35.646  -25.127  37.768 0.0000000000
120639  35.916  -25.217  36.994 0.0000000000
46698  36.140  -25.138  36.242 0.0000000000
130303  38.158  -25.659  36.735 0.0000000000
46643  37.906  -25.761  40.012 0.0000000000
45492  38.393  -26.049  39.529 0.0000000000
45505  38.614  -26.084  38.780 0.0000000000
45516  38.862  -25.895  37.901 0.0000000000
45530  38.911  -25.724  36.866 0.0000000000
45514  40.613  -25.977  37.465 0.0000000000
45513  41.364  -26.094  37.208 0.0000000000
44359  41.720  -26.687  38.734 0.0000000000
44376  41.958  -26.450  37.764 0.0000000000
117090  43.387  -26.943  37.886 0.0000000000
44357  44.149  -26.989  37.928 0.0000000000
116482  45.000  -26.910  37.754 0.0000000000
51184  29.288  -19.947  45.111 0.0000000000
51186  27.753  -20.214  44.643 0.0000000000
51187  26.733  -20.662  44.812 0.0000000000
50106  25.837  -21.004  45.283 0.0000000000
48993  25.300  -21.716  45.114 0.0000000000
48994  24.925  -22.118  45.782 0.0000000000
47856  25.162  -23.461  41.800 0.0000000000
47848  25.085  -22.976  42.530 0.0000000000
47841  25.087  -22.608  43.168 0.0000000000
49004  24.971  -22.452  44.871 0.0000000000
132835  24.750  -22.796  46.176 0.0000000000
114408  24.744  -23.585  46.122 0.0000000000
136834  24.842  -24.894  46.634 0.0000000000
118833  24.863  -24.914  45.360 0.0000000000
127145  24.858  -25.331  46.091 0.0000000000
114437  24.876  -25.608  46.834 0.0000000000
44252  24.834  -26.540  46.984 0.0000000000
43178  24.607  -27.318  47.414 0.0000000000
45544  25.157  -25.492  35.040 0.0000000000
44381  24.975  -26.031  37.213 0.0000000000
44330  24.897  -27.039  40.494 0.0000000000
42332  23.608  -28.586  37.223 0.0000000000
42321  23.423  -28.742  38.516 0.0000000000
42320  24.076  -28.153  38.563 0.0000000000
43263  24.587  -27.582  39.932 0.0000000000
124343  24.875  -27.224  41.215 0.0000000000
44311  24.934  -27.026  41.850 0.0000000000
43217  24.882  -27.169  43.410 0.0000000000
43205  24.774  -27.369  44.346 0.0000000000
42274  24.034  -28.421  43.034 0.0000000000
43218  24.469  -27.933  43.636 0.0000000000
137167  24.825  -27.179  45.121 0.0000000000
43193  24.683  -27.446  45.806 0.0000000000
120130  24.433  -27.942  46.291 0.0000000000
43187  24.330  -28.004  46.962 0.0000000000
42218  23.595  -28.588  47.273 0.0000000000
42229  22.185  -29.412  47.021 0.0000000000
42247  22.374  -29.441  45.290 0.0000000000
42237  22.310  -29.421  46.139 0.0000000000
41288  21.708  -29.789  46.496 0.0000000000
41300  20.386  -30.444  46.248 0.0000000000
41349  21.067  -30.282  41.310 0.0000000000
40429  20.537  -30.657  42.594 0.0000000000
40448  19.917  -31.053  42.185 0.0000000000
40414  20.520  -30.548  43.482 0.0000000000
40406  19.815  -30.866  44.795 0.0000000000
40396  19.806  -30.817  45.705 0.0000000000
39453  18.672  -31.580  45.624 0.0000000000
38545  17.720  -32.377  44.904 0.0000000000
38547  16.572  -33.198  44.299 0.0000000000
38571  16.119  -33.217  42.869 0.0000000000
38559  16.186  -33.330  43.650 0.0000000000
37595  15.040  -34.016  43.938 0.0000000000
36578  14.400  -34.496  43.494 0.0000000000
36579  13.917  -34.978  44.019 0.0000000000
48002  33.717  -23.805  30.206 0.0000000000
46801  33.150  -23.997  30.968 0.0000000000
121214  31.947  -23.716  29.988 0.0000000000
137049  32.603  -23.997  31.248 0.0000000000
46781  32.824  -24.175  31.732 0.0000000000
46753  32.687  -24.536  33.470 0.0000000000
48006  30.030  -23.142  30.849 0.0000000000
47982  29.771  -22.904  31.769 0.0000000000
47968  30.976  -23.720  32.364 0.0000000000
46754  31.543  -23.991  33.182 0.0000000000
118733  32.083  -24.323  33.824 0.0000000000
46737  32.036  -24.334  34.592 0.0000000000
46719  32.072  -24.288  35.487 0.0000000000
133375  31.873  -23.989  36.258 0.0000000000
46703  31.353  -23.616  36.699 0.0000000000
49058  30.945  -22.852  38.795 0.0000000000
50221  28.551  -22.122  36.286 0.0000000000
49079  29.293  -22.301  36.644 0.0000000000
49069  29.398  -22.209  37.427 0.0000000000
49039  30.543  -22.343  39.463 0.0000000000
50148  29.942  -21.445  41.924 0.0000000000
51227  28.920  -21.350  41.067 0.0000000000
51214  29.282  -21.226  41.972 0.0000000000
114764  29.282  -20.515  43.524 0.0000000000
121697  16.316  -33.424  46.998 0.0000000000
38487  16.521  -32.872  48.940 0.0000000000
37538  15.985  -33.443  48.910 0.0000000000
131776  16.068  -33.014  49.457 0.0000000000
118115  16.413  -32.504  49.719 0.0000000000
116205  16.637  -31.639  51.092 0.0000000000
71410  54.072  -0.974  12.789 0.0000000000
122425  54.659  -0.217  12.812 0.0000000000
71389  53.614  -0.707  15.643 0.0000000000
71380  54.419  -0.019  17.051 0.0000000000
72276  54.687  0.575  15.800 0.0000000000
73252  56.205  1.997  16.993 0.0000000000
68595  45.749  -3.548  12.352 0.0000000000
67547  48.519  -4.731  13.264 0.0000000000
65601  46.356  -6.001  13.642 0.0000000000
65600  47.063  -6.087  13.729 0.0000000000
66570  47.614  -5.779  13.713 0.0000000000
66569  48.292  -5.449  13.713 0.0000000000
67541  48.970  -5.237  13.887 0.0000000000
67534  50.764  -4.857  15.309 0.0000000000
67527  51.654  -4.528  16.357 0.0000000000
66548  51.498  -5.321  16.735 0.0000000000
67512  52.085  -4.684  17.010 0.0000000000
62542  47.447  -9.157  18.003 0.0000000000
63538  48.345  -8.685  18.078 0.0000000000
63526  49.704  -8.508  19.466 0.0000000000
64550  50.732  -7.699  18.395 0.0000000000
64497  52.588  -7.770  22.110 0.0000000000
135073  52.310  -7.915  20.787 0.0000000000
64508  53.776  -7.635  21.301 0.0000000000
132904  52.103  -7.420  18.965 0.0000000000
65548  53.190  -6.141  18.549 0.0000000000
127418  54.014  -5.738  18.963 0.0000000000
67490  54.534  -4.724  19.299 0.0000000000
67489  55.002  -3.837  19.599 0.0000000000
59380  41.516  -12.648  21.816 0.0000000000
58351  40.090  -13.668  24.346 0.0000000000
58350  40.919  -13.274  24.060 0.0000000000
59346  41.466  -13.066  24.655 0.0000000000
59356  41.738  -12.710  23.765 0.0000000000
59370  42.350  -12.017  23.077 0.0000000000
60435  43.281  -11.464  24.298 0.0000000000
136324  43.868  -11.097  24.809 0.0000000000
60419  44.189  -11.282  25.424 0.0000000000
133576  44.750  -11.944  26.533 0.0000000000
60406  45.184  -11.443  26.567 0.0000000000
60405  45.925  -10.992  27.018 0.0000000000
60392  47.040  -10.977  27.920 0.0000000000
49134  40.894  -22.210  31.575 0.0000000000
50272  40.787  -21.909  30.918 0.0000000000
135063  40.963  -20.648  30.427 0.0000000000
55121  40.318  -16.546  29.881 0.0000000000
54158  41.388  -17.718  30.930 0.0000000000
55109  40.912  -16.990  30.541 0.0000000000
56214  40.032  -15.743  30.599 0.0000000000
120525  39.874  -15.227  31.282 0.0000000000
56207  39.753  -14.679  31.504 0.0000000000
45523  45.754  -25.484  36.797 0.0000000000
46693  45.690  -24.621  36.613 0.0000000000
47914  45.425  -23.651  36.555 0.0000000000
49066  45.661  -22.685  37.489 0.0000000000
49077  45.057  -22.640  36.544 0.0000000000
50217  44.235  -21.359  35.941 0.0000000000
50218  43.864  -20.959  35.427 0.0000000000
51296  43.501  -20.321  34.798 0.0000000000
51258  44.903  -20.373  37.617 0.0000000000
52244  44.676  -19.047  37.393 0.0000000000
115142  44.550  -19.785  37.166 0.0000000000
51269  44.111  -19.951  36.490 0.0000000000
52266  43.671  -19.425  35.218 0.0000000000
52274  43.393  -19.415  34.398 0.0000000000
53204  43.288  -18.646  33.895 0.0000000000
53205  43.063  -17.883  33.327 0.0000000000
54131  42.576  -16.869  33.081 0.0000000000
121597  42.962  -16.239  33.680 0.0000000000
55071  42.332  -15.795  33.077 0.0000000000
56199  40.797  -14.827  32.484 0.0000000000
57184  40.159  -14.384  31.997 0.0000000000
58260  40.341  -13.868  31.978 0.0000000000
58271  40.988  -13.635  31.320 0.0000000000
58258  41.976  -13.624  31.677 0.0000000000
131132  42.643  -13.952  33.003 0.0000000000
58245  42.389  -13.801  32.512 0.0000000000
58269  42.940  -13.687  30.942 0.0000000000
114314  43.844  -13.801  30.313 0.0000000000
58255  44.850  -13.982  30.605 0.0000000000
57132  44.757  -15.688  35.223 0.0000000000
114543  44.826  -15.535  34.406 0.0000000000
57156  45.048  -15.382  33.454 0.0000000000
114556  45.965  -15.317  33.199 0.0000000000
57183  44.909  -14.696  31.964 0.0000000000
58281  45.561  -13.753  29.730 0.0000000000
58280  46.406  -13.551  29.832 0.0000000000
59294  46.772  -13.010  29.314 0.0000000000
58279  47.114  -13.217  30.009 0.0000000000
59293  47.347  -12.495  29.582 0.0000000000
74409  52.033  2.673  2.085 0.0000000000
73402  52.210  1.665  2.381 0.0000000000
72413  53.416  0.688  3.200 0.0000000000
73373  55.291  1.027  5.098 0.0000000000
74370  55.999  2.277  5.859 0.0000000000
119908  53.689  0.643  6.711 0.0000000000
74346  55.096  1.991  7.404 0.0000000000
74354  55.631  2.341  6.562 0.0000000000
74353  56.400  2.842  6.257 0.0000000000
75311  56.881  3.529  6.670 0.0000000000
127172  56.741  4.426  8.922 0.0000000000
113741  57.453  4.972  8.992 0.0000000000
34694  13.198  -36.288  45.403 0.0000000000
41266  20.808  -29.967  48.460 0.0000000000
42183  20.862  -29.418  52.072 0.0000000000
43159  24.472  -27.278  49.093 0.0000000000
43206  24.259  -28.254  44.354 0.0000000000
44373  45.718  -26.537  37.580 0.0000000000
45425  24.986  -25.983  44.155 0.0000000000
45524  45.086  -25.885  36.453 0.0000000000
46612  25.162  -24.653  40.987 0.0000000000
46679  37.643  -25.690  38.023 0.0000000000
46718  32.904  -24.663  35.573 0.0000000000
46727  42.140  -24.629  34.384 0.0000000000
46750  35.227  -24.686  33.517 0.0000000000
46766  34.810  -24.488  32.254 0.0000000000
47882  46.238  -23.183  38.199 0.0000000000
47915  44.782  -23.583  35.863 0.0000000000
47955  30.051  -22.914  33.175 0.0000000000
48001  35.520  -23.765  30.225 0.0000000000
48019  38.075  -23.344  29.981 0.0000000000
49013  25.351  -22.090  43.533 0.0000000000
49106  43.507  -22.342  34.672 0.0000000000
49116  42.470  -22.388  33.639 0.0000000000
50095  25.447  -21.078  46.771 0.0000000000
50193  45.358  -21.271  37.995 0.0000000000
50262  42.455  -20.707  33.014 0.0000000000
51257  45.229  -20.789  37.981 0.0000000000
51281  44.132  -20.675  36.215 0.0000000000
53193  43.830  -17.899  35.625 0.0000000000
56153  44.361  -16.201  35.749 0.0000000000
56179  45.363  -15.604  35.066 0.0000000000
57134  43.783  -15.760  34.419 0.0000000000
57172  41.327  -13.982  33.017 0.0000000000
57182  45.439  -14.330  31.234 0.0000000000
58233  43.041  -14.208  33.064 0.0000000000
58234  42.608  -14.279  33.057 0.0000000000
58259  41.046  -13.730  32.065 0.0000000000
58293  46.080  -13.355  29.095 0.0000000000
58309  44.200  -13.504  27.966 0.0000000000
58311  41.897  -13.560  27.494 0.0000000000
58339  39.330  -13.534  25.848 0.0000000000
59300  46.962  -12.270  28.926 0.0000000000
59322  43.608  -12.624  26.183 0.0000000000
59372  41.026  -13.071  22.415 0.0000000000
60449  42.917  -11.580  23.559 0.0000000000
61549  45.601  -10.410  20.703 0.0000000000
61560  45.004  -10.755  19.811 0.0000000000
63453  48.152  -8.923  24.947 0.0000000000
73413  53.382  1.050  1.804 0.0000000000
117508  24.932  -25.916  38.060 0.0000000000
118573  23.352  -28.816  40.043 0.0000000000
119462  23.273  -28.913  43.326 0.0000000000
122363  42.652  -17.930  32.587 0.0000000000
125961  32.343  -23.864  30.751 0.0000000000
129271  32.221  -24.289  32.844 0.0000000000
129934  41.134  -26.560  39.029 0.0000000000
131541  49.867  -8.479  21.906 0.0000000000
132639  39.199  -25.559  36.000 0.0000000000
133551  44.275  -21.984  35.706 0.0000000000
133603  42.603  -15.058  33.078 0.0000000000
133691  46.298  -5.302  13.254 0.0000000000
134542  41.563  -13.517  29.514 0.0000000000
134675  48.676  -5.672  14.149 0.0000000000
134887  39.599  -13.524  28.802 0.0000000000
136470  18.116  -31.943  47.014 0.0000000000
136543  46.700  -14.441  31.675 0.0000000000
136575  24.844  -27.345  42.850 0.0000000000
136892  16.373  -33.335  46.407 0.0000000000
