#!ascii label  , from subject sub-v1s19x0051307_ses-1 vox2ras=TkReg
578
58993  21.843  -13.618  -29.782 0.0000000000
65128  28.087  -7.925  -35.103 0.0000000000
72926  23.874  1.340  -43.062 0.0000000000
132690  21.262  -2.436  -37.467 0.0000000000
52999  23.647  -19.102  -27.350 0.0000000000
55895  25.921  -16.511  -30.038 0.0000000000
60066  24.249  -12.344  -33.213 0.0000000000
65162  23.232  -7.839  -36.879 0.0000000000
69157  25.913  -3.821  -39.815 0.0000000000
75779  27.530  3.493  -38.734 0.0000000000
77772  23.392  5.216  -44.592 0.0000000000
55873  22.449  -16.255  -28.317 0.0000000000
120366  24.617  -17.859  -28.598 0.0000000000
56929  24.120  -15.183  -30.296 0.0000000000
63113  21.465  -9.062  -34.317 0.0000000000
65164  21.558  -6.761  -35.519 0.0000000000
71965  22.180  -0.872  -40.597 0.0000000000
69171  23.685  -3.796  -40.997 0.0000000000
71976  24.893  -0.506  -41.492 0.0000000000
72868  26.610  0.442  -38.924 0.0000000000
117229  25.823  2.240  -40.560 0.0000000000
80463  20.170  8.127  -42.115 0.0000000000
78677  19.108  5.576  -42.573 0.0000000000
79612  22.759  7.472  -44.990 0.0000000000
62130  26.408  -10.462  -34.725 0.0000000000
60052  27.187  -11.899  -32.061 0.0000000000
62114  28.361  -9.884  -32.929 0.0000000000
73862  20.252  2.030  -40.536 0.0000000000
68076  28.788  -4.533  -35.505 0.0000000000
123153  20.961  -11.862  -31.170 0.0000000000
59018  23.184  -13.257  -31.679 0.0000000000
61157  22.319  -11.418  -33.318 0.0000000000
128643  23.902  -10.476  -35.427 0.0000000000
64165  26.153  -8.567  -37.255 0.0000000000
67134  22.509  -5.023  -37.575 0.0000000000
66173  25.083  -6.377  -39.451 0.0000000000
67142  26.859  -5.365  -37.836 0.0000000000
70124  27.883  -2.390  -37.161 0.0000000000
75819  19.692  3.608  -41.501 0.0000000000
75837  23.370  3.546  -43.662 0.0000000000
80510  24.367  8.312  -47.232 0.0000000000
121958  24.933  6.762  -45.057 0.0000000000
114445  25.177  4.762  -42.520 0.0000000000
78650  26.537  6.703  -40.200 0.0000000000
59016  25.378  -13.648  -31.329 0.0000000000
124876  21.154  -12.868  -29.558 0.0000000000
57983  21.468  -14.277  -28.384 0.0000000000
56918  22.479  -15.037  -29.185 0.0000000000
55883  23.690  -16.287  -29.353 0.0000000000
57988  22.897  -14.634  -29.859 0.0000000000
71992  22.816  0.407  -42.191 0.0000000000
71115  23.661  -1.091  -41.910 0.0000000000
72910  24.606  0.342  -42.192 0.0000000000
73861  25.484  1.106  -40.925 0.0000000000
73869  24.666  1.733  -42.332 0.0000000000
80462  21.166  8.381  -42.604 0.0000000000
80475  21.362  7.715  -43.174 0.0000000000
117002  22.352  8.418  -44.416 0.0000000000
63124  27.242  -9.297  -35.358 0.0000000000
62115  27.562  -10.312  -33.408 0.0000000000
64121  28.111  -8.679  -34.494 0.0000000000
72877  19.792  1.453  -39.271 0.0000000000
73855  19.226  1.941  -39.215 0.0000000000
54770  22.032  -17.978  -26.891 0.0000000000
52988  22.615  -19.325  -26.471 0.0000000000
52968  23.927  -19.646  -25.973 0.0000000000
53862  24.880  -18.852  -26.964 0.0000000000
54822  25.438  -17.038  -29.491 0.0000000000
54792  25.905  -17.755  -28.177 0.0000000000
60057  21.949  -11.735  -32.604 0.0000000000
62103  21.137  -10.558  -32.726 0.0000000000
64138  22.316  -8.325  -35.666 0.0000000000
62149  22.695  -9.881  -34.958 0.0000000000
63140  23.813  -9.386  -36.285 0.0000000000
63139  25.185  -9.528  -36.718 0.0000000000
64167  24.833  -8.392  -37.545 0.0000000000
67135  21.941  -4.662  -36.914 0.0000000000
68116  22.091  -3.642  -37.685 0.0000000000
131058  25.138  -3.805  -41.171 0.0000000000
67175  24.451  -5.164  -40.184 0.0000000000
67172  25.707  -5.199  -40.065 0.0000000000
122842  26.138  -6.143  -39.110 0.0000000000
68114  26.526  -4.609  -38.789 0.0000000000
121909  27.319  -3.979  -37.437 0.0000000000
126670  26.797  -2.961  -38.313 0.0000000000
136163  27.401  2.298  -38.937 0.0000000000
73827  27.603  1.086  -37.790 0.0000000000
77774  21.532  5.917  -43.580 0.0000000000
76827  19.753  4.564  -41.929 0.0000000000
76824  21.597  4.403  -42.375 0.0000000000
75826  21.669  3.785  -42.067 0.0000000000
76833  23.480  4.386  -44.067 0.0000000000
115628  25.343  5.869  -43.672 0.0000000000
130505  25.538  6.727  -42.795 0.0000000000
78651  25.895  5.956  -40.702 0.0000000000
137266  23.719  -12.534  -32.857 0.0000000000
59017  24.157  -13.499  -31.681 0.0000000000
59030  24.907  -13.149  -32.026 0.0000000000
61128  27.892  -11.824  -31.577 0.0000000000
59014  27.266  -13.143  -31.049 0.0000000000
130145  22.139  -16.598  -27.744 0.0000000000
54793  23.179  -18.039  -28.027 0.0000000000
53882  23.886  -18.702  -27.995 0.0000000000
54814  23.586  -17.356  -28.487 0.0000000000
55882  24.535  -16.663  -29.482 0.0000000000
55896  25.108  -16.294  -29.983 0.0000000000
64110  20.654  -8.138  -33.860 0.0000000000
118326  21.352  -7.492  -34.947 0.0000000000
65163  22.390  -7.341  -36.319 0.0000000000
70160  21.905  -1.792  -39.388 0.0000000000
69158  22.741  -3.334  -39.504 0.0000000000
70177  22.978  -2.369  -40.728 0.0000000000
70175  24.490  -2.550  -41.476 0.0000000000
70158  25.505  -2.250  -40.384 0.0000000000
70144  26.271  -1.787  -39.155 0.0000000000
71963  25.799  0.111  -40.069 0.0000000000
73851  26.388  1.406  -39.705 0.0000000000
74856  26.750  3.028  -39.844 0.0000000000
79556  19.358  7.293  -41.090 0.0000000000
78664  19.144  6.467  -42.699 0.0000000000
78684  21.288  6.578  -43.881 0.0000000000
78690  22.931  6.590  -44.888 0.0000000000
61169  25.318  -11.298  -34.545 0.0000000000
61141  26.040  -11.937  -32.911 0.0000000000
61153  26.497  -11.406  -33.232 0.0000000000
61139  27.541  -11.314  -32.280 0.0000000000
70135  20.699  -0.933  -37.947 0.0000000000
71952  20.852  0.142  -39.272 0.0000000000
71979  21.474  0.855  -40.865 0.0000000000
72913  22.405  1.555  -42.263 0.0000000000
53880  25.403  -18.300  -27.512 0.0000000000
67110  28.439  -5.922  -35.360 0.0000000000
65126  29.156  -7.266  -34.102 0.0000000000
59005  21.574  -13.033  -30.297 0.0000000000
59004  22.176  -13.533  -30.453 0.0000000000
60043  21.581  -12.565  -31.118 0.0000000000
127561  22.363  -12.276  -32.387 0.0000000000
61156  23.909  -11.926  -33.865 0.0000000000
62134  22.360  -10.244  -34.356 0.0000000000
62133  23.240  -10.581  -34.830 0.0000000000
61170  24.719  -11.386  -34.642 0.0000000000
62146  25.323  -10.534  -35.741 0.0000000000
63138  26.431  -9.453  -36.313 0.0000000000
64156  27.242  -8.141  -36.427 0.0000000000
66132  21.984  -6.181  -36.259 0.0000000000
66142  23.392  -6.684  -37.678 0.0000000000
67159  23.306  -4.822  -38.933 0.0000000000
67158  23.983  -5.513  -39.258 0.0000000000
65193  24.303  -6.961  -38.337 0.0000000000
126561  25.845  -7.221  -38.414 0.0000000000
65175  26.818  -7.039  -37.548 0.0000000000
66120  27.729  -6.589  -36.267 0.0000000000
68088  27.768  -4.968  -36.585 0.0000000000
118760  28.301  -3.464  -36.430 0.0000000000
71940  27.255  -0.575  -38.166 0.0000000000
73872  19.829  2.859  -41.178 0.0000000000
73882  21.918  2.575  -42.028 0.0000000000
74874  24.156  2.419  -43.509 0.0000000000
79624  23.277  7.494  -46.178 0.0000000000
78697  23.916  6.290  -46.237 0.0000000000
79621  24.936  7.468  -45.628 0.0000000000
76843  23.982  4.910  -45.664 0.0000000000
77771  24.197  4.500  -45.032 0.0000000000
76832  24.185  3.838  -44.095 0.0000000000
75817  24.671  3.212  -42.417 0.0000000000
75806  25.459  3.632  -41.203 0.0000000000
132100  26.257  4.439  -40.324 0.0000000000
126121  27.225  5.032  -39.087 0.0000000000
132925  23.219  -14.279  -30.514 0.0000000000
58000  24.722  -14.704  -30.587 0.0000000000
57999  25.588  -14.909  -30.500 0.0000000000
60041  25.868  -12.941  -31.755 0.0000000000
59002  25.980  -14.132  -30.778 0.0000000000
58994  21.343  -13.209  -29.519 0.0000000000
58985  21.385  -13.503  -29.105 0.0000000000
57990  21.535  -13.820  -29.049 0.0000000000
57982  21.748  -14.562  -28.631 0.0000000000
57989  22.112  -14.261  -29.417 0.0000000000
72912  23.424  0.792  -42.624 0.0000000000
71991  23.699  -0.261  -42.336 0.0000000000
72911  24.054  0.437  -42.610 0.0000000000
73868  25.001  1.042  -41.858 0.0000000000
80474  21.954  8.556  -43.346 0.0000000000
64122  27.641  -8.759  -35.236 0.0000000000
63110  27.541  -9.352  -34.700 0.0000000000
53883  22.652  -18.367  -27.367 0.0000000000
53863  22.299  -18.654  -26.734 0.0000000000
53000  22.956  -19.058  -27.142 0.0000000000
52987  23.367  -19.455  -26.707 0.0000000000
52986  24.118  -19.307  -26.844 0.0000000000
122083  26.013  -17.389  -29.058 0.0000000000
135204  26.506  -17.278  -29.198 0.0000000000
54821  26.397  -17.059  -29.698 0.0000000000
137259  20.643  -10.428  -32.111 0.0000000000
129987  22.857  -8.234  -36.326 0.0000000000
63141  22.994  -8.983  -36.034 0.0000000000
64159  23.558  -8.597  -36.608 0.0000000000
64158  24.461  -8.990  -36.898 0.0000000000
64168  24.064  -8.174  -37.240 0.0000000000
68103  21.742  -3.810  -37.017 0.0000000000
69133  21.473  -3.091  -37.262 0.0000000000
69169  25.514  -3.874  -40.626 0.0000000000
68141  25.300  -4.568  -40.851 0.0000000000
68125  26.097  -4.648  -39.621 0.0000000000
69145  26.402  -3.788  -38.965 0.0000000000
126119  26.202  -2.807  -39.175 0.0000000000
74833  27.608  2.733  -38.564 0.0000000000
74821  27.530  1.936  -38.404 0.0000000000
129901  22.603  5.864  -44.150 0.0000000000
76835  21.553  5.127  -42.886 0.0000000000
77773  22.649  5.338  -43.543 0.0000000000
76834  22.621  4.652  -42.941 0.0000000000
79597  25.406  7.602  -43.259 0.0000000000
129799  25.592  7.612  -42.420 0.0000000000
79570  25.810  7.261  -41.778 0.0000000000
60055  24.001  -12.910  -32.427 0.0000000000
118043  24.750  -12.606  -32.665 0.0000000000
60038  28.398  -12.341  -31.160 0.0000000000
59013  28.313  -13.223  -30.884 0.0000000000
56911  22.088  -15.419  -28.418 0.0000000000
55857  21.752  -15.879  -27.720 0.0000000000
54815  22.797  -17.048  -28.141 0.0000000000
55872  23.257  -16.613  -28.679 0.0000000000
56917  23.423  -15.392  -29.697 0.0000000000
56916  24.279  -15.925  -29.911 0.0000000000
66107  20.913  -6.696  -34.673 0.0000000000
65129  20.794  -7.514  -34.287 0.0000000000
65146  21.846  -7.616  -35.546 0.0000000000
71091  21.646  -0.851  -39.741 0.0000000000
71090  22.343  -1.718  -40.242 0.0000000000
128110  22.759  -1.619  -40.927 0.0000000000
71977  24.502  -0.858  -41.884 0.0000000000
70188  24.078  -1.848  -41.673 0.0000000000
71101  24.455  -1.631  -41.623 0.0000000000
70174  24.958  -2.205  -41.149 0.0000000000
71089  25.411  -1.388  -40.599 0.0000000000
119865  25.842  -0.726  -40.007 0.0000000000
71964  25.374  -0.438  -40.822 0.0000000000
135441  25.599  1.717  -40.727 0.0000000000
73860  25.940  1.615  -40.302 0.0000000000
74846  26.484  2.273  -39.884 0.0000000000
74857  26.256  2.958  -40.373 0.0000000000
81273  20.163  8.885  -41.351 0.0000000000
80448  19.656  8.250  -41.337 0.0000000000
79572  18.966  6.642  -42.274 0.0000000000
79571  19.398  7.318  -42.175 0.0000000000
80484  22.105  7.768  -44.060 0.0000000000
79584  20.798  6.885  -43.373 0.0000000000
79598  21.993  6.994  -44.386 0.0000000000
133758  25.980  -11.052  -34.427 0.0000000000
61154  25.777  -11.537  -33.757 0.0000000000
61168  26.652  -10.836  -33.822 0.0000000000
62102  27.907  -10.597  -32.589 0.0000000000
61138  28.357  -11.065  -31.922 0.0000000000
71063  20.485  -0.863  -37.129 0.0000000000
71942  20.234  0.041  -37.839 0.0000000000
71081  20.488  0.112  -38.495 0.0000000000
72889  19.892  1.796  -39.972 0.0000000000
71967  20.352  1.159  -39.615 0.0000000000
72888  20.533  1.465  -40.306 0.0000000000
72899  21.827  1.261  -41.498 0.0000000000
72900  20.768  1.895  -40.880 0.0000000000
53900  24.428  -18.310  -28.244 0.0000000000
53881  24.643  -18.591  -27.765 0.0000000000
53899  25.049  -18.133  -28.224 0.0000000000
53879  26.259  -17.958  -27.187 0.0000000000
67109  28.869  -5.268  -35.189 0.0000000000
60030  21.003  -12.378  -30.439 0.0000000000
60068  22.713  -12.071  -33.005 0.0000000000
117113  23.111  -11.710  -33.659 0.0000000000
63098  21.016  -9.271  -33.657 0.0000000000
62135  21.630  -9.790  -33.987 0.0000000000
62148  23.317  -9.819  -35.564 0.0000000000
62132  24.186  -11.074  -34.972 0.0000000000
61180  24.986  -11.038  -35.170 0.0000000000
62147  24.601  -10.607  -35.619 0.0000000000
63148  25.695  -9.031  -37.059 0.0000000000
62160  25.850  -9.540  -36.619 0.0000000000
63147  26.176  -9.112  -36.845 0.0000000000
64157  26.674  -8.741  -36.726 0.0000000000
131422  21.645  -5.114  -36.135 0.0000000000
130961  22.278  -5.553  -36.909 0.0000000000
66143  22.673  -6.458  -36.979 0.0000000000
66157  22.994  -5.842  -37.608 0.0000000000
68127  23.044  -4.119  -39.160 0.0000000000
68144  23.380  -3.967  -40.109 0.0000000000
67157  24.822  -5.806  -39.807 0.0000000000
66155  24.544  -6.330  -39.099 0.0000000000
136382  24.889  -6.842  -38.971 0.0000000000
65192  24.955  -7.333  -38.528 0.0000000000
65202  25.361  -6.856  -38.954 0.0000000000
67143  26.507  -5.919  -38.587 0.0000000000
66141  26.317  -6.692  -38.426 0.0000000000
66140  26.830  -6.186  -37.745 0.0000000000
66131  27.303  -6.427  -36.986 0.0000000000
126327  27.729  -5.797  -36.438 0.0000000000
127068  27.318  -5.581  -37.143 0.0000000000
125951  27.431  -3.127  -37.550 0.0000000000
69132  27.776  -3.532  -37.041 0.0000000000
69131  28.008  -3.024  -36.986 0.0000000000
70123  28.387  -2.598  -36.523 0.0000000000
126933  28.341  -1.722  -36.691 0.0000000000
71941  26.657  -0.337  -38.743 0.0000000000
71071  26.807  -1.180  -38.667 0.0000000000
78665  18.756  5.882  -42.414 0.0000000000
77759  18.873  5.076  -42.153 0.0000000000
75828  20.236  4.099  -41.945 0.0000000000
75830  19.059  4.078  -41.134 0.0000000000
75820  19.370  3.748  -41.278 0.0000000000
74868  19.546  3.128  -41.138 0.0000000000
74859  19.719  2.675  -40.662 0.0000000000
133895  19.984  3.016  -41.407 0.0000000000
74883  22.497  3.191  -42.976 0.0000000000
74875  21.760  3.228  -42.009 0.0000000000
73894  22.537  2.518  -42.966 0.0000000000
74882  23.392  2.606  -43.516 0.0000000000
123897  23.364  8.350  -47.562 0.0000000000
80505  23.747  7.655  -47.025 0.0000000000
79623  23.755  6.949  -46.502 0.0000000000
78701  24.085  7.000  -46.591 0.0000000000
79610  25.236  7.631  -44.457 0.0000000000
78695  24.691  6.766  -45.856 0.0000000000
78688  24.497  6.035  -45.634 0.0000000000
77778  24.273  5.092  -45.617 0.0000000000
77770  24.938  5.807  -44.781 0.0000000000
77764  25.472  5.706  -42.651 0.0000000000
76822  24.748  4.460  -43.876 0.0000000000
76823  24.662  3.887  -43.012 0.0000000000
76817  24.991  4.022  -41.796 0.0000000000
75816  25.001  3.301  -41.593 0.0000000000
121170  25.405  4.714  -41.550 0.0000000000
132248  26.252  5.249  -40.329 0.0000000000
77736  26.604  5.898  -39.973 0.0000000000
76811  26.706  5.097  -39.768 0.0000000000
77735  27.157  5.859  -39.256 0.0000000000
59003  22.807  -13.730  -30.873 0.0000000000
58011  23.641  -13.878  -31.100 0.0000000000
135297  24.742  -13.581  -31.541 0.0000000000
58010  24.548  -14.008  -31.109 0.0000000000
58009  25.248  -14.265  -30.843 0.0000000000
60053  26.467  -12.298  -32.138 0.0000000000
60054  25.529  -12.514  -32.452 0.0000000000
59001  26.851  -14.027  -30.702 0.0000000000
57998  26.452  -14.810  -30.506 0.0000000000
56910  22.842  -15.887  -29.012 0.0000000000
134195  23.548  -14.801  -30.218 0.0000000000
137279  22.045  -0.159  -40.961 0.0000000000
71103  22.829  -0.908  -41.405 0.0000000000
71116  23.116  -0.428  -42.016 0.0000000000
71990  24.240  -0.339  -42.281 0.0000000000
71989  24.657  -0.235  -41.882 0.0000000000
72898  25.074  0.252  -41.396 0.0000000000
115356  25.208  1.892  -41.275 0.0000000000
81272  20.916  9.264  -41.841 0.0000000000
79585  20.584  7.480  -42.779 0.0000000000
135695  21.747  7.858  -43.562 0.0000000000
63111  26.874  -9.802  -35.053 0.0000000000
62129  27.201  -10.057  -34.259 0.0000000000
63109  28.034  -9.432  -33.808 0.0000000000
72878  19.535  1.906  -39.631 0.0000000000
73863  19.904  2.139  -40.317 0.0000000000
54771  21.453  -17.241  -26.483 0.0000000000
53864  21.634  -18.162  -26.306 0.0000000000
52052  24.257  -20.081  -25.282 0.0000000000
117144  24.702  -19.624  -25.554 0.0000000000
52985  24.738  -19.236  -26.142 0.0000000000
54812  25.295  -17.622  -28.787 0.0000000000
119354  21.057  -11.192  -32.023 0.0000000000
61158  21.648  -11.131  -32.866 0.0000000000
64123  21.897  -8.751  -34.950 0.0000000000
63112  22.103  -9.489  -34.650 0.0000000000
63126  22.542  -9.217  -35.311 0.0000000000
62163  24.175  -10.068  -35.965 0.0000000000
62162  24.907  -10.178  -36.223 0.0000000000
117241  24.527  -9.676  -36.450 0.0000000000
63149  25.160  -8.904  -37.207 0.0000000000
64166  25.519  -8.360  -37.576 0.0000000000
68102  22.222  -4.288  -37.437 0.0000000000
68157  24.370  -4.121  -41.141 0.0000000000
68143  24.034  -4.496  -40.609 0.0000000000
68156  24.985  -4.401  -41.120 0.0000000000
119755  25.425  -5.016  -40.558 0.0000000000
67173  25.386  -5.322  -40.291 0.0000000000
67156  25.701  -5.789  -39.631 0.0000000000
67155  26.220  -5.441  -39.303 0.0000000000
68113  26.866  -4.607  -37.967 0.0000000000
68101  27.327  -4.765  -37.286 0.0000000000
69144  26.877  -3.828  -38.149 0.0000000000
70132  27.294  -2.246  -37.788 0.0000000000
73839  27.133  1.122  -38.670 0.0000000000
72867  27.161  0.295  -38.315 0.0000000000
129422  27.964  1.891  -37.689 0.0000000000
137180  20.141  5.673  -42.832 0.0000000000
77767  19.416  4.850  -42.066 0.0000000000
77766  19.908  5.239  -42.434 0.0000000000
76825  20.658  4.791  -42.339 0.0000000000
75827  20.555  4.071  -41.967 0.0000000000
74876  20.716  3.513  -41.786 0.0000000000
133884  23.149  4.101  -43.356 0.0000000000
114751  25.351  6.733  -44.013 0.0000000000
77758  25.522  5.426  -41.622 0.0000000000
78663  25.660  6.336  -41.737 0.0000000000
78662  26.194  6.911  -40.998 0.0000000000
60039  27.197  -12.381  -31.584 0.0000000000
117552  27.800  -12.521  -31.213 0.0000000000
59000  27.741  -14.089  -30.646 0.0000000000
55858  21.548  -16.472  -27.109 0.0000000000
54794  22.233  -17.392  -27.412 0.0000000000
53901  23.977  -18.035  -28.402 0.0000000000
54813  24.188  -17.507  -28.703 0.0000000000
55871  23.998  -16.961  -28.962 0.0000000000
54823  24.696  -17.284  -29.007 0.0000000000
134649  20.977  -8.693  -33.957 0.0000000000
64124  21.291  -8.248  -34.488 0.0000000000
64139  21.736  -8.098  -35.136 0.0000000000
70134  21.340  -1.931  -38.120 0.0000000000
69147  21.732  -2.892  -37.982 0.0000000000
70145  22.049  -2.565  -38.867 0.0000000000
70159  22.536  -2.518  -39.863 0.0000000000
69172  23.159  -3.183  -40.431 0.0000000000
71102  23.478  -1.978  -41.425 0.0000000000
70176  24.058  -2.778  -41.490 0.0000000000
69187  24.043  -3.482  -41.299 0.0000000000
135816  24.965  -3.073  -41.348 0.0000000000
69170  25.325  -3.083  -40.958 0.0000000000
127647  25.725  -3.023  -40.128 0.0000000000
70157  25.879  -2.273  -39.695 0.0000000000
71088  25.873  -1.550  -39.842 0.0000000000
71080  26.343  -0.961  -39.330 0.0000000000
71951  26.144  -0.127  -39.351 0.0000000000
72887  25.532  0.391  -40.683 0.0000000000
72876  26.249  0.640  -39.571 0.0000000000
73840  26.732  1.094  -39.239 0.0000000000
73850  27.030  1.831  -39.195 0.0000000000
74845  27.182  2.735  -39.290 0.0000000000
75792  27.063  3.557  -39.451 0.0000000000
119731  20.016  6.590  -42.914 0.0000000000
78676  19.665  5.927  -42.848 0.0000000000
78675  20.493  6.092  -43.264 0.0000000000
78683  22.151  6.351  -44.307 0.0000000000
78682  23.153  5.847  -44.836 0.0000000000
61155  24.777  -11.806  -33.998 0.0000000000
60065  25.177  -12.168  -33.205 0.0000000000
61140  26.811  -11.638  -32.609 0.0000000000
61152  27.152  -11.002  -32.985 0.0000000000
70125  20.887  -1.722  -37.318 0.0000000000
71072  21.238  -1.002  -38.778 0.0000000000
71953  20.267  0.918  -38.967 0.0000000000
71966  21.307  0.304  -40.153 0.0000000000
71978  22.397  0.129  -41.548 0.0000000000
73881  23.180  1.479  -42.948 0.0000000000
52998  24.213  -19.006  -27.465 0.0000000000
65144  28.319  -7.183  -35.343 0.0000000000
65127  28.682  -7.271  -34.779 0.0000000000
58002  22.471  -14.040  -30.181 0.0000000000
59019  22.233  -13.210  -31.092 0.0000000000
60042  22.348  -12.726  -31.819 0.0000000000
60058  21.688  -12.075  -31.861 0.0000000000
60056  23.122  -12.611  -32.514 0.0000000000
60067  23.480  -12.248  -33.222 0.0000000000
62117  21.072  -9.955  -33.261 0.0000000000
62116  21.825  -10.620  -33.540 0.0000000000
61172  22.702  -11.048  -34.064 0.0000000000
61171  23.561  -11.357  -34.328 0.0000000000
128167  24.237  -11.557  -34.395 0.0000000000
62131  25.687  -10.784  -35.077 0.0000000000
62161  25.572  -10.010  -36.263 0.0000000000
62145  26.153  -10.126  -35.703 0.0000000000
63125  26.793  -9.550  -35.704 0.0000000000
64137  27.190  -8.965  -36.009 0.0000000000
123108  27.597  -8.255  -35.735 0.0000000000
129721  21.167  -6.088  -35.124 0.0000000000
65179  23.024  -7.180  -37.119 0.0000000000
69146  22.399  -3.497  -38.552 0.0000000000
68115  22.677  -4.386  -38.221 0.0000000000
68126  23.668  -4.730  -39.758 0.0000000000
67144  23.216  -5.284  -38.312 0.0000000000
66156  23.742  -6.125  -38.393 0.0000000000
65178  23.756  -7.429  -37.527 0.0000000000
65177  24.544  -7.731  -37.921 0.0000000000
64177  25.138  -7.857  -38.054 0.0000000000
64176  26.021  -7.882  -37.742 0.0000000000
66171  25.829  -6.507  -39.066 0.0000000000
65176  26.316  -7.373  -37.887 0.0000000000
65161  26.672  -7.908  -37.228 0.0000000000
65160  27.282  -7.275  -36.741 0.0000000000
65145  27.774  -7.421  -35.892 0.0000000000
66119  28.182  -6.626  -35.657 0.0000000000
67111  28.069  -6.029  -35.912 0.0000000000
67125  28.265  -5.255  -35.860 0.0000000000
69122  27.778  -4.155  -36.795 0.0000000000
68087  28.271  -4.348  -36.142 0.0000000000
69107  28.732  -3.803  -35.749 0.0000000000
70133  26.734  -2.045  -38.473 0.0000000000
71070  27.256  -1.403  -37.985 0.0000000000
72858  27.724  0.052  -37.662 0.0000000000
121462  28.161  -1.081  -37.062 0.0000000000
76828  19.213  4.547  -41.674 0.0000000000
135778  20.023  2.478  -40.831 0.0000000000
128485  20.168  2.518  -41.027 0.0000000000
73883  20.829  3.023  -41.648 0.0000000000
73870  21.063  2.360  -41.445 0.0000000000
124332  22.656  1.958  -42.867 0.0000000000
73892  23.879  1.931  -43.436 0.0000000000
80492  22.718  8.222  -45.555 0.0000000000
122594  23.045  8.218  -46.774 0.0000000000
79611  23.396  6.733  -45.826 0.0000000000
78689  23.677  5.848  -45.733 0.0000000000
80504  24.698  7.823  -46.491 0.0000000000
78696  24.197  6.398  -46.187 0.0000000000
77782  23.970  5.460  -45.987 0.0000000000
77779  23.802  5.073  -45.673 0.0000000000
76840  23.927  4.603  -45.153 0.0000000000
75844  23.917  4.034  -44.419 0.0000000000
76831  24.927  5.097  -44.347 0.0000000000
75825  24.365  3.069  -43.451 0.0000000000
73880  24.315  1.757  -43.152 0.0000000000
74865  24.749  2.583  -41.831 0.0000000000
74858  25.538  2.893  -41.053 0.0000000000
77750  25.767  5.010  -40.887 0.0000000000
76812  25.623  4.251  -41.029 0.0000000000
75805  25.943  3.638  -40.629 0.0000000000
75804  26.547  3.641  -40.056 0.0000000000
76797  26.845  4.313  -39.607 0.0000000000
76783  27.378  4.263  -38.921 0.0000000000
79537  27.619  7.333  -39.530 0.0000000000
78633  27.916  6.656  -38.967 0.0000000000
121215  27.789  5.729  -38.617 0.0000000000
77717  27.700  4.966  -38.490 0.0000000000
58001  23.953  -14.497  -30.674 0.0000000000
56928  24.899  -15.473  -30.282 0.0000000000
56927  25.644  -15.765  -30.249 0.0000000000
60040  26.619  -12.793  -31.516 0.0000000000
59015  26.332  -13.422  -31.187 0.0000000000
129709  26.145  -15.412  -30.382 0.0000000000
55894  26.667  -16.495  -30.202 0.0000000000
125452  28.658  -7.961  -34.340 0.0000000000
64109  28.653  -8.608  -33.774 0.0000000000
65191  25.375  -7.381  -38.413 0.0000000000
66106  28.618  -6.587  -35.066 0.0000000000
66172  25.446  -6.256  -39.433 0.0000000000
66184  25.267  -5.777  -39.871 0.0000000000
67174  25.098  -5.379  -40.441 0.0000000000
67187  25.220  -4.975  -40.754 0.0000000000
68140  25.641  -4.634  -40.361 0.0000000000
68142  24.808  -4.817  -40.838 0.0000000000
69186  24.601  -3.488  -41.320 0.0000000000
69188  23.610  -2.979  -41.166 0.0000000000
71100  24.935  -1.196  -41.350 0.0000000000
71114  24.122  -1.019  -42.046 0.0000000000
72886  25.872  0.891  -40.186 0.0000000000
73871  20.247  2.805  -41.360 0.0000000000
73879  24.427  1.079  -42.600 0.0000000000
73893  23.289  1.898  -43.293 0.0000000000
74866  24.589  2.334  -43.040 0.0000000000
74867  20.138  3.172  -41.507 0.0000000000
75818  20.236  3.586  -41.702 0.0000000000
75829  19.453  4.122  -41.545 0.0000000000
75836  23.901  3.266  -43.764 0.0000000000
75838  22.654  4.002  -42.597 0.0000000000
76818  18.847  4.483  -41.181 0.0000000000
76826  20.202  4.654  -42.100 0.0000000000
77760  18.887  4.745  -41.685 0.0000000000
77765  20.650  5.464  -42.882 0.0000000000
78634  27.073  6.648  -39.554 0.0000000000
78666  18.657  5.337  -41.907 0.0000000000
79599  21.458  7.234  -43.851 0.0000000000
79622  24.524  7.177  -46.366 0.0000000000
79633  24.276  7.714  -46.955 0.0000000000
126188  26.601  -5.210  -38.529 0.0000000000
127952  23.271  -18.694  -27.610 0.0000000000
130077  25.578  -7.722  -38.026 0.0000000000
131119  19.705  7.179  -42.582 0.0000000000
133992  24.635  5.146  -44.934 0.0000000000
134098  21.631  -1.859  -38.780 0.0000000000
134903  26.013  -9.834  -36.272 0.0000000000
135601  26.241  -15.989  -30.274 0.0000000000
136259  25.256  5.143  -43.458 0.0000000000
