#!ascii label  , from subject sub-v1s19x0051307_ses-1 vox2ras=TkReg
1757
21402  35.862  -53.021  -16.934 0.6000000238
20537  37.058  -53.146  -16.656 0.5000000000
22304  35.127  -51.585  -16.688 0.6999999881
22305  34.546  -51.467  -17.172 0.6000000238
22314  34.049  -51.417  -17.844 0.6000000238
23122  34.050  -50.669  -18.282 0.6000000238
21391  36.359  -52.578  -16.504 0.6999999881
21392  35.452  -52.359  -16.755 0.6000000238
21393  34.815  -52.117  -17.026 0.5000000000
21404  34.291  -52.194  -17.526 0.5000000000
20557  34.025  -53.070  -17.912 0.5000000000
22315  33.676  -52.156  -18.198 0.6000000238
20554  36.603  -53.447  -17.234 0.5000000000
20555  35.662  -53.411  -17.466 0.6000000238
23138  33.795  -50.723  -19.169 0.6000000238
19695  37.222  -54.102  -17.504 0.5000000000
18842  37.264  -54.998  -16.625 0.5000000000
24768  35.362  -48.640  -17.130 0.6000000238
23940  34.807  -49.004  -17.948 0.6999999881
23100  35.909  -50.473  -16.080 0.6000000238
23101  35.366  -50.211  -16.444 0.6999999881
23111  34.821  -50.038  -17.011 0.6000000238
23941  34.464  -49.865  -17.870 0.6000000238
22293  36.238  -51.133  -15.981 0.6000000238
127904  35.855  -51.778  -16.320 0.6999999881
23137  34.234  -50.045  -18.842 0.6000000238
21390  37.225  -52.552  -16.154 0.5000000000
22303  36.691  -51.892  -16.007 0.5000000000
122763  34.228  -50.184  -19.808 0.6000000238
20553  37.149  -53.726  -17.070 0.5000000000
23151  33.781  -50.870  -20.088 0.6000000238
19685  37.543  -54.083  -16.639 0.5000000000
23164  33.923  -51.067  -21.038 0.6000000238
23162  35.089  -50.131  -22.240 0.6999999881
23163  34.513  -50.591  -21.690 0.6000000238
23174  34.761  -50.799  -22.710 0.6999999881
22355  34.127  -51.259  -22.032 0.6000000238
22365  34.379  -51.501  -23.073 0.6000000238
21491  34.477  -52.372  -24.839 0.6000000238
22372  34.072  -52.218  -23.662 0.6000000238
118543  32.001  -52.145  -25.464 0.5000000000
23193  31.309  -51.249  -24.164 0.6999999881
119834  31.265  -51.890  -24.815 0.6000000238
132237  30.654  -51.616  -24.168 0.8000000119
24776  35.277  -48.295  -18.087 0.6000000238
133306  35.425  -48.102  -18.941 0.6999999881
23928  36.027  -49.692  -16.054 0.6999999881
23929  35.346  -49.426  -16.656 0.6999999881
23951  34.569  -49.427  -18.601 0.6999999881
24777  34.978  -48.779  -18.989 0.6999999881
22292  37.062  -51.205  -15.705 0.6000000238
23916  36.953  -49.699  -15.735 0.6000000238
23974  35.153  -48.993  -20.135 0.8000000119
22291  37.960  -51.266  -15.600 0.5000000000
116907  35.328  -49.127  -20.992 0.8000000119
23975  34.799  -49.657  -20.616 0.6000000238
127501  38.378  -51.997  -15.622 0.5000000000
126972  37.538  -51.945  -15.767 0.5000000000
23986  35.261  -49.569  -21.591 0.8000000119
132920  37.963  -53.996  -16.139 0.5000000000
24003  35.578  -49.539  -22.584 0.8000000119
23987  34.798  -50.038  -21.393 0.6999999881
23190  35.325  -50.905  -24.683 0.6999999881
23173  35.483  -50.279  -23.621 0.6999999881
23205  35.442  -51.093  -25.667 0.6999999881
23189  35.703  -50.321  -25.196 0.6999999881
118901  34.971  -51.155  -23.823 0.6999999881
22409  35.110  -51.062  -26.492 0.6000000238
22371  34.971  -51.633  -25.014 0.6000000238
133974  34.570  -51.755  -24.039 0.6000000238
23214  34.199  -50.855  -26.370 0.6999999881
21510  34.597  -52.253  -25.963 0.6999999881
21501  34.683  -52.236  -25.651 0.6000000238
22386  32.540  -51.720  -25.567 0.6999999881
115483  33.677  -52.270  -26.224 0.6000000238
22373  31.999  -51.520  -24.827 0.8000000119
22398  32.877  -52.273  -25.980 0.6000000238
23176  31.112  -50.722  -23.333 0.8999999762
23194  29.974  -51.043  -23.773 0.6999999881
25588  35.792  -47.530  -18.325 0.6000000238
25597  35.833  -47.653  -19.502 0.6999999881
26403  36.713  -46.515  -19.688 0.6999999881
25578  35.703  -47.902  -17.422 0.6000000238
25596  36.339  -47.211  -20.128 0.6000000238
24755  37.601  -48.256  -16.157 0.4000000060
24756  36.693  -48.414  -16.199 0.6000000238
24767  36.087  -48.032  -16.721 0.6000000238
24786  35.496  -48.336  -19.830 0.6999999881
23927  37.303  -48.986  -15.843 0.6000000238
25609  35.926  -47.871  -20.476 0.8000000119
23087  39.387  -50.249  -15.728 0.4000000060
23088  38.544  -50.526  -15.605 0.5000000000
23915  37.891  -49.700  -15.678 0.6000000238
24800  36.005  -48.086  -21.392 0.8000000119
129956  38.737  -51.347  -15.559 0.5000000000
24815  35.736  -48.873  -21.784 0.8000000119
21377  38.745  -52.728  -15.640 0.4000000060
124114  35.870  -49.449  -23.535 0.8000000119
20520  39.072  -53.495  -15.634 0.5000000000
24017  35.963  -49.580  -24.622 0.8000000119
24855  35.489  -48.776  -26.058 0.8000000119
24025  36.050  -49.602  -25.803 0.6999999881
24838  36.294  -48.850  -24.179 0.8000000119
24027  34.360  -50.037  -26.239 0.8000000119
24033  35.728  -49.431  -26.186 0.6999999881
119440  33.973  -49.910  -25.041 0.8999999762
23206  33.600  -50.649  -25.674 0.8999999762
23222  35.210  -50.179  -26.491 0.6999999881
22410  34.788  -51.071  -26.548 0.6999999881
22385  33.356  -51.499  -26.060 0.6000000238
23175  31.806  -50.749  -23.326 0.8999999762
23192  32.267  -50.906  -24.057 0.8999999762
24020  29.669  -49.377  -23.939 0.8000000119
124969  29.514  -50.073  -23.679 0.8000000119
23177  30.217  -50.572  -23.821 0.8000000119
25587  36.289  -47.044  -19.099 0.6999999881
128698  37.048  -46.047  -20.184 0.6000000238
121320  36.353  -46.920  -18.161 0.6000000238
26391  36.775  -46.442  -18.611 0.5000000000
26416  36.770  -46.578  -20.845 0.6999999881
25575  38.581  -46.884  -16.762 0.4000000060
135616  37.458  -47.123  -16.623 0.5000000000
25576  37.122  -46.837  -16.893 0.6000000238
25608  36.373  -47.413  -21.080 0.6999999881
24754  38.503  -48.279  -16.330 0.5000000000
25623  36.409  -47.617  -21.887 0.6999999881
23939  39.740  -48.990  -16.666 0.5000000000
23926  38.203  -48.963  -15.930 0.6000000238
23098  40.686  -50.189  -16.401 0.4000000060
23099  39.834  -49.657  -16.148 0.4000000060
25638  36.714  -47.028  -24.527 0.8000000119
24828  36.496  -48.083  -23.636 0.8000000119
22302  40.883  -50.968  -15.994 0.4000000060
24837  36.482  -48.028  -25.001 0.8000000119
24829  36.026  -48.865  -22.953 0.8000000119
21376  39.645  -52.766  -15.545 0.3000000119
24848  35.047  -48.288  -25.440 0.8000000119
24847  35.733  -47.873  -25.904 0.8000000119
24846  36.217  -48.190  -25.911 0.8000000119
24853  36.028  -48.520  -26.162 0.8000000119
24840  34.030  -48.951  -23.309 0.8999999762
24026  34.720  -49.217  -25.816 0.8999999762
24004  33.221  -49.593  -22.510 0.8999999762
24019  33.572  -49.793  -23.692 0.8999999762
24005  32.567  -50.341  -23.012 0.8999999762
24021  29.049  -49.390  -23.749 0.8000000119
23165  31.665  -50.385  -22.505 0.8999999762
23166  30.877  -50.283  -22.761 0.8999999762
130118  30.026  -49.430  -24.027 0.8000000119
26402  37.313  -45.827  -19.169 0.6000000238
26415  37.205  -45.890  -20.940 0.6000000238
27298  37.839  -45.490  -18.366 0.6000000238
26379  39.230  -46.413  -17.253 0.4000000060
26380  38.342  -46.239  -17.138 0.4000000060
26381  37.542  -46.289  -17.301 0.4000000060
26382  36.857  -46.555  -17.641 0.5000000000
26428  36.710  -46.915  -21.895 0.6999999881
25574  39.249  -47.154  -16.952 0.4000000060
128497  40.118  -47.992  -17.520 0.5000000000
126770  39.561  -47.826  -17.073 0.4000000060
25631  36.689  -47.295  -22.947 0.6999999881
24765  40.536  -48.552  -17.720 0.5000000000
26452  36.746  -45.989  -25.020 0.8000000119
25640  35.399  -47.288  -25.102 0.8000000119
25647  36.297  -47.201  -25.590 0.8000000119
24839  34.592  -48.107  -24.252 0.8000000119
24831  33.691  -48.791  -22.264 0.8999999762
24018  34.312  -49.024  -24.591 0.8999999762
23988  32.996  -49.269  -21.675 0.8999999762
23989  32.289  -49.798  -21.798 0.8999999762
23990  31.357  -49.888  -21.792 1.0000000000
24849  29.650  -48.166  -24.281 0.8000000119
23991  30.817  -49.767  -22.205 1.0000000000
24841  29.862  -48.799  -24.133 0.8000000119
24820  30.574  -49.204  -22.239 1.0000000000
24006  30.334  -49.779  -23.576 0.8000000119
24832  30.219  -49.001  -23.780 0.8000000119
27311  37.538  -45.486  -20.218 0.6000000238
27324  37.622  -45.295  -21.338 0.6000000238
123469  38.144  -45.037  -19.178 0.6000000238
27336  37.788  -45.029  -22.468 0.6999999881
27286  39.545  -45.731  -17.655 0.4000000060
27287  38.804  -45.668  -17.581 0.4000000060
27288  38.014  -45.714  -17.682 0.4000000060
25573  39.932  -47.193  -17.454 0.4000000060
26435  37.239  -45.983  -23.207 0.6999999881
25586  40.609  -47.756  -18.046 0.5000000000
26389  40.753  -46.248  -18.205 0.4000000060
26436  37.014  -46.423  -23.733 0.8000000119
116203  36.294  -46.480  -25.239 0.8000000119
26451  37.062  -45.664  -24.436 0.8000000119
26447  35.297  -46.675  -24.234 0.8000000119
25639  35.884  -46.320  -25.073 0.8000000119
137038  34.486  -47.525  -22.653 0.8000000119
25632  34.786  -47.345  -23.742 0.8000000119
24830  34.332  -48.158  -22.983 0.8999999762
24818  32.519  -49.109  -21.041 0.8999999762
24802  32.890  -48.420  -20.602 0.8999999762
23976  31.774  -49.363  -21.063 1.0000000000
24804  31.388  -48.824  -20.728 1.0000000000
129792  30.838  -48.849  -21.196 1.0000000000
25641  30.191  -48.261  -23.955 0.8000000119
24842  29.170  -48.678  -24.048 0.8000000119
124533  30.588  -48.361  -21.600 1.0000000000
124864  30.388  -48.389  -22.917 0.8000000119
28152  38.815  -44.214  -19.750 0.6000000238
27323  38.052  -44.775  -20.506 0.6000000238
28189  37.643  -44.683  -23.230 0.6999999881
28137  40.643  -44.738  -18.650 0.4000000060
28138  39.840  -44.597  -18.509 0.5000000000
28139  39.018  -44.626  -18.680 0.5000000000
27341  37.497  -45.378  -23.252 0.8000000119
26378  40.071  -46.266  -17.675 0.4000000060
27348  37.328  -45.203  -23.854 0.8000000119
27322  42.222  -45.625  -20.077 0.4000000060
27310  41.632  -45.672  -19.321 0.4000000060
120560  36.124  -45.685  -24.464 0.8000000119
27357  36.685  -45.642  -24.583 0.8000000119
26446  35.534  -46.012  -23.908 0.8000000119
26438  34.907  -46.700  -22.853 0.8000000119
24817  33.321  -48.656  -21.358 0.8999999762
25610  34.058  -47.295  -20.845 0.8000000119
24803  32.122  -48.680  -20.522 1.0000000000
25612  32.514  -47.940  -20.072 1.0000000000
119429  30.468  -46.777  -21.718 1.0000000000
134276  30.325  -47.555  -23.533 0.8999999762
25642  28.974  -48.053  -24.213 0.8000000119
25650  29.406  -47.512  -24.295 0.8999999762
25633  30.436  -47.593  -22.258 1.0000000000
118871  30.400  -46.768  -22.968 1.0000000000
126234  30.251  -46.758  -23.963 1.0000000000
26430  30.489  -45.879  -21.250 1.0000000000
115160  30.499  -44.869  -21.464 1.0000000000
132610  30.490  -45.311  -22.163 1.0000000000
28180  30.488  -44.650  -22.528 1.0000000000
126813  30.483  -44.004  -21.822 1.0000000000
116327  38.577  -43.743  -21.580 0.6999999881
123645  38.305  -44.117  -21.896 0.6999999881
28176  38.306  -43.741  -22.293 0.6999999881
29028  39.053  -43.532  -20.696 0.6000000238
28177  38.032  -44.330  -22.511 0.6999999881
28151  39.615  -44.065  -19.116 0.6000000238
28150  40.376  -44.085  -19.000 0.5000000000
29077  37.367  -44.248  -23.229 0.8000000119
27309  42.194  -44.621  -20.067 0.4000000060
28198  37.326  -44.737  -23.694 0.8000000119
28200  36.333  -44.761  -23.293 0.8000000119
27342  35.817  -45.295  -23.375 0.8000000119
26429  35.037  -46.183  -22.089 0.8000000119
26437  35.313  -45.920  -22.849 0.8000000119
25624  34.343  -47.380  -21.813 0.6999999881
25611  33.303  -47.744  -20.291 0.8999999762
26418  33.675  -47.176  -20.075 0.8000000119
25598  33.010  -47.333  -19.667 1.0000000000
25613  31.725  -48.002  -20.166 1.0000000000
25599  32.289  -47.326  -19.611 1.0000000000
26406  32.062  -46.626  -19.217 1.0000000000
129263  31.052  -47.479  -20.287 1.0000000000
26407  31.387  -46.396  -19.567 1.0000000000
131729  31.080  -46.824  -20.026 1.0000000000
27327  30.615  -45.245  -20.474 1.0000000000
117980  30.379  -45.966  -23.594 1.0000000000
123614  29.944  -46.813  -24.303 1.0000000000
26439  30.480  -45.993  -22.476 1.0000000000
27343  30.471  -45.278  -23.107 1.0000000000
28192  30.495  -43.936  -23.013 1.0000000000
29054  38.783  -43.229  -21.899 0.6999999881
28188  37.870  -43.964  -22.819 0.6999999881
29898  40.212  -42.531  -20.712 0.5000000000
29053  39.429  -42.811  -21.146 0.6999999881
29027  39.501  -43.667  -19.774 0.6000000238
29025  40.993  -43.574  -19.477 0.5000000000
29026  40.169  -43.536  -19.523 0.5000000000
29068  36.989  -43.826  -22.910 0.8000000119
28190  36.513  -44.277  -22.821 0.8000000119
28191  35.922  -44.744  -22.575 0.6999999881
27337  35.393  -45.461  -22.084 0.8000000119
26417  34.326  -46.633  -20.420 0.6999999881
27326  34.950  -46.093  -21.207 0.6999999881
26404  33.601  -46.696  -19.478 0.8999999762
27300  34.261  -45.507  -18.579 0.8000000119
28142  34.640  -44.841  -18.110 0.8000000119
29012  34.696  -43.644  -17.345 0.8000000119
26393  33.248  -46.293  -18.906 0.8999999762
27301  33.417  -45.716  -18.562 0.8000000119
28143  33.649  -44.933  -18.124 0.8000000119
27302  32.579  -45.983  -18.755 1.0000000000
127812  32.884  -45.271  -18.397 0.8999999762
123736  33.504  -44.222  -17.871 0.8999999762
29013  33.847  -43.666  -17.575 0.8000000119
28145  32.155  -45.144  -18.601 1.0000000000
27315  31.025  -45.551  -19.656 1.0000000000
115465  30.774  -46.128  -20.212 1.0000000000
29032  30.870  -44.119  -19.752 1.0000000000
28168  30.575  -44.246  -20.645 1.0000000000
29069  30.505  -43.213  -23.539 1.0000000000
29045  30.759  -42.850  -20.144 1.0000000000
29046  30.506  -43.215  -21.078 1.0000000000
29902  30.653  -42.297  -20.792 1.0000000000
29916  30.502  -42.405  -21.735 1.0000000000
29913  39.602  -42.184  -21.646 0.6999999881
29914  38.839  -42.590  -22.120 0.6999999881
29066  38.126  -43.112  -22.395 0.6999999881
29928  37.477  -42.411  -22.274 0.6999999881
29912  40.469  -41.942  -21.287 0.6000000238
29067  37.479  -43.533  -22.614 0.6999999881
29897  41.000  -42.426  -20.589 0.5000000000
29055  37.067  -43.105  -22.273 0.6999999881
29056  36.574  -43.688  -22.161 0.8000000119
28179  35.714  -44.781  -21.590 0.6999999881
28178  36.150  -44.320  -22.098 0.6999999881
28167  35.705  -44.771  -20.527 0.6999999881
27325  35.309  -45.440  -20.883 0.6999999881
130774  34.278  -46.279  -19.660 0.6999999881
27313  34.811  -45.960  -20.223 0.6999999881
28141  35.453  -44.569  -18.266 0.8000000119
28129  35.840  -43.950  -17.727 0.8000000119
126478  36.018  -42.710  -16.951 0.8000000119
28130  35.084  -44.205  -17.604 0.8000000119
29876  35.123  -42.957  -17.000 0.8000000119
28144  32.755  -44.446  -18.242 1.0000000000
29019  33.080  -43.654  -17.984 0.8999999762
29877  34.228  -42.984  -17.290 0.8000000119
125424  32.705  -42.982  -18.208 1.0000000000
125971  33.722  -42.214  -17.481 0.8000000119
28155  31.344  -44.815  -19.194 1.0000000000
124404  31.874  -44.250  -18.673 1.0000000000
29031  31.046  -43.418  -19.582 1.0000000000
29901  31.050  -42.051  -19.985 1.0000000000
30763  30.829  -41.532  -20.573 1.0000000000
30764  30.609  -41.775  -21.282 1.0000000000
29929  30.506  -42.418  -22.882 1.0000000000
30781  30.659  -41.084  -21.196 1.0000000000
29926  38.682  -41.953  -22.314 0.6999999881
29927  38.148  -42.332  -22.402 0.6999999881
29915  37.034  -42.268  -21.993 0.6000000238
29900  36.803  -43.002  -21.720 0.6999999881
119022  36.456  -43.592  -21.076 0.6999999881
120855  36.177  -44.183  -20.269 0.6999999881
28154  35.762  -44.669  -19.327 0.6999999881
29018  36.522  -43.526  -17.963 0.8000000119
27312  35.267  -45.372  -19.797 0.6999999881
30728  36.510  -41.968  -16.904 0.8000000119
30737  35.917  -41.816  -16.727 0.8000000119
30739  34.184  -41.471  -17.263 0.8000000119
29884  32.804  -42.163  -18.149 0.8000000119
31631  33.794  -40.616  -17.618 0.8000000119
29885  32.004  -42.625  -18.669 1.0000000000
30747  32.537  -41.226  -18.452 1.0000000000
30746  33.301  -41.363  -17.832 0.6999999881
29890  32.124  -41.799  -18.685 1.0000000000
31640  33.024  -40.527  -18.263 0.8999999762
30753  31.879  -41.131  -19.045 1.0000000000
30754  31.308  -41.155  -19.840 1.0000000000
31650  31.757  -40.386  -19.492 1.0000000000
116912  30.357  -43.224  -24.384 1.0000000000
126264  30.936  -40.853  -20.506 1.0000000000
30782  30.526  -41.541  -22.170 1.0000000000
29946  30.517  -42.491  -24.051 1.0000000000
29899  37.000  -42.401  -21.340 0.6000000238
29043  36.807  -43.041  -20.686 0.6999999881
28153  36.313  -44.114  -19.369 0.6999999881
29044  36.567  -43.627  -19.964 0.6999999881
28140  36.159  -44.166  -18.518 0.6999999881
29017  36.921  -43.146  -18.591 0.8000000119
29875  36.828  -42.421  -17.288 0.6999999881
30736  37.203  -41.649  -17.192 0.6999999881
121817  36.241  -40.188  -16.763 0.6999999881
117590  35.299  -40.014  -17.001 0.6999999881
124385  33.479  -39.911  -18.080 0.8000000119
32574  34.297  -39.765  -17.549 0.6999999881
31641  32.310  -40.432  -18.835 0.8999999762
124384  32.170  -39.790  -19.249 1.0000000000
30817  30.403  -41.757  -24.512 1.0000000000
32603  31.738  -39.568  -19.887 1.0000000000
31708  30.502  -40.843  -22.902 1.0000000000
132203  30.999  -39.499  -20.934 1.0000000000
30801  37.213  -41.446  -22.182 0.6000000238
30780  37.119  -41.619  -21.778 0.6000000238
30762  37.369  -41.843  -20.775 0.6000000238
29889  37.290  -42.526  -20.143 0.6000000238
29881  37.416  -42.549  -18.833 0.6000000238
30745  37.987  -41.798  -18.519 0.6999999881
30735  37.971  -41.286  -17.700 0.6999999881
32572  37.709  -39.886  -17.160 0.6999999881
124569  36.979  -40.288  -16.856 0.6999999881
129454  37.634  -39.073  -17.204 0.6999999881
33515  37.179  -38.550  -17.220 0.6999999881
33516  36.382  -38.643  -17.220 0.6999999881
42050  41.721  -29.405  -25.988 0.3000000119
33518  34.857  -38.465  -17.716 0.6999999881
33517  35.578  -38.603  -17.403 0.6999999881
43011  41.713  -28.913  -26.651 0.3000000119
33529  34.186  -38.348  -18.240 0.8000000119
29930  28.494  -42.898  -23.276 0.8999999762
32589  32.820  -39.634  -18.703 1.0000000000
29088  29.875  -43.050  -24.720 1.0000000000
29959  30.224  -42.474  -24.736 1.0000000000
29960  30.057  -42.274  -25.000 1.0000000000
32618  31.935  -38.805  -19.974 1.0000000000
32636  30.955  -38.916  -21.258 1.0000000000
31686  30.582  -40.583  -21.879 1.0000000000
30802  30.520  -41.677  -23.464 1.0000000000
32637  30.697  -39.667  -21.716 1.0000000000
118657  37.146  -40.719  -22.551 0.6000000238
31685  37.092  -40.886  -22.143 0.6000000238
31684  37.366  -40.482  -21.734 0.6000000238
31662  37.363  -41.142  -21.309 0.6000000238
32617  38.247  -40.135  -21.116 0.6000000238
31649  39.084  -40.360  -19.948 0.6999999881
117650  38.576  -40.965  -19.744 0.6999999881
30761  37.955  -41.374  -20.214 0.6000000238
31638  38.965  -40.699  -18.862 0.6999999881
120127  40.803  -36.633  -23.904 0.3000000119
30744  38.434  -41.178  -18.399 0.6999999881
32571  38.572  -39.923  -17.588 0.6999999881
123714  38.361  -39.140  -17.406 0.6999999881
123394  42.446  -31.113  -24.260 0.3000000119
41098  42.626  -30.340  -24.371 0.4000000060
42049  42.250  -29.435  -25.270 0.4000000060
42984  42.747  -28.928  -24.800 0.4000000060
29948  28.035  -42.038  -22.949 0.6999999881
46395  43.717  -25.547  -26.723 0.3000000119
42996  42.400  -28.642  -25.586 0.3000000119
34501  35.484  -37.333  -17.891 0.6999999881
29947  28.732  -42.182  -23.840 0.8999999762
45243  43.394  -26.278  -26.340 0.3000000119
42995  42.839  -27.860  -25.348 0.3000000119
29961  29.535  -42.269  -24.620 0.8999999762
44097  43.078  -26.923  -26.085 0.3000000119
122988  43.271  -27.503  -24.718 0.3000000119
33530  33.514  -38.241  -18.801 0.8000000119
34522  32.780  -37.681  -19.726 1.0000000000
33560  31.830  -38.235  -20.339 1.0000000000
115164  30.503  -40.175  -23.471 1.0000000000
31720  30.469  -40.959  -24.065 1.0000000000
32619  31.441  -39.000  -20.530 1.0000000000
125990  30.550  -40.133  -22.524 1.0000000000
33573  30.901  -38.212  -21.723 1.0000000000
32645  30.679  -38.927  -21.978 1.0000000000
32616  39.321  -39.701  -20.566 0.6999999881
34582  40.005  -37.026  -24.460 0.3000000119
34572  40.336  -37.383  -23.493 0.4000000060
32600  39.779  -39.708  -19.735 0.6999999881
32585  39.713  -39.980  -19.015 0.6999999881
32586  39.233  -39.994  -18.187 0.6999999881
35518  41.458  -36.102  -23.386 0.4000000060
32570  39.167  -39.210  -17.750 0.6999999881
36430  41.501  -35.212  -23.819 0.3000000119
131156  41.745  -36.259  -22.522 0.5000000000
34482  39.433  -37.674  -17.783 0.6999999881
131046  41.984  -35.585  -22.763 0.5000000000
34483  38.645  -37.561  -17.543 0.6999999881
38376  42.252  -33.165  -23.498 0.4000000060
125062  42.677  -33.814  -21.903 0.6000000238
115190  42.792  -33.115  -21.873 0.5000000000
136676  37.356  -37.880  -17.368 0.6999999881
40199  42.456  -31.750  -23.943 0.3000000119
34485  37.047  -37.289  -17.513 0.6999999881
129511  43.315  -26.309  -22.061 0.4000000060
40176  43.300  -31.452  -22.393 0.4000000060
127419  36.302  -37.309  -17.629 0.6999999881
46356  43.740  -25.713  -23.775 0.4000000060
41087  43.085  -30.712  -23.562 0.4000000060
42026  43.237  -29.773  -23.729 0.4000000060
29931  27.783  -42.573  -22.477 0.6000000238
47640  44.132  -24.851  -26.245 0.3000000119
135430  43.692  -25.890  -25.005 0.3000000119
46369  43.864  -25.360  -24.616 0.4000000060
42036  43.296  -28.819  -24.016 0.4000000060
119614  43.541  -30.061  -22.821 0.4000000060
34502  34.767  -37.791  -18.074 0.6999999881
35463  36.162  -36.049  -18.189 0.6999999881
45205  43.646  -26.490  -23.565 0.4000000060
114686  43.558  -29.119  -23.106 0.4000000060
42016  43.579  -29.881  -21.923 0.4000000060
34503  34.094  -37.606  -18.670 0.8000000119
45229  43.463  -26.425  -25.390 0.3000000119
114420  43.477  -27.860  -24.013 0.3000000119
42972  43.603  -28.209  -23.230 0.4000000060
35478  34.105  -36.827  -19.066 0.8000000119
30822  30.160  -41.728  -25.062 1.0000000000
34521  33.419  -37.446  -19.329 0.8999999762
34535  32.987  -37.022  -19.980 1.0000000000
32646  30.561  -39.397  -22.785 1.0000000000
34545  31.421  -37.390  -21.397 1.0000000000
33561  31.350  -38.228  -20.953 1.0000000000
34537  31.749  -37.679  -20.717 1.0000000000
33584  30.645  -38.477  -22.617 1.0000000000
33585  30.539  -38.852  -23.556 1.0000000000
34559  30.872  -37.474  -22.464 1.0000000000
33599  30.615  -38.041  -23.428 1.0000000000
32633  38.531  -39.513  -21.591 0.6000000238
33559  39.725  -39.130  -21.048 0.6000000238
32615  40.134  -39.241  -20.128 0.6999999881
33582  39.897  -38.327  -22.299 0.5000000000
34543  40.815  -37.873  -21.747 0.6000000238
32599  40.247  -39.208  -19.264 0.6999999881
35508  41.227  -36.910  -22.856 0.5000000000
34556  41.208  -37.300  -22.083 0.4000000060
126235  39.813  -39.262  -18.415 0.6999999881
34542  41.387  -37.249  -21.329 0.6000000238
34499  40.730  -37.812  -19.030 0.6999999881
122257  42.096  -35.910  -21.742 0.6000000238
34500  40.121  -37.775  -18.284 0.6999999881
36421  42.394  -35.069  -22.111 0.6000000238
36407  42.370  -35.147  -21.174 0.6000000238
35461  39.875  -37.012  -18.035 0.6999999881
35447  39.149  -36.871  -17.688 0.6999999881
37408  42.557  -34.422  -21.578 0.5000000000
38359  42.699  -33.655  -21.164 0.6000000238
36385  41.870  -34.864  -19.658 0.6000000238
35448  38.322  -36.755  -17.595 0.6000000238
128134  42.449  -26.794  -20.677 0.4000000060
40186  43.008  -31.491  -23.209 0.4000000060
39264  42.873  -32.768  -21.189 0.4000000060
38347  42.472  -33.721  -20.309 0.5000000000
37389  41.635  -34.228  -19.382 0.6000000238
36362  38.814  -36.089  -17.714 0.6999999881
45172  42.895  -26.373  -21.376 0.4000000060
39253  43.069  -31.950  -21.060 0.5000000000
36363  37.950  -36.017  -17.756 0.6999999881
45189  43.571  -26.650  -22.702 0.4000000060
44026  42.994  -27.352  -21.153 0.5000000000
40166  43.379  -31.346  -21.623 0.4000000060
40153  43.204  -31.135  -20.855 0.4000000060
35462  37.083  -35.992  -17.888 0.6999999881
30824  29.042  -41.548  -24.372 0.8999999762
30818  28.236  -41.437  -23.537 0.6999999881
44070  43.560  -27.044  -24.119 0.4000000060
42002  43.372  -29.749  -21.138 0.4000000060
124914  35.372  -35.863  -18.743 0.6999999881
35464  35.418  -36.563  -18.337 0.6999999881
44043  43.595  -27.602  -22.519 0.4000000060
31732  30.010  -41.075  -25.276 0.8999999762
35479  33.631  -36.558  -19.685 0.8999999762
129167  30.114  -41.210  -25.195 0.8999999762
31731  30.305  -41.082  -24.965 1.0000000000
35487  32.551  -36.704  -20.596 1.0000000000
122621  30.370  -40.159  -24.667 1.0000000000
35494  32.018  -36.470  -21.366 1.0000000000
32660  30.494  -39.555  -23.843 1.0000000000
114468  30.415  -39.181  -24.538 1.0000000000
133498  32.185  -35.035  -23.279 0.8999999762
36423  32.284  -35.333  -22.575 1.0000000000
35509  31.756  -36.031  -22.291 1.0000000000
34575  30.765  -37.232  -23.569 1.0000000000
36432  31.602  -35.741  -23.378 1.0000000000
35519  31.022  -36.520  -24.038 0.8999999762
36439  31.842  -35.098  -24.120 0.8999999762
33558  40.484  -38.642  -20.483 0.6000000238
34534  41.056  -37.923  -20.722 0.6999999881
117067  40.859  -38.223  -19.836 0.6999999881
34533  41.495  -37.092  -20.471 0.6999999881
35476  41.039  -36.870  -19.085 0.6999999881
35492  41.777  -36.541  -21.053 0.6000000238
35484  41.743  -36.410  -20.190 0.6000000238
123439  40.462  -37.182  -18.540 0.6999999881
35475  41.420  -36.326  -19.520 0.6999999881
36387  41.014  -35.827  -18.883 0.6000000238
36373  40.108  -35.580  -18.279 0.6000000238
46326  42.546  -25.406  -21.187 0.3000000119
36394  42.229  -35.068  -20.254 0.6000000238
36374  39.259  -35.420  -17.952 0.6000000238
122870  41.824  -27.027  -20.129 0.4000000060
45151  41.232  -26.519  -19.979 0.4000000060
121598  42.415  -33.011  -19.991 0.6000000238
37377  40.984  -34.128  -18.801 0.6000000238
126809  41.824  -32.803  -19.474 0.5000000000
36375  38.414  -35.359  -17.933 0.6000000238
39246  42.292  -32.221  -19.840 0.4000000060
37379  38.817  -34.661  -18.141 0.6000000238
41970  41.210  -29.271  -19.531 0.5000000000
41989  42.568  -30.048  -20.175 0.4000000060
41057  43.126  -30.341  -20.705 0.4000000060
37380  37.970  -34.687  -18.247 0.6000000238
131020  41.958  -28.652  -19.848 0.5000000000
41988  43.072  -29.085  -20.801 0.4000000060
37382  36.457  -34.802  -18.726 0.6000000238
41990  42.541  -29.280  -20.231 0.4000000060
41042  42.043  -30.527  -19.684 0.4000000060
36389  34.577  -35.437  -19.756 0.8999999762
133754  34.830  -35.799  -19.241 0.8000000119
31733  29.412  -40.939  -24.871 0.8999999762
31749  30.089  -40.478  -25.211 0.8999999762
32678  30.136  -39.468  -25.204 0.8999999762
35493  32.814  -35.939  -20.980 1.0000000000
129876  30.508  -38.471  -24.217 1.0000000000
34576  30.560  -37.808  -24.337 0.8999999762
36440  31.279  -35.858  -24.696 1.0000000000
37436  32.079  -34.512  -24.676 1.0000000000
37437  31.539  -35.204  -25.249 0.8999999762
34519  41.205  -37.488  -19.787 0.6999999881
47599  42.822  -24.230  -21.938 0.3000000119
46306  41.904  -25.494  -20.615 0.3000000119
45139  40.651  -26.922  -19.753 0.3000000119
125335  40.120  -34.008  -18.482 0.6000000238
43989  40.861  -27.616  -19.640 0.5000000000
42911  39.521  -28.604  -19.565 0.4000000060
39236  41.146  -32.556  -18.927 0.5000000000
115559  41.632  -31.958  -19.353 0.5000000000
121571  39.218  -33.946  -18.333 0.5000000000
42909  41.062  -28.398  -19.586 0.5000000000
40140  41.482  -31.102  -19.270 0.5000000000
39237  40.304  -32.279  -18.620 0.5000000000
113660  40.085  -29.739  -19.316 0.5000000000
40122  40.382  -31.477  -18.724 0.5000000000
37381  37.150  -34.741  -18.453 0.6000000238
41043  41.226  -30.204  -19.365 0.5000000000
37390  36.707  -34.140  -18.889 0.6999999881
41045  39.536  -30.235  -19.207 0.5000000000
40142  39.164  -31.039  -18.875 0.5000000000
37391  35.843  -34.536  -19.327 0.6000000238
35485  33.910  -35.801  -20.061 0.8999999762
36397  33.547  -35.533  -20.715 0.8999999762
35486  33.251  -36.262  -20.338 0.8999999762
37429  33.202  -34.242  -23.033 0.8999999762
37419  33.445  -34.398  -22.400 0.8999999762
114954  32.492  -35.639  -21.748 0.8999999762
33609  30.299  -38.467  -25.015 0.8999999762
34586  30.669  -37.133  -24.480 0.8999999762
37430  32.585  -34.444  -23.661 0.8000000119
38385  32.718  -33.826  -24.336 0.6999999881
34587  30.376  -37.497  -25.071 0.8999999762
35526  30.675  -36.601  -25.148 0.8999999762
48787  42.517  -23.396  -21.868 0.3000000119
46307  41.269  -24.912  -20.501 0.3000000119
46308  40.367  -25.207  -20.314 0.4000000060
47568  40.637  -24.328  -20.551 0.3000000119
45140  39.716  -26.794  -19.874 0.3000000119
120345  39.591  -25.865  -20.231 0.4000000060
43991  39.434  -27.720  -19.717 0.4000000060
116825  38.916  -29.791  -19.457 0.5000000000
41973  38.718  -29.043  -19.688 0.4000000060
39238  39.475  -32.290  -18.549 0.5000000000
122362  38.299  -33.897  -18.420 0.5000000000
41046  38.620  -30.459  -19.332 0.5000000000
40123  39.712  -31.624  -18.645 0.5000000000
131458  37.471  -34.123  -18.566 0.5000000000
39247  38.154  -32.235  -18.815 0.5000000000
134499  37.138  -33.792  -18.796 0.5000000000
125325  37.579  -31.960  -19.279 0.5000000000
38341  36.896  -33.455  -19.133 0.5000000000
40145  36.917  -32.183  -19.786 0.5000000000
37399  35.515  -33.981  -20.153 0.6000000238
37392  35.033  -34.728  -19.960 0.6000000238
38349  35.299  -33.522  -20.879 0.6999999881
37400  34.850  -34.233  -20.695 0.6999999881
36396  34.288  -35.014  -20.508 0.6999999881
38350  34.737  -33.784  -21.398 0.6999999881
37409  34.258  -34.428  -21.236 0.8000000119
131478  33.795  -34.961  -21.093 0.8000000119
36409  33.661  -34.662  -21.695 0.8999999762
38378  33.277  -33.781  -23.504 0.6999999881
35527  30.242  -37.042  -25.439 0.8999999762
36451  30.996  -35.841  -25.790 0.8999999762
116159  32.182  -33.999  -25.306 1.0000000000
47569  39.765  -24.442  -20.563 0.3000000119
45153  38.745  -26.478  -20.397 0.4000000060
123693  38.832  -24.600  -20.860 0.3000000119
44007  38.622  -27.732  -20.073 0.4000000060
45154  37.981  -26.872  -20.876 0.3000000119
41991  37.872  -29.097  -20.118 0.4000000060
123052  38.427  -27.186  -20.414 0.4000000060
44008  37.929  -27.722  -20.667 0.4000000060
41047  37.756  -30.579  -19.717 0.4000000060
41992  37.388  -29.863  -20.363 0.4000000060
117539  37.366  -29.129  -20.653 0.4000000060
41059  37.007  -30.771  -20.401 0.4000000060
40155  36.629  -31.632  -20.471 0.5000000000
38360  35.152  -33.147  -21.578 0.6000000238
37418  34.173  -33.998  -22.025 0.8000000119
38369  33.728  -33.806  -22.777 0.6999999881
115414  33.343  -33.141  -24.011 0.6999999881
38396  32.191  -33.578  -26.160 0.8999999762
37448  31.681  -34.372  -26.178 0.8000000119
37449  31.325  -35.085  -26.138 0.8000000119
39316  32.458  -32.928  -26.702 0.6999999881
38406  31.901  -33.510  -26.982 0.8000000119
135963  38.682  -24.019  -21.146 0.3000000119
46341  38.174  -25.204  -21.329 0.3000000119
132764  37.517  -27.346  -21.377 0.3000000119
44044  37.202  -27.131  -22.058 0.4000000060
42948  37.108  -28.753  -21.161 0.4000000060
44028  36.869  -28.331  -21.747 0.4000000060
42949  36.660  -29.085  -21.663 0.5000000000
41060  36.744  -30.219  -21.010 0.5000000000
40167  35.633  -31.416  -21.971 0.5000000000
41076  36.037  -30.406  -21.950 0.5000000000
41069  36.360  -30.986  -21.229 0.5000000000
39266  35.410  -32.386  -21.754 0.5000000000
39267  34.882  -32.822  -22.219 0.6000000238
122280  34.331  -33.300  -22.534 0.6999999881
39272  34.488  -32.532  -22.957 0.6999999881
39281  33.963  -32.554  -23.719 0.6999999881
39289  34.028  -31.996  -24.174 0.6999999881
39290  33.518  -32.524  -24.469 0.6999999881
40202  33.691  -31.989  -24.775 0.6999999881
38395  32.744  -32.843  -25.862 0.8000000119
40216  33.562  -31.669  -25.444 0.6999999881
116496  39.490  -23.089  -21.015 0.3000000119
47600  38.176  -24.282  -21.600 0.3000000119
46342  37.719  -25.019  -22.083 0.4000000060
46327  37.690  -25.806  -21.820 0.3000000119
45190  37.294  -26.372  -22.310 0.4000000060
44045  36.669  -27.767  -22.379 0.4000000060
42963  36.411  -28.670  -22.291 0.4000000060
130388  35.868  -29.082  -22.763 0.3000000119
42018  35.637  -29.911  -22.717 0.5000000000
41077  35.546  -30.744  -22.516 0.6000000238
134791  35.580  -29.385  -23.108 0.3000000119
41088  35.247  -30.598  -23.174 0.5000000000
42027  35.290  -29.730  -23.544 0.4000000060
39271  35.101  -32.077  -22.472 0.6999999881
40179  34.805  -31.836  -23.045 0.6999999881
40187  34.771  -31.256  -23.494 0.6000000238
126901  34.417  -31.955  -23.549 0.6999999881
38377  33.892  -33.194  -23.252 0.6999999881
117115  34.336  -31.517  -23.958 0.6999999881
113623  34.455  -31.016  -24.098 0.6000000238
45206  36.961  -26.124  -22.981 0.3000000119
45191  36.790  -26.897  -22.700 0.3000000119
44058  36.303  -27.421  -23.160 0.3000000119
45207  36.487  -26.640  -23.389 0.3000000119
44071  36.044  -27.088  -23.732 0.3000000119
44072  35.649  -27.111  -24.330 0.3000000119
42974  35.552  -28.833  -23.454 0.3000000119
120065  35.315  -28.505  -24.110 0.4000000060
41089  34.803  -30.459  -23.862 0.5000000000
42038  35.193  -29.121  -24.042 0.5000000000
42985  34.870  -28.803  -24.701 0.5000000000
42039  34.797  -29.687  -24.303 0.6000000238
115845  34.354  -30.481  -24.685 0.6000000238
133265  38.555  -21.529  -22.106 0.4000000060
49914  37.781  -22.823  -22.688 0.3000000119
135805  37.474  -24.964  -22.769 0.3000000119
48789  37.574  -23.621  -23.032 0.3000000119
46357  37.145  -25.360  -23.230 0.3000000119
46370  36.850  -25.048  -23.906 0.3000000119
46358  36.636  -25.861  -23.669 0.3000000119
46371  36.301  -25.580  -24.477 0.3000000119
45220  35.703  -26.329  -24.778 0.3000000119
120790  35.260  -27.910  -24.574 0.4000000060
44084  35.223  -27.120  -25.214 0.4000000060
42051  34.424  -29.584  -25.100 0.6000000238
42997  34.771  -28.033  -25.313 0.4000000060
42998  34.431  -28.834  -25.539 0.5000000000
40215  33.947  -30.989  -25.275 0.6000000238
39315  32.765  -32.420  -27.385 0.6999999881
38417  32.177  -33.003  -27.480 0.8000000119
50989  38.007  -21.371  -22.702 0.4000000060
50972  37.664  -22.119  -23.152 0.3000000119
48806  37.346  -23.700  -23.894 0.3000000119
47635  36.656  -24.690  -24.594 0.3000000119
46383  36.245  -25.025  -25.077 0.3000000119
46372  35.784  -25.591  -25.216 0.4000000060
45230  35.363  -26.228  -25.533 0.4000000060
44085  34.662  -27.424  -25.904 0.4000000060
113602  34.359  -28.195  -26.104 0.4000000060
135607  34.156  -29.483  -25.809 0.5000000000
44099  34.345  -27.589  -26.647 0.4000000060
41113  33.575  -31.115  -25.990 0.6000000238
41125  33.855  -29.786  -26.475 0.4000000060
40230  33.269  -31.622  -26.882 0.6999999881
115970  33.668  -30.156  -27.337 0.4000000060
42076  33.788  -29.783  -27.815 0.4000000060
41137  33.413  -31.114  -27.798 0.6000000238
118402  33.701  -30.514  -28.296 0.5000000000
40244  33.128  -31.937  -27.857 0.6000000238
39328  31.859  -32.686  -27.837 0.6999999881
52930  38.187  -19.562  -23.117 0.3000000119
49950  37.497  -22.208  -24.075 0.3000000119
120892  37.344  -23.002  -24.414 0.3000000119
48824  37.169  -23.100  -25.110 0.3000000119
47641  36.479  -24.326  -25.292 0.3000000119
133708  35.445  -25.573  -25.801 0.4000000060
45245  35.081  -25.987  -26.217 0.3000000119
45246  34.657  -26.472  -26.647 0.3000000119
118611  34.338  -26.521  -27.582 0.3000000119
43013  33.800  -29.326  -27.124 0.4000000060
43028  34.019  -28.427  -27.084 0.3000000119
44110  34.140  -27.583  -27.642 0.3000000119
43029  33.916  -29.158  -27.883 0.3000000119
43046  34.211  -29.234  -28.816 0.3000000119
42092  34.033  -30.016  -28.675 0.3000000119
120211  33.996  -30.837  -29.302 0.4000000060
41148  33.618  -31.214  -28.819 0.5000000000
40255  33.153  -31.668  -28.643 0.5000000000
40256  32.688  -31.878  -28.595 0.5000000000
52931  37.671  -19.832  -23.895 0.3000000119
51008  37.502  -21.525  -24.560 0.3000000119
49957  37.407  -22.325  -25.053 0.3000000119
48825  36.760  -23.534  -25.530 0.3000000119
47654  36.253  -24.001  -26.023 0.3000000119
46397  34.762  -25.669  -27.010 0.3000000119
120386  34.481  -25.734  -27.874 0.3000000119
115529  34.162  -27.135  -28.485 0.3000000119
44123  34.220  -28.194  -28.906 0.3000000119
41157  33.526  -31.127  -29.455 0.4000000060
40265  32.888  -31.571  -29.126 0.5000000000
41158  33.015  -31.152  -29.701 0.5000000000
40257  32.135  -31.719  -28.714 0.5000000000
52943  37.533  -19.151  -24.526 0.3000000119
52024  37.381  -20.113  -24.908 0.3000000119
51027  37.414  -21.501  -25.366 0.3000000119
121188  36.558  -23.209  -26.294 0.3000000119
48834  36.062  -23.677  -26.596 0.3000000119
46411  35.165  -24.922  -27.025 0.3000000119
45268  34.270  -26.268  -28.758 0.3000000119
42103  34.323  -30.209  -29.840 0.4000000060
41166  33.702  -30.804  -30.140 0.4000000060
41159  32.211  -30.713  -29.511 0.4000000060
42105  31.980  -29.805  -29.713 0.4000000060
41149  31.626  -30.927  -28.842 0.5000000000
42093  31.311  -29.999  -28.930 0.4000000060
54731  38.283  -17.458  -23.741 0.3000000119
53823  37.758  -18.196  -24.231 0.3000000119
51039  37.231  -21.326  -26.088 0.3000000119
136999  36.542  -22.800  -26.695 0.3000000119
48848  36.181  -23.129  -27.026 0.3000000119
47668  35.323  -24.297  -27.547 0.3000000119
46422  34.578  -25.331  -28.520 0.3000000119
44122  34.480  -27.418  -29.644 0.3000000119
132985  34.602  -26.538  -29.808 0.3000000119
44136  34.699  -28.667  -30.190 0.3000000119
43059  34.740  -29.583  -30.726 0.4000000060
42116  33.599  -30.344  -30.617 0.3000000119
117564  37.556  -17.874  -24.992 0.3000000119
53838  37.423  -18.524  -25.100 0.3000000119
53854  37.139  -18.584  -25.816 0.3000000119
125588  37.262  -20.055  -25.897 0.3000000119
51040  36.999  -21.085  -26.785 0.3000000119
51051  36.691  -21.627  -27.287 0.3000000119
51058  36.353  -21.506  -27.972 0.3000000119
49982  36.069  -22.695  -27.725 0.3000000119
47669  34.962  -24.665  -28.285 0.3000000119
126545  35.664  -23.028  -28.417 0.3000000119
116082  34.637  -25.708  -29.501 0.3000000119
54745  37.445  -17.271  -25.419 0.3000000119
52980  37.037  -19.318  -26.231 0.3000000119
53855  36.845  -18.556  -26.543 0.3000000119
52981  36.787  -19.232  -26.896 0.3000000119
124150  36.683  -20.902  -27.491 0.3000000119
47681  35.326  -23.964  -28.678 0.3000000119
47682  34.865  -24.834  -29.137 0.3000000119
46427  35.099  -25.242  -30.208 0.3000000119
118191  37.129  -16.841  -26.105 0.3000000119
133669  36.851  -17.149  -26.641 0.3000000119
52996  36.504  -19.491  -27.542 0.3000000119
54765  36.687  -17.804  -26.974 0.4000000060
136684  36.496  -20.236  -27.692 0.3000000119
52081  36.225  -20.771  -28.201 0.3000000119
134910  35.594  -22.665  -28.991 0.3000000119
53895  36.137  -18.826  -28.115 0.4000000060
54785  36.280  -17.807  -27.871 0.4000000060
53010  36.010  -19.835  -28.377 0.4000000060
118410  36.563  -16.927  -27.345 0.3000000119
54803  35.901  -17.325  -28.600 0.4000000060
25626  30.574  -47.573  -21.100 1.0000000000
122093  30.626  -46.793  -20.686 1.0000000000
38384  32.816  -33.154  -25.021 0.6999999881
136373  33.352  -31.651  -26.120 0.6999999881
23102  34.881  -50.813  -16.773 0.6000000238
23112  34.423  -50.702  -17.454 0.6000000238
23962  34.616  -49.497  -19.487 0.6000000238
126203  37.608  -53.070  -16.189 0.5000000000
19684  38.192  -53.418  -15.890 0.5000000000
24757  35.931  -48.818  -16.365 0.6000000238
23191  33.126  -50.532  -24.307 0.8999999762
25565  36.978  -47.554  -16.508 0.5000000000
23086  40.118  -50.530  -15.842 0.4000000060
23914  38.848  -49.657  -15.811 0.5000000000
22290  39.336  -51.908  -15.537 0.4000000060
24814  36.230  -48.180  -22.375 0.6999999881
24753  39.299  -48.376  -16.661 0.5000000000
23938  40.554  -49.332  -17.078 0.5000000000
26445  37.008  -46.145  -24.621 0.8000000119
135530  40.174  -52.132  -15.557 0.4000000060
25648  35.979  -47.084  -25.704 0.8000000119
26427  37.208  -45.953  -22.088 0.6999999881
128097  40.511  -46.897  -17.911 0.4000000060
24816  34.048  -48.090  -21.994 0.8000000119
25649  30.111  -47.520  -24.139 0.8000000119
28136  41.321  -44.898  -19.077 0.4000000060
127546  41.013  -47.124  -18.493 0.4000000060
28199  36.931  -44.545  -23.546 0.8000000119
25614  30.913  -48.252  -20.690 1.0000000000
28149  41.559  -44.325  -19.506 0.5000000000
25600  31.643  -47.168  -19.726 1.0000000000
29057  30.443  -43.190  -22.321 1.0000000000
27299  35.087  -45.227  -18.828 0.8000000119
119899  31.302  -42.689  -19.390 1.0000000000
30738  35.090  -41.608  -16.834 0.8000000119
29021  31.602  -43.411  -18.933 1.0000000000
29874  37.510  -42.165  -17.815 0.6999999881
32588  33.628  -39.075  -18.286 0.8000000119
32602  32.386  -38.995  -19.382 1.0000000000
126243  31.268  -39.721  -20.474 1.0000000000
33543  32.906  -38.232  -19.329 1.0000000000
31661  38.066  -40.750  -20.676 0.6000000238
30751  38.373  -41.378  -19.169 0.6999999881
134877  41.686  -33.158  -24.178 0.4000000060
121790  29.210  -42.825  -24.147 1.0000000000
30831  30.068  -41.581  -25.206 1.0000000000
134619  42.786  -31.264  -23.730 0.4000000060
35495  31.361  -36.734  -22.031 1.0000000000
37427  42.216  -34.025  -23.220 0.4000000060
39270  42.759  -32.738  -22.631 0.5000000000
37416  42.482  -34.297  -22.382 0.5000000000
45171  43.377  -27.033  -21.899 0.4000000060
44025  43.433  -27.940  -21.734 0.4000000060
35510  31.156  -36.574  -22.913 1.0000000000
40154  42.709  -31.674  -20.348 0.5000000000
121678  31.750  -34.663  -25.573 0.8000000119
41971  40.330  -29.036  -19.448 0.5000000000
40124  38.912  -31.839  -18.682 0.5000000000
38342  36.230  -33.711  -19.615 0.5000000000
38348  35.927  -33.242  -20.352 0.6000000238
39265  36.003  -31.966  -21.182 0.5000000000
134839  36.412  -30.373  -21.451 0.5000000000
39300  33.237  -32.392  -25.273 0.6999999881
41126  33.572  -30.643  -26.677 0.6000000238
46396  35.306  -25.227  -26.386 0.3000000119
21492  33.944  -53.106  -24.628 0.5000000000
21502  34.212  -53.007  -25.761 0.5000000000
21511  34.224  -52.618  -26.110 0.5000000000
20616  32.768  -54.431  -23.641 0.5000000000
20627  33.745  -54.121  -25.684 0.5000000000
21480  32.856  -53.417  -22.703 0.5000000000
21479  33.461  -52.808  -23.195 0.5000000000
21493  33.358  -53.842  -24.211 0.5000000000
21467  32.395  -53.281  -21.321 0.5000000000
21449  32.542  -52.877  -20.172 0.4000000060
22356  33.465  -51.758  -21.411 0.5000000000
21433  33.001  -52.173  -19.824 0.4000000060
22324  33.624  -51.383  -18.635 0.5000000000
22343  33.382  -51.594  -20.412 0.5000000000
26431  28.537  -46.175  -21.902 0.6999999881
27328  28.207  -45.732  -20.956 0.6999999881
26440  28.540  -46.657  -22.804 0.8000000119
25651  29.149  -46.850  -24.164 0.8000000119
26448  28.660  -46.903  -23.636 0.8000000119
27338  28.395  -45.198  -21.959 0.6999999881
27353  28.974  -45.966  -23.929 0.8999999762
121848  29.136  -45.115  -23.981 0.8999999762
27359  29.622  -46.187  -24.257 0.8999999762
26454  30.154  -45.900  -24.151 0.8999999762
28193  28.442  -44.415  -22.567 0.6000000238
27352  29.710  -45.360  -24.341 0.8999999762
27358  30.219  -45.106  -24.268 0.8999999762
129290  30.477  -44.606  -23.573 0.8999999762
32658  37.408  -39.333  -23.964 0.5000000000
31706  37.627  -40.751  -22.892 0.5000000000
30799  38.431  -41.356  -22.642 0.6000000238
30800  37.662  -41.565  -22.491 0.5000000000
30779  39.612  -41.504  -22.169 0.6000000238
29058  28.181  -43.832  -22.139 0.6000000238
28203  28.898  -44.440  -23.657 0.8999999762
27344  28.697  -45.173  -23.308 0.8999999762
28208  30.098  -44.594  -24.467 0.8999999762
29078  30.481  -43.935  -24.016 0.8999999762
32635  37.066  -39.705  -22.845 0.5000000000
32634  37.398  -39.862  -22.146 0.5000000000
32644  37.159  -39.277  -23.380 0.5000000000
122707  37.095  -40.241  -22.544 0.5000000000
32659  37.098  -38.987  -23.997 0.5000000000
31707  37.131  -39.824  -23.133 0.5000000000
29080  29.271  -43.659  -24.108 0.8999999762
29070  28.521  -43.728  -23.020 0.6999999881
28202  29.568  -44.542  -24.305 0.8999999762
29079  29.973  -43.854  -24.598 0.8999999762
29087  30.190  -43.898  -24.453 0.8999999762
32643  37.641  -39.241  -22.621 0.5000000000
33583  37.504  -38.812  -23.361 0.5000000000
33598  37.073  -38.945  -23.984 0.5000000000
116831  30.112  -43.142  -24.734 0.8999999762
123673  38.641  -38.624  -22.821 0.5000000000
118100  39.149  -38.947  -22.000 0.5000000000
33596  38.473  -38.337  -23.582 0.5000000000
34558  39.618  -38.082  -23.146 0.4000000060
31722  27.628  -40.760  -23.347 0.6000000238
31721  28.534  -40.802  -24.079 0.8000000119
32661  27.869  -39.983  -23.745 0.6999999881
32681  27.621  -39.205  -23.739 0.6999999881
33600  26.815  -38.623  -23.511 0.6999999881
126780  28.937  -40.177  -24.625 0.8000000119
32680  28.445  -39.421  -24.351 0.6999999881
33612  27.991  -38.587  -24.071 0.6999999881
33611  28.881  -38.299  -24.722 0.6999999881
126477  28.019  -37.715  -24.133 0.6999999881
121558  29.588  -38.907  -25.213 0.8000000119
32695  29.966  -39.593  -25.343 0.8000000119
34589  28.912  -37.379  -24.698 0.6999999881
33610  29.670  -38.143  -25.245 0.8000000119
33618  30.046  -38.768  -25.379 0.8000000119
34588  29.809  -37.320  -25.383 0.6999999881
36453  29.962  -35.673  -25.698 0.6000000238
34595  30.120  -37.911  -25.354 0.8000000119
37450  30.480  -35.237  -26.077 0.6000000238
37464  30.122  -34.477  -25.972 0.6000000238
36452  30.575  -35.859  -25.892 0.8000000119
37463  30.775  -34.648  -26.484 0.6000000238
35537  30.518  -36.360  -25.602 0.8000000119
137023  30.475  -33.299  -26.642 0.6000000238
36461  30.979  -35.313  -26.305 0.6999999881
38407  31.376  -33.870  -26.943 0.6000000238
38418  31.442  -33.257  -27.328 0.6999999881
39317  30.742  -32.995  -27.049 0.6000000238
38408  30.931  -33.864  -26.911 0.6000000238
39329  31.130  -32.541  -27.578 0.6000000238
37462  31.206  -34.531  -26.621 0.6999999881
21405  33.278  -52.874  -18.570 0.4000000060
21420  33.212  -52.104  -18.960 0.5000000000
22336  33.419  -51.455  -19.489 0.5000000000
21466  33.082  -52.550  -21.921 0.5000000000
27351  30.388  -45.235  -23.986 0.8999999762
34573  39.294  -37.700  -23.973 0.3000000119
32679  29.345  -39.571  -25.015 0.8000000119
21448  32.895  -52.321  -20.808 0.5000000000
125234  28.628  -46.000  -23.063 0.8000000119
31719  38.096  -40.024  -23.453 0.5000000000
136364  28.875  -38.967  -24.724 0.6999999881
35528  29.261  -36.581  -24.962 0.6999999881
35538  30.051  -36.458  -25.614 0.6999999881
28163  41.826  -43.741  -20.002 0.4000000060
29065  42.854  -43.278  -21.968 0.4000000060
29896  41.781  -42.663  -20.830 0.4000000060
29052  42.435  -43.197  -21.154 0.4000000060
29911  41.418  -42.001  -21.280 0.5000000000
118888  42.885  -42.685  -22.628 0.4000000060
29076  43.182  -43.037  -23.520 0.4000000060
30798  40.293  -40.952  -22.346 0.5000000000
30796  42.063  -41.107  -22.654 0.5000000000
30816  42.536  -41.367  -23.283 0.4000000060
30777  41.840  -41.544  -21.970 0.4000000060
29958  43.083  -42.589  -24.252 0.4000000060
29945  42.893  -42.163  -23.386 0.4000000060
29910  42.345  -42.390  -21.689 0.4000000060
31705  39.130  -40.734  -22.900 0.5000000000
30797  41.217  -40.930  -22.336 0.5000000000
31729  42.446  -40.925  -24.559 0.4000000060
30829  42.502  -41.340  -25.239 0.4000000060
29992  40.680  -41.913  -28.309 0.4000000060
29982  41.716  -42.000  -27.073 0.4000000060
29970  42.816  -42.363  -25.248 0.4000000060
29999  41.307  -42.726  -28.230 0.4000000060
29981  42.014  -42.787  -27.080 0.4000000060
31704  40.528  -40.482  -22.822 0.5000000000
31717  40.863  -40.117  -23.387 0.5000000000
31703  41.477  -40.588  -22.937 0.4000000060
35563  46.296  -36.294  -30.821 0.3000000119
31702  42.135  -40.811  -23.219 0.4000000060
34629  45.329  -37.480  -30.844 0.3000000119
30830  42.011  -40.958  -25.938 0.4000000060
34636  45.726  -37.728  -31.425 0.3000000119
33647  44.608  -38.620  -30.985 0.3000000119
32719  43.411  -39.259  -30.067 0.3000000119
31774  41.443  -40.890  -28.985 0.3000000119
30869  40.345  -41.360  -28.849 0.4000000060
30856  40.942  -41.578  -27.517 0.4000000060
30846  41.684  -41.400  -26.651 0.4000000060
132302  43.754  -39.803  -30.539 0.3000000119
31773  42.553  -40.577  -29.274 0.3000000119
30868  41.306  -41.868  -28.793 0.4000000060
31718  39.696  -40.004  -23.401 0.4000000060
32656  40.240  -39.659  -23.962 0.4000000060
127341  41.556  -40.002  -24.864 0.4000000060
118836  40.736  -39.574  -24.680 0.4000000060
35564  45.664  -36.769  -30.466 0.3000000119
34625  44.358  -37.433  -29.224 0.3000000119
34630  44.648  -37.962  -30.628 0.3000000119
33639  43.377  -38.591  -29.612 0.3000000119
32711  41.566  -39.331  -29.091 0.3000000119
31775  39.966  -40.628  -29.243 0.4000000060
30864  40.047  -41.395  -28.707 0.4000000060
31764  40.343  -40.936  -27.530 0.4000000060
33648  44.046  -38.538  -30.385 0.3000000119
32710  42.645  -39.173  -29.368 0.3000000119
132852  41.124  -40.046  -29.197 0.3000000119
33624  41.799  -38.197  -27.839 0.3000000119
33635  38.170  -38.784  -28.872 0.3000000119
32707  38.093  -39.297  -28.783 0.4000000060
118054  37.936  -39.221  -27.289 0.4000000060
115249  39.709  -39.491  -26.483 0.4000000060
32691  40.219  -39.397  -25.468 0.4000000060
34606  43.868  -37.570  -28.358 0.3000000119
33632  41.287  -38.592  -28.620 0.3000000119
33633  40.112  -38.537  -28.897 0.3000000119
32706  38.301  -40.115  -29.187 0.4000000060
32702  39.412  -39.957  -27.350 0.4000000060
32690  41.071  -39.721  -25.329 0.4000000060
33630  43.005  -38.442  -29.015 0.3000000119
33642  39.643  -39.060  -29.283 0.3000000119
31769  38.755  -40.673  -29.129 0.4000000060
31765  39.361  -40.736  -28.229 0.4000000060
32698  40.775  -39.868  -26.083 0.4000000060
32712  40.343  -39.572  -29.339 0.3000000119
30858  39.199  -41.106  -28.880 0.4000000060
31761  41.169  -40.674  -26.623 0.4000000060
32677  36.899  -38.998  -24.638 0.4000000060
32694  36.936  -38.979  -25.053 0.4000000060
32676  36.921  -39.073  -24.706 0.4000000060
34613  37.642  -38.258  -27.063 0.3000000119
33617  37.723  -38.844  -25.750 0.4000000060
32693  37.331  -39.029  -25.368 0.4000000060
32657  38.826  -39.549  -24.017 0.4000000060
34620  38.018  -38.056  -28.274 0.4000000060
33616  37.697  -38.872  -26.457 0.4000000060
32692  38.705  -39.088  -25.686 0.4000000060
32674  39.505  -39.353  -24.701 0.4000000060
35529  28.304  -36.507  -24.392 0.6000000238
122269  27.995  -37.017  -24.109 0.6000000238
37451  29.670  -34.817  -25.527 0.5000000000
36441  29.451  -35.968  -25.205 0.5000000000
38397  29.278  -33.866  -25.486 0.5000000000
38409  30.144  -33.668  -26.201 0.5000000000
39318  29.875  -32.662  -26.430 0.5000000000
40231  30.327  -32.108  -27.025 0.5000000000
40246  31.593  -32.063  -28.070 0.4000000060
47696  35.362  -24.628  -30.725 0.3000000119
123809  35.503  -24.393  -31.555 0.3000000119
119426  35.462  -25.139  -31.904 0.3000000119
52082  35.709  -20.631  -28.983 0.3000000119
115067  35.668  -22.097  -29.281 0.3000000119
49998  35.479  -22.920  -29.873 0.3000000119
50005  35.531  -22.913  -31.051 0.3000000119
48887  35.565  -23.822  -31.994 0.3000000119
113966  35.411  -25.346  -32.708 0.3000000119
48898  35.504  -24.319  -32.973 0.3000000119
53011  35.581  -19.827  -29.347 0.3000000119
51066  35.590  -21.352  -29.594 0.3000000119
115693  35.545  -22.093  -30.278 0.3000000119
51081  35.530  -21.292  -30.563 0.3000000119
115154  35.560  -22.083  -31.365 0.3000000119
115083  35.577  -21.249  -31.557 0.3000000119
50017  35.596  -22.991  -32.245 0.3000000119
48909  35.380  -24.059  -33.578 0.3000000119
48910  35.245  -23.888  -33.859 0.3000000119
53896  35.794  -18.171  -28.700 0.3000000119
126055  35.504  -19.127  -29.800 0.3000000119
118696  35.470  -19.858  -30.272 0.3000000119
53026  35.505  -19.920  -31.172 0.3000000119
53034  35.565  -20.127  -32.128 0.3000000119
52117  35.649  -21.045  -32.466 0.3000000119
51096  35.625  -22.143  -32.694 0.3000000119
114960  35.648  -22.585  -34.027 0.3000000119
55866  35.640  -16.754  -29.257 0.3000000119
126054  35.479  -17.950  -29.896 0.3000000119
53913  35.475  -18.503  -30.223 0.3000000119
125927  35.500  -19.302  -31.629 0.3000000119
126723  35.631  -19.449  -32.731 0.3000000119
130232  35.770  -20.592  -33.216 0.3000000119
53041  36.011  -20.052  -33.932 0.3000000119
123919  35.532  -16.052  -29.569 0.3000000119
55887  35.401  -16.630  -30.795 0.3000000119
53922  35.480  -18.431  -31.112 0.3000000119
54834  35.466  -17.891  -31.923 0.3000000119
53931  35.819  -18.879  -33.636 0.3000000119
124003  35.398  -15.865  -30.245 0.3000000119
120621  35.410  -17.106  -31.526 0.3000000119
55900  35.387  -16.409  -31.705 0.3000000119
119045  35.416  -17.097  -32.292 0.3000000119
123360  35.383  -15.760  -31.094 0.3000000119
56934  35.406  -15.122  -31.324 0.3000000119
58006  35.425  -14.481  -31.216 0.3000000119
134142  42.531  -42.770  -26.176 0.4000000060
28162  42.464  -44.040  -20.769 0.4000000060
28187  43.029  -44.126  -22.248 0.4000000060
115380  43.112  -43.122  -24.879 0.4000000060
29086  43.240  -43.339  -24.286 0.4000000060
30005  41.565  -42.563  -28.541 0.4000000060
119946  41.565  -43.147  -27.840 0.4000000060
29093  42.839  -43.358  -25.646 0.4000000060
35579  46.889  -37.021  -32.118 0.3000000119
34645  46.178  -38.134  -31.974 0.3000000119
33653  45.155  -38.731  -31.476 0.3000000119
127487  44.264  -39.903  -31.039 0.3000000119
125441  42.981  -41.127  -29.623 0.3000000119
30867  42.354  -41.516  -29.065 0.3000000119
35572  46.593  -36.616  -31.499 0.3000000119
35559  45.452  -36.532  -29.667 0.3000000119
34617  42.625  -38.103  -27.796 0.3000000119
35560  44.932  -36.897  -29.245 0.3000000119
34584  38.020  -37.878  -25.048 0.4000000060
34594  37.762  -38.128  -25.741 0.4000000060
34603  38.067  -37.699  -26.524 0.4000000060
34610  39.578  -37.681  -27.987 0.3000000119
33625  40.615  -38.050  -28.110 0.3000000119
34574  38.236  -38.103  -24.338 0.4000000060
55865  35.986  -16.620  -28.511 0.3000000119
56907  35.843  -15.869  -28.812 0.3000000119
56915  35.591  -15.272  -29.563 0.3000000119
56923  35.442  -15.004  -30.519 0.3000000119
58989  35.770  -13.556  -29.764 0.3000000119
129904  47.663  -35.028  -31.185 0.3000000119
31748  41.530  -40.261  -25.647 0.4000000060
34624  44.927  -37.285  -30.042 0.3000000119
32675  37.734  -39.201  -24.791 0.4000000060
53907  35.556  -18.401  -29.462 0.3000000119
51103  35.850  -21.692  -33.706 0.3000000119
53927  35.485  -18.722  -32.002 0.3000000119
131248  35.566  -18.556  -32.650 0.3000000119
58999  35.559  -13.311  -30.636 0.3000000119
124593  42.586  -45.081  -20.802 0.3000000119
28175  42.855  -44.726  -21.664 0.3000000119
22367  29.554  -51.502  -23.020 0.6000000238
137085  29.412  -50.634  -23.392 0.6999999881
23178  29.218  -50.727  -22.559 0.6999999881
28197  43.268  -44.421  -23.016 0.3000000119
23110  41.181  -50.046  -16.996 0.3000000119
23992  28.798  -49.298  -21.921 0.6999999881
26401  41.868  -46.503  -19.696 0.3000000119
23179  28.922  -50.044  -22.288 0.6999999881
27321  42.579  -46.002  -20.907 0.3000000119
132339  43.133  -44.818  -22.469 0.3000000119
23195  29.036  -50.046  -23.300 0.6999999881
27335  43.071  -45.589  -22.312 0.3000000119
27356  43.167  -45.511  -24.777 0.3000000119
27347  43.285  -45.419  -23.923 0.3000000119
123056  43.330  -44.763  -23.651 0.3000000119
126575  42.485  -45.017  -26.688 0.3000000119
28223  42.732  -44.342  -26.047 0.3000000119
122138  43.284  -44.764  -24.413 0.3000000119
23937  41.392  -49.673  -17.654 0.3000000119
25585  41.108  -47.892  -18.718 0.4000000060
24833  28.607  -48.743  -22.769 0.6999999881
25607  42.067  -47.295  -20.189 0.3000000119
25595  41.524  -47.437  -19.318 0.3000000119
24007  28.752  -49.430  -23.114 0.6999999881
26426  42.811  -46.301  -21.718 0.3000000119
26443  43.185  -46.113  -23.295 0.3000000119
26450  43.128  -46.161  -24.320 0.3000000119
28196  43.305  -43.989  -23.813 0.3000000119
27372  42.557  -45.856  -26.612 0.3000000119
23950  41.001  -49.080  -17.904 0.4000000060
117506  28.577  -47.880  -22.530 0.6999999881
24798  42.231  -48.007  -20.773 0.3000000119
24799  41.830  -48.191  -19.985 0.3000000119
25622  42.725  -47.263  -22.079 0.3000000119
26413  42.485  -47.028  -21.063 0.3000000119
126320  28.592  -48.289  -23.410 0.6999999881
125488  42.904  -47.073  -23.041 0.3000000119
24843  28.732  -48.811  -23.627 0.6999999881
29102  42.417  -43.555  -26.609 0.3000000119
28213  43.215  -43.972  -24.942 0.3000000119
28233  41.933  -44.446  -27.912 0.3000000119
28232  42.290  -44.403  -27.097 0.3000000119
124267  42.479  -47.830  -21.471 0.3000000119
25634  28.584  -47.707  -23.572 0.6999999881
24836  42.595  -48.451  -23.502 0.3000000119
25630  42.623  -48.064  -22.810 0.3000000119
122883  28.698  -48.195  -23.926 0.6999999881
29120  42.111  -43.801  -28.618 0.3000000119
24827  42.543  -48.806  -22.340 0.3000000119
25643  28.767  -47.587  -24.033 0.6999999881
29112  41.751  -43.656  -28.138 0.3000000119
34593  38.413  -37.498  -25.777 0.3000000119
22374  30.092  -51.945  -23.834 0.5000000000
22357  29.264  -51.531  -21.543 0.6999999881
134776  29.765  -52.311  -23.091 0.6000000238
21468  29.451  -52.430  -21.988 0.6000000238
23977  28.649  -49.103  -20.801 0.6999999881
24821  28.680  -48.502  -21.575 0.6999999881
23121  42.074  -50.060  -18.176 0.3000000119
24805  28.476  -48.394  -20.532 0.6999999881
23949  41.543  -49.260  -18.547 0.4000000060
25627  28.604  -47.014  -22.030 0.6999999881
24785  41.856  -48.828  -19.780 0.4000000060
24774  41.500  -48.485  -19.177 0.4000000060
24784  42.211  -48.864  -20.462 0.3000000119
23973  42.699  -49.323  -21.019 0.3000000119
23985  42.747  -49.297  -21.922 0.3000000119
129251  28.505  -47.233  -22.993 0.6999999881
129646  42.590  -48.813  -23.036 0.3000000119
23960  42.243  -49.342  -19.784 0.3000000119
20641  32.051  -53.891  -25.775 0.5000000000
20639  33.767  -53.816  -25.981 0.4000000060
18916  26.895  -56.177  -20.963 0.4000000060
17295  24.390  -57.460  -20.796 0.5000000000
21513  32.450  -53.016  -25.841 0.4000000060
20645  33.122  -54.086  -26.080 0.5000000000
21504  31.114  -53.319  -25.190 0.5000000000
17296  22.269  -57.459  -20.178 0.4000000060
118392  21.792  -58.015  -19.692 0.4000000060
132070  25.264  -56.958  -20.876 0.5000000000
21494  30.703  -52.475  -24.577 0.4000000060
17297  21.653  -57.137  -19.592 0.4000000060
17281  21.743  -57.758  -19.101 0.4000000060
18067  22.986  -56.403  -20.323 0.4000000060
18066  24.362  -56.417  -20.683 0.5000000000
18902  27.080  -55.206  -20.740 0.5000000000
19751  28.523  -54.216  -20.801 0.4000000060
132140  29.679  -52.930  -22.794 0.5000000000
20611  29.218  -53.974  -21.434 0.4000000060
129887  28.822  -53.531  -20.789 0.4000000060
20610  29.479  -53.369  -22.070 0.4000000060
17270  21.574  -56.949  -18.880 0.4000000060
19736  23.157  -54.478  -19.424 0.4000000060
18905  23.520  -55.468  -20.542 0.4000000060
126997  22.603  -52.708  -19.970 0.4000000060
18904  24.789  -55.428  -20.736 0.5000000000
21437  22.559  -52.599  -20.103 0.4000000060
19753  26.153  -54.432  -20.682 0.5000000000
116549  23.086  -51.616  -20.894 0.4000000060
131027  22.652  -51.934  -20.392 0.4000000060
20601  26.730  -53.625  -20.554 0.5000000000
22348  23.316  -50.900  -20.798 0.4000000060
23156  23.584  -50.101  -20.594 0.4000000060
19752  27.461  -54.332  -20.606 0.5000000000
20600  27.972  -53.418  -20.466 0.6000000238
122537  28.717  -52.961  -20.664 0.6000000238
20599  29.210  -53.094  -21.169 0.5000000000
19720  22.467  -55.322  -18.931 0.4000000060
18054  21.540  -56.497  -19.340 0.4000000060
20586  22.535  -53.596  -19.965 0.4000000060
123851  24.908  -54.003  -20.841 0.5000000000
124087  23.935  -54.506  -20.803 0.4000000060
20605  22.620  -53.255  -20.187 0.4000000060
19754  25.153  -54.738  -20.763 0.5000000000
129703  23.609  -52.050  -21.057 0.4000000060
123222  22.810  -52.623  -20.572 0.4000000060
21451  28.220  -52.487  -20.400 0.5000000000
118164  24.604  -49.828  -20.443 0.4000000060
21450  29.080  -52.335  -20.851 0.6000000238
19737  22.360  -55.152  -19.539 0.4000000060
126626  22.773  -54.756  -20.298 0.4000000060
19738  22.436  -54.283  -19.914 0.4000000060
130019  23.600  -52.718  -21.018 0.4000000060
117525  26.002  -53.134  -20.631 0.5000000000
21452  26.966  -52.723  -20.422 0.5000000000
23155  24.305  -50.619  -20.680 0.4000000060
22344  28.532  -51.522  -20.452 0.6000000238
18044  21.489  -56.419  -18.969 0.4000000060
18892  21.748  -55.902  -19.280 0.4000000060
19755  22.945  -53.864  -20.565 0.4000000060
20604  23.034  -53.174  -20.719 0.4000000060
118150  24.865  -53.133  -20.871 0.5000000000
20603  23.820  -53.554  -20.935 0.5000000000
21454  24.510  -52.279  -20.884 0.5000000000
21453  25.702  -52.499  -20.609 0.5000000000
22346  25.390  -51.750  -20.566 0.5000000000
22347  24.126  -51.453  -20.930 0.4000000060
116841  27.527  -51.966  -20.217 0.6000000238
130057  25.244  -50.361  -20.327 0.5000000000
23167  29.061  -50.684  -21.193 0.6000000238
22345  27.276  -51.153  -20.003 0.6000000238
114480  26.518  -51.903  -20.322 0.5000000000
129238  26.161  -51.282  -20.243 0.5000000000
23152  28.336  -50.513  -20.248 0.6000000238
122268  28.862  -49.863  -20.970 0.6000000238
25616  28.078  -47.109  -20.247 0.5000000000
130714  28.225  -47.823  -20.201 0.6000000238
25601  27.441  -47.677  -19.792 0.5000000000
24806  27.817  -48.403  -19.837 0.6000000238
24787  26.857  -48.357  -19.654 0.5000000000
128120  26.254  -49.034  -19.735 0.5000000000
23154  26.255  -50.522  -19.995 0.5000000000
23964  25.692  -49.744  -20.027 0.5000000000
23965  24.992  -48.908  -20.248 0.5000000000
26419  28.427  -46.634  -21.037 0.5000000000
25615  28.567  -47.606  -21.103 0.6000000238
23963  27.344  -49.202  -19.702 0.6000000238
130963  26.617  -49.748  -19.742 0.5000000000
128020  28.191  -48.956  -20.043 0.6000000238
20629  30.633  -53.404  -24.649 0.4000000060
21495  30.161  -52.948  -23.718 0.4000000060
23978  28.240  -49.642  -20.093 0.6000000238
20640  33.174  -54.807  -26.057 0.5000000000
19773  30.846  -55.505  -25.110 0.5000000000
125627  32.411  -55.089  -26.002 0.5000000000
20642  31.244  -54.474  -25.420 0.5000000000
18903  25.961  -55.368  -20.777 0.5000000000
18906  22.437  -55.648  -20.033 0.4000000060
21436  22.516  -52.036  -20.048 0.4000000060
22349  22.742  -51.168  -20.451 0.4000000060
125021  22.251  -55.294  -19.678 0.4000000060
18879  21.873  -55.801  -18.871 0.4000000060
23153  27.368  -50.156  -19.794 0.6000000238
20585  22.975  -53.250  -19.721 0.3000000119
22339  22.531  -51.351  -20.115 0.3000000119
21435  22.914  -52.305  -19.752 0.3000000119
23157  22.920  -50.389  -20.392 0.3000000119
23141  22.662  -50.586  -20.111 0.3000000119
22338  22.722  -51.459  -19.825 0.3000000119
17282  21.533  -57.262  -19.225 0.4000000060
18065  25.626  -56.209  -20.831 0.5000000000
18068  21.955  -56.480  -19.817 0.4000000060
18907  21.846  -55.942  -19.571 0.4000000060
19675  37.793  -54.698  -16.035 0.5000000000
20536  37.583  -53.576  -16.417 0.5000000000
20602  25.720  -53.674  -20.694 0.5000000000
21378  37.951  -52.637  -15.832 0.5000000000
21403  34.933  -52.884  -17.268 0.5000000000
21503  31.474  -52.708  -25.331 0.5000000000
21512  33.460  -53.119  -26.075 0.5000000000
22289  40.197  -51.368  -15.657 0.4000000060
22366  33.697  -51.963  -22.495 0.5000000000
22383  35.299  -51.146  -26.226 0.6000000238
22384  35.028  -51.732  -25.913 0.6000000238
22396  34.826  -51.670  -26.268 0.6999999881
22397  34.253  -51.687  -26.376 0.5000000000
23089  37.496  -50.468  -15.628 0.6000000238
23090  36.585  -50.434  -15.792 0.6000000238
23097  41.384  -50.678  -16.639 0.3000000119
23150  34.363  -50.399  -20.769 0.6000000238
23204  35.713  -50.414  -26.075 0.6999999881
23207  32.766  -51.150  -25.102 0.6999999881
23212  35.343  -50.540  -26.395 0.6000000238
23213  34.814  -50.406  -26.527 0.6999999881
23925  39.074  -48.996  -16.248 0.5000000000
23961  41.803  -49.151  -19.311 0.4000000060
24016  36.247  -48.875  -25.351 0.8000000119
24032  36.135  -48.912  -26.065 0.8000000119
24034  35.080  -49.650  -26.384 0.6999999881
24766  39.970  -48.522  -17.140 0.5000000000
24775  41.032  -48.514  -18.383 0.4000000060
24801  35.598  -48.542  -20.788 0.8000000119
24819  31.037  -49.383  -21.373 1.0000000000
24854  35.887  -48.426  -26.143 0.8000000119
25563  38.873  -47.640  -16.643 0.4000000060
25564  37.971  -47.451  -16.445 0.4000000060
25577  36.335  -47.261  -17.277 0.6000000238
25625  33.716  -47.957  -21.105 0.8999999762
25656  36.000  -47.809  -26.034 0.8000000119
26371  37.822  -46.738  -16.745 0.5000000000
26388  41.364  -46.420  -18.896 0.4000000060
26390  37.329  -45.956  -18.049 0.5000000000
26392  33.930  -46.120  -18.987 0.8999999762
26405  32.772  -46.734  -19.198 1.0000000000
26414  42.282  -46.493  -20.377 0.3000000119
26434  42.992  -46.454  -22.485 0.3000000119
26444  37.263  -45.752  -23.958 0.8000000119
26453  36.363  -45.970  -25.032 0.8000000119
27294  41.053  -45.526  -18.614 0.4000000060
27295  40.204  -45.391  -18.078 0.4000000060
27296  39.303  -45.144  -18.044 0.5000000000
27297  38.506  -45.235  -18.181 0.4000000060
27314  31.734  -45.814  -19.042 1.0000000000
27349  37.055  -45.139  -24.103 0.8000000119
27350  36.531  -45.182  -23.932 0.8000000119
27380  42.212  -45.312  -27.573 0.3000000119
28131  34.245  -44.290  -17.698 0.8000000119
28156  30.776  -44.801  -19.890 1.0000000000
28164  38.427  -44.129  -20.995 0.6999999881
28165  38.046  -44.606  -21.691 0.6000000238
28166  36.130  -44.221  -21.297 0.6999999881
28201  30.317  -44.586  -24.216 0.8999999762
29010  36.095  -43.359  -17.382 0.8000000119
29011  35.495  -43.483  -17.291 0.8000000119
29020  32.305  -43.547  -18.427 1.0000000000
29029  36.973  -43.110  -19.526 0.6000000238
29030  36.618  -43.653  -18.949 0.6999999881
29039  42.017  -43.271  -20.520 0.4000000060
29040  41.352  -43.021  -20.158 0.5000000000
29041  40.614  -42.956  -20.003 0.5000000000
29042  39.839  -43.114  -20.195 0.5000000000
29111  41.959  -43.701  -27.543 0.3000000119
29882  37.021  -42.859  -17.900 0.6999999881
29883  33.381  -42.963  -17.730 0.8999999762
29891  31.567  -41.894  -19.228 1.0000000000
29925  42.508  -41.832  -22.554 0.4000000060
29991  41.264  -42.461  -27.770 0.4000000060
30752  37.768  -41.939  -19.599 0.6999999881
30778  40.832  -41.370  -21.770 0.5000000000
30821  42.760  -41.630  -24.243 0.4000000060
30823  29.806  -41.633  -25.080 0.8999999762
30845  42.289  -41.890  -26.229 0.4000000060
30857  40.028  -41.336  -28.327 0.4000000060
30863  40.826  -41.883  -28.528 0.4000000060
31620  36.592  -41.109  -16.800 0.8000000119
31627  38.086  -40.521  -17.456 0.6999999881
31628  37.446  -40.800  -17.122 0.6999999881
31629  35.647  -40.921  -16.748 0.8000000119
31630  34.699  -40.728  -17.099 0.8000000119
31639  38.633  -40.653  -17.954 0.6999999881
31651  31.295  -40.309  -20.171 1.0000000000
31663  30.854  -40.231  -20.935 1.0000000000
31715  42.379  -40.869  -23.851 0.4000000060
31716  41.738  -40.434  -23.611 0.4000000060
31730  42.005  -40.434  -24.357 0.4000000060
31747  42.136  -40.583  -25.118 0.4000000060
31762  40.237  -40.198  -27.036 0.4000000060
31766  38.602  -40.770  -28.989 0.4000000060
31768  39.473  -41.122  -28.951 0.4000000060
31772  43.269  -40.308  -29.976 0.3000000119
32573  35.912  -39.339  -17.012 0.6999999881
32587  34.375  -38.949  -17.789 0.6999999881
32601  33.010  -38.815  -18.885 1.0000000000
32673  41.243  -39.956  -24.088 0.4000000060
32699  38.551  -39.226  -26.605 0.4000000060
32700  37.542  -38.898  -27.132 0.4000000060
32703  38.602  -39.739  -28.194 0.4000000060
32704  37.820  -39.010  -27.840 0.4000000060
32713  39.172  -39.916  -29.434 0.4000000060
32714  38.376  -40.043  -29.274 0.4000000060
32715  38.165  -39.623  -29.165 0.4000000060
32718  44.115  -39.197  -30.751 0.3000000119
32723  44.699  -39.311  -31.299 0.3000000119
33513  38.930  -38.397  -17.576 0.6999999881
33514  38.022  -38.288  -17.348 0.6999999881
33527  40.281  -38.531  -18.669 0.6999999881
33528  39.679  -38.476  -17.991 0.6999999881
33542  40.569  -38.521  -19.312 0.6999999881
33544  32.338  -38.232  -19.806 1.0000000000
33572  40.257  -38.511  -21.404 0.6000000238
33597  37.606  -38.575  -23.926 0.5000000000
33608  37.398  -38.620  -24.519 0.5000000000
33621  37.522  -38.729  -26.734 0.4000000060
33626  37.811  -38.674  -28.207 0.4000000060
33627  37.562  -38.709  -27.429 0.4000000060
33631  42.369  -38.485  -28.472 0.3000000119
33634  39.076  -38.573  -29.031 0.3000000119
33640  42.216  -38.934  -29.007 0.3000000119
33641  40.787  -38.976  -29.062 0.3000000119
33643  38.658  -39.318  -29.284 0.3000000119
34484  37.818  -37.394  -17.471 0.6999999881
34486  35.952  -37.961  -17.494 0.6999999881
34487  35.317  -38.018  -17.676 0.6999999881
34518  41.443  -36.855  -19.792 0.6999999881
34520  34.738  -37.061  -18.483 0.8000000119
34536  32.303  -37.515  -20.258 1.0000000000
34544  31.967  -37.117  -20.815 1.0000000000
34557  40.570  -37.668  -22.595 0.5000000000
34585  37.310  -38.715  -25.109 0.4000000060
34604  37.700  -38.342  -26.390 0.4000000060
34611  38.694  -37.573  -27.769 0.3000000119
34612  38.048  -37.779  -27.449 0.3000000119
34616  43.158  -38.066  -28.375 0.3000000119
34618  39.591  -38.109  -28.634 0.3000000119
34619  38.696  -37.995  -28.624 0.3000000119
34626  43.594  -37.937  -29.215 0.3000000119
34631  44.111  -37.910  -29.961 0.3000000119
34635  46.337  -37.365  -31.716 0.3000000119
34637  45.135  -38.122  -31.188 0.3000000119
34644  46.663  -37.643  -32.223 0.3000000119
35449  37.473  -36.663  -17.631 0.6999999881
35450  36.668  -36.656  -17.746 0.6999999881
35451  35.998  -36.762  -17.901 0.6999999881
35460  40.381  -36.451  -18.429 0.6999999881
35477  34.760  -36.355  -18.888 0.6999999881
35507  41.631  -36.706  -21.919 0.5000000000
35571  47.226  -36.322  -31.922 0.3000000119
35573  45.970  -37.026  -31.145 0.3000000119
36376  37.562  -35.357  -18.092 0.6000000238
36377  36.729  -35.367  -18.336 0.6000000238
36378  35.939  -35.286  -18.725 0.6000000238
36386  41.334  -34.939  -19.119 0.6000000238
36388  35.253  -35.269  -19.310 0.8000000119
36395  41.738  -35.635  -19.713 0.6999999881
36408  42.074  -35.820  -20.673 0.6000000238
36410  33.234  -35.287  -21.385 0.8999999762
36422  32.979  -34.978  -22.080 0.8999999762
36477  46.057  -36.081  -30.059 0.3000000119
37378  39.679  -34.735  -18.255 0.6000000238
37388  42.235  -34.353  -19.930 0.6000000238
37398  42.474  -34.418  -20.714 0.6000000238
37417  42.143  -34.799  -22.996 0.4000000060
37420  32.779  -34.721  -22.819 0.8999999762
37461  31.626  -34.011  -26.647 0.6999999881
38331  41.379  -33.430  -19.116 0.5000000000
38332  40.609  -33.248  -18.667 0.5000000000
38333  39.622  -33.099  -18.471 0.5000000000
38334  37.540  -33.496  -18.738 0.5000000000
38340  42.045  -33.607  -19.665 0.6000000238
38361  34.670  -33.412  -21.955 0.6000000238
38368  42.575  -33.533  -22.570 0.5000000000
39239  38.844  -32.629  -18.540 0.5000000000
39240  38.162  -33.049  -18.635 0.5000000000
39248  37.365  -32.749  -19.143 0.5000000000
39249  36.589  -32.969  -19.769 0.5000000000
39254  42.695  -32.471  -20.500 0.5000000000
39255  36.295  -32.480  -20.472 0.5000000000
39256  35.674  -32.793  -21.051 0.6999999881
39263  43.083  -32.211  -21.909 0.4000000060
39327  32.382  -32.572  -27.886 0.6999999881
39334  32.289  -32.218  -28.241 0.6999999881
40139  42.178  -31.379  -19.718 0.5000000000
40141  40.977  -31.694  -18.869 0.5000000000
40143  38.205  -31.339  -19.154 0.5000000000
40144  37.329  -31.393  -19.755 0.5000000000
40177  42.996  -32.045  -22.691 0.5000000000
40178  35.208  -31.342  -22.791 0.6000000238
40201  34.076  -31.384  -24.618 0.6000000238
40245  32.754  -32.160  -28.147 0.6000000238
40266  32.414  -31.303  -29.248 0.5000000000
41025  40.017  -30.907  -18.814 0.5000000000
41044  40.387  -30.280  -19.162 0.5000000000
41058  42.675  -30.847  -20.216 0.4000000060
41068  43.462  -30.538  -21.389 0.4000000060
41075  43.533  -30.710  -22.167 0.4000000060
41086  43.370  -30.889  -22.812 0.4000000060
41110  42.186  -30.038  -24.998 0.3000000119
41112  33.983  -30.284  -25.694 0.5000000000
41969  41.946  -29.650  -19.750 0.5000000000
41972  39.521  -29.415  -19.439 0.5000000000
41974  38.188  -29.788  -19.712 0.4000000060
42003  36.919  -29.474  -21.054 0.4000000060
42004  36.501  -29.849  -21.563 0.5000000000
42017  36.209  -29.507  -22.174 0.4000000060
42037  42.765  -29.550  -24.520 0.4000000060
42104  32.928  -30.561  -30.144 0.4000000060
42115  34.229  -30.285  -30.607 0.4000000060
42910  40.244  -28.130  -19.556 0.5000000000
42912  38.890  -28.287  -19.768 0.4000000060
42933  43.080  -28.265  -20.981 0.4000000060
42934  38.232  -28.383  -20.114 0.4000000060
42935  37.625  -28.516  -20.648 0.4000000060
42947  43.454  -28.948  -21.605 0.4000000060
42962  43.606  -28.514  -22.412 0.4000000060
42973  36.071  -28.266  -22.962 0.3000000119
42983  43.018  -28.256  -24.729 0.3000000119
43012  34.066  -28.981  -26.334 0.4000000060
43060  34.489  -29.259  -29.728 0.4000000060
43988  41.592  -27.751  -19.827 0.5000000000
43990  40.193  -27.427  -19.659 0.4000000060
44005  42.398  -27.764  -20.376 0.5000000000
44006  38.964  -27.163  -20.024 0.4000000060
44027  37.366  -28.066  -21.252 0.4000000060
44057  43.623  -27.311  -23.339 0.4000000060
44059  35.679  -27.854  -23.730 0.3000000119
44083  43.101  -27.219  -25.447 0.3000000119
44111  34.026  -28.463  -28.034 0.3000000119
45138  41.256  -27.147  -19.800 0.4000000060
45152  40.488  -26.149  -19.987 0.3000000119
45173  38.040  -26.038  -21.003 0.3000000119
45174  37.610  -26.595  -21.584 0.4000000060
45218  43.643  -26.244  -24.443 0.3000000119
45219  36.142  -26.437  -24.063 0.3000000119
45231  34.924  -26.706  -25.968 0.3000000119
46309  39.450  -25.116  -20.476 0.3000000119
46310  38.757  -25.531  -20.654 0.3000000119
46382  43.794  -25.586  -25.656 0.3000000119
46412  34.850  -25.079  -27.678 0.3000000119
46449  35.356  -25.952  -32.306 0.3000000119
47566  41.960  -24.691  -20.863 0.3000000119
47580  39.211  -23.846  -20.869 0.3000000119
47601  37.669  -24.309  -22.497 0.4000000060
47622  37.331  -24.481  -23.369 0.3000000119
47634  37.068  -24.345  -24.113 0.3000000119
47642  35.825  -24.848  -25.737 0.4000000060
47655  35.632  -24.369  -26.602 0.3000000119
47688  35.207  -24.468  -29.694 0.3000000119
47705  35.519  -24.699  -32.500 0.3000000119
47715  35.347  -24.831  -33.174 0.3000000119
48818  37.004  -23.816  -24.722 0.3000000119
48835  35.732  -23.758  -27.076 0.3000000119
48849  35.668  -23.448  -27.711 0.3000000119
48875  35.485  -23.735  -30.782 0.3000000119
49932  37.510  -22.903  -23.548 0.3000000119
49958  37.063  -22.798  -25.728 0.3000000119
49970  37.258  -22.064  -25.898 0.3000000119
49971  36.846  -22.509  -26.385 0.3000000119
49981  36.551  -22.378  -27.072 0.3000000119
49989  36.374  -22.074  -27.708 0.3000000119
49990  35.974  -22.199  -28.393 0.3000000119
50024  35.545  -23.253  -33.435 0.3000000119
50033  35.352  -23.341  -34.017 0.3000000119
50971  38.120  -22.109  -22.390 0.4000000060
50990  37.619  -21.403  -23.630 0.3000000119
51059  35.890  -21.432  -28.706 0.3000000119
51998  38.750  -20.729  -22.187 0.4000000060
52013  37.532  -20.726  -24.177 0.3000000119
52047  37.338  -20.771  -25.577 0.3000000119
52063  37.182  -20.676  -26.248 0.3000000119
52064  36.924  -20.133  -26.860 0.3000000119
52091  35.500  -20.572  -29.903 0.3000000119
52101  35.515  -20.554  -30.820 0.3000000119
52112  35.549  -20.558  -31.604 0.3000000119
52960  37.277  -19.298  -25.417 0.3000000119
53875  36.553  -18.623  -27.323 0.3000000119
54764  37.021  -17.749  -26.128 0.3000000119
54804  35.602  -17.643  -29.322 0.3000000119
54818  35.449  -17.273  -30.083 0.3000000119
54827  35.438  -17.537  -30.971 0.3000000119
54843  35.551  -17.868  -33.039 0.3000000119
55838  36.881  -16.457  -26.699 0.3000000119
55856  36.655  -16.114  -27.241 0.3000000119
55877  35.430  -16.507  -29.982 0.3000000119
56945  35.394  -15.559  -31.995 0.3000000119
57987  35.609  -14.448  -29.738 0.3000000119
57995  35.482  -14.099  -30.489 0.3000000119
60029  35.559  -12.519  -30.978 0.3000000119
113730  34.387  -27.017  -26.943 0.3000000119
114693  25.267  -51.013  -20.465 0.5000000000
114865  40.774  -30.927  -18.929 0.5000000000
115421  33.067  -32.231  -26.237 0.6999999881
115829  38.830  -33.320  -18.435 0.5000000000
116813  36.512  -43.003  -17.423 0.6999999881
116994  42.389  -26.054  -20.810 0.3000000119
118193  34.090  -30.822  -29.991 0.4000000060
118292  43.445  -25.814  -22.527 0.4000000060
118404  43.144  -43.591  -22.852 0.4000000060
118981  42.608  -32.299  -23.381 0.3000000119
119353  34.609  -46.707  -21.539 0.6999999881
119391  40.642  -29.707  -19.365 0.5000000000
120148  42.562  -48.141  -22.018 0.3000000119
120214  42.447  -48.668  -21.428 0.3000000119
121138  40.402  -37.525  -27.407 0.3000000119
121246  41.766  -43.216  -28.425 0.4000000060
122082  43.606  -29.299  -22.377 0.4000000060
122152  42.449  -24.621  -21.366 0.3000000119
122174  42.797  -45.535  -21.486 0.3000000119
122236  40.583  -34.883  -18.580 0.6000000238
122853  35.541  -23.725  -32.908 0.3000000119
122899  35.513  -50.987  -16.335 0.6999999881
123018  42.745  -43.871  -21.550 0.4000000060
123073  37.457  -20.938  -24.930 0.3000000119
123194  36.954  -46.516  -22.763 0.6999999881
123608  39.414  -50.977  -15.603 0.4000000060
123810  34.601  -27.032  -26.399 0.3000000119
123909  38.916  -39.565  -27.141 0.4000000060
123979  34.629  -45.778  -19.313 0.8000000119
124038  35.460  -17.935  -30.447 0.3000000119
124081  35.493  -19.191  -30.692 0.3000000119
124152  21.739  -58.140  -19.518 0.4000000060
124281  36.963  -21.831  -26.596 0.3000000119
124497  34.624  -42.277  -17.038 0.8000000119
124591  39.613  -36.219  -17.928 0.6999999881
124761  45.568  -38.295  -31.593 0.3000000119
125052  36.482  -53.086  -16.813 0.5000000000
125238  36.702  -37.931  -17.385 0.6999999881
125478  43.656  -25.980  -23.130 0.4000000060
125698  43.055  -44.904  -25.310 0.3000000119
125761  42.985  -46.916  -23.938 0.3000000119
125797  29.789  -40.334  -25.210 0.8999999762
126030  37.392  -25.610  -22.548 0.3000000119
126176  31.324  -43.990  -19.199 1.0000000000
126181  42.750  -45.159  -26.050 0.3000000119
126213  36.881  -39.433  -16.949 0.6999999881
126426  35.049  -39.187  -17.392 0.6999999881
126502  40.984  -44.266  -19.081 0.5000000000
126762  34.283  -36.120  -19.456 0.8999999762
126896  37.315  -18.010  -25.503 0.3000000119
126911  35.399  -42.310  -16.830 0.8000000119
127151  35.678  -19.026  -28.931 0.3000000119
127201  42.129  -39.927  -29.074 0.3000000119
127216  42.813  -39.797  -29.494 0.3000000119
127429  35.438  -13.833  -31.164 0.3000000119
127494  36.545  -49.085  -15.969 0.6000000238
127769  41.206  -25.740  -20.249 0.3000000119
128048  36.592  -46.468  -25.103 0.8000000119
128103  40.512  -38.777  -19.790 0.6999999881
129486  42.621  -49.485  -20.317 0.3000000119
129743  34.931  -49.382  -17.291 0.6000000238
129859  42.626  -28.601  -20.419 0.4000000060
130299  35.074  -50.692  -26.565 0.6999999881
130770  32.835  -54.650  -26.102 0.5000000000
131044  41.855  -26.263  -20.385 0.3000000119
131113  30.679  -43.557  -20.225 1.0000000000
132293  41.847  -45.023  -19.583 0.4000000060
132912  37.750  -38.252  -27.735 0.4000000060
133223  43.288  -45.192  -23.103 0.3000000119
134024  23.119  -52.126  -20.965 0.4000000060
134732  43.425  -26.872  -24.801 0.3000000119
134816  42.658  -33.142  -20.618 0.5000000000
136553  42.973  -29.699  -20.604 0.4000000060
137245  37.122  -27.725  -21.774 0.4000000060
