#!ascii label  , from subject sub-v1s19x0051309_ses-1 vox2ras=TkReg
1236
92659  -45.213  39.765  38.010 0.0000000000
98228  -46.393  48.757  21.492 0.0000000000
95965  -38.237  44.461  29.363 0.0000000000
94679  -49.664  43.120  27.274 0.0000000000
94124  -46.820  41.821  16.308 0.0000000000
94072  -46.098  41.846  21.907 0.0000000000
92159  -48.020  38.615  21.167 0.0000000000
122905  -43.360  41.283  25.750 0.0000000000
89134  -40.266  33.342  40.131 0.0000000000
92021  -41.250  38.686  39.124 0.0000000000
99278  -38.727  50.753  21.976 0.0000000000
97757  -42.503  47.781  17.294 0.0000000000
97295  -48.402  46.601  13.620 0.0000000000
95886  -41.879  44.193  34.950 0.0000000000
96660  -39.910  45.264  23.188 0.0000000000
96621  -45.059  45.179  29.018 0.0000000000
95906  -47.985  44.384  34.584 0.0000000000
94643  -43.677  42.163  32.061 0.0000000000
92717  -39.660  39.069  30.501 0.0000000000
92059  -48.413  38.410  35.543 0.0000000000
116699  -48.368  37.477  14.279 0.0000000000
92217  -49.251  37.201  17.634 0.0000000000
91553  -46.147  37.342  17.989 0.0000000000
92821  -43.895  39.175  20.900 0.0000000000
90245  -40.307  36.262  41.186 0.0000000000
91414  -38.661  37.210  37.168 0.0000000000
100386  -36.844  52.061  24.023 0.0000000000
97774  -44.681  47.795  14.650 0.0000000000
95247  -39.185  43.627  35.473 0.0000000000
96569  -39.806  45.473  32.013 0.0000000000
99831  -45.354  51.443  23.814 0.0000000000
97733  -41.932  47.551  21.171 0.0000000000
95373  -49.535  43.358  24.758 0.0000000000
95362  -45.602  44.075  24.976 0.0000000000
96635  -48.377  45.289  27.989 0.0000000000
97164  -46.797  47.011  31.401 0.0000000000
95931  -49.471  44.120  31.460 0.0000000000
95273  -46.087  42.965  33.297 0.0000000000
95338  -46.570  43.274  29.731 0.0000000000
93346  -41.466  40.748  28.523 0.0000000000
96704  -45.518  45.414  18.740 0.0000000000
95429  -42.992  44.054  19.698 0.0000000000
93527  -45.837  40.200  19.011 0.0000000000
93512  -50.810  39.923  21.114 0.0000000000
93431  -50.225  40.977  24.224 0.0000000000
94024  -45.900  42.202  26.288 0.0000000000
93453  -45.482  40.539  23.400 0.0000000000
93451  -42.462  40.335  23.435 0.0000000000
89115  -43.814  34.088  42.386 0.0000000000
91387  -42.929  37.789  42.078 0.0000000000
92016  -43.524  39.685  40.776 0.0000000000
101864  -41.353  55.989  25.671 0.0000000000
100896  -42.186  53.765  23.512 0.0000000000
99853  -43.300  51.776  21.593 0.0000000000
98240  -45.473  48.696  19.469 0.0000000000
97254  -47.069  46.411  17.731 0.0000000000
94787  -48.703  42.615  14.882 0.0000000000
93577  -47.635  40.028  13.052 0.0000000000
96188  -46.731  43.963  12.235 0.0000000000
117991  -39.158  40.408  35.655 0.0000000000
93285  -41.869  40.906  36.422 0.0000000000
93957  -44.038  41.583  37.310 0.0000000000
96022  -39.081  44.323  25.983 0.0000000000
95378  -42.754  43.784  22.971 0.0000000000
108136  -42.756  44.466  25.782 0.0000000000
95968  -41.305  44.646  29.520 0.0000000000
107640  -42.991  46.405  32.314 0.0000000000
95903  -44.974  45.003  34.762 0.0000000000
93951  -47.676  41.642  37.112 0.0000000000
93306  -48.178  41.140  35.502 0.0000000000
93314  -44.816  40.968  34.139 0.0000000000
92699  -42.651  39.409  32.930 0.0000000000
109443  -44.079  42.341  28.910 0.0000000000
93336  -41.696  40.659  31.175 0.0000000000
92085  -40.545  37.951  32.174 0.0000000000
91409  -43.377  38.175  38.366 0.0000000000
91418  -44.111  37.989  36.484 0.0000000000
92041  -45.984  38.904  36.752 0.0000000000
91596  -46.596  36.720  14.487 0.0000000000
116252  -47.361  36.351  15.554 0.0000000000
91580  -45.077  36.449  16.323 0.0000000000
91551  -43.950  37.530  17.625 0.0000000000
110420  -39.087  45.077  30.899 0.0000000000
99281  -46.543  50.401  22.565 0.0000000000
96048  -49.837  43.232  26.251 0.0000000000
96046  -48.513  44.324  25.892 0.0000000000
96014  -49.506  44.405  27.798 0.0000000000
110700  -48.716  45.510  29.740 0.0000000000
95341  -49.629  43.910  29.346 0.0000000000
113083  -49.249  43.773  30.267 0.0000000000
95350  -48.373  43.243  28.575 0.0000000000
94768  -45.707  42.756  17.189 0.0000000000
94760  -44.392  42.321  18.416 0.0000000000
93534  -45.356  40.526  17.877 0.0000000000
91542  -49.749  37.656  19.225 0.0000000000
92838  -49.854  38.902  19.611 0.0000000000
92161  -50.334  38.600  20.832 0.0000000000
93479  -51.018  40.320  22.354 0.0000000000
92797  -49.168  39.469  22.321 0.0000000000
122141  -47.374  40.421  23.340 0.0000000000
92795  -46.507  39.580  22.218 0.0000000000
92804  -43.573  39.550  21.623 0.0000000000
91392  -40.304  37.446  39.901 0.0000000000
90821  -42.324  37.287  42.293 0.0000000000
91394  -42.282  38.266  41.366 0.0000000000
92015  -43.357  39.328  40.975 0.0000000000
92022  -42.155  39.350  39.820 0.0000000000
99828  -37.870  51.608  23.336 0.0000000000
100377  -39.791  53.004  24.128 0.0000000000
99830  -39.727  51.854  22.886 0.0000000000
99842  -42.771  52.454  22.237 0.0000000000
99851  -40.917  51.212  21.784 0.0000000000
98245  -41.236  48.329  18.064 0.0000000000
98792  -41.877  49.043  19.594 0.0000000000
97752  -43.093  47.694  18.027 0.0000000000
116565  -45.943  47.349  18.280 0.0000000000
97759  -44.613  47.113  17.336 0.0000000000
98268  -46.566  48.076  14.085 0.0000000000
96782  -47.573  45.662  15.230 0.0000000000
96784  -48.715  44.753  14.818 0.0000000000
94166  -48.547  41.393  13.402 0.0000000000
95498  -48.373  43.096  12.980 0.0000000000
94818  -47.581  42.464  12.557 0.0000000000
96804  -48.330  46.002  12.768 0.0000000000
94577  -34.426  42.606  35.539 0.0000000000
123727  -35.188  40.946  35.535 0.0000000000
93971  -36.403  41.677  35.633 0.0000000000
93301  -37.552  40.117  35.465 0.0000000000
110450  -37.743  41.279  35.537 0.0000000000
95263  -40.581  43.907  35.260 0.0000000000
94583  -40.421  42.281  35.547 0.0000000000
107910  -42.157  42.924  35.401 0.0000000000
93956  -43.195  41.436  36.728 0.0000000000
94586  -43.652  42.683  35.951 0.0000000000
96658  -38.705  45.810  23.647 0.0000000000
96052  -38.466  44.823  24.592 0.0000000000
96054  -39.884  44.561  24.465 0.0000000000
94736  -44.318  42.207  21.383 0.0000000000
95411  -42.533  43.658  21.112 0.0000000000
95397  -44.119  42.984  22.678 0.0000000000
96010  -45.515  44.663  27.066 0.0000000000
125512  -44.273  44.358  25.371 0.0000000000
96008  -43.533  44.517  27.270 0.0000000000
108138  -42.146  44.452  27.326 0.0000000000
95970  -43.019  44.675  28.994 0.0000000000
96590  -42.614  45.397  30.618 0.0000000000
96591  -43.538  45.831  30.943 0.0000000000
96564  -46.976  46.450  33.131 0.0000000000
96563  -45.726  46.594  33.754 0.0000000000
95905  -47.109  45.135  34.718 0.0000000000
95236  -46.369  43.243  36.577 0.0000000000
95238  -48.177  43.032  35.898 0.0000000000
93959  -49.092  41.221  35.991 0.0000000000
94589  -48.313  42.679  35.541 0.0000000000
94629  -45.234  42.761  32.856 0.0000000000
93988  -44.950  41.884  33.951 0.0000000000
93986  -43.769  41.483  33.223 0.0000000000
92700  -43.909  39.519  33.475 0.0000000000
93328  -43.069  40.923  32.973 0.0000000000
108931  -44.988  41.964  26.215 0.0000000000
94676  -44.569  42.218  27.512 0.0000000000
94019  -43.810  41.852  27.269 0.0000000000
92723  -40.304  39.883  29.314 0.0000000000
93343  -41.683  40.901  29.509 0.0000000000
92714  -40.302  39.368  31.133 0.0000000000
92715  -40.942  39.514  31.845 0.0000000000
92095  -40.125  38.290  31.858 0.0000000000
117934  -39.426  36.643  31.662 0.0000000000
90264  -42.621  35.653  38.405 0.0000000000
91446  -49.289  37.881  33.798 0.0000000000
92868  -47.951  39.107  15.430 0.0000000000
92215  -47.145  38.780  17.073 0.0000000000
92222  -49.389  36.888  16.687 0.0000000000
91570  -48.492  36.812  17.759 0.0000000000
92188  -47.000  37.908  19.758 0.0000000000
92169  -45.610  38.648  20.649 0.0000000000
92186  -44.800  38.373  19.427 0.0000000000
89121  -40.003  34.446  40.423 0.0000000000
89680  -38.732  35.412  40.276 0.0000000000
91406  -39.829  37.685  37.999 0.0000000000
99290  -36.416  50.098  21.633 0.0000000000
97767  -43.474  47.664  15.613 0.0000000000
98827  -47.233  49.765  13.863 0.0000000000
98830  -48.527  49.071  13.137 0.0000000000
124815  -37.822  43.531  35.441 0.0000000000
95898  -39.383  44.568  34.347 0.0000000000
95913  -40.690  45.026  34.063 0.0000000000
96666  -40.495  45.796  21.932 0.0000000000
94727  -47.667  42.302  22.681 0.0000000000
95381  -45.820  43.334  23.861 0.0000000000
126160  -47.090  43.696  24.567 0.0000000000
121172  -47.280  44.702  26.661 0.0000000000
95992  -46.195  44.997  27.915 0.0000000000
109052  -45.304  45.704  29.861 0.0000000000
96593  -47.456  46.466  30.175 0.0000000000
96585  -48.107  46.105  31.001 0.0000000000
95921  -48.535  44.247  32.986 0.0000000000
95286  -48.517  43.933  33.406 0.0000000000
95302  -48.563  43.774  32.119 0.0000000000
95301  -47.199  43.585  31.599 0.0000000000
115703  -44.819  42.853  31.139 0.0000000000
94018  -42.399  41.196  27.289 0.0000000000
108365  -37.031  44.361  27.801 0.0000000000
97241  -45.596  46.693  19.880 0.0000000000
97236  -44.209  46.816  20.235 0.0000000000
96116  -44.145  45.010  19.002 0.0000000000
94095  -44.045  41.967  19.624 0.0000000000
93509  -46.359  40.931  20.725 0.0000000000
117062  -47.986  39.001  18.654 0.0000000000
129226  -47.835  39.953  19.943 0.0000000000
94087  -47.787  41.311  21.571 0.0000000000
94075  -49.657  41.671  22.356 0.0000000000
94711  -50.961  41.527  23.941 0.0000000000
94035  -49.988  41.865  25.418 0.0000000000
112911  -47.890  42.665  27.137 0.0000000000
94048  -47.992  41.360  24.785 0.0000000000
94047  -46.694  41.419  24.765 0.0000000000
94045  -44.427  41.293  24.899 0.0000000000
113672  -45.241  39.407  21.786 0.0000000000
130245  -43.766  40.445  23.451 0.0000000000
90236  -42.246  36.014  42.302 0.0000000000
124862  -42.940  36.214  42.471 0.0000000000
125795  -43.252  36.698  41.488 0.0000000000
121869  -43.242  37.639  40.916 0.0000000000
91408  -43.321  38.181  39.584 0.0000000000
92032  -44.045  39.337  39.522 0.0000000000
101371  -42.595  55.238  25.839 0.0000000000
101396  -41.151  54.627  24.769 0.0000000000
100874  -43.635  53.809  25.431 0.0000000000
114412  -44.149  53.508  23.444 0.0000000000
99844  -45.676  52.037  22.599 0.0000000000
99299  -46.888  50.420  22.032 0.0000000000
99310  -39.799  50.126  20.905 0.0000000000
99312  -41.782  50.228  20.630 0.0000000000
98782  -43.760  49.792  20.173 0.0000000000
124597  -47.523  48.972  20.989 0.0000000000
97747  -47.774  47.609  19.892 0.0000000000
96723  -47.659  45.869  18.409 0.0000000000
95453  -47.795  44.163  16.963 0.0000000000
97264  -44.992  46.738  15.867 0.0000000000
96749  -48.549  44.828  16.813 0.0000000000
94131  -47.660  41.827  15.665 0.0000000000
120322  -48.459  40.871  14.467 0.0000000000
92892  -48.221  38.762  13.390 0.0000000000
121045  -45.885  40.083  14.296 0.0000000000
94163  -46.217  41.700  13.518 0.0000000000
97791  -48.055  47.730  12.363 0.0000000000
92036  -38.928  38.054  36.226 0.0000000000
92038  -40.349  38.935  36.897 0.0000000000
115582  -38.820  42.234  35.574 0.0000000000
93304  -40.524  40.474  36.036 0.0000000000
123386  -41.969  39.758  37.962 0.0000000000
92657  -42.828  40.229  39.023 0.0000000000
93279  -43.966  40.985  39.249 0.0000000000
93275  -45.193  40.967  38.987 0.0000000000
95986  -38.518  44.334  27.657 0.0000000000
97234  -42.166  46.226  20.514 0.0000000000
96075  -41.395  44.688  21.862 0.0000000000
96066  -41.317  44.561  22.710 0.0000000000
95369  -44.173  43.796  24.068 0.0000000000
96056  -42.849  44.296  24.427 0.0000000000
96055  -41.494  44.416  24.402 0.0000000000
108361  -40.859  44.388  25.853 0.0000000000
96006  -40.224  44.366  27.355 0.0000000000
95967  -39.902  44.544  29.475 0.0000000000
95943  -40.433  45.167  30.721 0.0000000000
96581  -41.360  45.775  31.690 0.0000000000
96560  -42.376  45.775  33.425 0.0000000000
97162  -44.398  46.787  31.941 0.0000000000
96561  -43.970  46.147  33.655 0.0000000000
95888  -44.088  44.381  35.078 0.0000000000
94587  -44.573  43.119  36.026 0.0000000000
94562  -45.871  41.785  37.872 0.0000000000
92660  -46.667  40.474  37.666 0.0000000000
92670  -48.998  39.683  36.343 0.0000000000
92686  -49.358  39.671  35.908 0.0000000000
92696  -47.719  39.262  34.657 0.0000000000
94601  -47.054  42.453  34.668 0.0000000000
93315  -45.833  40.694  34.548 0.0000000000
92695  -46.348  39.288  34.208 0.0000000000
92074  -44.646  38.781  33.248 0.0000000000
92073  -43.416  38.859  33.083 0.0000000000
127334  -46.767  42.655  27.605 0.0000000000
94663  -44.760  42.596  29.280 0.0000000000
112462  -43.475  42.183  30.469 0.0000000000
94014  -42.710  41.536  28.536 0.0000000000
117968  -42.401  41.440  29.842 0.0000000000
94002  -43.032  41.691  31.712 0.0000000000
93326  -41.687  39.894  32.229 0.0000000000
92086  -41.271  38.417  32.402 0.0000000000
92039  -43.846  38.507  37.652 0.0000000000
92040  -44.717  38.781  37.113 0.0000000000
92057  -45.331  38.163  36.157 0.0000000000
123048  -45.729  36.531  14.730 0.0000000000
112836  -45.692  36.183  15.072 0.0000000000
90967  -44.682  36.180  15.268 0.0000000000
95941  -38.362  44.928  31.028 0.0000000000
110248  -38.702  44.684  30.204 0.0000000000
98764  -46.870  49.423  21.737 0.0000000000
98763  -45.496  49.137  21.911 0.0000000000
98232  -45.417  48.214  21.148 0.0000000000
94685  -49.814  42.871  26.410 0.0000000000
95359  -49.751  43.402  27.004 0.0000000000
95356  -49.637  43.644  27.821 0.0000000000
95352  -49.563  43.764  28.661 0.0000000000
95355  -49.484  43.333  28.028 0.0000000000
95351  -49.390  43.562  28.766 0.0000000000
95354  -49.219  43.094  28.164 0.0000000000
94122  -45.954  41.831  16.856 0.0000000000
94117  -45.268  41.779  17.481 0.0000000000
94123  -46.270  40.999  16.647 0.0000000000
92171  -48.426  38.168  20.440 0.0000000000
92172  -49.836  37.993  20.330 0.0000000000
92160  -49.189  38.481  21.052 0.0000000000
92808  -49.889  39.017  21.595 0.0000000000
92807  -48.486  39.033  21.653 0.0000000000
92796  -47.689  39.509  22.278 0.0000000000
92806  -47.116  39.041  21.581 0.0000000000
89135  -41.110  33.045  40.512 0.0000000000
92013  -41.276  38.213  40.196 0.0000000000
91393  -41.132  37.638  40.901 0.0000000000
92014  -42.483  39.019  40.784 0.0000000000
99839  -38.243  51.184  22.666 0.0000000000
99829  -38.726  51.724  23.173 0.0000000000
114773  -38.984  51.319  22.594 0.0000000000
111916  -40.425  51.535  22.325 0.0000000000
99850  -40.144  51.020  21.856 0.0000000000
98252  -41.115  48.528  17.322 0.0000000000
98251  -40.571  48.701  17.647 0.0000000000
123058  -41.732  48.218  17.351 0.0000000000
115452  -41.781  48.344  18.633 0.0000000000
97751  -42.133  47.977  18.032 0.0000000000
97758  -43.436  47.415  17.282 0.0000000000
98269  -47.766  48.111  13.910 0.0000000000
97294  -48.142  46.223  14.245 0.0000000000
116748  -48.547  45.602  14.145 0.0000000000
111968  -48.701  45.031  13.924 0.0000000000
96180  -48.517  44.373  13.446 0.0000000000
96190  -48.136  43.923  12.774 0.0000000000
96793  -48.542  45.902  13.475 0.0000000000
95259  -34.843  43.286  34.790 0.0000000000
95243  -35.687  43.066  35.720 0.0000000000
93970  -35.638  41.991  35.763 0.0000000000
94579  -36.381  42.500  35.782 0.0000000000
93972  -37.061  41.957  35.636 0.0000000000
95264  -41.192  44.209  35.026 0.0000000000
95249  -41.450  43.481  35.272 0.0000000000
94585  -42.651  42.172  35.882 0.0000000000
95250  -42.945  43.107  35.467 0.0000000000
97228  -39.552  46.159  22.757 0.0000000000
96659  -39.263  45.600  23.433 0.0000000000
96654  -38.897  45.205  23.987 0.0000000000
96059  -39.562  44.930  23.845 0.0000000000
94737  -45.148  41.954  21.675 0.0000000000
94723  -43.786  42.707  21.884 0.0000000000
94725  -45.525  42.354  22.419 0.0000000000
95991  -44.965  44.781  28.064 0.0000000000
96009  -44.437  44.566  27.208 0.0000000000
125875  -44.047  44.589  27.897 0.0000000000
95990  -43.321  44.562  28.130 0.0000000000
95971  -44.040  44.798  28.783 0.0000000000
96604  -43.546  45.148  29.883 0.0000000000
96605  -44.463  45.274  29.590 0.0000000000
96553  -47.678  44.964  34.128 0.0000000000
96552  -46.963  45.689  33.888 0.0000000000
95891  -47.651  44.429  35.098 0.0000000000
95254  -47.682  43.780  35.564 0.0000000000
95892  -48.176  43.849  34.932 0.0000000000
95255  -48.136  43.181  35.406 0.0000000000
94602  -48.130  43.342  34.921 0.0000000000
94628  -44.403  42.466  32.416 0.0000000000
94614  -44.484  42.164  33.236 0.0000000000
94627  -43.873  42.037  32.715 0.0000000000
93995  -43.314  41.592  32.522 0.0000000000
94030  -44.028  41.468  25.625 0.0000000000
94020  -44.426  41.960  26.724 0.0000000000
94023  -43.706  41.588  26.407 0.0000000000
92718  -40.280  39.682  30.203 0.0000000000
92713  -39.822  38.690  31.308 0.0000000000
92094  -39.430  37.993  31.480 0.0000000000
92100  -39.158  38.428  30.826 0.0000000000
90833  -42.643  36.504  39.066 0.0000000000
91433  -47.876  37.795  34.941 0.0000000000
91434  -49.257  38.008  34.548 0.0000000000
92227  -48.308  38.068  15.253 0.0000000000
92221  -47.893  38.060  16.301 0.0000000000
91581  -48.445  37.175  15.068 0.0000000000
91568  -46.166  36.744  16.906 0.0000000000
90962  -48.358  36.636  17.105 0.0000000000
91569  -47.359  36.814  17.488 0.0000000000
91554  -47.609  37.179  18.300 0.0000000000
91539  -46.588  37.611  19.038 0.0000000000
92187  -45.848  38.243  19.772 0.0000000000
92203  -45.438  37.875  18.839 0.0000000000
92201  -43.402  38.171  18.316 0.0000000000
90254  -38.259  35.632  40.081 0.0000000000
91399  -39.586  37.227  38.935 0.0000000000
91405  -39.058  37.146  37.940 0.0000000000
99275  -36.052  50.435  22.372 0.0000000000
98826  -45.830  49.389  14.112 0.0000000000
121360  -46.799  50.543  14.011 0.0000000000
99358  -46.665  51.483  14.152 0.0000000000
95920  -39.094  45.191  32.543 0.0000000000
95911  -39.010  44.822  33.488 0.0000000000
129729  -39.465  45.152  33.117 0.0000000000
95912  -39.892  45.021  33.641 0.0000000000
96558  -40.690  45.411  33.220 0.0000000000
99815  -44.757  51.886  24.549 0.0000000000
97732  -40.991  47.321  21.435 0.0000000000
94708  -48.308  42.729  23.335 0.0000000000
95383  -47.784  43.220  23.866 0.0000000000
95372  -48.218  43.586  24.548 0.0000000000
96030  -48.230  44.692  26.583 0.0000000000
96012  -47.880  45.028  27.248 0.0000000000
96011  -46.757  44.843  27.209 0.0000000000
96634  -47.330  45.246  27.960 0.0000000000
96622  -46.720  45.508  28.677 0.0000000000
96623  -47.887  45.729  28.785 0.0000000000
95972  -49.472  44.469  29.970 0.0000000000
96595  -48.970  45.138  30.687 0.0000000000
96576  -48.772  45.120  31.673 0.0000000000
95922  -49.090  44.180  32.232 0.0000000000
95287  -48.873  43.945  32.610 0.0000000000
95303  -49.290  43.996  31.873 0.0000000000
95339  -47.815  43.520  30.038 0.0000000000
95321  -46.859  43.485  30.631 0.0000000000
95320  -45.785  43.290  31.110 0.0000000000
95337  -45.881  43.196  30.244 0.0000000000
96687  -45.116  45.903  19.296 0.0000000000
121608  -44.482  44.561  18.641 0.0000000000
94109  -44.854  40.965  18.451 0.0000000000
111179  -44.373  41.693  18.820 0.0000000000
93519  -44.661  41.221  19.292 0.0000000000
94096  -44.663  41.414  20.100 0.0000000000
111605  -46.101  40.536  19.937 0.0000000000
92216  -48.531  37.871  17.123 0.0000000000
92204  -47.305  38.821  17.815 0.0000000000
92205  -49.026  37.966  18.112 0.0000000000
92823  -50.371  39.345  20.309 0.0000000000
92822  -48.952  39.696  20.074 0.0000000000
93511  -49.551  40.182  20.675 0.0000000000
93493  -47.359  40.816  20.978 0.0000000000
93494  -48.557  40.752  21.136 0.0000000000
94088  -49.099  41.260  21.700 0.0000000000
94089  -50.600  41.000  21.977 0.0000000000
93457  -50.740  40.648  23.438 0.0000000000
123311  -51.089  40.862  23.193 0.0000000000
93432  -50.929  41.243  24.023 0.0000000000
94036  -50.469  42.028  25.061 0.0000000000
94049  -49.429  41.381  24.853 0.0000000000
94034  -48.825  41.680  25.520 0.0000000000
93430  -48.799  40.884  24.241 0.0000000000
93454  -46.477  40.511  23.366 0.0000000000
93429  -47.297  40.902  23.998 0.0000000000
93428  -46.027  40.987  24.063 0.0000000000
94046  -45.480  41.463  24.937 0.0000000000
92168  -44.755  38.883  20.824 0.0000000000
92157  -45.382  39.038  21.297 0.0000000000
117244  -44.539  39.359  21.540 0.0000000000
93472  -42.416  40.067  22.617 0.0000000000
92792  -43.346  39.900  22.324 0.0000000000
89681  -39.604  35.477  40.662 0.0000000000
89682  -40.898  35.483  41.369 0.0000000000
90813  -42.614  36.807  42.494 0.0000000000
90822  -42.931  37.210  42.387 0.0000000000
90247  -43.274  36.717  42.126 0.0000000000
121437  -43.219  37.549  42.029 0.0000000000
91401  -43.392  38.665  41.214 0.0000000000
92023  -43.559  39.262  40.883 0.0000000000
92031  -43.732  38.894  39.924 0.0000000000
92650  -43.935  40.135  40.415 0.0000000000
101855  -40.889  56.471  26.143 0.0000000000
101831  -41.237  56.183  27.204 0.0000000000
101856  -41.531  56.140  26.253 0.0000000000
121101  -42.152  54.804  27.159 0.0000000000
101865  -42.048  55.793  25.568 0.0000000000
100374  -37.073  52.513  24.508 0.0000000000
100886  -38.394  53.232  24.889 0.0000000000
120656  -40.647  53.355  23.960 0.0000000000
112131  -40.405  53.740  24.491 0.0000000000
100888  -41.482  54.041  24.102 0.0000000000
101398  -43.054  54.787  24.706 0.0000000000
100889  -42.628  54.403  24.029 0.0000000000
100891  -44.156  53.736  24.149 0.0000000000
100897  -43.297  53.970  23.638 0.0000000000
99843  -44.319  52.507  22.243 0.0000000000
99854  -44.903  51.765  21.692 0.0000000000
99855  -46.330  51.274  22.161 0.0000000000
99298  -45.659  50.935  21.327 0.0000000000
99311  -40.726  50.108  20.737 0.0000000000
98780  -41.174  49.452  20.051 0.0000000000
98239  -43.560  48.635  19.200 0.0000000000
98793  -42.976  49.179  19.639 0.0000000000
98794  -44.606  49.307  19.778 0.0000000000
98783  -45.580  49.826  20.420 0.0000000000
98795  -46.559  49.249  20.322 0.0000000000
98241  -47.470  48.413  20.325 0.0000000000
123972  -47.891  47.856  20.020 0.0000000000
97760  -47.074  47.078  18.520 0.0000000000
97247  -47.504  46.279  18.743 0.0000000000
96706  -47.829  46.017  18.509 0.0000000000
96128  -47.647  45.434  17.792 0.0000000000
96724  -47.993  45.892  18.152 0.0000000000
97773  -43.807  48.003  14.905 0.0000000000
97768  -44.231  47.351  15.457 0.0000000000
97769  -44.934  47.146  15.036 0.0000000000
124141  -48.776  44.613  15.873 0.0000000000
96769  -48.356  45.128  16.167 0.0000000000
95455  -48.877  44.298  16.193 0.0000000000
95454  -48.549  44.213  16.565 0.0000000000
94786  -48.299  42.689  15.515 0.0000000000
94132  -48.414  41.802  14.982 0.0000000000
112449  -48.306  40.961  12.927 0.0000000000
93578  -48.474  40.277  13.307 0.0000000000
92891  -47.992  39.234  13.041 0.0000000000
116120  -47.289  38.115  13.669 0.0000000000
92890  -47.330  39.034  13.434 0.0000000000
93560  -46.721  40.050  13.633 0.0000000000
95496  -47.190  43.179  12.437 0.0000000000
94813  -46.902  42.637  12.646 0.0000000000
94812  -46.281  42.520  13.149 0.0000000000
94801  -45.497  42.403  13.821 0.0000000000
95490  -46.379  43.237  12.738 0.0000000000
98279  -48.560  48.560  12.948 0.0000000000
92682  -36.977  39.090  35.384 0.0000000000
92683  -38.498  39.834  35.578 0.0000000000
129490  -38.643  39.133  35.682 0.0000000000
123203  -39.219  39.571  35.777 0.0000000000
92037  -39.615  38.482  36.586 0.0000000000
92665  -39.812  39.247  36.220 0.0000000000
95246  -38.435  43.592  35.468 0.0000000000
130113  -38.335  42.710  35.624 0.0000000000
94582  -39.529  42.838  35.577 0.0000000000
93974  -41.189  41.533  35.784 0.0000000000
110954  -40.441  41.298  35.726 0.0000000000
93305  -41.069  40.839  36.076 0.0000000000
92667  -41.371  40.122  36.730 0.0000000000
122953  -42.329  40.341  37.471 0.0000000000
93948  -43.638  41.057  37.863 0.0000000000
93949  -44.442  41.229  38.615 0.0000000000
93274  -44.507  40.795  39.422 0.0000000000
93944  -45.196  41.211  38.714 0.0000000000
96037  -38.523  44.453  25.340 0.0000000000
96004  -38.028  44.315  26.871 0.0000000000
96685  -43.065  45.386  19.776 0.0000000000
97235  -42.969  46.102  20.083 0.0000000000
96104  -42.634  44.576  19.990 0.0000000000
95395  -42.579  43.647  21.976 0.0000000000
96076  -41.994  44.176  21.504 0.0000000000
96067  -41.990  44.148  22.377 0.0000000000
107697  -41.996  44.258  23.230 0.0000000000
95371  -46.142  43.668  24.453 0.0000000000
122176  -45.263  43.184  23.535 0.0000000000
95370  -45.155  43.629  24.180 0.0000000000
96042  -43.622  44.447  25.721 0.0000000000
108261  -43.719  44.258  24.775 0.0000000000
108326  -43.056  44.416  25.142 0.0000000000
109854  -42.062  44.324  24.052 0.0000000000
96041  -42.221  44.448  24.958 0.0000000000
96040  -41.257  44.442  25.081 0.0000000000
108137  -41.861  44.459  25.806 0.0000000000
95988  -41.475  44.481  28.640 0.0000000000
96007  -41.160  44.403  27.322 0.0000000000
108364  -40.841  44.385  28.049 0.0000000000
108141  -39.945  44.391  28.092 0.0000000000
111786  -40.524  44.478  28.925 0.0000000000
121704  -40.520  44.702  29.903 0.0000000000
95944  -41.163  45.017  30.348 0.0000000000
108269  -42.811  46.028  31.530 0.0000000000
120380  -42.124  45.756  31.349 0.0000000000
108844  -42.156  46.176  32.059 0.0000000000
96571  -41.565  45.834  32.718 0.0000000000
96572  -42.454  46.210  32.671 0.0000000000
97169  -46.126  46.910  30.985 0.0000000000
97168  -45.083  46.634  31.311 0.0000000000
97163  -45.852  47.170  31.819 0.0000000000
96550  -45.428  45.852  34.253 0.0000000000
96562  -44.884  46.399  33.705 0.0000000000
122191  -44.493  45.677  34.187 0.0000000000
96549  -43.617  45.475  34.165 0.0000000000
127800  -44.857  44.439  35.189 0.0000000000
94568  -47.130  42.800  36.862 0.0000000000
94567  -46.160  42.510  37.131 0.0000000000
94563  -46.818  42.166  37.354 0.0000000000
93280  -46.023  41.132  38.320 0.0000000000
93281  -47.189  41.031  37.529 0.0000000000
92669  -47.815  39.592  36.815 0.0000000000
93282  -48.244  40.968  36.945 0.0000000000
93307  -49.281  40.677  35.938 0.0000000000
93288  -49.398  40.305  36.034 0.0000000000
92685  -48.592  39.902  35.484 0.0000000000
92697  -48.934  38.703  35.054 0.0000000000
95274  -47.486  43.399  33.517 0.0000000000
95265  -47.835  43.173  34.358 0.0000000000
94616  -46.537  42.810  33.988 0.0000000000
126535  -45.508  41.492  34.365 0.0000000000
120368  -46.307  39.864  34.577 0.0000000000
92694  -45.353  39.953  34.265 0.0000000000
92701  -45.248  39.250  33.756 0.0000000000
126115  -43.234  39.464  33.205 0.0000000000
109843  -43.055  38.189  32.634 0.0000000000
92072  -42.592  38.696  32.774 0.0000000000
123597  -47.685  42.396  26.530 0.0000000000
94682  -46.797  42.428  26.770 0.0000000000
94669  -44.683  42.419  28.400 0.0000000000
94662  -43.932  42.384  29.778 0.0000000000
94017  -41.899  40.973  27.949 0.0000000000
122978  -42.128  41.213  28.706 0.0000000000
93340  -41.464  40.622  30.404 0.0000000000
94007  -42.047  41.125  30.525 0.0000000000
94008  -42.827  41.710  30.723 0.0000000000
94001  -42.333  41.198  31.429 0.0000000000
93994  -42.632  41.104  32.280 0.0000000000
93337  -41.988  40.604  31.974 0.0000000000
92705  -40.757  38.714  32.158 0.0000000000
92706  -41.404  39.175  32.391 0.0000000000
91465  -41.105  37.631  32.273 0.0000000000
91417  -43.250  37.604  37.002 0.0000000000
91430  -43.570  37.213  35.982 0.0000000000
90989  -47.913  36.603  14.478 0.0000000000
90979  -48.293  36.645  15.262 0.0000000000
90977  -46.674  36.198  14.994 0.0000000000
90960  -46.067  36.320  15.665 0.0000000000
118854  -45.336  37.039  17.234 0.0000000000
91552  -44.935  37.538  17.902 0.0000000000
91567  -44.453  36.884  16.898 0.0000000000
95929  -39.038  45.231  31.620 0.0000000000
99266  -46.012  50.865  23.182 0.0000000000
110963  -44.631  49.646  22.386 0.0000000000
98226  -42.685  48.368  21.522 0.0000000000
95374  -50.226  42.769  25.010 0.0000000000
95365  -48.969  43.894  25.269 0.0000000000
96047  -49.458  43.897  26.023 0.0000000000
96031  -49.154  44.386  26.583 0.0000000000
96013  -48.986  44.876  27.318 0.0000000000
96624  -48.691  45.401  28.619 0.0000000000
96609  -49.215  44.901  29.068 0.0000000000
95973  -49.678  44.095  29.348 0.0000000000
95324  -49.712  43.988  30.109 0.0000000000
95323  -49.607  43.977  31.045 0.0000000000
117367  -48.715  43.498  29.363 0.0000000000
95349  -47.433  43.290  29.107 0.0000000000
95445  -45.210  43.897  17.882 0.0000000000
111584  -44.617  43.105  18.113 0.0000000000
94767  -44.896  42.449  17.784 0.0000000000
125101  -45.057  41.131  17.796 0.0000000000
93526  -45.369  40.421  18.475 0.0000000000
91556  -49.437  37.542  18.438 0.0000000000
92848  -49.434  38.443  18.943 0.0000000000
92207  -50.163  37.887  19.285 0.0000000000
92174  -50.666  38.579  20.110 0.0000000000
92824  -50.845  39.086  20.545 0.0000000000
93496  -51.008  40.329  21.907 0.0000000000
92809  -50.745  39.315  21.407 0.0000000000
92798  -50.534  39.625  22.176 0.0000000000
93477  -50.121  40.017  22.905 0.0000000000
93455  -48.172  40.540  23.630 0.0000000000
93476  -48.379  40.104  22.945 0.0000000000
93475  -47.003  40.045  22.790 0.0000000000
93474  -45.988  40.135  22.726 0.0000000000
89114  -42.735  34.274  41.872 0.0000000000
90828  -40.261  37.069  40.639 0.0000000000
90820  -41.048  37.040  41.534 0.0000000000
91386  -41.958  37.690  41.811 0.0000000000
118481  -43.286  38.171  41.697 0.0000000000
91395  -43.237  38.631  41.339 0.0000000000
92643  -43.026  39.701  40.763 0.0000000000
101386  -39.723  54.904  25.594 0.0000000000
99827  -36.988  51.554  23.484 0.0000000000
100376  -38.828  52.737  24.321 0.0000000000
100389  -39.278  52.344  23.642 0.0000000000
100390  -40.428  52.701  23.478 0.0000000000
100391  -41.565  53.003  23.161 0.0000000000
100392  -42.844  53.346  22.948 0.0000000000
100398  -41.870  52.605  22.655 0.0000000000
99841  -41.441  51.883  22.274 0.0000000000
99852  -41.978  51.511  21.689 0.0000000000
98244  -40.536  48.650  18.306 0.0000000000
122190  -41.185  48.891  19.445 0.0000000000
126154  -41.572  48.605  19.140 0.0000000000
98246  -42.732  48.181  18.595 0.0000000000
98247  -44.116  48.088  18.664 0.0000000000
98248  -46.360  47.996  19.128 0.0000000000
97753  -44.390  47.512  18.100 0.0000000000
129990  -45.794  46.991  17.728 0.0000000000
97253  -45.604  46.671  17.096 0.0000000000
97775  -45.649  47.359  14.533 0.0000000000
97292  -46.215  46.730  14.742 0.0000000000
97293  -47.112  46.427  14.575 0.0000000000
96783  -48.391  45.211  15.027 0.0000000000
96156  -48.969  44.125  15.438 0.0000000000
95479  -48.836  43.347  14.811 0.0000000000
95491  -48.674  43.158  13.827 0.0000000000
94814  -48.534  42.326  13.263 0.0000000000
94171  -48.049  41.681  12.633 0.0000000000
94165  -47.850  40.884  12.732 0.0000000000
95497  -47.942  43.110  12.545 0.0000000000
119522  -47.524  43.718  12.404 0.0000000000
96189  -47.580  44.430  12.261 0.0000000000
95268  -33.948  43.281  33.500 0.0000000000
95258  -34.135  43.172  34.473 0.0000000000
94599  -33.675  42.687  35.141 0.0000000000
93969  -34.588  41.895  35.725 0.0000000000
110451  -36.893  40.976  35.492 0.0000000000
93302  -38.423  40.746  35.558 0.0000000000
95885  -39.791  44.224  35.068 0.0000000000
130152  -40.098  42.966  35.527 0.0000000000
125554  -40.629  43.117  35.442 0.0000000000
94584  -41.468  42.427  35.537 0.0000000000
127284  -41.904  41.662  35.918 0.0000000000
93955  -42.449  41.389  36.368 0.0000000000
124060  -43.576  42.012  36.456 0.0000000000
96653  -38.218  45.595  24.106 0.0000000000
129046  -38.884  44.511  24.911 0.0000000000
96038  -39.371  44.415  25.173 0.0000000000
94744  -43.512  42.600  20.208 0.0000000000
95420  -42.678  43.810  20.325 0.0000000000
94735  -43.584  42.581  21.058 0.0000000000
95396  -43.318  43.272  22.377 0.0000000000
96028  -45.499  44.484  26.239 0.0000000000
96043  -45.016  44.360  25.623 0.0000000000
111784  -44.764  44.498  26.429 0.0000000000
96027  -43.971  44.485  26.515 0.0000000000
96026  -43.207  44.486  26.484 0.0000000000
96025  -42.420  44.467  26.516 0.0000000000
111785  -42.867  44.502  27.601 0.0000000000
95989  -42.382  44.509  28.250 0.0000000000
95969  -42.136  44.603  29.202 0.0000000000
95945  -41.941  44.904  30.058 0.0000000000
96603  -42.654  44.873  29.747 0.0000000000
96574  -47.287  46.607  32.080 0.0000000000
97157  -46.419  47.102  32.449 0.0000000000
115288  -46.318  46.479  33.710 0.0000000000
96551  -46.226  45.891  34.245 0.0000000000
95904  -46.100  45.260  34.877 0.0000000000
95889  -45.657  44.425  35.412 0.0000000000
95890  -46.861  44.638  35.396 0.0000000000
95237  -47.461  43.367  36.320 0.0000000000
94569  -48.051  42.707  36.372 0.0000000000
119385  -48.665  41.268  36.505 0.0000000000
94570  -48.560  42.314  35.949 0.0000000000
93976  -48.808  41.763  35.882 0.0000000000
93975  -47.870  42.174  35.327 0.0000000000
95284  -46.227  43.247  32.676 0.0000000000
93987  -44.359  41.537  33.668 0.0000000000
110613  -44.110  41.005  33.739 0.0000000000
93320  -44.424  40.175  33.884 0.0000000000
93319  -43.648  40.584  33.481 0.0000000000
93318  -43.082  40.078  33.204 0.0000000000
125782  -45.450  41.831  25.708 0.0000000000
108755  -45.976  42.428  27.053 0.0000000000
94681  -45.193  42.253  26.908 0.0000000000
94668  -43.900  42.095  28.149 0.0000000000
93342  -40.904  40.387  28.983 0.0000000000
93339  -40.912  40.290  29.881 0.0000000000
93335  -40.980  40.077  30.925 0.0000000000
127542  -41.441  40.172  31.680 0.0000000000
126785  -40.366  38.934  31.730 0.0000000000
111839  -40.332  37.072  32.012 0.0000000000
91472  -39.817  37.537  31.829 0.0000000000
91471  -39.029  37.279  31.478 0.0000000000
89708  -43.072  35.186  39.243 0.0000000000
120253  -47.069  41.001  15.969 0.0000000000
93540  -46.679  40.186  16.468 0.0000000000
92862  -47.140  39.252  16.358 0.0000000000
90969  -48.664  36.722  16.176 0.0000000000
91571  -49.230  37.050  16.742 0.0000000000
90952  -49.133  36.879  17.509 0.0000000000
91555  -48.872  37.050  18.271 0.0000000000
92189  -48.110  37.722  19.767 0.0000000000
119293  -47.417  38.180  20.228 0.0000000000
121495  -47.235  38.532  20.857 0.0000000000
92170  -46.522  38.412  20.427 0.0000000000
129232  -45.013  38.578  20.162 0.0000000000
92202  -44.420  38.077  18.553 0.0000000000
113075  -44.002  38.462  19.136 0.0000000000
89692  -39.020  34.644  40.097 0.0000000000
90244  -39.101  36.009  40.601 0.0000000000
90253  -37.851  35.997  39.619 0.0000000000
90826  -38.626  36.202  40.091 0.0000000000
90819  -39.835  36.513  40.760 0.0000000000
90827  -39.417  36.731  39.997 0.0000000000
91400  -40.441  37.871  38.955 0.0000000000
113368  -36.269  51.378  23.439 0.0000000000
99837  -36.556  50.984  22.906 0.0000000000
99838  -37.398  51.089  22.787 0.0000000000
99277  -37.801  50.619  22.128 0.0000000000
97763  -42.848  47.726  16.276 0.0000000000
98266  -44.813  48.606  14.343 0.0000000000
98267  -45.574  48.285  14.213 0.0000000000
115614  -46.481  48.858  14.000 0.0000000000
123677  -47.568  48.987  13.807 0.0000000000
97783  -48.430  47.546  13.349 0.0000000000
98828  -48.101  49.877  13.568 0.0000000000
122107  -47.680  50.543  13.651 0.0000000000
95897  -38.581  44.439  34.316 0.0000000000
130335  -40.083  44.661  34.384 0.0000000000
95899  -40.629  44.482  34.740 0.0000000000
95900  -41.437  44.798  34.468 0.0000000000
97729  -39.658  47.071  22.278 0.0000000000
96663  -40.214  45.578  22.519 0.0000000000
94726  -46.550  42.320  22.593 0.0000000000
94706  -45.952  42.825  23.243 0.0000000000
94707  -47.106  42.770  23.272 0.0000000000
95382  -46.710  43.308  23.909 0.0000000000
95363  -46.664  44.078  25.140 0.0000000000
95364  -47.787  44.043  25.213 0.0000000000
96045  -47.262  44.415  25.929 0.0000000000
96044  -46.035  44.345  25.705 0.0000000000
96029  -46.329  44.569  26.447 0.0000000000
129985  -45.764  45.200  28.592 0.0000000000
96606  -46.055  45.631  29.312 0.0000000000
96592  -46.384  46.302  30.163 0.0000000000
97170  -46.906  46.804  30.694 0.0000000000
96608  -48.017  46.064  29.597 0.0000000000
96594  -48.096  46.198  30.217 0.0000000000
96584  -47.488  46.631  31.325 0.0000000000
96575  -48.107  45.430  32.501 0.0000000000
95914  -48.268  44.282  33.878 0.0000000000
95275  -48.310  43.837  34.262 0.0000000000
95285  -47.711  43.626  32.626 0.0000000000
95322  -48.552  43.701  31.187 0.0000000000
95300  -46.301  43.416  31.973 0.0000000000
94645  -45.221  42.986  31.961 0.0000000000
94644  -44.261  42.539  31.600 0.0000000000
94022  -42.779  41.208  26.336 0.0000000000
93377  -41.925  40.789  26.420 0.0000000000
93356  -41.610  40.746  27.261 0.0000000000
118306  -41.337  40.645  27.852 0.0000000000
93345  -40.837  40.384  28.171 0.0000000000
92722  -39.570  39.352  29.516 0.0000000000
92113  -38.971  38.740  29.991 0.0000000000
97237  -45.978  47.325  20.372 0.0000000000
97740  -45.327  47.697  20.742 0.0000000000
96686  -43.795  45.413  19.403 0.0000000000
96105  -43.302  44.729  19.455 0.0000000000
94759  -44.015  43.026  18.690 0.0000000000
94753  -43.609  42.825  19.376 0.0000000000
94745  -44.118  42.039  20.558 0.0000000000
94084  -44.851  41.640  20.910 0.0000000000
94085  -45.732  41.458  21.181 0.0000000000
92855  -46.502  39.449  17.587 0.0000000000
122962  -46.494  39.430  18.018 0.0000000000
92847  -46.645  39.522  18.491 0.0000000000
93521  -47.019  39.820  19.434 0.0000000000
110707  -47.059  40.401  20.273 0.0000000000
94086  -46.702  41.355  21.413 0.0000000000
94073  -47.127  41.779  22.086 0.0000000000
94074  -48.296  41.755  22.198 0.0000000000
94728  -48.983  42.258  22.802 0.0000000000
94709  -49.740  42.572  23.563 0.0000000000
94077  -51.088  40.815  22.619 0.0000000000
94063  -51.034  41.361  23.309 0.0000000000
94692  -50.191  42.698  24.358 0.0000000000
94693  -50.657  42.083  24.640 0.0000000000
94026  -49.932  42.374  25.749 0.0000000000
94684  -49.636  42.687  26.584 0.0000000000
94678  -49.279  42.814  27.466 0.0000000000
94688  -49.464  42.130  26.067 0.0000000000
94687  -48.242  42.097  26.034 0.0000000000
94033  -47.476  41.748  25.449 0.0000000000
94032  -46.294  41.816  25.521 0.0000000000
93402  -43.553  41.121  25.039 0.0000000000
92158  -46.263  38.792  21.135 0.0000000000
92805  -45.986  39.261  21.693 0.0000000000
92794  -45.567  39.676  22.224 0.0000000000
120796  -44.073  39.710  22.094 0.0000000000
92793  -44.761  39.712  22.195 0.0000000000
93452  -44.526  40.505  23.445 0.0000000000
89122  -40.961  34.116  40.812 0.0000000000
89683  -41.948  34.827  41.620 0.0000000000
90246  -41.603  36.606  42.050 0.0000000000
89673  -43.187  35.255  42.283 0.0000000000
90248  -43.678  35.723  42.140 0.0000000000
89693  -43.574  35.789  41.062 0.0000000000
90255  -42.845  36.295  40.102 0.0000000000
118628  -42.842  37.288  39.165 0.0000000000
92033  -44.409  39.296  38.278 0.0000000000
101387  -40.835  55.243  25.345 0.0000000000
100887  -39.380  53.426  24.739 0.0000000000
101395  -40.069  54.258  25.078 0.0000000000
101388  -41.761  55.472  25.098 0.0000000000
101389  -42.489  55.314  25.087 0.0000000000
100860  -43.068  54.644  25.677 0.0000000000
100361  -43.292  52.729  26.122 0.0000000000
100362  -44.024  52.765  25.391 0.0000000000
100378  -44.671  52.714  24.506 0.0000000000
99816  -45.516  51.897  23.928 0.0000000000
100399  -43.907  53.128  22.711 0.0000000000
100400  -45.088  52.679  23.305 0.0000000000
99832  -46.064  51.304  23.303 0.0000000000
99267  -46.576  50.824  22.763 0.0000000000
99282  -46.758  50.512  22.355 0.0000000000
98765  -47.087  49.527  21.557 0.0000000000
99309  -38.870  50.151  21.082 0.0000000000
99294  -40.390  50.598  21.383 0.0000000000
99295  -41.332  50.734  21.251 0.0000000000
99296  -42.461  50.968  21.105 0.0000000000
98781  -42.349  49.654  20.128 0.0000000000
99313  -43.050  50.384  20.567 0.0000000000
99297  -43.921  51.101  21.044 0.0000000000
99314  -44.712  50.425  20.642 0.0000000000
98784  -47.049  49.605  20.950 0.0000000000
98229  -47.329  48.920  21.246 0.0000000000
98234  -47.337  48.506  20.629 0.0000000000
97746  -47.368  47.498  20.195 0.0000000000
130649  -46.523  46.145  19.192 0.0000000000
97754  -47.560  47.431  19.499 0.0000000000
109167  -47.716  47.038  19.415 0.0000000000
96118  -46.513  45.456  18.427 0.0000000000
96127  -46.429  44.827  17.874 0.0000000000
94769  -46.684  43.550  16.941 0.0000000000
94777  -46.627  42.679  16.628 0.0000000000
97764  -43.756  47.284  16.375 0.0000000000
97765  -44.504  46.924  16.426 0.0000000000
97265  -46.028  46.397  16.355 0.0000000000
97280  -46.612  46.156  15.555 0.0000000000
96768  -47.573  45.608  16.388 0.0000000000
96747  -47.879  45.753  17.601 0.0000000000
96143  -48.201  44.856  17.262 0.0000000000
108468  -47.553  43.427  16.536 0.0000000000
94778  -47.514  42.621  16.097 0.0000000000
120853  -47.884  40.971  15.234 0.0000000000
93548  -48.289  40.038  14.840 0.0000000000
92869  -48.447  39.022  14.569 0.0000000000
118449  -48.606  40.793  13.753 0.0000000000
115540  -48.454  39.488  13.487 0.0000000000
92239  -48.449  38.017  13.771 0.0000000000
92247  -47.608  37.617  13.704 0.0000000000
92238  -46.936  37.429  14.087 0.0000000000
119690  -46.950  40.897  13.174 0.0000000000
93576  -46.059  40.887  13.923 0.0000000000
97792  -48.583  47.711  12.977 0.0000000000
96811  -47.727  46.032  12.134 0.0000000000
130664  -38.627  37.527  36.578 0.0000000000
122945  -37.881  39.102  35.523 0.0000000000
91415  -39.292  37.708  37.065 0.0000000000
92028  -40.061  38.260  37.377 0.0000000000
92029  -40.810  38.746  37.811 0.0000000000
93973  -37.925  42.269  35.601 0.0000000000
124747  -38.418  41.567  35.557 0.0000000000
110449  -39.063  41.285  35.594 0.0000000000
114624  -39.684  41.812  35.582 0.0000000000
93303  -39.789  40.906  35.695 0.0000000000
92684  -39.870  40.047  35.903 0.0000000000
92666  -40.536  39.672  36.458 0.0000000000
92656  -41.131  39.359  37.293 0.0000000000
92030  -41.591  39.283  38.534 0.0000000000
92648  -42.476  39.782  39.532 0.0000000000
92649  -43.354  40.065  40.428 0.0000000000
93286  -42.790  40.855  37.092 0.0000000000
93278  -43.227  40.624  38.401 0.0000000000
93272  -43.758  40.470  39.873 0.0000000000
93273  -44.128  40.527  39.969 0.0000000000
108694  -44.197  40.479  39.903 0.0000000000
92651  -44.897  40.633  39.115 0.0000000000
96003  -37.248  44.349  26.979 0.0000000000
108142  -37.726  44.338  27.539 0.0000000000
108366  -38.724  44.380  28.600 0.0000000000
97739  -43.578  47.316  20.669 0.0000000000
97738  -42.417  47.035  20.740 0.0000000000
96090  -42.188  44.340  20.702 0.0000000000
96673  -41.587  45.670  20.813 0.0000000000
97232  -41.421  46.543  20.993 0.0000000000
96667  -41.036  45.552  21.436 0.0000000000
96664  -40.791  45.132  22.218 0.0000000000
96065  -40.598  44.889  22.972 0.0000000000
94705  -44.962  42.798  22.941 0.0000000000
95380  -44.542  43.318  23.438 0.0000000000
95379  -43.682  43.499  23.236 0.0000000000
96057  -44.661  44.131  24.826 0.0000000000
96063  -43.298  43.979  23.878 0.0000000000
96062  -42.595  44.141  23.720 0.0000000000
96061  -41.197  44.486  23.621 0.0000000000
96060  -40.297  44.707  23.723 0.0000000000
110989  -40.703  44.483  24.396 0.0000000000
96039  -40.293  44.410  25.138 0.0000000000
96023  -39.921  44.331  25.889 0.0000000000
96024  -41.511  44.424  26.586 0.0000000000
108139  -40.520  44.364  26.609 0.0000000000
108140  -39.630  44.319  26.658 0.0000000000
96005  -39.377  44.337  27.425 0.0000000000
95987  -39.211  44.366  28.090 0.0000000000
95966  -39.119  44.493  29.431 0.0000000000
95942  -39.663  44.789  30.292 0.0000000000
95930  -39.744  45.285  31.202 0.0000000000
96580  -40.498  45.515  31.516 0.0000000000
96589  -41.702  45.410  30.829 0.0000000000
126824  -41.026  45.434  31.019 0.0000000000
96570  -40.633  45.630  32.334 0.0000000000
96559  -41.455  45.366  33.665 0.0000000000
95901  -42.319  44.736  34.541 0.0000000000
115760  -44.509  45.827  30.497 0.0000000000
96583  -44.205  46.315  31.295 0.0000000000
96582  -43.595  46.436  31.790 0.0000000000
97156  -45.583  47.238  32.656 0.0000000000
97149  -44.329  46.754  33.176 0.0000000000
96573  -43.288  46.437  33.101 0.0000000000
117558  -43.209  45.843  33.676 0.0000000000
96548  -42.788  45.326  34.139 0.0000000000
130112  -42.571  44.225  34.919 0.0000000000
95251  -43.826  43.508  35.512 0.0000000000
94566  -44.490  42.262  36.703 0.0000000000
95252  -45.497  43.589  36.040 0.0000000000
95235  -45.368  42.822  36.609 0.0000000000
94561  -44.922  41.692  37.803 0.0000000000
92652  -45.668  40.858  38.587 0.0000000000
112990  -45.781  40.370  38.159 0.0000000000
92668  -46.496  39.656  37.256 0.0000000000
92042  -47.550  38.846  36.450 0.0000000000
92043  -48.840  38.974  36.162 0.0000000000
93287  -49.089  40.499  36.322 0.0000000000
92044  -49.300  39.421  35.962 0.0000000000
92060  -49.013  38.827  35.305 0.0000000000
123471  -49.283  37.981  34.420 0.0000000000
92070  -49.090  38.224  33.788 0.0000000000
94588  -48.043  42.857  34.959 0.0000000000
93982  -45.851  42.175  34.296 0.0000000000
93983  -46.619  41.584  34.909 0.0000000000
93316  -47.062  40.374  35.093 0.0000000000
92069  -47.746  38.736  33.918 0.0000000000
92075  -46.924  38.700  33.533 0.0000000000
114501  -46.060  38.639  33.201 0.0000000000
94672  -48.127  42.957  27.865 0.0000000000
94671  -47.165  42.996  28.349 0.0000000000
94665  -46.372  42.977  28.908 0.0000000000
94677  -45.524  42.483  27.772 0.0000000000
94670  -45.488  42.670  28.706 0.0000000000
94664  -45.619  42.919  29.525 0.0000000000
94658  -44.941  42.839  30.269 0.0000000000
94657  -44.130  42.519  30.754 0.0000000000
94656  -43.529  42.191  31.233 0.0000000000
107680  -43.129  41.532  27.045 0.0000000000
127964  -42.203  41.290  29.293 0.0000000000
94011  -42.627  41.568  29.171 0.0000000000
94012  -43.079  41.905  29.817 0.0000000000
93327  -42.429  40.269  32.624 0.0000000000
92707  -42.023  39.539  32.578 0.0000000000
108781  -41.963  38.888  32.665 0.0000000000
90961  -47.234  36.565  16.535 0.0000000000
90963  -48.863  36.687  16.795 0.0000000000
90968  -48.208  36.546  16.313 0.0000000000
90976  -45.146  36.296  15.035 0.0000000000
90978  -47.674  36.289  14.930 0.0000000000
90987  -46.150  36.325  14.859 0.0000000000
90988  -47.163  36.460  14.689 0.0000000000
90990  -48.232  36.937  14.551 0.0000000000
91407  -40.453  38.219  38.176 0.0000000000
91535  -49.305  37.659  19.772 0.0000000000
91536  -50.232  37.854  19.703 0.0000000000
91540  -47.821  37.434  19.090 0.0000000000
91541  -48.967  37.394  19.106 0.0000000000
91582  -48.745  36.852  16.098 0.0000000000
91597  -47.551  36.993  14.122 0.0000000000
91598  -48.130  37.246  13.923 0.0000000000
91604  -47.916  37.570  13.629 0.0000000000
92024  -43.786  39.613  40.633 0.0000000000
92055  -38.398  38.449  35.747 0.0000000000
92056  -39.140  38.792  35.955 0.0000000000
92162  -50.803  38.898  20.627 0.0000000000
92173  -50.554  38.306  20.132 0.0000000000
92190  -50.305  38.169  19.422 0.0000000000
92191  -50.469  38.250  19.749 0.0000000000
92206  -49.662  37.715  18.776 0.0000000000
92228  -48.524  38.077  14.330 0.0000000000
92237  -45.995  37.138  14.467 0.0000000000
92248  -47.905  38.268  13.342 0.0000000000
92249  -48.153  37.920  13.485 0.0000000000
92658  -44.460  39.921  39.488 0.0000000000
92661  -48.087  40.359  36.980 0.0000000000
92737  -40.301  40.008  28.550 0.0000000000
92799  -50.952  39.848  22.068 0.0000000000
92810  -50.862  39.684  21.436 0.0000000000
92837  -48.478  39.346  19.403 0.0000000000
92839  -50.646  38.586  19.941 0.0000000000
92846  -45.884  39.851  18.118 0.0000000000
92861  -46.566  39.519  16.976 0.0000000000
92881  -48.546  38.882  13.835 0.0000000000
92904  -48.267  39.595  13.185 0.0000000000
93456  -49.450  40.475  23.611 0.0000000000
93473  -44.108  40.125  22.731 0.0000000000
93478  -50.937  40.254  22.666 0.0000000000
93495  -49.938  40.626  21.342 0.0000000000
93508  -45.456  41.126  20.421 0.0000000000
93510  -48.145  40.359  20.488 0.0000000000
93520  -45.244  40.821  19.647 0.0000000000
93535  -45.989  40.161  17.251 0.0000000000
93539  -45.585  41.039  17.296 0.0000000000
93547  -47.445  40.110  15.696 0.0000000000
93561  -48.649  39.959  14.005 0.0000000000
93593  -48.225  40.133  12.957 0.0000000000
93950  -46.634  41.568  37.702 0.0000000000
93958  -48.442  41.976  36.401 0.0000000000
94025  -47.026  42.160  26.054 0.0000000000
94031  -44.773  41.641  25.583 0.0000000000
94050  -50.437  41.611  24.664 0.0000000000
94051  -50.744  41.749  24.417 0.0000000000
94076  -50.770  41.395  22.675 0.0000000000
94116  -44.725  41.665  18.098 0.0000000000
94148  -48.639  41.648  14.208 0.0000000000
94164  -47.162  41.819  12.799 0.0000000000
94172  -48.368  41.724  12.916 0.0000000000
94564  -47.653  42.326  36.865 0.0000000000
94578  -35.190  42.629  35.750 0.0000000000
94581  -37.910  43.075  35.694 0.0000000000
94600  -34.392  43.013  35.207 0.0000000000
94615  -45.431  42.487  33.609 0.0000000000
94683  -48.872  42.393  26.679 0.0000000000
94689  -50.100  42.542  25.480 0.0000000000
94710  -50.854  42.037  23.889 0.0000000000
94724  -44.601  42.453  22.179 0.0000000000
94729  -50.432  42.008  23.065 0.0000000000
94802  -48.728  42.395  14.055 0.0000000000
94819  -48.214  42.379  12.749 0.0000000000
95239  -48.290  42.788  35.755 0.0000000000
95242  -34.979  43.043  35.510 0.0000000000
95248  -39.940  43.507  35.460 0.0000000000
95253  -46.569  43.887  35.939 0.0000000000
95340  -49.538  43.830  29.571 0.0000000000
95366  -49.836  43.291  25.507 0.0000000000
95384  -49.005  43.142  24.023 0.0000000000
95412  -43.112  43.149  21.521 0.0000000000
95421  -43.040  43.152  20.688 0.0000000000
95430  -43.154  43.353  19.871 0.0000000000
95437  -43.633  43.936  19.043 0.0000000000
95438  -44.446  43.843  18.413 0.0000000000
95446  -45.948  43.783  17.402 0.0000000000
95465  -48.278  43.344  16.076 0.0000000000
95887  -43.145  43.921  35.151 0.0000000000
95902  -43.217  44.725  34.665 0.0000000000
95946  -49.651  44.085  30.731 0.0000000000
95993  -49.597  44.224  28.495 0.0000000000
96032  -49.660  43.785  26.670 0.0000000000
96053  -39.184  44.697  24.486 0.0000000000
96089  -41.622  44.891  21.059 0.0000000000
96117  -45.303  44.648  18.278 0.0000000000
96129  -47.871  45.491  17.451 0.0000000000
96169  -48.772  44.102  14.308 0.0000000000
96547  -42.051  45.212  34.051 0.0000000000
96557  -39.923  45.359  32.811 0.0000000000
96565  -47.783  45.180  33.422 0.0000000000
96607  -47.194  46.029  29.493 0.0000000000
96625  -49.184  44.925  28.194 0.0000000000
96674  -42.202  45.288  20.343 0.0000000000
96688  -47.233  46.833  19.599 0.0000000000
96705  -47.430  46.278  18.921 0.0000000000
96748  -48.152  45.365  17.055 0.0000000000
96803  -47.684  45.306  12.180 0.0000000000
97150  -45.253  46.990  33.247 0.0000000000
97151  -46.064  47.082  33.300 0.0000000000
97155  -44.755  47.028  32.641 0.0000000000
97161  -43.884  46.717  32.554 0.0000000000
97165  -47.460  46.636  30.729 0.0000000000
97225  -38.910  46.375  23.250 0.0000000000
97229  -40.076  46.357  22.097 0.0000000000
97231  -40.634  46.446  21.554 0.0000000000
97240  -43.949  46.054  19.679 0.0000000000
97255  -48.009  46.074  18.147 0.0000000000
97266  -47.088  46.002  16.953 0.0000000000
97279  -45.605  46.694  15.228 0.0000000000
97307  -48.510  46.808  13.161 0.0000000000
97317  -48.114  46.828  12.462 0.0000000000
97735  -44.254  47.881  20.995 0.0000000000
97741  -47.186  47.989  20.624 0.0000000000
97742  -47.771  47.976  20.205 0.0000000000
97776  -46.770  47.240  14.280 0.0000000000
97777  -47.914  47.227  14.051 0.0000000000
97778  -48.271  47.198  13.714 0.0000000000
97782  -48.305  47.993  13.591 0.0000000000
98233  -46.927  48.434  21.050 0.0000000000
98238  -42.329  48.591  19.160 0.0000000000
98250  -39.843  48.947  18.040 0.0000000000
98255  -40.741  48.920  16.872 0.0000000000
98256  -41.389  48.642  16.687 0.0000000000
98261  -42.996  48.121  15.331 0.0000000000
98272  -48.323  48.955  13.441 0.0000000000
98273  -48.496  48.390  13.213 0.0000000000
98748  -46.385  49.766  22.336 0.0000000000
98749  -46.894  50.016  22.156 0.0000000000
99276  -36.934  50.525  22.234 0.0000000000
99280  -45.433  50.270  22.864 0.0000000000
99293  -39.560  50.610  21.590 0.0000000000
99315  -46.573  50.167  21.155 0.0000000000
99813  -36.412  51.796  23.828 0.0000000000
99840  -39.571  51.170  22.213 0.0000000000
99845  -46.390  51.302  22.817 0.0000000000
99846  -46.727  50.794  22.447 0.0000000000
100375  -37.922  52.607  24.443 0.0000000000
100387  -37.500  52.099  23.925 0.0000000000
100388  -38.337  52.183  23.806 0.0000000000
100397  -40.880  52.251  22.794 0.0000000000
100401  -45.886  51.759  23.328 0.0000000000
100890  -43.601  54.195  24.410 0.0000000000
100895  -41.263  53.365  23.636 0.0000000000
101370  -42.220  55.425  26.416 0.0000000000
101397  -42.129  54.878  24.545 0.0000000000
101863  -40.528  55.971  25.831 0.0000000000
108362  -42.859  44.488  27.043 0.0000000000
109419  -39.555  44.420  28.749 0.0000000000
109515  -47.113  44.460  17.343 0.0000000000
109934  -48.317  45.013  12.945 0.0000000000
113085  -45.376  42.190  37.237 0.0000000000
113113  -45.472  46.296  30.559 0.0000000000
114035  -43.072  36.552  42.397 0.0000000000
114909  -39.320  49.728  20.507 0.0000000000
117529  -48.517  43.746  13.429 0.0000000000
118617  -47.930  46.055  31.694 0.0000000000
119413  -48.507  45.666  29.141 0.0000000000
119467  -38.678  43.070  35.628 0.0000000000
119830  -45.678  50.450  14.220 0.0000000000
120397  -40.003  47.776  22.148 0.0000000000
120517  -48.851  43.595  15.740 0.0000000000
120551  -42.345  43.624  35.192 0.0000000000
120568  -49.609  44.135  27.193 0.0000000000
120595  -44.724  43.904  35.527 0.0000000000
121735  -42.944  46.702  20.401 0.0000000000
123261  -44.374  41.733  26.114 0.0000000000
123328  -48.498  37.317  15.847 0.0000000000
124254  -41.617  44.435  27.921 0.0000000000
124456  -45.110  40.647  18.974 0.0000000000
124521  -45.193  43.192  17.633 0.0000000000
125120  -46.227  42.725  28.261 0.0000000000
125587  -45.062  40.143  22.745 0.0000000000
125785  -44.320  44.448  25.934 0.0000000000
126206  -45.112  47.109  32.096 0.0000000000
126524  -44.066  45.057  34.579 0.0000000000
127227  -44.148  53.475  24.840 0.0000000000
127416  -48.149  36.467  15.579 0.0000000000
128047  -49.434  39.903  36.040 0.0000000000
128610  -47.376  43.460  24.219 0.0000000000
128621  -42.641  54.418  26.646 0.0000000000
128640  -43.999  42.309  18.955 0.0000000000
128646  -39.169  36.295  40.424 0.0000000000
129161  -35.849  42.773  35.834 0.0000000000
129775  -44.307  48.230  14.595 0.0000000000
130389  -50.764  40.420  21.637 0.0000000000
