#!ascii label  , from subject sub-v1s19x0051305_ses-1 vox2ras=TkReg
1613
50772  -21.435  -5.330  86.653 0.0000000000
62944  -37.802  7.764  64.718 0.0000000000
57460  -28.244  1.293  73.961 0.0000000000
45464  3.837  -11.550  76.135 0.0000000000
53702  -8.759  -0.875  81.898 0.0000000000
120625  2.725  -1.280  78.525 0.0000000000
55507  4.475  -0.285  85.955 0.0000000000
60360  -33.033  4.897  69.561 0.0000000000
56527  3.857  0.331  70.417 0.0000000000
104501  7.374  -12.305  82.988 0.0000000000
112629  -22.709  -5.327  80.243 0.0000000000
49913  -17.508  -6.761  83.433 0.0000000000
52750  -14.175  -3.807  86.040 0.0000000000
62961  -41.186  8.383  62.237 0.0000000000
117359  -31.139  1.876  71.508 0.0000000000
51844  -4.754  -3.352  78.314 0.0000000000
59333  1.316  3.836  75.133 0.0000000000
50868  5.237  -5.099  77.301 0.0000000000
51932  4.293  -4.383  73.142 0.0000000000
46514  4.369  -11.055  72.988 0.0000000000
49862  2.754  -6.088  87.687 0.0000000000
49859  4.548  -6.490  87.551 0.0000000000
56453  -26.018  0.938  77.365 0.0000000000
56400  -12.948  0.337  86.744 0.0000000000
51830  -11.648  -3.877  80.303 0.0000000000
54627  3.299  -1.425  82.339 0.0000000000
50824  6.870  -5.507  80.468 0.0000000000
62072  -35.130  6.968  67.303 0.0000000000
51790  0.772  -4.609  84.925 0.0000000000
53721  -1.688  -2.663  81.947 0.0000000000
56470  4.055  -0.052  74.253 0.0000000000
51982  5.815  -4.329  69.596 0.0000000000
116079  4.448  -0.113  89.257 0.0000000000
50780  6.783  -5.694  84.160 0.0000000000
45421  7.169  -11.785  79.396 0.0000000000
51788  -22.500  -4.429  85.233 0.0000000000
49037  -22.244  -7.066  84.435 0.0000000000
50792  -22.407  -5.425  84.122 0.0000000000
49895  -18.771  -6.625  85.471 0.0000000000
49066  -19.363  -8.029  82.772 0.0000000000
50768  -17.180  -5.512  86.623 0.0000000000
62953  -40.035  7.692  63.312 0.0000000000
62113  -34.781  6.296  63.314 0.0000000000
62131  -37.124  6.094  61.967 0.0000000000
62133  -38.567  6.856  61.568 0.0000000000
57469  -29.595  1.118  72.608 0.0000000000
56486  -25.444  0.689  73.252 0.0000000000
107811  -26.894  0.542  71.694 0.0000000000
56534  -27.945  0.095  70.678 0.0000000000
48274  4.035  -8.393  77.054 0.0000000000
49130  2.573  -7.598  75.349 0.0000000000
45481  2.398  -11.587  74.746 0.0000000000
42804  4.533  -14.493  72.764 0.0000000000
42796  3.320  -14.523  74.412 0.0000000000
47244  2.264  -8.977  84.491 0.0000000000
47210  3.981  -8.998  86.138 0.0000000000
56442  -24.996  0.449  79.363 0.0000000000
54638  -21.733  -2.016  81.580 0.0000000000
51846  -20.744  -3.940  79.025 0.0000000000
115761  -22.008  -1.037  79.450 0.0000000000
55571  -23.146  -0.171  77.040 0.0000000000
57329  -13.813  1.325  88.137 0.0000000000
50807  -13.757  -5.414  82.148 0.0000000000
51806  -12.694  -4.299  83.254 0.0000000000
63790  -41.160  9.282  59.230 0.0000000000
108060  -42.666  10.059  58.573 0.0000000000
55518  3.444  -0.384  84.765 0.0000000000
53720  5.796  -2.531  81.528 0.0000000000
53705  5.825  -3.225  82.733 0.0000000000
62070  -33.641  6.165  68.041 0.0000000000
57486  -30.168  1.387  68.569 0.0000000000
59487  -31.166  3.921  67.844 0.0000000000
118347  -31.998  5.532  66.087 0.0000000000
52717  -0.375  -1.761  88.546 0.0000000000
53649  -1.273  -1.392  87.248 0.0000000000
56441  0.651  0.815  79.149 0.0000000000
57414  -0.056  1.578  77.231 0.0000000000
55566  3.748  -0.592  76.683 0.0000000000
49186  5.779  -7.353  72.043 0.0000000000
51955  5.406  -4.167  71.338 0.0000000000
116767  6.082  -7.451  70.968 0.0000000000
108364  3.613  0.305  90.676 0.0000000000
114141  6.932  -9.317  84.903 0.0000000000
49872  5.894  -6.720  86.129 0.0000000000
48168  7.340  -9.366  83.575 0.0000000000
48197  7.190  -8.772  81.546 0.0000000000
45388  7.777  -12.002  81.838 0.0000000000
108569  -22.409  -4.522  82.680 0.0000000000
54571  -14.960  -1.171  87.406 0.0000000000
52724  -15.673  -2.977  87.591 0.0000000000
100328  -15.696  -5.481  85.244 0.0000000000
64597  -42.612  9.869  61.557 0.0000000000
62972  -40.035  7.975  60.753 0.0000000000
58436  -31.629  2.570  70.905 0.0000000000
56548  -29.637  0.267  68.895 0.0000000000
101484  -8.276  -3.233  79.831 0.0000000000
52780  -7.258  -2.767  81.087 0.0000000000
56484  0.511  0.309  73.253 0.0000000000
54656  5.803  -1.912  78.129 0.0000000000
54669  5.783  -1.565  75.774 0.0000000000
51905  4.547  -4.415  75.163 0.0000000000
100889  3.513  -7.170  73.311 0.0000000000
46513  6.309  -10.243  72.524 0.0000000000
52710  2.268  -2.829  90.173 0.0000000000
52709  3.692  -3.762  89.847 0.0000000000
48981  3.960  -6.384  88.056 0.0000000000
47189  5.270  -8.882  86.163 0.0000000000
57441  -26.988  1.272  75.235 0.0000000000
106380  -23.900  -0.015  74.986 0.0000000000
55523  -11.175  -0.014  83.788 0.0000000000
53652  -14.307  -1.507  86.493 0.0000000000
53688  -12.727  -2.197  83.752 0.0000000000
52768  -10.138  -2.353  81.514 0.0000000000
57385  1.475  1.210  80.918 0.0000000000
58288  2.810  2.119  82.500 0.0000000000
54645  2.635  -1.320  80.801 0.0000000000
54641  5.772  -2.388  79.894 0.0000000000
50836  6.150  -5.525  79.034 0.0000000000
48259  5.419  -8.631  78.355 0.0000000000
62936  -36.734  7.637  65.752 0.0000000000
61280  -33.328  6.023  64.850 0.0000000000
52715  1.338  -3.080  89.306 0.0000000000
50764  1.919  -5.801  86.592 0.0000000000
112349  1.655  -8.021  83.469 0.0000000000
101100  -5.411  -2.518  82.477 0.0000000000
53685  -3.965  -2.109  84.061 0.0000000000
53676  -3.180  -1.553  85.523 0.0000000000
52758  -0.280  -3.150  83.874 0.0000000000
49919  1.260  -6.488  82.186 0.0000000000
59319  0.907  3.220  76.650 0.0000000000
120289  0.183  0.766  75.238 0.0000000000
100284  3.228  0.026  72.887 0.0000000000
120637  6.121  -1.799  73.638 0.0000000000
54698  6.153  -1.654  71.697 0.0000000000
55626  6.454  -0.720  69.684 0.0000000000
55497  5.248  -0.364  87.320 0.0000000000
106096  4.762  -3.898  88.376 0.0000000000
53646  5.934  -2.878  86.930 0.0000000000
53671  5.808  -3.119  85.062 0.0000000000
50804  7.353  -5.567  81.957 0.0000000000
48229  6.294  -8.102  79.727 0.0000000000
45447  6.111  -11.440  77.623 0.0000000000
41814  8.556  -15.161  81.313 0.0000000000
42746  7.995  -14.726  79.005 0.0000000000
116203  5.213  -15.461  76.542 0.0000000000
50763  -22.026  -4.624  86.343 0.0000000000
52737  -21.033  -3.978  86.544 0.0000000000
49884  -21.908  -5.927  86.058 0.0000000000
49899  -22.338  -5.549  85.140 0.0000000000
49882  -20.146  -6.228  86.622 0.0000000000
49020  -20.169  -7.146  85.330 0.0000000000
51778  -19.943  -4.382  87.169 0.0000000000
50770  -19.611  -5.469  87.207 0.0000000000
62952  -39.098  7.592  63.590 0.0000000000
62110  -36.141  7.258  64.209 0.0000000000
62120  -35.871  6.432  62.827 0.0000000000
62116  -37.386  7.011  63.223 0.0000000000
62117  -38.375  7.084  62.974 0.0000000000
57461  -28.924  1.265  73.301 0.0000000000
57454  -30.986  1.996  74.518 0.0000000000
57445  -30.382  2.122  75.157 0.0000000000
56498  -25.351  0.535  72.370 0.0000000000
104314  -27.064  0.974  72.969 0.0000000000
56501  -28.289  0.756  72.088 0.0000000000
109918  3.858  -10.030  76.554 0.0000000000
47384  2.840  -9.785  75.794 0.0000000000
45480  2.937  -11.553  75.516 0.0000000000
43656  2.702  -13.052  74.612 0.0000000000
43646  3.139  -13.095  75.311 0.0000000000
46354  2.637  -9.792  83.368 0.0000000000
46337  3.165  -10.051  84.380 0.0000000000
54648  -23.102  -0.972  81.310 0.0000000000
112679  -21.445  -1.779  80.509 0.0000000000
55547  -23.369  -0.314  79.784 0.0000000000
55553  -23.282  -0.250  78.847 0.0000000000
64618  -42.626  10.127  59.545 0.0000000000
64617  -41.847  9.831  58.884 0.0000000000
65379  -44.470  10.087  59.186 0.0000000000
55517  4.259  -0.818  85.258 0.0000000000
54614  5.236  -2.400  83.470 0.0000000000
54606  4.756  -1.442  84.992 0.0000000000
61240  -33.261  5.580  68.761 0.0000000000
62049  -34.878  6.448  69.656 0.0000000000
120433  -31.330  3.133  68.820 0.0000000000
58465  -31.003  3.108  68.315 0.0000000000
60373  -31.776  4.427  68.399 0.0000000000
116025  -32.212  5.089  67.929 0.0000000000
53641  -2.399  -0.105  88.389 0.0000000000
54575  -2.582  -0.260  87.571 0.0000000000
110525  -9.479  -0.284  82.981 0.0000000000
54619  -8.479  -0.423  82.624 0.0000000000
56512  1.318  0.116  71.592 0.0000000000
55550  1.562  -0.624  78.535 0.0000000000
55559  1.709  -0.630  77.623 0.0000000000
55557  3.643  -0.977  77.445 0.0000000000
48358  6.546  -8.921  71.569 0.0000000000
49206  6.089  -7.432  71.480 0.0000000000
48369  6.321  -8.668  70.947 0.0000000000
57302  3.347  2.138  91.704 0.0000000000
55467  2.595  -0.054  91.094 0.0000000000
46336  7.033  -10.479  84.185 0.0000000000
108706  7.076  -9.112  84.784 0.0000000000
46351  7.220  -10.733  83.487 0.0000000000
46369  7.309  -11.062  82.890 0.0000000000
45372  7.583  -11.963  82.467 0.0000000000
52762  -22.707  -4.067  84.060 0.0000000000
118039  -22.434  -4.727  83.268 0.0000000000
52761  -22.721  -3.342  83.734 0.0000000000
53717  -22.589  -2.703  83.194 0.0000000000
50786  -17.266  -6.207  84.721 0.0000000000
50777  -16.471  -5.534  85.827 0.0000000000
49905  -16.832  -6.288  83.990 0.0000000000
50798  -15.358  -5.927  82.768 0.0000000000
63774  -41.672  8.776  62.076 0.0000000000
62965  -39.939  7.596  61.922 0.0000000000
62153  -39.214  7.462  60.673 0.0000000000
105865  -40.438  8.115  61.319 0.0000000000
116321  -41.341  8.805  61.041 0.0000000000
57475  -31.142  2.019  70.600 0.0000000000
58428  -32.490  3.238  72.230 0.0000000000
111334  -32.093  2.805  72.387 0.0000000000
56520  -30.426  0.878  70.925 0.0000000000
55622  -28.961  -0.102  69.773 0.0000000000
56537  -30.576  0.984  70.145 0.0000000000
57479  -30.726  1.534  69.578 0.0000000000
59348  1.018  3.902  74.208 0.0000000000
58399  -0.286  2.345  73.802 0.0000000000
57446  -0.231  1.680  74.317 0.0000000000
51886  5.752  -4.151  77.282 0.0000000000
52845  5.730  -3.682  76.326 0.0000000000
51888  4.871  -4.669  76.365 0.0000000000
47421  2.801  -9.037  73.704 0.0000000000
49160  2.885  -7.326  73.899 0.0000000000
47420  3.525  -9.254  73.273 0.0000000000
47419  5.618  -8.892  72.781 0.0000000000
102600  5.444  -10.627  72.862 0.0000000000
106866  5.910  -12.763  72.282 0.0000000000
50750  2.448  -4.721  88.751 0.0000000000
50744  3.378  -4.696  89.233 0.0000000000
49861  3.244  -6.313  87.806 0.0000000000
45312  4.498  -10.218  85.086 0.0000000000
46283  4.494  -9.052  86.163 0.0000000000
44391  5.241  -10.860  84.799 0.0000000000
45325  6.177  -10.483  84.799 0.0000000000
56458  -26.121  0.975  76.493 0.0000000000
56456  -24.613  0.354  77.089 0.0000000000
55572  -23.931  -0.032  76.469 0.0000000000
56464  -24.746  0.456  76.256 0.0000000000
56475  -25.490  0.738  75.059 0.0000000000
57345  -11.864  1.485  86.923 0.0000000000
57355  -11.437  1.202  85.993 0.0000000000
56407  -11.863  0.499  85.590 0.0000000000
52731  -14.733  -2.536  86.880 0.0000000000
54580  -14.495  -1.186  86.864 0.0000000000
103622  -14.023  -3.036  86.159 0.0000000000
51812  -11.924  -3.871  82.070 0.0000000000
52753  -12.762  -3.065  84.178 0.0000000000
52770  -11.686  -3.032  82.317 0.0000000000
102849  -11.631  -2.090  82.213 0.0000000000
52798  -11.078  -3.430  80.934 0.0000000000
52813  -9.817  -3.466  79.963 0.0000000000
56426  2.579  0.538  83.759 0.0000000000
56429  2.247  0.548  82.947 0.0000000000
55534  1.842  -0.235  81.637 0.0000000000
54637  2.449  -1.037  81.790 0.0000000000
54643  4.804  -1.856  80.316 0.0000000000
54635  4.559  -1.789  81.210 0.0000000000
52789  6.467  -3.567  81.036 0.0000000000
106675  6.385  -3.676  80.290 0.0000000000
51840  6.474  -4.964  79.527 0.0000000000
49956  5.655  -6.696  78.727 0.0000000000
49955  5.937  -6.599  79.096 0.0000000000
62935  -35.882  7.292  65.993 0.0000000000
62916  -36.659  7.637  66.638 0.0000000000
117697  -36.625  7.683  67.486 0.0000000000
62083  -33.317  6.201  66.335 0.0000000000
61276  -32.940  5.945  65.582 0.0000000000
62084  -34.091  6.547  66.284 0.0000000000
62104  -35.221  6.928  65.370 0.0000000000
104393  -0.586  -1.179  89.916 0.0000000000
51772  0.397  -3.453  86.957 0.0000000000
108708  0.930  -3.928  87.327 0.0000000000
50776  1.230  -5.197  85.444 0.0000000000
49888  1.593  -5.940  85.275 0.0000000000
50782  1.198  -5.536  84.478 0.0000000000
52793  -5.892  -2.846  79.502 0.0000000000
53726  -6.811  -2.473  81.795 0.0000000000
52792  -5.090  -2.725  79.976 0.0000000000
52778  -1.960  -2.857  81.099 0.0000000000
53723  -3.402  -2.683  81.590 0.0000000000
104127  -3.075  -2.322  83.032 0.0000000000
53684  -3.619  -1.911  84.733 0.0000000000
53695  -2.243  -2.229  83.358 0.0000000000
53682  -1.249  -2.259  84.570 0.0000000000
52765  -0.714  -3.026  82.339 0.0000000000
110524  1.084  -6.505  81.444 0.0000000000
59305  1.311  3.363  77.441 0.0000000000
55577  2.413  -0.215  75.673 0.0000000000
119977  0.428  0.604  76.087 0.0000000000
56461  2.309  -0.140  74.923 0.0000000000
56471  2.380  -0.182  74.138 0.0000000000
56480  4.590  0.068  73.621 0.0000000000
107632  5.674  -3.099  74.410 0.0000000000
54676  5.928  -1.610  74.702 0.0000000000
52861  5.558  -2.922  73.471 0.0000000000
51969  5.724  -4.215  70.434 0.0000000000
52883  5.577  -2.759  71.598 0.0000000000
52911  6.188  -2.720  70.099 0.0000000000
54710  6.471  -1.286  70.671 0.0000000000
53823  6.263  -2.728  69.349 0.0000000000
117983  5.931  -2.968  68.608 0.0000000000
55486  5.001  -0.395  88.097 0.0000000000
51760  4.069  -4.833  89.163 0.0000000000
52714  4.102  -3.443  89.531 0.0000000000
50752  4.706  -4.875  87.964 0.0000000000
49886  6.505  -6.298  84.892 0.0000000000
51770  5.527  -4.492  86.628 0.0000000000
51789  6.075  -4.519  85.088 0.0000000000
53659  5.897  -2.968  86.041 0.0000000000
51797  6.222  -4.522  84.417 0.0000000000
52756  6.414  -4.302  83.230 0.0000000000
50788  7.029  -5.290  83.326 0.0000000000
46400  7.190  -10.626  80.694 0.0000000000
49086  7.017  -7.971  80.891 0.0000000000
47312  6.713  -9.759  80.030 0.0000000000
46423  6.013  -9.981  78.501 0.0000000000
44523  6.807  -12.122  78.226 0.0000000000
40870  8.829  -16.443  80.245 0.0000000000
42720  8.520  -14.721  80.341 0.0000000000
52755  -22.906  -3.471  84.683 0.0000000000
48177  -22.245  -8.001  83.186 0.0000000000
49054  -22.814  -6.900  83.293 0.0000000000
49038  -22.547  -6.595  84.076 0.0000000000
50787  -22.382  -5.146  84.641 0.0000000000
49907  -18.489  -6.837  84.556 0.0000000000
118791  -19.550  -7.432  84.300 0.0000000000
102225  -20.766  -7.855  83.859 0.0000000000
105860  -18.122  -6.083  86.239 0.0000000000
62954  -40.734  7.868  63.050 0.0000000000
61301  -35.475  5.603  61.768 0.0000000000
103917  -36.253  5.430  61.320 0.0000000000
116633  -37.596  5.774  60.644 0.0000000000
62132  -37.923  6.385  61.709 0.0000000000
62124  -39.241  7.271  62.063 0.0000000000
114292  -31.283  1.763  72.072 0.0000000000
57465  -32.238  2.250  73.301 0.0000000000
57455  -31.662  1.980  73.897 0.0000000000
58395  -31.958  2.468  74.788 0.0000000000
112831  -23.910  -0.007  73.641 0.0000000000
55599  -24.094  0.007  72.161 0.0000000000
55608  -25.018  0.115  71.026 0.0000000000
56532  -25.898  0.172  70.863 0.0000000000
55619  -26.317  -0.124  70.104 0.0000000000
56517  -27.688  0.453  71.486 0.0000000000
56502  -29.190  0.772  71.915 0.0000000000
50851  4.960  -5.887  77.617 0.0000000000
50870  3.737  -5.937  76.379 0.0000000000
49128  3.397  -7.533  76.697 0.0000000000
47385  2.309  -9.936  74.754 0.0000000000
45518  2.538  -11.415  73.582 0.0000000000
108774  3.671  -12.492  72.969 0.0000000000
104284  2.972  -12.897  73.366 0.0000000000
42805  3.542  -14.427  73.483 0.0000000000
49005  2.586  -7.207  86.437 0.0000000000
48119  3.156  -7.721  86.566 0.0000000000
47225  3.193  -9.131  85.466 0.0000000000
56448  -25.933  0.897  78.306 0.0000000000
52786  -21.542  -3.496  81.253 0.0000000000
110636  -21.429  -4.372  79.482 0.0000000000
52799  -20.833  -2.874  80.079 0.0000000000
53739  -20.636  -2.326  79.537 0.0000000000
54661  -21.317  -1.086  78.195 0.0000000000
55552  -22.513  -0.456  78.438 0.0000000000
55554  -23.981  -0.067  78.339 0.0000000000
56386  -13.561  0.969  87.792 0.0000000000
50790  -14.033  -5.165  83.875 0.0000000000
52754  -13.421  -3.491  84.791 0.0000000000
51814  -13.198  -4.958  82.707 0.0000000000
111369  -12.915  -4.997  81.103 0.0000000000
63807  -40.466  9.119  57.568 0.0000000000
63808  -41.214  9.513  57.178 0.0000000000
64634  -42.035  9.606  56.850 0.0000000000
63813  -43.142  9.168  55.935 0.0000000000
54617  3.260  -1.167  83.119 0.0000000000
54626  4.279  -1.760  82.080 0.0000000000
102875  4.915  -2.062  82.708 0.0000000000
53719  6.047  -3.078  81.987 0.0000000000
52774  6.730  -4.176  81.411 0.0000000000
62071  -34.437  6.650  67.707 0.0000000000
62050  -35.521  7.026  69.189 0.0000000000
58477  -29.819  2.458  67.089 0.0000000000
59516  -30.160  3.822  66.129 0.0000000000
60408  -30.828  4.594  65.980 0.0000000000
118061  -31.307  4.837  66.529 0.0000000000
61250  -33.022  6.016  67.181 0.0000000000
53626  -1.123  -0.810  89.456 0.0000000000
117823  -1.959  -0.350  88.874 0.0000000000
52730  -0.625  -1.821  87.780 0.0000000000
52747  -0.212  -3.099  85.774 0.0000000000
51841  -2.063  -4.089  79.080 0.0000000000
51817  -0.654  -3.939  80.771 0.0000000000
58341  0.961  2.929  78.861 0.0000000000
58352  0.740  2.935  78.039 0.0000000000
57404  0.137  1.563  78.086 0.0000000000
55568  1.940  -0.535  76.890 0.0000000000
55576  3.383  -0.294  75.832 0.0000000000
50910  4.474  -5.879  72.419 0.0000000000
51945  4.824  -4.489  72.224 0.0000000000
50035  5.377  -6.408  71.903 0.0000000000
107005  5.610  -6.058  70.944 0.0000000000
50064  5.618  -6.388  70.467 0.0000000000
59157  3.593  3.619  91.566 0.0000000000
57309  4.192  2.052  91.490 0.0000000000
56375  4.437  0.688  90.470 0.0000000000
104316  5.650  -7.798  86.449 0.0000000000
49865  5.279  -6.438  86.809 0.0000000000
48130  6.553  -8.449  85.515 0.0000000000
110832  6.949  -8.138  84.747 0.0000000000
120436  7.018  -7.518  84.437 0.0000000000
49910  7.341  -7.025  83.088 0.0000000000
109066  7.430  -8.857  83.120 0.0000000000
46387  7.309  -10.578  81.848 0.0000000000
45406  7.416  -11.559  80.289 0.0000000000
50822  -22.896  -5.754  80.569 0.0000000000
49915  -22.704  -6.590  82.912 0.0000000000
50800  -22.574  -5.277  82.045 0.0000000000
51822  -22.421  -4.629  81.806 0.0000000000
52772  -21.735  -2.837  81.874 0.0000000000
54639  -22.597  -1.581  81.990 0.0000000000
51773  -15.093  -3.665  87.241 0.0000000000
51786  -16.248  -4.576  87.454 0.0000000000
51785  -15.526  -4.554  86.852 0.0000000000
119759  -14.927  -5.162  85.219 0.0000000000
103347  -14.617  -5.580  83.318 0.0000000000
62981  -38.895  7.503  59.709 0.0000000000
63789  -40.326  8.391  60.105 0.0000000000
64596  -41.901  9.363  60.826 0.0000000000
59450  -32.583  4.002  70.039 0.0000000000
60349  -33.748  5.085  70.405 0.0000000000
60348  -33.370  4.357  71.161 0.0000000000
55635  -27.730  -0.498  69.166 0.0000000000
56559  -29.903  0.807  68.770 0.0000000000
58444  -31.015  2.012  69.543 0.0000000000
52782  -8.905  -3.022  81.406 0.0000000000
52766  -8.459  -2.267  81.698 0.0000000000
52795  -7.724  -3.086  80.454 0.0000000000
52810  -6.522  -2.898  78.964 0.0000000000
57457  -0.009  0.864  72.929 0.0000000000
56495  1.521  -0.121  72.287 0.0000000000
54664  5.168  -1.240  77.969 0.0000000000
55555  5.328  -0.910  76.862 0.0000000000
54662  5.762  -1.780  77.043 0.0000000000
52855  5.765  -3.348  75.352 0.0000000000
51906  3.967  -4.585  74.105 0.0000000000
114795  3.407  -5.566  75.523 0.0000000000
50010  3.074  -5.798  74.591 0.0000000000
51933  3.832  -5.014  73.170 0.0000000000
48338  5.193  -7.526  72.559 0.0000000000
53618  2.985  -1.977  90.432 0.0000000000
51753  3.274  -3.561  90.043 0.0000000000
50748  4.241  -5.378  88.955 0.0000000000
115944  4.073  -6.397  87.999 0.0000000000
48118  3.900  -7.747  86.936 0.0000000000
48117  4.390  -7.799  86.880 0.0000000000
48996  5.034  -7.630  86.778 0.0000000000
105761  6.250  -9.421  85.392 0.0000000000
45324  6.746  -10.677  84.400 0.0000000000
44426  7.097  -12.052  83.645 0.0000000000
57451  -27.580  1.321  74.580 0.0000000000
118614  -29.033  1.780  75.642 0.0000000000
57443  -28.272  1.640  75.850 0.0000000000
51861  -21.315  -4.552  78.644 0.0000000000
55585  -23.348  -0.187  74.224 0.0000000000
106017  -25.912  0.830  74.209 0.0000000000
56418  -10.638  0.451  84.382 0.0000000000
55528  -10.696  -0.414  83.172 0.0000000000
55481  -14.569  0.075  87.945 0.0000000000
55494  -13.991  -0.187  87.238 0.0000000000
55493  -13.618  -0.236  86.864 0.0000000000
114831  -13.394  -2.835  84.769 0.0000000000
103574  -13.397  -1.634  84.981 0.0000000000
54601  -12.886  -1.020  84.633 0.0000000000
106606  -12.317  -1.254  83.725 0.0000000000
54622  -11.397  -1.047  83.015 0.0000000000
53715  -9.571  -1.518  81.696 0.0000000000
52797  -9.327  -3.315  80.816 0.0000000000
63814  -44.041  8.960  56.080 0.0000000000
63826  -44.760  8.610  55.390 0.0000000000
63019  -45.588  8.225  54.762 0.0000000000
57388  1.104  1.220  80.278 0.0000000000
55545  1.486  -0.502  79.463 0.0000000000
57384  1.859  1.285  81.591 0.0000000000
55535  1.588  -0.092  80.989 0.0000000000
54653  2.931  -1.473  79.846 0.0000000000
108960  5.343  -1.610  78.738 0.0000000000
54649  5.791  -2.119  79.036 0.0000000000
106908  6.090  -3.370  78.706 0.0000000000
53730  5.838  -2.475  80.725 0.0000000000
52805  6.291  -4.082  79.414 0.0000000000
50850  5.527  -5.674  78.132 0.0000000000
49966  5.302  -6.560  78.238 0.0000000000
48260  4.912  -8.350  77.818 0.0000000000
46438  4.687  -10.247  76.967 0.0000000000
62943  -36.852  7.625  64.862 0.0000000000
60420  -31.017  4.895  65.249 0.0000000000
120460  -32.288  5.631  64.184 0.0000000000
104078  -32.981  5.796  64.168 0.0000000000
62108  -34.562  6.464  64.071 0.0000000000
62109  -35.331  6.909  64.513 0.0000000000
52711  1.712  -2.779  89.981 0.0000000000
50754  1.981  -4.741  88.336 0.0000000000
52716  0.478  -2.518  88.943 0.0000000000
50757  1.493  -4.551  87.728 0.0000000000
49866  2.323  -5.993  87.240 0.0000000000
48157  1.847  -8.477  83.979 0.0000000000
107912  -7.198  -2.111  82.334 0.0000000000
53687  -6.919  -1.145  83.609 0.0000000000
106038  -6.019  -1.462  84.224 0.0000000000
119264  -4.082  -2.657  81.454 0.0000000000
53711  -4.554  -2.484  82.785 0.0000000000
54608  -5.605  -1.118  84.901 0.0000000000
53678  -4.925  -1.368  85.212 0.0000000000
54598  -4.424  -1.035  85.918 0.0000000000
110162  -3.015  -0.203  87.107 0.0000000000
53663  -2.679  -1.174  86.319 0.0000000000
53673  -0.720  -2.592  85.249 0.0000000000
51799  0.219  -3.807  84.437 0.0000000000
51811  0.304  -4.553  82.019 0.0000000000
51804  0.652  -4.874  82.866 0.0000000000
50789  1.092  -5.638  83.482 0.0000000000
49059  1.455  -7.117  82.492 0.0000000000
104585  1.302  3.700  76.001 0.0000000000
58365  0.080  2.367  76.718 0.0000000000
58375  -0.161  1.959  75.850 0.0000000000
57435  -0.126  1.408  75.157 0.0000000000
56473  0.125  0.787  74.574 0.0000000000
56483  1.368  -0.170  73.084 0.0000000000
103363  4.164  0.361  71.125 0.0000000000
105664  5.228  -0.585  75.948 0.0000000000
55574  5.647  -0.714  75.160 0.0000000000
56467  5.813  -0.492  73.961 0.0000000000
52870  5.447  -2.865  72.547 0.0000000000
54697  6.004  -1.818  72.720 0.0000000000
56478  6.038  -0.556  73.173 0.0000000000
56507  5.990  -0.555  72.104 0.0000000000
56525  5.705  0.061  71.014 0.0000000000
56542  4.698  0.409  69.619 0.0000000000
54728  5.309  -1.564  68.008 0.0000000000
54544  3.245  -1.406  90.279 0.0000000000
53621  4.072  -2.143  89.016 0.0000000000
104601  4.593  -1.876  88.580 0.0000000000
106474  5.107  -5.307  87.038 0.0000000000
53637  5.641  -2.931  87.690 0.0000000000
54566  4.879  -1.264  88.364 0.0000000000
112334  5.957  -1.671  87.238 0.0000000000
54583  5.857  -1.418  86.768 0.0000000000
53672  5.648  -2.432  85.145 0.0000000000
53681  5.597  -2.945  84.241 0.0000000000
52763  6.527  -4.167  82.624 0.0000000000
50815  7.172  -5.452  81.193 0.0000000000
49918  7.375  -6.495  82.174 0.0000000000
103940  7.047  -7.029  80.892 0.0000000000
49945  6.626  -6.692  80.100 0.0000000000
48244  5.964  -8.184  79.222 0.0000000000
46424  5.667  -10.072  78.020 0.0000000000
45448  5.624  -11.511  77.169 0.0000000000
43534  7.678  -13.833  82.505 0.0000000000
104215  8.321  -15.084  82.079 0.0000000000
44463  7.961  -12.992  82.253 0.0000000000
111931  8.202  -13.024  81.017 0.0000000000
44506  8.118  -13.032  80.137 0.0000000000
43587  7.740  -13.226  79.134 0.0000000000
41872  7.278  -15.201  78.264 0.0000000000
106686  7.338  -13.166  78.409 0.0000000000
43631  6.579  -13.562  77.392 0.0000000000
110640  5.561  -13.046  76.700 0.0000000000
110108  4.819  -13.290  76.353 0.0000000000
41919  4.064  -15.704  75.318 0.0000000000
104921  4.196  -16.398  74.869 0.0000000000
50762  -21.629  -4.805  86.651 0.0000000000
51780  -21.269  -4.460  86.624 0.0000000000
50773  -22.108  -5.208  86.285 0.0000000000
50771  -20.588  -5.400  86.958 0.0000000000
49883  -21.049  -6.080  86.440 0.0000000000
50761  -20.814  -4.692  86.886 0.0000000000
51779  -20.478  -4.274  86.836 0.0000000000
62945  -38.820  7.874  64.571 0.0000000000
62950  -37.058  7.458  64.009 0.0000000000
62115  -36.412  6.956  63.400 0.0000000000
62951  -38.055  7.508  63.826 0.0000000000
57452  -29.160  1.515  74.171 0.0000000000
56488  -27.345  1.124  73.729 0.0000000000
56489  -27.991  1.063  72.996 0.0000000000
46451  4.306  -10.846  76.580 0.0000000000
46452  3.326  -10.745  75.993 0.0000000000
44572  3.445  -12.302  75.700 0.0000000000
46353  3.071  -10.369  83.343 0.0000000000
55541  -22.810  -0.782  80.342 0.0000000000
100938  -33.745  5.597  69.473 0.0000000000
60374  -32.228  4.296  69.274 0.0000000000
59467  -31.669  3.661  69.043 0.0000000000
61239  -32.549  5.023  68.659 0.0000000000
54562  -3.179  0.447  88.610 0.0000000000
54567  -2.502  0.060  88.721 0.0000000000
101996  -2.578  -0.032  87.706 0.0000000000
56528  2.761  0.161  70.608 0.0000000000
56529  1.748  0.257  70.653 0.0000000000
103209  2.308  -1.085  78.142 0.0000000000
55548  3.107  -1.264  78.016 0.0000000000
55460  2.456  0.646  91.489 0.0000000000
46352  7.201  -11.127  83.727 0.0000000000
46335  7.172  -10.208  83.985 0.0000000000
45359  7.328  -11.726  83.113 0.0000000000
104627  7.628  -12.451  82.576 0.0000000000
53704  -22.938  -3.119  84.272 0.0000000000
53718  -23.147  -2.294  83.787 0.0000000000
62960  -40.610  7.967  62.386 0.0000000000
62966  -40.510  8.050  61.824 0.0000000000
63773  -41.095  8.486  61.595 0.0000000000
57471  -31.013  1.806  70.903 0.0000000000
57472  -31.453  2.316  71.493 0.0000000000
56536  -29.976  0.436  70.261 0.0000000000
56521  -30.730  1.323  70.915 0.0000000000
59349  0.448  3.101  74.711 0.0000000000
58398  -0.107  2.552  74.354 0.0000000000
51887  5.463  -4.367  76.839 0.0000000000
46493  2.946  -9.745  73.420 0.0000000000
46492  3.964  -10.123  73.107 0.0000000000
45536  5.332  -11.515  72.796 0.0000000000
100058  2.603  -5.372  88.205 0.0000000000
49857  2.912  -5.893  87.955 0.0000000000
48991  3.035  -6.674  87.398 0.0000000000
45311  4.880  -10.129  85.293 0.0000000000
57422  -26.743  1.258  77.081 0.0000000000
115759  -22.999  -5.764  79.803 0.0000000000
56465  -25.467  0.747  75.965 0.0000000000
56394  -12.667  1.068  87.191 0.0000000000
56399  -12.200  0.804  86.452 0.0000000000
55500  -12.530  0.228  86.061 0.0000000000
52742  -14.530  -3.211  86.756 0.0000000000
52741  -14.234  -2.672  86.420 0.0000000000
51818  -11.809  -3.943  81.189 0.0000000000
52785  -11.357  -3.274  81.609 0.0000000000
99894  -10.790  -3.554  80.158 0.0000000000
55527  2.673  -0.363  83.303 0.0000000000
54628  2.721  -0.906  82.618 0.0000000000
55530  2.197  -0.298  82.451 0.0000000000
54636  3.437  -1.565  81.471 0.0000000000
52788  6.663  -4.256  80.722 0.0000000000
51839  6.724  -4.943  80.246 0.0000000000
50825  6.521  -5.655  79.680 0.0000000000
109663  6.126  -6.044  79.169 0.0000000000
49946  6.337  -6.359  79.555 0.0000000000
62085  -35.005  6.875  66.316 0.0000000000
62915  -35.825  7.331  66.905 0.0000000000
119306  -34.461  6.720  66.929 0.0000000000
51783  0.283  -3.656  86.210 0.0000000000
51771  0.856  -4.147  86.629 0.0000000000
51782  0.796  -4.417  85.843 0.0000000000
107902  -5.191  -2.904  79.048 0.0000000000
116083  -5.933  -2.836  80.379 0.0000000000
53722  -2.587  -2.674  81.744 0.0000000000
53709  -2.387  -2.450  82.528 0.0000000000
53708  -1.476  -2.387  82.809 0.0000000000
59304  2.248  3.664  77.624 0.0000000000
118284  3.050  -0.144  75.205 0.0000000000
56462  1.412  -0.028  75.447 0.0000000000
111800  3.189  -0.098  74.547 0.0000000000
52862  5.194  -3.447  73.794 0.0000000000
112517  5.842  -2.385  73.994 0.0000000000
119996  5.735  -3.277  70.784 0.0000000000
52919  5.969  -3.463  69.864 0.0000000000
52927  5.894  -3.625  69.048 0.0000000000
108453  5.707  -5.135  69.363 0.0000000000
56374  5.258  1.283  90.506 0.0000000000
107564  4.804  0.330  89.095 0.0000000000
49853  4.199  -6.098  88.179 0.0000000000
50746  4.258  -5.333  88.616 0.0000000000
102364  4.535  -5.722  87.882 0.0000000000
104172  6.056  -5.156  85.466 0.0000000000
50781  6.356  -5.244  84.771 0.0000000000
51796  6.576  -4.777  83.822 0.0000000000
110767  7.146  -6.252  83.628 0.0000000000
46410  6.824  -10.840  79.526 0.0000000000
45434  6.762  -11.592  78.734 0.0000000000
39036  9.214  -18.441  79.917 0.0000000000
39959  9.120  -17.751  80.211 0.0000000000
39960  8.843  -17.080  79.719 0.0000000000
107176  -22.774  -3.803  85.024 0.0000000000
49052  -21.782  -7.712  83.856 0.0000000000
49053  -22.482  -7.278  83.612 0.0000000000
50779  -22.388  -4.964  85.048 0.0000000000
51795  -22.599  -4.387  84.713 0.0000000000
49034  -19.390  -7.125  84.859 0.0000000000
49021  -20.952  -7.148  85.332 0.0000000000
49035  -20.243  -7.474  84.578 0.0000000000
49036  -21.343  -7.409  84.596 0.0000000000
49881  -19.171  -6.261  86.466 0.0000000000
111864  -18.743  -5.720  86.992 0.0000000000
49894  -17.923  -6.397  85.096 0.0000000000
117692  -41.264  8.217  63.466 0.0000000000
62947  -40.822  7.979  63.849 0.0000000000
61286  -34.127  5.975  63.403 0.0000000000
61289  -33.704  5.696  62.685 0.0000000000
61290  -34.613  5.933  62.669 0.0000000000
62121  -36.771  6.516  62.655 0.0000000000
61291  -35.365  5.992  62.391 0.0000000000
61292  -36.198  5.963  62.091 0.0000000000
115838  -36.701  5.759  61.664 0.0000000000
61312  -37.261  5.761  61.255 0.0000000000
62958  -39.235  7.328  62.742 0.0000000000
62123  -38.518  6.920  62.213 0.0000000000
62959  -39.996  7.585  62.557 0.0000000000
114095  -30.646  1.441  72.524 0.0000000000
57464  -31.481  1.845  72.904 0.0000000000
58394  -31.191  2.377  75.221 0.0000000000
58385  -31.872  2.762  75.757 0.0000000000
56485  -24.527  0.394  73.486 0.0000000000
56497  -24.685  0.388  72.676 0.0000000000
56499  -26.289  0.716  72.392 0.0000000000
56515  -25.595  0.407  71.668 0.0000000000
56516  -26.305  0.424  71.492 0.0000000000
56533  -26.899  0.181  70.907 0.0000000000
57468  -28.794  0.996  72.597 0.0000000000
56503  -30.133  0.906  71.797 0.0000000000
49117  4.333  -7.524  77.390 0.0000000000
49979  3.950  -6.740  76.959 0.0000000000
48275  3.216  -8.358  76.522 0.0000000000
46465  2.498  -10.739  75.197 0.0000000000
108002  2.268  -10.825  74.171 0.0000000000
45497  2.265  -11.684  74.051 0.0000000000
44600  2.521  -12.204  73.719 0.0000000000
43661  2.834  -13.693  74.005 0.0000000000
41939  3.626  -15.227  73.955 0.0000000000
41938  4.274  -15.756  73.547 0.0000000000
48142  2.484  -8.145  85.652 0.0000000000
48133  2.715  -7.733  86.203 0.0000000000
47226  2.592  -8.738  85.260 0.0000000000
56447  -25.167  0.545  78.509 0.0000000000
53736  -21.138  -2.617  80.997 0.0000000000
52800  -21.140  -3.364  80.551 0.0000000000
54646  -21.050  -1.849  79.778 0.0000000000
54654  -21.543  -1.406  79.598 0.0000000000
117580  -20.924  -1.599  78.996 0.0000000000
55546  -21.809  -0.944  78.879 0.0000000000
55551  -21.923  -0.652  78.112 0.0000000000
115750  -24.157  -0.004  79.338 0.0000000000
57328  -13.082  1.862  88.074 0.0000000000
50796  -13.855  -5.370  83.037 0.0000000000
51807  -13.345  -4.725  83.573 0.0000000000
63801  -40.488  8.957  58.627 0.0000000000
64627  -41.904  9.832  57.856 0.0000000000
64628  -42.867  9.731  57.504 0.0000000000
55526  3.310  -0.858  83.889 0.0000000000
54616  4.033  -1.639  82.894 0.0000000000
117607  3.832  -1.400  83.569 0.0000000000
53706  5.571  -2.619  82.470 0.0000000000
52775  6.417  -3.580  81.696 0.0000000000
52764  6.270  -3.660  82.329 0.0000000000
62060  -35.221  7.015  68.219 0.0000000000
62059  -34.522  6.500  68.702 0.0000000000
57495  -29.929  1.739  67.777 0.0000000000
59486  -30.651  3.181  67.615 0.0000000000
114059  -30.234  2.538  67.525 0.0000000000
59502  -30.247  3.199  66.960 0.0000000000
59503  -30.844  4.056  66.902 0.0000000000
61248  -31.599  4.788  67.358 0.0000000000
100150  -32.822  5.603  67.968 0.0000000000
106128  -33.788  6.441  67.080 0.0000000000
54559  -2.505  -0.181  89.539 0.0000000000
53651  -2.191  -0.351  87.986 0.0000000000
109432  -1.532  -0.851  87.875 0.0000000000
53648  -0.743  -2.191  86.917 0.0000000000
51828  -1.164  -4.522  79.549 0.0000000000
50827  -0.856  -5.272  79.226 0.0000000000
57396  0.415  1.519  78.876 0.0000000000
58342  0.431  2.313  78.490 0.0000000000
56445  0.489  0.773  78.466 0.0000000000
55558  2.705  -0.873  77.287 0.0000000000
55567  2.644  -0.468  76.429 0.0000000000
118828  5.156  -6.839  72.302 0.0000000000
50925  5.038  -5.443  71.919 0.0000000000
50049  5.736  -6.706  71.501 0.0000000000
111471  5.889  -6.851  70.993 0.0000000000
49232  5.660  -7.023  70.295 0.0000000000
57310  3.527  1.553  91.462 0.0000000000
56369  3.980  1.217  91.060 0.0000000000
56368  4.851  1.575  91.075 0.0000000000
55474  3.784  -0.398  90.028 0.0000000000
48131  6.213  -8.412  85.900 0.0000000000
47223  6.761  -8.824  85.242 0.0000000000
48155  7.320  -9.354  84.168 0.0000000000
48141  6.862  -8.675  85.030 0.0000000000
48156  7.223  -8.726  84.492 0.0000000000
48169  7.458  -8.635  83.797 0.0000000000
49041  7.411  -7.829  83.658 0.0000000000
106353  7.498  -11.379  82.222 0.0000000000
47284  7.184  -10.186  82.664 0.0000000000
45405  7.540  -11.443  81.371 0.0000000000
44490  7.879  -12.330  80.940 0.0000000000
116263  -22.847  -6.256  80.885 0.0000000000
107398  -22.491  -6.227  83.746 0.0000000000
106981  -22.365  -5.792  83.349 0.0000000000
114202  -22.384  -5.246  82.943 0.0000000000
52787  -22.191  -3.774  82.040 0.0000000000
53728  -22.244  -2.304  82.427 0.0000000000
52723  -15.335  -2.542  87.318 0.0000000000
52733  -15.470  -3.215  87.543 0.0000000000
51776  -17.474  -4.385  87.902 0.0000000000
50758  -16.778  -5.051  87.315 0.0000000000
50766  -15.797  -5.198  86.114 0.0000000000
51794  -15.157  -4.928  85.922 0.0000000000
114774  -14.667  -5.455  84.045 0.0000000000
117236  -15.302  -5.752  83.716 0.0000000000
102533  -15.011  -5.947  82.008 0.0000000000
62139  -38.063  6.232  61.110 0.0000000000
110376  -37.983  6.352  60.450 0.0000000000
62140  -38.555  6.870  60.948 0.0000000000
62982  -39.595  7.945  59.976 0.0000000000
63782  -41.819  9.068  61.581 0.0000000000
64608  -42.630  10.029  60.521 0.0000000000
59433  -32.120  3.219  70.532 0.0000000000
59434  -32.744  3.811  70.893 0.0000000000
59417  -32.263  3.207  71.409 0.0000000000
59399  -33.184  3.680  72.651 0.0000000000
57456  -32.956  2.623  73.804 0.0000000000
58416  -32.567  2.718  73.071 0.0000000000
55620  -27.289  -0.179  70.018 0.0000000000
55621  -28.218  -0.192  69.916 0.0000000000
105712  -29.586  0.120  69.596 0.0000000000
119200  -31.381  2.294  70.300 0.0000000000
107240  -31.552  2.491  70.056 0.0000000000
59449  -31.941  3.402  69.746 0.0000000000
52781  -8.116  -2.877  81.246 0.0000000000
52821  -7.090  -2.976  78.331 0.0000000000
59365  0.116  3.231  73.816 0.0000000000
108794  0.044  0.843  73.765 0.0000000000
57458  -0.303  1.635  73.417 0.0000000000
54663  5.574  -1.405  77.544 0.0000000000
51904  5.378  -4.010  75.821 0.0000000000
104687  5.933  -2.910  75.832 0.0000000000
51918  5.273  -3.732  74.789 0.0000000000
49129  2.806  -7.112  75.875 0.0000000000
49999  3.013  -6.261  75.636 0.0000000000
49172  3.400  -7.706  73.419 0.0000000000
50023  3.084  -6.520  73.727 0.0000000000
50911  3.495  -5.773  73.373 0.0000000000
50022  4.162  -6.762  72.824 0.0000000000
49171  4.203  -7.622  73.025 0.0000000000
44607  3.919  -13.184  72.867 0.0000000000
43668  5.077  -13.538  72.494 0.0000000000
42814  5.741  -14.358  72.317 0.0000000000
53619  2.567  -2.078  90.532 0.0000000000
51754  2.759  -3.265  90.123 0.0000000000
49855  3.879  -5.816  88.493 0.0000000000
50743  3.863  -5.091  88.987 0.0000000000
49854  4.031  -5.935  88.414 0.0000000000
48988  3.982  -7.036  87.889 0.0000000000
110423  3.504  -7.590  86.870 0.0000000000
47192  3.602  -8.225  86.463 0.0000000000
46282  4.913  -9.139  86.130 0.0000000000
47190  4.758  -8.443  86.489 0.0000000000
117735  4.787  -7.847  86.765 0.0000000000
48116  5.198  -8.264  86.469 0.0000000000
47188  5.640  -8.694  86.106 0.0000000000
47209  5.786  -9.224  85.763 0.0000000000
105586  6.438  -11.183  84.465 0.0000000000
44407  6.834  -11.630  84.111 0.0000000000
45343  7.085  -11.354  83.923 0.0000000000
57442  -27.751  1.464  75.260 0.0000000000
112598  -27.522  1.460  75.764 0.0000000000
52816  -21.019  -3.629  79.803 0.0000000000
115937  -23.633  -0.076  75.683 0.0000000000
55580  -23.087  -0.234  75.177 0.0000000000
56466  -26.222  0.966  75.638 0.0000000000
56476  -26.290  0.936  74.902 0.0000000000
56477  -26.766  1.077  74.355 0.0000000000
56406  -11.034  0.800  85.186 0.0000000000
55522  -10.094  0.083  83.685 0.0000000000
113834  -14.286  -0.635  87.071 0.0000000000
54579  -14.157  -0.766  86.842 0.0000000000
54589  -13.795  -0.884  86.350 0.0000000000
51800  -12.869  -4.006  84.069 0.0000000000
53689  -13.259  -2.315  84.473 0.0000000000
118282  -13.053  -1.698  84.259 0.0000000000
54602  -13.351  -0.920  85.535 0.0000000000
52769  -11.136  -2.459  81.637 0.0000000000
54630  -11.138  -1.384  82.352 0.0000000000
53716  -10.723  -1.733  81.746 0.0000000000
54629  -10.224  -1.253  82.105 0.0000000000
52783  -9.673  -3.029  81.372 0.0000000000
100188  -9.950  -3.444  78.967 0.0000000000
64635  -43.493  9.340  56.750 0.0000000000
64636  -44.395  9.213  56.966 0.0000000000
63827  -45.651  8.277  55.859 0.0000000000
102138  -46.424  8.230  56.362 0.0000000000
117223  1.406  1.742  80.515 0.0000000000
56440  1.045  0.431  79.788 0.0000000000
56437  1.342  0.496  80.626 0.0000000000
58277  3.116  2.193  83.281 0.0000000000
57382  2.267  1.357  82.370 0.0000000000
55539  1.903  -0.770  80.957 0.0000000000
109322  1.981  -1.071  80.096 0.0000000000
54652  4.072  -1.718  79.631 0.0000000000
54642  5.499  -2.133  80.070 0.0000000000
54650  5.584  -1.933  79.228 0.0000000000
53741  5.971  -2.515  78.714 0.0000000000
54625  5.239  -2.060  81.828 0.0000000000
54634  5.439  -2.079  80.946 0.0000000000
51851  6.195  -4.866  78.824 0.0000000000
52819  6.130  -4.229  78.603 0.0000000000
50849  5.882  -5.309  78.405 0.0000000000
118975  5.599  -6.185  78.526 0.0000000000
49107  5.418  -7.630  78.486 0.0000000000
47348  4.571  -9.378  77.218 0.0000000000
47347  5.285  -9.342  77.927 0.0000000000
62937  -37.647  7.830  65.601 0.0000000000
58383  -29.849  2.314  76.007 0.0000000000
106604  -31.520  5.213  65.821 0.0000000000
107828  -32.563  5.765  64.845 0.0000000000
61281  -33.741  6.004  64.141 0.0000000000
62107  -34.048  6.354  64.828 0.0000000000
62942  -35.994  7.345  65.094 0.0000000000
53624  1.063  -2.086  90.468 0.0000000000
51761  1.807  -4.040  89.021 0.0000000000
53630  -0.277  -1.598  89.376 0.0000000000
52722  0.298  -2.802  88.100 0.0000000000
111240  1.288  -4.559  87.049 0.0000000000
51762  0.957  -3.689  87.959 0.0000000000
50756  1.767  -5.241  87.155 0.0000000000
111145  2.390  -6.573  86.719 0.0000000000
49873  1.928  -6.287  86.028 0.0000000000
49901  1.566  -6.395  84.592 0.0000000000
49023  1.817  -7.247  84.763 0.0000000000
49042  1.687  -7.722  84.046 0.0000000000
109136  1.862  -8.520  83.188 0.0000000000
53727  -7.674  -2.336  81.769 0.0000000000
53713  -7.801  -1.602  82.188 0.0000000000
53725  -5.873  -2.661  81.828 0.0000000000
53712  -6.327  -2.239  82.617 0.0000000000
53698  -6.260  -1.874  83.507 0.0000000000
52791  -4.078  -2.753  80.015 0.0000000000
53732  -3.681  -2.650  80.825 0.0000000000
117585  -3.726  -2.478  82.733 0.0000000000
53697  -4.658  -2.208  83.682 0.0000000000
53686  -5.440  -1.994  84.024 0.0000000000
103902  -4.611  -1.871  84.553 0.0000000000
53677  -4.112  -1.527  85.402 0.0000000000
53664  -3.622  -1.107  86.166 0.0000000000
54586  -3.700  -0.553  86.516 0.0000000000
54585  -3.017  -0.713  86.743 0.0000000000
53675  -2.240  -1.687  85.599 0.0000000000
53693  -0.812  -2.534  83.964 0.0000000000
53674  -1.430  -2.092  85.500 0.0000000000
52752  -0.558  -2.765  84.507 0.0000000000
108408  -0.148  -3.173  84.972 0.0000000000
118303  -0.194  -3.220  84.445 0.0000000000
50816  0.118  -5.451  80.395 0.0000000000
51816  0.145  -4.727  81.112 0.0000000000
50806  0.585  -5.541  81.194 0.0000000000
50805  0.973  -5.991  81.713 0.0000000000
50794  1.069  -5.824  82.570 0.0000000000
49911  1.325  -6.488  83.117 0.0000000000
59318  1.918  3.957  76.678 0.0000000000
59332  2.046  4.254  75.755 0.0000000000
58353  0.196  2.314  77.666 0.0000000000
56463  0.562  0.438  75.632 0.0000000000
57425  -0.108  1.562  76.479 0.0000000000
112351  0.018  1.050  75.881 0.0000000000
113558  0.685  0.275  74.911 0.0000000000
56482  2.372  -0.195  73.339 0.0000000000
56494  2.378  -0.159  72.429 0.0000000000
56510  3.768  0.260  72.009 0.0000000000
54670  5.643  -1.286  76.626 0.0000000000
55564  5.681  -1.004  75.869 0.0000000000
54682  6.097  -1.781  74.023 0.0000000000
55573  5.903  -1.141  74.980 0.0000000000
115337  5.958  -0.830  74.499 0.0000000000
56468  5.585  -0.487  74.633 0.0000000000
114161  6.175  -0.949  73.981 0.0000000000
52885  5.107  -3.886  72.162 0.0000000000
52871  5.231  -3.325  72.816 0.0000000000
52884  5.363  -3.356  71.870 0.0000000000
107407  5.848  -2.231  71.462 0.0000000000
111970  5.834  -2.074  72.189 0.0000000000
55595  6.205  -1.254  72.745 0.0000000000
56491  5.679  -0.138  72.650 0.0000000000
55603  6.235  -1.022  71.996 0.0000000000
117489  6.608  -1.603  70.020 0.0000000000
55613  6.336  -0.512  70.713 0.0000000000
55614  5.839  0.203  70.027 0.0000000000
55627  5.556  0.028  68.958 0.0000000000
54718  5.977  -1.054  68.624 0.0000000000
52705  3.367  -2.968  90.118 0.0000000000
115267  2.782  -0.894  90.648 0.0000000000
53617  3.458  -2.338  90.030 0.0000000000
52713  4.502  -3.524  88.920 0.0000000000
53629  4.282  -2.924  89.181 0.0000000000
53628  4.655  -2.657  88.640 0.0000000000
52739  5.815  -3.669  86.344 0.0000000000
52728  5.592  -3.636  87.155 0.0000000000
53638  5.363  -2.253  88.124 0.0000000000
53647  5.924  -2.212  87.473 0.0000000000
54574  5.596  -1.554  87.768 0.0000000000
112847  5.808  -2.445  85.806 0.0000000000
54596  5.697  -1.763  85.988 0.0000000000
53680  5.753  -3.578  84.024 0.0000000000
51803  6.817  -4.616  82.962 0.0000000000
51810  6.896  -4.492  82.359 0.0000000000
51815  7.093  -4.747  81.778 0.0000000000
105407  7.385  -8.384  82.380 0.0000000000
110243  7.390  -7.463  82.321 0.0000000000
48211  6.744  -8.679  80.396 0.0000000000
49095  6.600  -7.595  80.219 0.0000000000
49096  6.166  -7.245  79.521 0.0000000000
46436  6.089  -10.735  78.028 0.0000000000
46437  5.686  -10.795  77.570 0.0000000000
40855  8.823  -16.236  81.226 0.0000000000
108587  8.541  -15.840  82.053 0.0000000000
42707  8.305  -14.335  81.853 0.0000000000
43550  8.033  -13.646  82.197 0.0000000000
43562  8.255  -13.487  81.596 0.0000000000
102931  8.436  -14.268  81.139 0.0000000000
41852  8.316  -15.292  79.362 0.0000000000
43573  8.344  -13.746  80.483 0.0000000000
43586  8.132  -13.645  79.647 0.0000000000
43603  7.872  -14.050  79.046 0.0000000000
42762  7.142  -14.390  78.091 0.0000000000
43619  7.047  -13.539  77.907 0.0000000000
42763  6.760  -14.229  77.621 0.0000000000
43632  6.065  -13.648  76.920 0.0000000000
43633  5.216  -13.890  76.537 0.0000000000
43644  4.276  -13.945  75.973 0.0000000000
51787  -22.307  -4.407  85.764 0.0000000000
52745  -22.559  -3.694  85.517 0.0000000000
52744  -22.136  -3.932  86.095 0.0000000000
52738  -21.635  -4.149  86.413 0.0000000000
49898  -21.873  -6.634  85.267 0.0000000000
49908  -22.299  -6.235  84.804 0.0000000000
109263  -22.254  -5.958  85.442 0.0000000000
49885  -22.279  -5.536  85.742 0.0000000000
49896  -19.691  -6.773  85.798 0.0000000000
49897  -20.569  -6.733  85.951 0.0000000000
106799  -21.319  -6.545  85.851 0.0000000000
109848  -19.405  -4.581  87.456 0.0000000000
117085  -20.160  -4.776  87.310 0.0000000000
62946  -39.966  8.055  64.366 0.0000000000
62114  -35.444  6.710  63.577 0.0000000000
62119  -35.208  6.282  62.946 0.0000000000
62122  -37.704  6.658  62.426 0.0000000000
57462  -29.848  1.469  73.434 0.0000000000
57463  -30.770  1.732  73.607 0.0000000000
57453  -30.077  1.760  74.324 0.0000000000
56487  -26.463  0.915  73.480 0.0000000000
56500  -27.359  0.778  72.276 0.0000000000
106398  3.544  -9.129  76.562 0.0000000000
44588  2.404  -12.315  74.363 0.0000000000
44573  2.715  -12.353  75.100 0.0000000000
43655  3.107  -13.819  74.840 0.0000000000
47243  2.845  -9.416  84.821 0.0000000000
112174  2.948  -10.139  83.835 0.0000000000
106247  3.420  -10.702  83.851 0.0000000000
54647  -22.275  -1.373  80.976 0.0000000000
104076  -22.540  -0.660  79.377 0.0000000000
57323  -14.371  1.508  88.390 0.0000000000
50818  -13.617  -5.403  81.190 0.0000000000
64607  -41.874  9.605  59.878 0.0000000000
54607  4.109  -1.323  84.373 0.0000000000
103900  4.976  -1.934  84.345 0.0000000000
53692  5.514  -2.854  83.413 0.0000000000
61241  -33.869  6.007  68.850 0.0000000000
61230  -34.252  6.090  69.334 0.0000000000
61219  -34.352  5.848  70.058 0.0000000000
58454  -31.002  2.445  68.913 0.0000000000
58464  -30.510  2.265  68.266 0.0000000000
59466  -31.371  3.691  68.490 0.0000000000
53632  -2.372  -0.169  89.076 0.0000000000
53650  -2.125  -0.747  87.166 0.0000000000
56417  -9.679  0.554  84.290 0.0000000000
56513  0.530  0.504  71.648 0.0000000000
56444  0.956  0.110  78.924 0.0000000000
56449  0.971  0.010  78.031 0.0000000000
49185  6.309  -8.049  71.889 0.0000000000
119077  6.460  -8.456  71.694 0.0000000000
49205  6.328  -8.120  71.320 0.0000000000
56363  2.882  1.403  91.625 0.0000000000
56370  3.175  0.713  91.242 0.0000000000
47242  7.087  -9.674  84.477 0.0000000000
47258  7.208  -9.911  83.721 0.0000000000
47273  7.157  -10.126  83.302 0.0000000000
51809  -22.448  -4.881  83.744 0.0000000000
51808  -22.544  -4.220  83.496 0.0000000000
52773  -22.410  -3.637  83.029 0.0000000000
49067  -20.348  -8.228  83.087 0.0000000000
50778  -17.266  -5.920  85.521 0.0000000000
50785  -16.592  -5.862  84.898 0.0000000000
100087  -15.934  -5.859  84.285 0.0000000000
50791  -16.056  -6.127  83.396 0.0000000000
62134  -39.209  7.316  61.441 0.0000000000
62971  -39.895  7.718  61.347 0.0000000000
63781  -40.727  8.415  60.873 0.0000000000
112448  -31.880  2.860  71.755 0.0000000000
58417  -32.859  3.154  72.950 0.0000000000
56535  -28.778  0.071  70.406 0.0000000000
117503  -29.351  0.118  70.138 0.0000000000
114022  -30.154  0.702  69.433 0.0000000000
56549  -30.593  1.208  69.646 0.0000000000
56538  -30.880  1.498  70.170 0.0000000000
99727  -8.032  -3.090  78.813 0.0000000000
53746  5.942  -2.671  77.709 0.0000000000
110126  5.852  -3.287  76.894 0.0000000000
48305  2.479  -8.608  74.452 0.0000000000
112040  2.552  -7.795  74.579 0.0000000000
48321  2.869  -8.129  73.807 0.0000000000
111672  3.712  -8.409  73.263 0.0000000000
48320  4.977  -8.263  72.893 0.0000000000
106919  4.584  -9.069  73.052 0.0000000000
47441  5.523  -9.681  72.848 0.0000000000
45535  6.268  -11.090  72.549 0.0000000000
44605  6.111  -11.943  72.445 0.0000000000
50745  2.627  -4.216  89.486 0.0000000000
117888  2.761  -3.754  89.908 0.0000000000
50749  2.799  -5.072  88.567 0.0000000000
49856  3.421  -5.894  88.236 0.0000000000
48982  3.653  -6.348  87.958 0.0000000000
46301  4.356  -9.682  85.614 0.0000000000
46300  4.760  -9.563  85.796 0.0000000000
46299  5.273  -9.606  85.685 0.0000000000
46298  5.834  -9.903  85.296 0.0000000000
45310  5.526  -10.311  85.069 0.0000000000
45326  5.889  -11.093  84.686 0.0000000000
57431  -26.931  1.322  76.192 0.0000000000
57432  -27.724  1.573  76.392 0.0000000000
119730  -27.346  1.493  76.882 0.0000000000
52827  -20.318  -3.383  78.511 0.0000000000
55563  -23.937  -0.057  77.462 0.0000000000
55581  -24.279  0.226  75.653 0.0000000000
56474  -24.621  0.445  74.944 0.0000000000
56419  -11.577  0.218  84.667 0.0000000000
115841  -15.116  -2.011  87.108 0.0000000000
54570  -14.604  -0.841  87.223 0.0000000000
53642  -14.787  -1.524  87.002 0.0000000000
119283  -14.224  -2.027  86.307 0.0000000000
53666  -14.029  -2.293  85.854 0.0000000000
51813  -12.529  -4.441  82.426 0.0000000000
52760  -12.475  -3.610  83.578 0.0000000000
52771  -12.168  -3.736  82.897 0.0000000000
52759  -12.150  -2.876  83.243 0.0000000000
53703  -12.012  -1.773  82.989 0.0000000000
52784  -10.564  -3.008  81.389 0.0000000000
103094  -10.170  -3.345  80.837 0.0000000000
63811  -40.552  9.192  56.499 0.0000000000
54644  3.709  -1.654  80.552 0.0000000000
53729  6.150  -2.991  81.276 0.0000000000
112225  6.126  -2.953  80.522 0.0000000000
52804  6.534  -4.395  80.076 0.0000000000
50837  5.805  -5.995  78.732 0.0000000000
49106  5.788  -7.428  78.977 0.0000000000
107854  -37.469  7.914  67.338 0.0000000000
61262  -32.503  5.776  66.369 0.0000000000
61275  -32.186  5.639  65.568 0.0000000000
62102  -33.668  6.308  65.559 0.0000000000
62103  -34.430  6.639  65.526 0.0000000000
52712  0.748  -2.343  89.781 0.0000000000
52729  -0.042  -2.785  87.340 0.0000000000
51763  0.511  -3.334  87.556 0.0000000000
50765  1.365  -4.993  86.373 0.0000000000
49874  1.614  -5.638  85.926 0.0000000000
49024  1.545  -6.873  83.919 0.0000000000
52794  -6.745  -2.908  80.156 0.0000000000
52779  -6.351  -2.786  81.061 0.0000000000
53734  -5.436  -2.863  81.035 0.0000000000
52790  -2.263  -3.101  80.278 0.0000000000
53731  -2.838  -2.776  80.942 0.0000000000
53710  -3.205  -2.574  82.307 0.0000000000
107118  -3.070  -2.115  83.934 0.0000000000
53683  -2.695  -1.930  84.832 0.0000000000
118881  -1.931  -2.015  84.962 0.0000000000
53694  -1.392  -2.261  83.678 0.0000000000
53707  -0.748  -2.658  83.262 0.0000000000
103529  -0.262  -3.311  83.098 0.0000000000
49928  0.712  -6.118  80.921 0.0000000000
49073  1.319  -6.994  81.618 0.0000000000
48184  1.635  -7.632  81.862 0.0000000000
102231  0.886  0.215  76.183 0.0000000000
56455  0.285  0.774  76.647 0.0000000000
56472  1.499  -0.106  74.543 0.0000000000
56481  3.425  -0.040  73.677 0.0000000000
56493  4.213  0.199  72.940 0.0000000000
52854  5.927  -2.630  74.885 0.0000000000
104688  5.974  -2.058  74.510 0.0000000000
53783  5.898  -2.155  73.533 0.0000000000
52897  5.966  -2.498  70.706 0.0000000000
55612  6.314  -1.062  71.312 0.0000000000
53814  6.328  -1.979  70.611 0.0000000000
53832  6.484  -2.189  69.915 0.0000000000
54717  6.543  -1.747  69.291 0.0000000000
54727  6.098  -2.128  68.531 0.0000000000
51755  3.915  -4.347  89.532 0.0000000000
117379  3.938  -3.840  89.711 0.0000000000
111481  4.156  -4.119  89.401 0.0000000000
51759  4.403  -4.454  88.836 0.0000000000
50775  6.138  -5.989  85.502 0.0000000000
116954  5.684  -5.543  86.181 0.0000000000
51781  5.876  -4.517  85.844 0.0000000000
52746  5.928  -3.764  85.495 0.0000000000
104930  5.956  -3.949  84.637 0.0000000000
52751  6.101  -4.180  83.832 0.0000000000
50793  7.183  -5.010  82.525 0.0000000000
47296  7.148  -9.668  81.068 0.0000000000
47313  6.310  -8.934  79.508 0.0000000000
46411  6.375  -9.873  79.115 0.0000000000
46422  6.400  -10.740  78.614 0.0000000000
45435  6.470  -11.461  78.097 0.0000000000
40869  9.023  -17.020  80.675 0.0000000000
100122  8.660  -15.665  80.293 0.0000000000
100215  8.527  -16.251  79.460 0.0000000000
106221  6.505  -14.789  77.363 0.0000000000
49068  -22.706  -7.488  82.838 0.0000000000
49909  -22.378  -5.851  84.454 0.0000000000
51802  -22.531  -4.658  84.313 0.0000000000
117535  -22.728  -3.967  84.394 0.0000000000
49906  -17.701  -6.595  84.246 0.0000000000
49914  -18.228  -7.059  83.786 0.0000000000
49033  -18.985  -7.314  84.085 0.0000000000
49051  -19.689  -7.727  83.716 0.0000000000
48176  -21.360  -8.206  83.225 0.0000000000
50760  -17.944  -4.797  87.748 0.0000000000
111092  -18.771  -5.083  87.554 0.0000000000
50769  -18.009  -5.443  87.217 0.0000000000
62955  -41.282  8.294  62.846 0.0000000000
63766  -41.753  8.782  63.406 0.0000000000
102255  -34.893  5.714  62.037 0.0000000000
61300  -34.823  5.380  61.469 0.0000000000
100605  -35.451  5.237  61.201 0.0000000000
61311  -36.821  5.223  60.477 0.0000000000
56504  -30.826  1.392  71.570 0.0000000000
57470  -31.759  2.280  72.348 0.0000000000
115883  -32.440  2.337  74.064 0.0000000000
56514  -24.808  0.293  71.859 0.0000000000
55617  -24.364  -0.158  70.452 0.0000000000
55618  -25.299  -0.169  70.083 0.0000000000
56518  -28.702  0.391  71.206 0.0000000000
56519  -29.630  0.559  71.124 0.0000000000
50869  4.549  -5.438  76.799 0.0000000000
120347  4.386  -6.128  77.082 0.0000000000
49980  3.310  -6.689  76.364 0.0000000000
109833  2.727  -7.935  76.028 0.0000000000
47364  2.780  -8.771  75.955 0.0000000000
48292  2.478  -8.308  75.306 0.0000000000
47403  2.385  -9.311  74.369 0.0000000000
111708  2.739  -10.519  73.465 0.0000000000
45517  3.286  -11.164  73.152 0.0000000000
45537  4.006  -11.804  72.932 0.0000000000
44599  2.984  -12.014  73.187 0.0000000000
117723  3.999  -13.889  72.884 0.0000000000
43662  2.527  -12.873  73.972 0.0000000000
117502  3.366  -13.639  73.303 0.0000000000
41950  5.115  -15.302  72.754 0.0000000000
48997  2.827  -6.946  86.968 0.0000000000
48120  2.912  -7.356  86.680 0.0000000000
48132  3.003  -8.373  85.974 0.0000000000
47211  3.509  -8.862  85.956 0.0000000000
46322  3.501  -9.778  85.000 0.0000000000
46302  3.783  -9.472  85.592 0.0000000000
46321  4.087  -10.064  85.089 0.0000000000
56452  -25.257  0.626  77.651 0.0000000000
57411  -26.700  1.266  78.021 0.0000000000
118127  -22.292  -4.770  80.587 0.0000000000
51834  -22.142  -4.837  79.882 0.0000000000
51833  -21.609  -4.150  80.427 0.0000000000
53735  -20.953  -2.247  80.201 0.0000000000
52815  -20.490  -3.111  79.313 0.0000000000
53742  -20.289  -2.427  78.657 0.0000000000
54660  -20.612  -1.616  78.077 0.0000000000
55560  -21.614  -0.697  77.527 0.0000000000
55561  -22.385  -0.351  77.534 0.0000000000
55562  -23.199  -0.170  77.933 0.0000000000
57338  -13.040  1.283  87.654 0.0000000000
56395  -13.429  0.509  87.337 0.0000000000
51792  -13.939  -4.161  85.211 0.0000000000
51801  -13.613  -4.424  84.389 0.0000000000
51820  -13.043  -5.039  81.854 0.0000000000
51819  -12.424  -4.506  81.542 0.0000000000
63802  -41.146  9.467  58.231 0.0000000000
63812  -41.395  9.427  56.156 0.0000000000
113798  -42.282  9.365  55.949 0.0000000000
117685  -42.743  9.426  56.572 0.0000000000
65397  -43.587  9.918  58.410 0.0000000000
55519  2.915  -0.142  84.077 0.0000000000
54615  4.551  -1.836  83.564 0.0000000000
51826  6.943  -4.831  80.991 0.0000000000
61261  -31.850  5.319  66.577 0.0000000000
61249  -32.311  5.481  67.239 0.0000000000
54556  -2.360  -0.384  89.844 0.0000000000
53631  -1.294  -0.755  88.893 0.0000000000
53640  -1.940  -0.388  88.561 0.0000000000
53639  -1.131  -1.026  88.338 0.0000000000
52740  -0.188  -2.939  86.559 0.0000000000
51791  0.299  -3.783  85.379 0.0000000000
51843  -3.862  -3.812  78.087 0.0000000000
51842  -3.027  -3.700  78.642 0.0000000000
52806  -2.603  -3.401  79.488 0.0000000000
115884  -1.734  -3.712  79.788 0.0000000000
51829  -1.435  -3.410  80.522 0.0000000000
51827  -0.500  -4.635  80.254 0.0000000000
59292  1.546  3.318  78.273 0.0000000000
56450  0.369  0.744  77.598 0.0000000000
56454  1.050  -0.050  77.021 0.0000000000
55578  1.713  -0.229  76.259 0.0000000000
56460  4.048  -0.121  75.059 0.0000000000
105806  4.407  -4.966  72.454 0.0000000000
52872  4.763  -3.809  73.000 0.0000000000
107647  5.229  -4.955  71.538 0.0000000000
50924  5.413  -5.868  71.441 0.0000000000
50938  5.524  -5.135  70.945 0.0000000000
118543  5.586  -5.471  70.606 0.0000000000
50952  5.612  -5.714  70.090 0.0000000000
50961  5.628  -5.748  69.224 0.0000000000
57301  3.768  2.750  91.725 0.0000000000
58207  4.535  2.716  91.487 0.0000000000
57308  4.967  2.207  91.305 0.0000000000
117117  4.851  0.549  89.876 0.0000000000
48987  5.056  -7.113  86.988 0.0000000000
115168  5.133  -6.513  87.033 0.0000000000
108492  5.642  -7.274  86.543 0.0000000000
103826  6.189  -7.742  85.996 0.0000000000
49004  6.620  -7.970  85.341 0.0000000000
49871  6.362  -7.022  85.521 0.0000000000
108530  6.697  -7.296  84.914 0.0000000000
112450  6.902  -6.685  84.348 0.0000000000
49900  7.247  -7.228  83.930 0.0000000000
49058  7.500  -8.056  83.078 0.0000000000
47274  7.267  -9.241  82.515 0.0000000000
114307  7.246  -9.531  83.110 0.0000000000
47285  7.195  -9.703  81.976 0.0000000000
49069  -22.832  -7.156  82.464 0.0000000000
49924  -22.780  -6.845  82.180 0.0000000000
50801  -22.625  -6.089  82.347 0.0000000000
112857  -22.772  -6.610  81.550 0.0000000000
50810  -22.812  -5.863  81.398 0.0000000000
50821  -22.648  -5.147  81.113 0.0000000000
51821  -22.127  -4.332  81.227 0.0000000000
115637  -22.153  -3.036  82.597 0.0000000000
53633  -15.321  -1.847  87.365 0.0000000000
52732  -14.990  -2.895  87.239 0.0000000000
51764  -15.989  -3.444  87.802 0.0000000000
50767  -16.303  -5.157  86.710 0.0000000000
51774  -15.730  -3.936  87.655 0.0000000000
51784  -14.736  -4.173  86.489 0.0000000000
51793  -14.529  -4.577  85.598 0.0000000000
50783  -14.374  -4.970  84.712 0.0000000000
50797  -14.499  -5.678  82.481 0.0000000000
62152  -38.377  7.014  60.179 0.0000000000
62161  -38.128  7.120  59.184 0.0000000000
63800  -39.868  8.429  59.154 0.0000000000
118731  -40.594  8.783  59.476 0.0000000000
106112  -41.143  8.907  60.219 0.0000000000
104010  -33.116  4.450  70.379 0.0000000000
59418  -32.952  3.719  71.774 0.0000000000
56560  -30.378  1.200  69.175 0.0000000000
101840  -30.618  1.704  69.060 0.0000000000
59448  -31.459  2.791  69.367 0.0000000000
53714  -8.611  -1.536  81.720 0.0000000000
52811  -7.413  -3.039  79.469 0.0000000000
52809  -5.692  -3.081  78.520 0.0000000000
51855  -5.494  -3.516  77.677 0.0000000000
51854  -4.664  -3.945  77.439 0.0000000000
56496  0.683  0.257  72.423 0.0000000000
55596  1.970  -0.173  71.834 0.0000000000
56511  2.678  -0.016  71.557 0.0000000000
54665  4.121  -1.303  78.015 0.0000000000
53756  5.873  -2.353  76.397 0.0000000000
53770  5.905  -2.150  75.263 0.0000000000
51919  4.641  -4.009  74.045 0.0000000000
50888  4.029  -5.084  75.921 0.0000000000
49146  2.667  -6.863  74.797 0.0000000000
50889  3.666  -5.056  74.927 0.0000000000
50900  3.495  -5.184  74.056 0.0000000000
48337  5.956  -8.298  72.428 0.0000000000
48336  6.468  -8.718  72.039 0.0000000000
44606  4.930  -12.482  72.672 0.0000000000
52706  2.915  -2.724  90.292 0.0000000000
51757  3.077  -4.038  89.869 0.0000000000
51756  3.642  -4.359  89.557 0.0000000000
50747  4.052  -5.481  88.773 0.0000000000
49860  4.456  -6.864  87.456 0.0000000000
48110  3.009  -7.214  86.840 0.0000000000
48109  3.636  -7.234  87.252 0.0000000000
48989  3.824  -6.821  87.645 0.0000000000
47191  4.193  -8.355  86.553 0.0000000000
48108  4.070  -7.323  87.305 0.0000000000
48107  4.493  -7.363  87.147 0.0000000000
48115  5.671  -8.296  86.274 0.0000000000
47208  6.203  -8.905  85.727 0.0000000000
47224  6.643  -9.335  85.156 0.0000000000
46320  6.454  -9.876  84.912 0.0000000000
46319  6.843  -9.829  84.649 0.0000000000
45360  7.225  -11.878  83.443 0.0000000000
102202  -28.487  1.546  74.922 0.0000000000
57433  -28.388  1.777  76.669 0.0000000000
51847  -22.104  -4.874  79.068 0.0000000000
112043  -25.016  0.611  74.193 0.0000000000
57354  -10.649  1.476  85.531 0.0000000000
57366  -10.197  0.972  84.916 0.0000000000
54620  -9.439  -0.786  82.228 0.0000000000
56380  -14.294  0.796  88.145 0.0000000000
110997  -14.319  -0.188  87.498 0.0000000000
56387  -14.076  0.519  87.841 0.0000000000
113808  -13.905  0.308  87.553 0.0000000000
111414  -13.861  -3.432  85.527 0.0000000000
52749  -13.781  -2.868  85.409 0.0000000000
52748  -13.708  -2.238  85.208 0.0000000000
53665  -13.869  -1.557  85.780 0.0000000000
55501  -13.133  -0.304  86.195 0.0000000000
55510  -12.524  -0.236  85.258 0.0000000000
55524  -12.024  -0.485  84.223 0.0000000000
117513  -11.553  -0.622  83.527 0.0000000000
54621  -10.375  -0.835  82.600 0.0000000000
52767  -9.227  -2.334  81.564 0.0000000000
100707  -8.986  -3.381  80.138 0.0000000000
63825  -43.692  8.978  55.046 0.0000000000
63837  -44.615  8.643  54.448 0.0000000000
63005  -46.368  8.007  55.524 0.0000000000
108205  1.065  1.997  79.998 0.0000000000
57395  0.747  1.373  79.595 0.0000000000
55549  2.255  -1.193  79.066 0.0000000000
58317  1.831  1.849  80.996 0.0000000000
56434  1.608  0.548  81.338 0.0000000000
55540  1.508  -0.305  80.329 0.0000000000
54659  3.381  -1.456  78.850 0.0000000000
54658  4.629  -1.504  78.780 0.0000000000
54657  5.581  -1.677  78.432 0.0000000000
54651  5.107  -1.757  79.454 0.0000000000
52831  5.995  -3.781  77.898 0.0000000000
51867  5.660  -4.882  77.696 0.0000000000
53738  6.077  -2.946  79.587 0.0000000000
51866  5.971  -4.633  78.087 0.0000000000
49967  4.652  -6.689  77.597 0.0000000000
49116  4.965  -7.361  77.968 0.0000000000
62938  -38.600  8.061  65.512 0.0000000000
57444  -29.482  1.804  75.036 0.0000000000
60427  -30.805  4.830  64.499 0.0000000000
61279  -31.662  5.331  64.720 0.0000000000
104087  -31.212  5.052  63.923 0.0000000000
61283  -31.806  5.357  63.709 0.0000000000
61284  -32.511  5.631  63.505 0.0000000000
61285  -33.315  5.797  63.441 0.0000000000
110686  -34.691  6.686  64.852 0.0000000000
110165  2.410  -3.388  89.895 0.0000000000
51758  2.015  -3.507  89.574 0.0000000000
52721  1.064  -3.390  88.612 0.0000000000
105619  1.436  -4.110  88.364 0.0000000000
50753  2.175  -5.387  87.748 0.0000000000
108707  2.242  -6.914  86.103 0.0000000000
49014  2.244  -7.514  85.696 0.0000000000
49887  1.902  -6.724  85.416 0.0000000000
107417  2.071  -8.176  84.880 0.0000000000
47259  2.151  -9.125  83.705 0.0000000000
53701  -8.006  -0.882  82.255 0.0000000000
53700  -7.467  -1.112  82.829 0.0000000000
53699  -7.091  -1.697  82.942 0.0000000000
54609  -6.299  -0.776  84.417 0.0000000000
52808  -4.428  -2.953  79.150 0.0000000000
53733  -4.535  -2.732  80.868 0.0000000000
53724  -4.841  -2.776  81.835 0.0000000000
100824  -5.452  -2.242  83.198 0.0000000000
114663  -5.631  -0.624  85.040 0.0000000000
54599  -5.123  -0.828  85.555 0.0000000000
54577  -3.819  0.300  86.861 0.0000000000
53662  -1.583  -1.610  86.405 0.0000000000
53661  -0.833  -2.440  86.099 0.0000000000
52776  -0.304  -3.890  81.663 0.0000000000
110875  0.011  -3.923  82.588 0.0000000000
50795  0.704  -5.274  81.909 0.0000000000
51805  0.197  -3.970  83.478 0.0000000000
51798  0.731  -4.771  83.951 0.0000000000
108519  1.328  -6.165  83.883 0.0000000000
49043  1.523  -7.353  83.296 0.0000000000
48170  1.647  -7.851  82.770 0.0000000000
58364  0.593  2.850  77.311 0.0000000000
59334  0.488  2.909  75.720 0.0000000000
58388  -0.072  2.270  75.029 0.0000000000
105555  0.758  0.125  74.006 0.0000000000
101561  1.647  -0.202  73.824 0.0000000000
104970  3.403  0.195  71.138 0.0000000000
55556  4.557  -0.828  77.281 0.0000000000
55565  4.749  -0.556  76.570 0.0000000000
55575  4.418  -0.318  75.918 0.0000000000
56459  5.085  -0.311  75.197 0.0000000000
56469  5.019  -0.129  74.332 0.0000000000
53796  5.672  -2.432  73.124 0.0000000000
53807  5.603  -2.419  72.288 0.0000000000
53806  5.798  -2.125  72.879 0.0000000000
54688  6.059  -1.844  73.333 0.0000000000
55588  6.153  -0.861  73.482 0.0000000000
56479  5.444  -0.056  73.486 0.0000000000
102685  5.072  0.186  73.022 0.0000000000
56492  4.949  0.271  72.351 0.0000000000
56508  5.595  -0.089  71.850 0.0000000000
56509  4.909  0.342  71.501 0.0000000000
56526  4.920  0.402  70.586 0.0000000000
55641  4.938  -0.551  68.204 0.0000000000
53840  5.482  -2.584  67.989 0.0000000000
55498  5.113  -0.432  86.579 0.0000000000
117582  3.056  -0.089  90.809 0.0000000000
55466  3.291  -0.574  90.441 0.0000000000
53622  3.878  -2.672  89.595 0.0000000000
54553  3.632  -1.572  89.721 0.0000000000
54552  4.106  -0.971  89.047 0.0000000000
50751  4.801  -5.890  87.404 0.0000000000
116655  5.213  -4.396  87.332 0.0000000000
52719  5.175  -3.758  87.821 0.0000000000
52720  5.045  -3.128  88.223 0.0000000000
55478  4.586  -0.495  88.722 0.0000000000
108866  5.629  -1.128  87.339 0.0000000000
53660  5.983  -2.138  86.620 0.0000000000
116783  5.617  -0.888  86.877 0.0000000000
54584  5.561  -1.115  86.444 0.0000000000
54597  5.068  -1.110  85.784 0.0000000000
54605  5.353  -1.868  85.139 0.0000000000
103955  5.427  -2.463  84.332 0.0000000000
52757  6.021  -3.805  83.109 0.0000000000
107657  6.702  -4.113  82.026 0.0000000000
110508  7.301  -5.877  82.780 0.0000000000
105251  7.264  -7.769  81.612 0.0000000000
114492  7.292  -6.987  81.671 0.0000000000
49927  7.278  -6.238  81.387 0.0000000000
49936  6.994  -6.124  80.653 0.0000000000
111979  6.715  -6.047  80.047 0.0000000000
48245  5.687  -8.390  78.785 0.0000000000
47330  5.957  -9.120  78.919 0.0000000000
47331  5.660  -9.288  78.449 0.0000000000
101922  5.242  -10.125  77.479 0.0000000000
46450  5.133  -10.864  77.067 0.0000000000
45463  4.861  -11.673  76.662 0.0000000000
44444  7.280  -12.440  83.143 0.0000000000
44443  7.618  -12.918  82.656 0.0000000000
41795  8.146  -15.487  82.436 0.0000000000
42694  8.027  -14.540  82.316 0.0000000000
44475  7.992  -12.619  81.871 0.0000000000
44507  7.667  -12.405  79.754 0.0000000000
44522  7.225  -12.477  78.766 0.0000000000
40897  7.993  -16.093  78.825 0.0000000000
108582  7.776  -15.328  78.680 0.0000000000
42747  7.567  -14.598  78.571 0.0000000000
44535  7.023  -12.757  78.046 0.0000000000
44536  6.522  -12.230  77.705 0.0000000000
42777  6.424  -14.154  77.225 0.0000000000
44553  6.206  -12.820  77.164 0.0000000000
44537  6.048  -12.044  77.270 0.0000000000
44554  5.610  -12.261  76.895 0.0000000000
44555  4.898  -12.566  76.479 0.0000000000
44556  4.220  -12.212  76.185 0.0000000000
44571  4.017  -13.032  75.956 0.0000000000
43645  3.556  -13.742  75.457 0.0000000000
40955  4.433  -16.468  74.045 0.0000000000
42734  8.264  -14.340  79.603 0.0000000000
42788  3.660  -14.619  75.276 0.0000000000
43604  7.453  -13.810  78.486 0.0000000000
46338  2.585  -9.628  84.131 0.0000000000
48990  3.425  -6.763  87.517 0.0000000000
49022  7.280  -8.064  84.205 0.0000000000
49852  3.548  -5.317  88.706 0.0000000000
50742  3.952  -4.932  89.145 0.0000000000
50759  -17.372  -5.029  87.551 0.0000000000
50774  -22.344  -5.024  85.682 0.0000000000
50784  -15.127  -5.506  84.541 0.0000000000
51775  -16.890  -4.520  87.798 0.0000000000
52708  3.765  -3.237  89.863 0.0000000000
52777  -1.078  -3.158  81.343 0.0000000000
52928  5.556  -3.635  68.106 0.0000000000
53643  -15.596  -2.472  87.467 0.0000000000
53653  -14.624  -1.927  86.735 0.0000000000
53654  -14.954  -2.243  86.997 0.0000000000
53691  5.655  -3.287  83.452 0.0000000000
53696  -3.835  -2.293  83.366 0.0000000000
54568  -2.831  0.286  88.236 0.0000000000
54618  -7.594  -0.637  83.041 0.0000000000
54655  -22.107  -1.175  80.023 0.0000000000
55473  4.254  0.008  89.711 0.0000000000
55482  -15.174  -0.534  88.051 0.0000000000
55582  6.090  -1.299  74.290 0.0000000000
55587  6.209  -1.466  73.717 0.0000000000
55594  6.188  -1.524  73.248 0.0000000000
55604  6.113  -0.562  71.521 0.0000000000
56433  1.926  0.553  82.090 0.0000000000
56490  6.117  -0.732  72.536 0.0000000000
57480  -31.092  1.841  69.994 0.0000000000
58208  3.386  3.204  91.745 0.0000000000
58300  2.321  1.949  81.690 0.0000000000
58331  0.712  2.211  79.289 0.0000000000
63775  -42.231  9.341  62.203 0.0000000000
102684  -3.975  -2.651  82.136 0.0000000000
103406  5.675  -4.984  70.207 0.0000000000
105621  1.359  -7.510  80.947 0.0000000000
110188  2.399  -9.121  75.157 0.0000000000
110677  6.606  -9.339  72.012 0.0000000000
112345  2.440  -9.888  73.896 0.0000000000
112441  -2.084  -2.095  84.214 0.0000000000
112607  -16.413  -4.031  87.949 0.0000000000
113491  3.433  -0.986  90.134 0.0000000000
113622  -5.330  -1.586  84.585 0.0000000000
113716  2.694  -6.515  87.244 0.0000000000
115335  -22.585  -8.053  82.547 0.0000000000
115412  2.080  -0.010  71.271 0.0000000000
116726  6.736  -12.984  77.619 0.0000000000
117064  4.112  -15.094  73.268 0.0000000000
117926  7.317  -10.853  82.486 0.0000000000
118835  6.292  -2.321  70.253 0.0000000000
119772  5.175  -4.371  71.793 0.0000000000
120448  -24.913  0.549  75.573 0.0000000000
120785  -3.911  -3.371  78.633 0.0000000000
