#!ascii label  , from subject sub-v1s19x0051305_ses-1 vox2ras=TkReg
1696
104568  -2.934  -61.594  6.802 0.5000000000
107543  -3.380  -64.723  8.605 0.5000000000
4915  -3.624  -64.585  9.498 0.5000000000
3783  -4.052  -65.959  10.567 0.5000000000
5523  -5.523  -63.365  5.783 0.5000000000
6109  -4.055  -62.532  5.905 0.5000000000
6111  -5.282  -63.495  6.698 0.5000000000
6709  -4.040  -61.675  7.751 0.5000000000
6098  -4.688  -62.114  8.101 0.6000000238
6708  -3.231  -61.518  7.513 0.5000000000
101966  -3.832  -66.871  10.334 0.5000000000
5473  -2.318  -63.054  8.871 0.5000000000
3784  -4.156  -66.777  11.386 0.5000000000
99913  -3.261  -63.772  10.038 0.6000000238
5456  -3.074  -62.819  10.530 0.6000000238
119210  -4.163  -65.183  10.612 0.6000000238
118001  -4.364  -66.397  11.899 0.6999999881
4896  -4.071  -63.770  11.558 0.6999999881
4342  -4.314  -65.639  11.513 0.6999999881
4883  -4.555  -64.016  12.430 0.6999999881
4326  -4.680  -65.271  12.438 0.6999999881
105983  -4.600  -66.205  12.385 0.6999999881
5524  -6.172  -63.819  6.213 0.5000000000
111867  -5.867  -64.030  7.162 0.6000000238
5526  -7.655  -63.995  6.656 0.6000000238
5509  -6.820  -64.395  7.625 0.6000000238
6682  -2.817  -61.573  8.774 0.5000000000
3234  -4.559  -67.902  12.019 0.5000000000
2814  -5.183  -69.142  12.009 0.5000000000
2816  -7.062  -69.168  11.869 0.6999999881
2804  -5.628  -68.446  12.552 0.6999999881
2805  -6.536  -68.490  12.465 0.6999999881
5474  -2.689  -62.925  9.740 0.6000000238
6067  -2.860  -61.925  10.069 0.6999999881
3225  -5.974  -67.908  12.907 0.6999999881
6052  -3.257  -61.831  10.892 0.6999999881
5445  -3.925  -62.834  12.170 0.6999999881
115180  -6.503  -66.790  13.078 0.6999999881
5416  -4.421  -62.917  12.945 0.6999999881
4884  -5.108  -64.799  13.158 0.6999999881
4327  -5.156  -66.006  13.074 0.6999999881
4328  -6.890  -66.213  13.201 0.6999999881
105717  -5.331  -64.120  13.655 0.6999999881
4850  -5.940  -64.573  14.130 0.6999999881
4311  -6.590  -65.468  13.752 0.6999999881
4868  -6.820  -64.713  14.408 0.6999999881
6112  -7.181  -63.467  5.949 0.5000000000
6114  -8.800  -62.796  6.597 0.6000000238
6710  -9.356  -62.740  7.082 0.6000000238
5510  -8.093  -64.091  7.463 0.6000000238
105223  -9.315  -63.227  7.688 0.6000000238
5491  -5.614  -63.072  8.960 0.6000000238
5494  -8.728  -63.759  8.207 0.6000000238
6696  -4.964  -61.874  9.015 0.6000000238
2827  -7.315  -68.705  11.043 0.6999999881
6684  -4.322  -61.184  9.564 0.6999999881
3235  -7.304  -68.181  11.929 0.6999999881
3248  -6.851  -67.885  9.952 0.6999999881
105454  -6.439  -67.242  9.277 0.6999999881
6685  -4.993  -61.344  10.017 0.6999999881
3785  -7.406  -67.657  10.760 0.6999999881
3809  -6.846  -66.733  8.806 0.6999999881
6673  -4.391  -60.969  10.499 0.6999999881
6674  -5.117  -60.958  11.017 0.6999999881
3226  -6.711  -67.544  12.706 0.6999999881
3768  -7.590  -67.253  11.735 0.6999999881
3798  -7.106  -67.100  9.660 0.6999999881
3799  -7.853  -66.886  9.564 0.6999999881
6026  -3.889  -61.310  12.219 0.6999999881
6648  -5.054  -60.648  12.693 0.6999999881
3752  -7.341  -66.731  12.593 0.6999999881
3787  -8.295  -66.815  10.467 0.6999999881
5417  -4.978  -62.967  13.722 0.6999999881
114213  -7.580  -66.254  12.829 0.6999999881
117755  -6.047  -63.694  14.695 0.6999999881
4329  -7.537  -65.814  13.343 0.6999999881
4330  -8.258  -66.118  12.784 0.6999999881
4851  -6.805  -63.991  15.053 0.6999999881
4313  -8.533  -65.680  13.562 0.6999999881
4852  -7.710  -64.555  14.812 0.6999999881
119046  -8.331  -61.896  6.066 0.5000000000
116835  -9.119  -61.902  6.578 0.6000000238
7282  -10.067  -61.320  6.533 0.6000000238
7273  -9.303  -61.068  6.541 0.5000000000
7283  -10.900  -61.484  6.180 0.6000000238
7932  -7.585  -59.531  6.606 0.5000000000
114045  -8.633  -60.790  6.534 0.5000000000
6711  -9.896  -62.102  6.916 0.6000000238
7284  -11.703  -61.428  6.115 0.6000000238
6085  -10.276  -62.752  8.477 0.6000000238
6712  -11.516  -62.075  7.401 0.6000000238
5476  -7.070  -63.918  9.472 0.6000000238
6068  -5.566  -62.318  9.712 0.6999999881
5459  -8.541  -63.554  9.862 0.6999999881
6053  -5.666  -61.817  10.485 0.6999999881
5457  -6.713  -63.315  10.252 0.6999999881
109093  -7.484  -66.769  8.028 0.6999999881
6663  -5.662  -60.811  12.019 0.6999999881
6042  -6.736  -61.892  11.660 0.6999999881
116090  -8.501  -66.983  8.960 0.6999999881
3822  -8.166  -66.962  7.296 0.6999999881
6028  -7.447  -61.631  12.407 0.6999999881
104334  -9.021  -66.924  9.642 0.6999999881
3249  -9.274  -67.020  8.760 0.6999999881
3834  -7.757  -66.795  6.441 0.6999999881
6629  -6.129  -60.660  13.948 0.6000000238
3788  -9.299  -66.821  10.613 0.6999999881
3800  -9.793  -66.911  9.261 0.6999999881
3261  -9.394  -67.023  8.101 0.6999999881
3836  -9.488  -66.747  6.832 0.6999999881
3835  -8.695  -66.898  6.617 0.6999999881
5997  -5.561  -62.505  14.609 0.6999999881
3754  -8.931  -66.477  12.155 0.6999999881
3772  -10.308  -66.466  11.624 0.6000000238
110184  -10.501  -66.525  10.171 0.6999999881
3812  -10.062  -66.820  8.560 0.6999999881
4836  -8.164  -64.005  15.655 0.6000000238
4300  -8.382  -65.154  14.336 0.6999999881
4301  -9.341  -65.395  14.247 0.6999999881
3738  -9.197  -66.185  12.901 0.6999999881
3756  -10.427  -66.112  12.390 0.6000000238
4354  -10.699  -66.257  10.938 0.6000000238
4837  -9.284  -64.244  15.715 0.6000000238
4853  -8.774  -64.765  15.007 0.6000000238
4314  -10.052  -65.676  13.724 0.6000000238
4331  -10.938  -65.528  12.415 0.5000000000
4343  -10.813  -65.921  11.710 0.5000000000
4355  -11.242  -65.460  11.019 0.5000000000
4838  -10.242  -64.236  15.601 0.6000000238
4855  -10.629  -64.690  14.700 0.5000000000
101008  -11.103  -64.723  13.968 0.5000000000
7933  -10.256  -60.650  6.024 0.6000000238
109495  -9.525  -59.565  6.421 0.6000000238
7953  -12.279  -60.067  4.867 0.5000000000
8607  -11.971  -59.355  4.055 0.6999999881
108871  -8.752  -59.974  6.797 0.5000000000
8593  -9.196  -58.571  6.840 0.6000000238
8604  -9.861  -58.864  5.757 0.6000000238
8582  -7.213  -57.885  7.258 0.6000000238
113563  -7.771  -59.095  6.983 0.6000000238
7935  -12.784  -60.208  6.115 0.4000000060
101024  -7.709  -57.875  7.490 0.6000000238
7275  -12.441  -60.921  6.612 0.5000000000
7266  -11.991  -61.479  8.240 0.6000000238
6070  -10.506  -62.472  9.310 0.6000000238
6056  -8.353  -63.149  10.772 0.6999999881
107648  -9.218  -63.126  9.973 0.6000000238
6043  -7.811  -62.513  11.621 0.6999999881
102720  -6.755  -60.814  13.334 0.6000000238
6029  -8.207  -62.023  12.193 0.6000000238
5976  -6.962  -61.494  15.441 0.6000000238
4366  -10.752  -66.207  9.611 0.6000000238
109490  -10.716  -66.211  8.880 0.6000000238
3825  -10.664  -66.202  7.884 0.6999999881
3837  -10.221  -66.364  6.992 0.6999999881
3847  -9.178  -66.592  5.958 0.6999999881
5977  -7.596  -62.283  15.988 0.6000000238
103544  -10.980  -65.868  10.209 0.6000000238
101700  -8.735  -66.249  5.003 0.6999999881
5381  -9.832  -63.611  16.189 0.6000000238
4332  -11.447  -64.892  12.277 0.4000000060
4905  -11.824  -64.755  10.810 0.4000000060
4356  -11.558  -65.155  10.160 0.5000000000
119102  -11.771  -65.136  8.845 0.6000000238
4393  -10.927  -65.760  7.009 0.6000000238
4400  -9.713  -65.795  5.313 0.6000000238
5382  -10.679  -63.520  16.047 0.5000000000
5384  -11.806  -63.521  15.045 0.5000000000
5418  -12.081  -63.661  14.073 0.5000000000
107091  -11.718  -64.440  12.793 0.5000000000
108498  -12.487  -64.466  9.481 0.4000000060
107508  -11.935  -65.046  8.194 0.6000000238
8617  -11.358  -58.724  3.647 0.6000000238
8606  -11.188  -59.597  4.204 0.6000000238
9231  -13.493  -58.029  4.647 0.6000000238
9214  -8.852  -57.769  7.162 0.6000000238
9894  -10.098  -57.102  5.343 0.5000000000
9886  -10.279  -56.208  5.229 0.6000000238
10612  -10.028  -55.509  6.078 0.6000000238
112405  -12.698  -59.350  4.676 0.6000000238
9212  -7.333  -57.101  7.601 0.6999999881
10611  -9.317  -55.755  6.903 0.6000000238
11357  -9.675  -54.875  6.896 0.6000000238
7922  -12.712  -59.946  7.396 0.5000000000
9223  -13.288  -58.298  6.542 0.6000000238
9876  -6.869  -56.315  7.467 0.6000000238
109447  -8.330  -54.964  7.869 0.6999999881
7905  -11.947  -60.296  8.691 0.5000000000
111019  -6.840  -54.864  7.448 0.6999999881
7258  -11.536  -60.883  9.200 0.6000000238
11356  -6.689  -53.770  6.477 0.6000000238
6057  -9.235  -62.576  10.744 0.6000000238
6687  -10.554  -61.919  9.907 0.6000000238
7249  -9.957  -60.882  10.841 0.6000000238
6045  -9.130  -61.959  11.397 0.6000000238
6631  -8.240  -60.886  13.602 0.6000000238
6613  -8.317  -60.829  15.087 0.6000000238
7211  -10.074  -60.719  15.935 0.6000000238
100021  -9.185  -62.064  16.242 0.6000000238
7826  -11.504  -60.074  16.589 0.6000000238
101777  -11.053  -62.910  16.344 0.6000000238
4386  -12.076  -64.897  7.469 0.6000000238
4394  -11.598  -65.138  6.895 0.6000000238
4402  -11.053  -65.270  6.257 0.6000000238
5981  -11.708  -62.489  16.242 0.5000000000
5999  -12.526  -62.999  14.652 0.5000000000
4869  -12.323  -63.785  13.007 0.5000000000
4955  -10.838  -64.033  4.302 0.6000000238
4929  -13.140  -64.211  8.313 0.4000000060
4938  -12.615  -64.555  7.279 0.6000000238
4948  -12.246  -64.644  6.744 0.6000000238
9907  -11.864  -56.857  2.961 0.6000000238
10642  -12.022  -55.958  3.061 0.5000000000
9915  -13.400  -56.626  3.092 0.6000000238
10653  -14.704  -56.081  3.426 0.5000000000
9895  -10.503  -57.072  4.368 0.6000000238
11383  -11.474  -54.582  4.138 0.6000000238
9241  -12.235  -57.723  3.003 0.5000000000
117148  -14.336  -57.028  3.808 0.5000000000
104197  -14.023  -57.318  5.212 0.5000000000
10625  -10.475  -55.213  5.083 0.5000000000
10641  -11.315  -55.743  3.543 0.6000000238
11358  -10.441  -54.554  6.005 0.5000000000
9224  -13.565  -57.690  5.946 0.6000000238
12100  -7.637  -53.655  7.604 0.6999999881
102384  -9.038  -54.275  7.666 0.6000000238
7895  -11.263  -59.835  9.416 0.5000000000
12123  -6.610  -53.323  5.771 0.5000000000
12849  -7.269  -52.923  7.018 0.6999999881
7257  -10.861  -60.448  9.890 0.5000000000
7244  -9.707  -60.270  11.237 0.5000000000
6651  -8.842  -61.479  12.007 0.6000000238
110845  -9.124  -59.908  14.487 0.6000000238
6614  -9.094  -60.561  15.162 0.5000000000
114962  -10.087  -59.326  15.580 0.6000000238
7219  -9.729  -59.997  15.386 0.6000000238
6594  -12.714  -61.107  16.168 0.5000000000
5495  -13.862  -63.637  8.634 0.5000000000
5511  -13.702  -63.917  7.800 0.5000000000
5538  -13.277  -63.794  5.876 0.6000000238
5537  -12.517  -63.463  4.911 0.6000000238
109709  -13.189  -54.756  3.708 0.6000000238
11394  -13.874  -55.340  3.457 0.6000000238
117898  -12.138  -53.954  4.446 0.6000000238
9898  -15.710  -56.664  4.089 0.5000000000
11371  -11.009  -54.247  4.676 0.6000000238
12113  -10.734  -53.677  6.372 0.6999999881
9887  -13.779  -56.783  6.365 0.6000000238
12102  -9.564  -53.248  7.576 0.6000000238
11344  -9.987  -54.008  6.983 0.6000000238
9215  -13.268  -57.171  7.118 0.6000000238
12850  -7.492  -51.795  6.467 0.6000000238
104234  -8.077  -52.529  7.286 0.6000000238
8572  -12.442  -58.810  8.142 0.5000000000
7250  -10.227  -60.225  10.566 0.5000000000
12878  -5.527  -52.238  5.352 0.5000000000
12867  -6.946  -52.255  6.154 0.6000000238
103644  -9.236  -60.330  11.941 0.5000000000
7859  -8.986  -58.837  13.338 0.6000000238
100388  -8.942  -59.726  13.477 0.5000000000
109365  -9.996  -58.548  15.405 0.5000000000
102234  -10.637  -58.914  15.964 0.5000000000
118070  -14.511  -63.337  6.668 0.6000000238
5539  -14.156  -63.365  5.868 0.6000000238
12136  -13.505  -53.344  4.591 0.6000000238
11386  -14.938  -54.488  3.813 0.5000000000
10654  -15.346  -55.551  3.569 0.5000000000
12125  -12.588  -53.128  4.884 0.6999999881
99778  -16.473  -56.252  3.874 0.5000000000
12868  -11.117  -52.961  6.784 0.6999999881
11372  -11.610  -53.624  4.948 0.6000000238
10627  -16.400  -56.443  4.589 0.5000000000
12103  -10.396  -53.319  7.134 0.6000000238
9897  -15.487  -56.566  5.037 0.5000000000
9881  -13.448  -56.293  7.121 0.6000000238
13674  -9.153  -51.131  7.399 0.6999999881
119458  -12.799  -57.099  7.920 0.6000000238
13673  -8.278  -51.022  6.718 0.6000000238
9204  -12.187  -57.510  8.406 0.6000000238
13688  -5.514  -50.461  5.980 0.6999999881
111203  -6.867  -51.371  5.995 0.6999999881
116400  -10.949  -58.973  9.537 0.5000000000
106460  -11.729  -58.214  8.782 0.5000000000
12866  -6.117  -51.545  5.722 0.6000000238
8545  -9.894  -58.563  10.701 0.5000000000
13687  -4.576  -50.228  6.134 0.5000000000
9193  -9.558  -57.909  11.168 0.6000000238
7876  -9.445  -59.627  11.631 0.5000000000
13696  -3.172  -51.105  4.998 0.6000000238
8513  -9.075  -58.358  12.569 0.5000000000
103590  -9.434  -58.413  14.685 0.6000000238
9118  -10.638  -57.108  15.474 0.5000000000
12889  -14.010  -52.693  4.894 0.6999999881
12138  -15.453  -53.773  4.190 0.5000000000
12139  -16.597  -54.207  4.018 0.5000000000
12870  -12.749  -52.205  6.225 0.8000000119
12881  -13.665  -52.230  5.509 0.6999999881
112856  -16.676  -55.568  3.732 0.5000000000
10628  -17.165  -56.210  4.337 0.5000000000
13676  -10.948  -51.728  7.889 0.6999999881
12854  -11.454  -52.255  7.261 0.6999999881
12880  -12.264  -52.852  5.647 0.8000000119
12853  -10.475  -52.536  7.542 0.6999999881
10617  -17.721  -55.871  5.983 0.5000000000
14534  -9.545  -50.440  7.782 0.6999999881
13675  -10.027  -51.575  7.920 0.6999999881
10614  -14.997  -55.842  6.255 0.6000000238
10615  -16.028  -55.992  5.781 0.5000000000
108147  -7.033  -49.262  6.582 0.6000000238
104733  -7.933  -49.753  6.458 0.6000000238
9871  -12.411  -56.390  8.407 0.6000000238
14543  -6.152  -49.718  6.269 0.6999999881
13690  -7.222  -50.440  6.069 0.6999999881
9199  -10.630  -57.482  9.828 0.6000000238
102671  -11.692  -56.634  8.991 0.6000000238
14542  -5.030  -49.491  6.532 0.6000000238
9855  -10.225  -56.642  10.474 0.6000000238
9181  -9.185  -57.595  11.947 0.6000000238
13671  -1.781  -51.424  5.912 0.6000000238
9144  -9.078  -57.208  13.501 0.6000000238
9127  -9.487  -56.848  14.321 0.5000000000
13692  -14.186  -51.450  6.354 0.6000000238
13699  -14.771  -51.761  5.763 0.5000000000
12883  -15.339  -52.200  5.198 0.5000000000
11389  -18.254  -55.122  4.162 0.5000000000
13677  -11.811  -51.576  7.657 0.8000000119
119470  -18.206  -55.942  5.331 0.5000000000
13659  -10.422  -50.887  8.223 0.6999999881
10599  -14.590  -55.196  7.197 0.6000000238
11292  -4.191  -55.418  10.965 0.6000000238
14533  -8.729  -49.843  7.060 0.8000000119
11280  -4.615  -54.346  11.294 0.6000000238
15396  -6.976  -48.879  7.548 0.6999999881
15389  -7.877  -49.065  7.973 0.8000000119
109375  -13.423  -55.662  7.564 0.6000000238
11327  -3.744  -54.515  9.339 0.6000000238
14530  -4.520  -49.340  7.383 0.6000000238
9863  -10.988  -56.645  9.652 0.6000000238
10566  -10.405  -55.683  10.958 0.6000000238
13640  -2.793  -51.316  8.568 0.6000000238
13657  -2.721  -50.433  7.655 0.6000000238
14512  -3.521  -49.779  7.566 0.6000000238
9846  -9.750  -56.227  11.386 0.6000000238
10556  -9.977  -55.409  11.907 0.6000000238
13672  -2.822  -49.991  6.776 0.5000000000
10535  -9.823  -55.586  13.540 0.5000000000
10524  -10.569  -55.583  14.819 0.5000000000
11261  -10.730  -54.838  14.261 0.5000000000
13693  -15.136  -51.432  6.263 0.5000000000
104167  -16.182  -51.826  5.742 0.5000000000
118118  -13.162  -51.168  7.181 0.6000000238
112620  -14.006  -51.114  7.040 0.5000000000
13660  -11.301  -51.048  8.271 0.8000000119
13661  -12.168  -50.994  8.115 0.6999999881
14519  -10.713  -50.343  8.707 0.8000000119
14517  -9.123  -49.628  7.870 0.8000000119
10600  -15.595  -55.231  7.008 0.6000000238
10603  -18.263  -55.696  6.686 0.5000000000
11269  -3.971  -54.652  12.719 0.6000000238
15390  -8.684  -49.298  8.437 0.8000000119
11348  -16.513  -54.953  7.687 0.5000000000
12072  -4.878  -53.471  11.282 0.6999999881
11279  -4.235  -55.145  11.976 0.6000000238
15372  -7.108  -49.154  8.703 0.8000000119
11328  -13.340  -54.723  8.450 0.6000000238
11345  -13.781  -54.729  8.041 0.6000000238
11347  -15.577  -54.714  7.855 0.6000000238
12087  -4.643  -53.531  10.489 0.6000000238
114234  -11.427  -55.389  9.952 0.6000000238
9865  -11.951  -55.953  8.971 0.6000000238
11312  -13.432  -54.224  9.248 0.6000000238
12823  -3.277  -52.397  9.155 0.6000000238
14513  -4.132  -49.670  8.220 0.6000000238
14515  -6.069  -49.076  8.407 0.5000000000
11293  -11.564  -54.574  10.974 0.6000000238
13658  -3.528  -50.453  8.660 0.6000000238
10546  -10.091  -55.166  12.887 0.6000000238
102286  -11.372  -54.394  11.852 0.6000000238
11262  -11.247  -54.243  13.785 0.5000000000
11250  -11.370  -54.351  14.566 0.5000000000
10525  -11.250  -54.809  15.017 0.5000000000
11244  -12.462  -54.361  15.619 0.5000000000
14536  -13.547  -50.803  7.577 0.6000000238
14520  -11.620  -50.458  8.724 0.6999999881
12019  -2.404  -54.182  14.384 0.6000000238
11260  -2.908  -54.583  13.844 0.6000000238
15391  -9.465  -49.572  8.593 0.8000000119
10588  -18.323  -55.438  7.683 0.5000000000
12035  -3.576  -53.966  13.219 0.6000000238
15375  -9.244  -49.610  9.144 0.8000000119
11333  -18.015  -54.931  8.786 0.5000000000
12036  -4.207  -53.802  12.569 0.6999999881
14496  -7.435  -49.844  9.667 0.8000000119
11330  -14.950  -54.387  8.381 0.6000000238
101815  -16.951  -54.621  8.638 0.6000000238
12814  -4.966  -52.708  10.922 0.8000000119
14495  -6.414  -49.718  9.514 0.6999999881
101279  -12.516  -54.491  9.720 0.6000000238
12088  -15.044  -53.784  9.958 0.6000000238
13641  -4.151  -51.010  9.787 0.6999999881
14494  -5.426  -49.837  9.356 0.6000000238
11294  -12.318  -54.265  10.565 0.6000000238
12074  -14.642  -53.629  10.745 0.6000000238
116500  -3.511  -51.472  9.349 0.6000000238
12073  -13.713  -53.713  10.830 0.5000000000
11272  -11.965  -53.926  12.303 0.5000000000
14521  -12.477  -50.361  8.579 0.6000000238
14523  -13.905  -50.189  8.290 0.5000000000
12776  -1.744  -52.999  14.930 0.6000000238
14498  -11.936  -49.923  9.208 0.6999999881
12785  -2.266  -53.144  14.006 0.6000000238
14497  -11.024  -49.967  9.172 0.6999999881
15377  -11.392  -49.709  9.762 0.6000000238
116302  -2.915  -53.574  13.642 0.6000000238
119731  -2.586  -52.736  13.091 0.6000000238
117020  -9.846  -49.662  9.132 0.6000000238
15355  -9.901  -49.880  9.791 0.6999999881
12796  -3.788  -53.184  12.763 0.8000000119
15374  -8.407  -49.729  9.469 0.6999999881
14477  -8.434  -50.493  10.389 0.6000000238
12056  -4.651  -53.656  11.930 0.8000000119
14475  -6.749  -50.369  10.343 0.8000000119
14476  -7.582  -50.534  10.481 0.6999999881
13614  -5.103  -51.864  11.423 0.6999999881
13626  -4.855  -51.581  10.612 0.6999999881
14474  -5.860  -50.371  10.230 0.6000000238
104293  -6.266  -50.665  10.851 0.8000000119
13568  -1.255  -52.223  15.021 0.6000000238
13583  -1.574  -52.315  13.834 0.6000000238
12794  -2.483  -52.182  12.694 0.6999999881
14459  -9.689  -50.824  11.356 0.6000000238
12795  -3.099  -52.958  12.867 0.6999999881
13600  -3.473  -52.386  12.655 0.6999999881
13629  -7.956  -51.147  11.133 0.6999999881
13617  -7.545  -51.478  11.950 0.6000000238
12797  -4.418  -52.954  12.305 0.8000000119
13601  -4.779  -51.981  12.063 0.6000000238
102564  -5.318  -51.194  11.902 0.5000000000
13628  -7.017  -50.862  11.170 0.6999999881
105696  -6.989  -51.453  12.691 0.6999999881
103934  -8.047  -51.772  12.270 0.6000000238
12804  -4.876  -52.841  11.672 0.8000000119
13615  -5.907  -50.837  11.840 0.6000000238
100702  -6.277  -50.820  11.354 0.6000000238
107261  -0.830  -51.396  15.274 0.6000000238
102842  -0.320  -50.652  13.622 0.6000000238
13582  -1.162  -51.648  12.679 0.6999999881
13567  -0.845  -51.481  13.865 0.6000000238
99961  -1.978  -52.200  12.931 0.6999999881
13598  -1.575  -51.469  12.155 0.6999999881
100739  -3.140  -51.372  12.597 0.6000000238
13618  -8.362  -51.598  11.805 0.6000000238
14443  -4.144  -51.638  12.484 0.6000000238
105926  -8.588  -51.820  12.612 0.5000000000
13586  -7.257  -51.678  13.543 0.6000000238
13587  -8.169  -51.802  13.659 0.5000000000
13571  -8.060  -51.440  14.573 0.5000000000
13585  -6.476  -51.249  13.447 0.6000000238
118359  -7.500  -51.597  14.233 0.5000000000
15287  0.083  -49.047  14.907 0.6000000238
15288  -0.142  -49.874  14.217 0.6000000238
14424  -0.374  -50.915  12.559 0.6999999881
14423  0.136  -50.031  13.046 0.6999999881
14440  -0.330  -50.568  11.702 0.6999999881
14441  -1.551  -50.855  11.740 0.6000000238
13599  -2.279  -51.547  12.407 0.5000000000
14425  -2.926  -50.236  13.139 0.6000000238
111323  -3.903  -50.701  13.049 0.6000000238
118687  -4.508  -50.591  13.263 0.6000000238
14426  -4.366  -50.301  13.853 0.6000000238
13584  -5.744  -50.792  13.190 0.6000000238
13569  -5.897  -50.847  14.242 0.5000000000
104555  -5.686  -50.437  14.906 0.5000000000
14414  -6.488  -50.857  15.089 0.5000000000
17651  1.061  -46.527  16.489 0.6999999881
17664  1.204  -46.133  15.486 0.6999999881
18394  0.869  -45.867  15.755 0.6999999881
120420  0.510  -48.590  14.383 0.6000000238
16966  1.459  -46.589  14.191 0.6999999881
18410  1.062  -45.799  14.902 0.6999999881
18412  0.024  -45.366  14.700 0.6999999881
18397  -1.956  -45.828  15.900 0.6000000238
100663  0.428  -48.971  13.705 0.6999999881
16172  0.987  -48.067  13.968 0.6999999881
17684  1.465  -46.218  13.677 0.6999999881
18411  0.780  -45.551  14.511 0.6999999881
101569  0.639  -49.153  12.428 0.6999999881
16190  1.155  -48.143  12.901 0.6999999881
17685  1.193  -45.887  13.041 0.6999999881
116405  -1.143  -50.842  11.526 0.6999999881
15318  -1.760  -49.970  11.728 0.6000000238
14442  -2.259  -50.760  12.191 0.6000000238
15304  -2.945  -49.317  13.656 0.6000000238
16192  -3.137  -48.524  13.692 0.6000000238
15305  -3.620  -49.878  13.857 0.6000000238
15289  -3.633  -49.163  14.235 0.6000000238
14412  -4.353  -49.750  14.386 0.5000000000
16173  -4.457  -49.033  14.527 0.6000000238
116196  -4.847  -48.169  14.078 0.6000000238
14413  -5.081  -50.295  14.401 0.5000000000
15290  -5.176  -49.688  14.901 0.5000000000
120495  -5.192  -48.814  14.660 0.5000000000
18376  0.963  -46.001  16.466 0.6999999881
18395  0.419  -45.626  15.538 0.6999999881
18396  -0.719  -45.694  15.804 0.6000000238
18380  -2.905  -45.684  16.868 0.6000000238
18398  -2.965  -45.704  15.651 0.6000000238
18415  -3.513  -45.391  14.786 0.4000000060
18428  -0.225  -45.038  12.806 0.6000000238
105070  -0.719  -45.152  13.890 0.5000000000
18413  -1.923  -45.584  14.771 0.5000000000
18431  -3.607  -44.988  13.602 0.4000000060
119402  -5.072  -44.594  14.184 0.5000000000
14439  0.180  -50.091  11.982 0.6999999881
16209  1.198  -48.366  11.760 0.8000000119
17002  1.174  -46.765  12.036 0.6999999881
18429  -1.039  -44.843  12.883 0.5000000000
115677  -1.667  -44.673  12.448 0.4000000060
18430  -2.658  -44.636  12.609 0.4000000060
19185  -4.527  -44.743  13.624 0.4000000060
19198  -5.316  -44.094  11.970 0.4000000060
15317  0.604  -49.275  11.379 0.8000000119
16227  0.901  -48.559  10.808 0.8000000119
17003  1.193  -47.746  11.351 0.8000000119
17708  0.453  -46.493  11.318 0.8000000119
18452  -0.521  -45.261  11.188 0.6000000238
18443  -1.912  -44.519  11.402 0.5000000000
18444  -3.016  -44.323  11.314 0.4000000060
19196  -3.704  -44.515  12.351 0.4000000060
14457  0.004  -50.018  11.193 0.6999999881
15335  -1.126  -50.162  11.052 0.8000000119
16228  -1.170  -48.518  10.145 0.6999999881
16229  -1.982  -48.351  11.110 0.5000000000
103687  -2.614  -44.828  10.526 0.5000000000
19208  -3.923  -44.443  11.214 0.4000000060
19209  -4.735  -44.644  11.140 0.4000000060
16210  -1.466  -49.278  10.998 0.6000000238
16191  -2.582  -48.709  13.091 0.5000000000
114836  -2.894  -48.145  13.010 0.5000000000
16977  -3.477  -47.851  13.148 0.6000000238
16193  -3.945  -48.325  13.967 0.6000000238
16978  -4.381  -47.646  13.182 0.6000000238
18377  0.367  -45.739  16.819 0.6000000238
18362  -0.205  -45.641  18.232 0.5000000000
18379  -1.867  -45.803  17.174 0.5000000000
18364  -3.329  -45.120  17.367 0.4000000060
18381  -3.514  -45.313  16.605 0.5000000000
18399  -3.729  -45.390  15.803 0.5000000000
18416  -4.170  -45.126  14.467 0.5000000000
19175  -4.765  -44.744  14.811 0.5000000000
19983  -6.009  -43.853  13.961 0.5000000000
120146  -6.282  -43.224  14.121 0.5000000000
19186  -5.315  -44.273  13.470 0.5000000000
19984  -6.481  -43.368  13.375 0.5000000000
17723  0.257  -47.139  10.495 0.6999999881
17710  -0.981  -45.845  10.487 0.6000000238
115975  -1.929  -46.354  10.353 0.5000000000
112764  -1.127  -44.878  10.993 0.5000000000
19187  -5.964  -43.794  12.859 0.5000000000
19994  -6.469  -43.560  12.410 0.5000000000
15352  -0.235  -49.103  10.240 0.8000000119
17020  -0.642  -47.882  9.879 0.6999999881
17004  -1.481  -47.279  10.127 0.6000000238
115193  -3.173  -45.759  10.172 0.5000000000
18454  -3.493  -44.792  10.389 0.4000000060
18455  -4.895  -45.546  10.358 0.5000000000
19199  -6.113  -44.097  11.391 0.4000000060
20004  -6.889  -43.618  11.348 0.5000000000
16990  -3.122  -47.778  12.100 0.5000000000
17006  -3.456  -47.097  10.589 0.5000000000
17711  -2.565  -46.152  10.344 0.6000000238
17712  -4.115  -45.970  10.148 0.5000000000
18456  -5.845  -46.044  10.164 0.5000000000
16991  -3.924  -47.458  12.053 0.5000000000
17007  -4.477  -47.069  10.767 0.5000000000
17713  -5.115  -46.524  10.394 0.5000000000
116497  -5.666  -47.235  11.875 0.6000000238
19137  -1.962  -44.872  19.156 0.5000000000
18363  -2.963  -45.178  17.850 0.5000000000
19139  -3.199  -44.594  17.797 0.4000000060
19140  -3.552  -44.517  17.058 0.4000000060
19118  -1.614  -44.010  19.826 0.5000000000
19138  -2.817  -44.368  18.476 0.4000000060
19162  -4.055  -44.861  16.278 0.5000000000
19163  -4.544  -44.504  15.749 0.6000000238
19164  -5.007  -44.167  15.364 0.5000000000
19973  -5.749  -43.298  14.675 0.5000000000
19974  -6.003  -42.516  14.326 0.4000000060
20811  -6.618  -42.609  13.726 0.4000000060
21597  -6.853  -41.605  13.464 0.4000000060
19936  -2.486  -43.610  18.210 0.4000000060
19937  -3.225  -43.995  17.688 0.4000000060
19949  -3.425  -43.766  16.615 0.4000000060
19149  -4.104  -44.136  16.332 0.5000000000
19963  -4.584  -43.772  15.695 0.5000000000
20789  -4.395  -42.938  15.096 0.5000000000
19961  -2.610  -43.053  15.433 0.4000000060
20788  -3.130  -42.609  14.790 0.4000000060
20800  -3.601  -42.182  14.413 0.5000000000
20801  -4.509  -42.140  14.389 0.4000000060
20802  -5.382  -42.488  14.591 0.4000000060
21587  -6.124  -41.615  13.932 0.4000000060
22340  -6.310  -40.667  13.723 0.4000000060
20759  -0.828  -43.029  16.931 0.4000000060
19948  -2.064  -43.316  16.472 0.4000000060
20774  -0.049  -42.290  16.225 0.4000000060
21566  -0.372  -42.079  15.565 0.4000000060
20799  -2.707  -41.782  14.276 0.4000000060
21584  -3.521  -41.406  14.136 0.5000000000
21585  -4.265  -41.190  14.088 0.5000000000
21586  -5.181  -41.590  14.161 0.4000000060
21576  -2.718  -40.919  14.311 0.4000000060
22329  -4.358  -39.688  14.728 0.4000000060
22339  -5.158  -39.834  14.447 0.4000000060
102546  -5.493  -40.646  13.978 0.4000000060
21553  0.566  -41.960  16.899 0.4000000060
21554  -0.008  -42.045  16.046 0.3000000119
22326  -1.385  -41.259  14.855 0.3000000119
21575  -1.896  -41.446  14.522 0.4000000060
107941  -0.987  -40.309  17.192 0.4000000060
22299  -0.141  -41.362  16.701 0.3000000119
22315  -1.724  -40.697  15.671 0.3000000119
22302  -3.670  -39.976  16.631 0.5000000000
23058  -4.462  -39.623  15.975 0.4000000060
23069  -5.152  -39.441  15.248 0.4000000060
23081  -5.675  -39.482  14.732 0.4000000060
23083  -7.097  -39.157  14.211 0.3000000119
23040  -3.747  -39.945  17.404 0.5000000000
23041  -4.732  -39.758  17.259 0.5000000000
23059  -5.488  -39.656  16.543 0.4000000060
23070  -6.089  -39.406  15.533 0.4000000060
23071  -6.906  -39.438  16.020 0.3000000119
109335  -2.127  -40.058  17.342 0.4000000060
22301  -2.717  -40.212  16.850 0.5000000000
23809  -2.404  -38.969  17.533 0.4000000060
23811  -4.368  -39.349  17.675 0.5000000000
23812  -5.278  -39.261  17.746 0.4000000060
23043  -6.801  -39.420  17.481 0.4000000060
23044  -7.485  -39.484  16.710 0.3000000119
106451  -3.940  -38.356  17.655 0.3000000119
24601  -4.809  -38.516  17.804 0.3000000119
115491  -5.532  -38.568  17.905 0.3000000119
23038  0.045  -40.546  17.286 0.4000000060
24598  -2.065  -37.517  17.314 0.4000000060
108777  -6.986  -38.658  17.899 0.3000000119
24597  -1.246  -38.048  17.402 0.3000000119
25378  -1.931  -36.462  17.194 0.3000000119
7950  -10.075  -59.808  5.392 0.6000000238
9230  -10.305  -58.172  4.735 0.5000000000
13603  -6.228  -50.942  12.567 0.6000000238
13602  -5.529  -50.835  12.477 0.6000000238
4375  -3.752  -65.403  9.151 0.5000000000
4904  -3.902  -64.513  10.263 0.6000000238
6082  -4.205  -61.446  8.641 0.5000000000
103442  -4.410  -64.659  11.766 0.6999999881
3224  -5.184  -67.537  12.706 0.6999999881
3751  -5.731  -67.031  13.090 0.6999999881
6013  -4.506  -62.054  13.345 0.6999999881
3737  -6.018  -66.201  13.399 0.6999999881
117760  -5.518  -64.749  13.625 0.6999999881
5478  -9.072  -63.525  9.131 0.5000000000
3786  -7.763  -67.144  10.480 0.6999999881
108976  -5.827  -60.628  13.070 0.6999999881
6628  -5.357  -60.792  13.547 0.6999999881
3770  -8.588  -66.671  11.367 0.6999999881
5399  -6.331  -62.949  15.291 0.6999999881
7290  -11.178  -61.050  5.358 0.6000000238
106937  -9.936  -66.860  9.985 0.6999999881
6612  -7.348  -60.869  15.025 0.6000000238
5380  -8.875  -63.505  16.213 0.6000000238
4302  -10.111  -65.260  14.360 0.5000000000
9879  -8.892  -56.779  7.153 0.6999999881
6590  -7.705  -61.384  15.595 0.6000000238
4385  -11.423  -65.443  7.663 0.6000000238
4392  -10.390  -65.849  6.289 0.6000000238
105754  -10.047  -62.205  16.391 0.5000000000
6615  -12.861  -62.310  15.084 0.5000000000
103907  -12.576  -64.611  7.929 0.5000000000
9885  -9.729  -56.483  6.185 0.6000000238
9877  -7.269  -56.279  7.842 0.6999999881
9205  -12.947  -58.007  7.648 0.6000000238
6632  -8.626  -60.940  12.926 0.5000000000
109736  -8.984  -61.328  15.741 0.5000000000
6593  -10.491  -61.479  16.372 0.6000000238
6592  -9.640  -61.387  16.060 0.5000000000
5968  -11.903  -61.551  16.515 0.5000000000
4956  -11.664  -64.044  5.198 0.6000000238
4949  -12.951  -64.276  6.701 0.6000000238
5512  -14.434  -63.389  7.632 0.5000000000
12852  -9.503  -52.212  7.682 0.6000000238
10602  -17.464  -55.436  7.153 0.5000000000
11310  -4.335  -54.518  10.189 0.6000000238
12836  -2.423  -52.355  8.220 0.6000000238
9835  -9.309  -56.312  12.542 0.6000000238
12086  -4.055  -53.499  9.581 0.6000000238
15373  -7.925  -49.233  8.886 0.8000000119
12824  -4.334  -52.387  9.995 0.6000000238
11295  -14.054  -53.802  9.999 0.6000000238
14493  -4.476  -50.122  9.130 0.6000000238
118643  -12.119  -54.084  11.407 0.6000000238
120673  -7.948  -50.182  10.025 0.8000000119
11315  -16.425  -54.229  9.310 0.6000000238
13642  -5.013  -50.668  10.039 0.6999999881
13627  -5.568  -51.010  11.007 0.6000000238
14444  -4.792  -50.934  12.642 0.6000000238
13616  -6.676  -51.048  11.915 0.6999999881
119970  -5.260  -50.703  12.934 0.6000000238
15319  -2.367  -49.569  12.787 0.5000000000
14427  -5.069  -50.571  13.542 0.6000000238
15291  -6.026  -49.987  15.297 0.5000000000
16937  1.189  -46.786  15.692 0.6999999881
16956  0.997  -47.503  15.349 0.6000000238
18426  1.207  -45.726  14.032 0.6999999881
16989  1.427  -47.409  12.362 0.8000000119
18441  -0.127  -45.312  12.024 0.6000000238
102729  -0.436  -45.712  16.653 0.6000000238
111271  -2.900  -45.160  13.826 0.5000000000
107322  -1.935  -45.022  13.579 0.5000000000
19210  -5.492  -44.798  10.785 0.5000000000
18378  -1.153  -45.721  17.955 0.5000000000
17005  -2.581  -47.505  10.827 0.6000000238
17008  -5.395  -47.111  10.915 0.5000000000
19119  -2.283  -43.734  19.267 0.5000000000
20790  -5.143  -42.863  14.953 0.5000000000
19962  -3.874  -43.418  15.772 0.6000000238
20758  -0.101  -42.418  17.355 0.4000000060
20776  -1.450  -42.651  15.164 0.4000000060
22314  -0.698  -41.524  15.565 0.3000000119
20786  -0.996  -41.981  14.865 0.4000000060
22328  -3.644  -40.417  14.347 0.5000000000
22338  -4.639  -40.493  14.131 0.4000000060
108231  -2.874  -40.251  14.609 0.4000000060
22317  -3.546  -39.793  15.141 0.4000000060
112526  -5.906  -39.937  14.190 0.4000000060
23082  -6.341  -39.404  14.563 0.4000000060
22300  -1.378  -40.644  16.633 0.3000000119
22316  -2.711  -40.130  15.504 0.4000000060
23042  -5.844  -39.585  17.408 0.4000000060
23060  -6.467  -39.606  16.709 0.4000000060
23039  -3.017  -39.831  17.426 0.5000000000
23810  -3.469  -39.226  17.657 0.4000000060
23813  -6.107  -39.019  17.844 0.4000000060
24599  -3.044  -38.061  17.453 0.4000000060
108549  -2.764  -36.838  17.141 0.3000000119
2884  -8.351  -67.828  2.395 0.5000000000
3309  -9.587  -67.695  2.386 0.5000000000
2882  -10.793  -68.117  3.200 0.5000000000
3310  -10.263  -67.526  2.521 0.5000000000
106765  -11.694  -67.817  3.498 0.5000000000
119250  -11.237  -66.614  2.563 0.5000000000
108235  -12.562  -67.426  3.671 0.6000000238
3308  -8.252  -67.007  2.244 0.5000000000
3880  -8.826  -66.532  2.032 0.5000000000
3882  -10.080  -65.992  1.902 0.5000000000
3876  -10.964  -65.833  2.180 0.5000000000
3305  -13.313  -67.022  3.770 0.6000000238
3312  -11.907  -66.191  2.715 0.6000000238
3304  -12.678  -66.643  3.300 0.6000000238
3307  -7.255  -67.504  2.697 0.4000000060
2861  -4.840  -68.015  6.281 0.4000000060
2868  -4.873  -67.864  5.204 0.4000000060
2870  -5.126  -68.139  4.147 0.5000000000
102919  -5.774  -67.607  3.893 0.5000000000
3300  -5.702  -68.309  3.340 0.5000000000
3301  -6.216  -67.609  3.337 0.5000000000
3856  -6.917  -66.743  4.343 0.5000000000
2874  -6.451  -67.898  2.931 0.5000000000
3302  -7.589  -66.867  2.817 0.5000000000
100875  -14.044  -66.672  3.819 0.6000000238
3306  -15.096  -66.641  4.258 0.6000000238
3874  -8.286  -66.461  2.505 0.5000000000
4427  -8.970  -65.908  2.253 0.5000000000
4418  -9.256  -65.184  2.968 0.5000000000
110455  -14.319  -66.095  3.313 0.6000000238
4433  -9.749  -65.561  2.237 0.5000000000
4429  -11.909  -65.277  2.306 0.6000000238
3877  -12.750  -65.824  2.867 0.6000000238
4419  -15.118  -65.946  3.270 0.6000000238
4980  -13.524  -64.690  2.144 0.6000000238
4431  -15.340  -65.277  2.767 0.6000000238
4432  -16.142  -65.254  2.992 0.6999999881
4981  -14.603  -64.514  2.146 0.6000000238
4982  -15.686  -64.422  2.284 0.6999999881
3259  -5.615  -68.057  8.389 0.6000000238
3270  -5.701  -67.402  7.666 0.6000000238
104057  -6.549  -66.723  7.930 0.6000000238
3277  -5.496  -67.462  6.771 0.5000000000
120491  -5.340  -67.509  5.969 0.5000000000
3833  -6.742  -66.768  6.323 0.6000000238
3293  -6.050  -67.143  4.545 0.5000000000
3285  -6.404  -66.932  5.382 0.5000000000
3845  -7.293  -66.691  5.495 0.5000000000
3865  -7.222  -66.764  3.344 0.5000000000
110411  -7.842  -66.445  4.708 0.5000000000
3866  -8.004  -66.337  2.970 0.5000000000
3296  -15.857  -66.391  4.350 0.6999999881
3858  -16.562  -66.163  4.471 0.8000000119
4976  -9.924  -65.012  2.760 0.5000000000
4977  -10.661  -64.587  2.757 0.5000000000
4978  -11.277  -64.212  2.524 0.6000000238
4420  -15.874  -65.757  3.385 0.6999999881
4412  -17.066  -65.755  3.954 0.6999999881
4430  -12.852  -65.156  2.375 0.6000000238
4983  -16.609  -64.891  2.789 0.6999999881
102970  -13.761  -63.625  1.863 0.6000000238
5567  -15.709  -63.215  1.920 0.6999999881
5568  -16.540  -64.012  2.309 0.6999999881
4985  -18.005  -64.157  2.950 0.6000000238
2846  -5.939  -68.935  9.093 0.5000000000
3260  -5.993  -67.123  8.527 0.6000000238
3821  -7.130  -66.672  7.200 0.6000000238
3846  -8.285  -66.657  5.727 0.6000000238
119903  -8.329  -66.051  4.051 0.5000000000
4411  -9.643  -65.105  4.223 0.6000000238
3848  -16.606  -66.311  5.124 0.6999999881
4410  -9.346  -64.984  3.385 0.5000000000
103892  -10.038  -64.473  3.736 0.5000000000
3859  -17.139  -65.919  4.638 0.5000000000
4396  -17.497  -65.475  5.492 0.6000000238
4965  -9.988  -64.586  3.152 0.6000000238
5563  -11.554  -63.534  2.680 0.5000000000
4413  -17.600  -65.451  4.239 0.6000000238
5564  -12.207  -63.104  2.399 0.5000000000
4421  -17.142  -65.282  3.321 0.6999999881
4422  -17.574  -65.324  3.784 0.6000000238
116527  -13.002  -62.819  2.220 0.5000000000
4970  -17.807  -64.872  3.394 0.6000000238
5556  -19.189  -63.656  3.781 0.6000000238
118266  -14.398  -62.483  2.076 0.5000000000
104176  -15.709  -62.126  2.196 0.6000000238
110859  -17.932  -63.363  2.688 0.5000000000
6762  -17.429  -61.685  2.554 0.5000000000
6159  -19.915  -62.316  3.252 0.5000000000
2836  -6.809  -69.053  10.098 0.6000000238
2847  -6.091  -67.935  9.297 0.6000000238
2410  -6.830  -69.997  10.489 0.4000000060
4401  -10.268  -64.857  4.780 0.5000000000
4403  -17.589  -65.542  4.820 0.6000000238
5545  -11.103  -63.456  3.552 0.5000000000
4414  -18.123  -64.928  4.457 0.5000000000
6167  -12.448  -62.504  2.816 0.5000000000
4423  -18.081  -64.923  3.936 0.5000000000
4966  -18.838  -64.188  4.236 0.5000000000
4959  -18.792  -64.292  4.836 0.5000000000
6155  -13.528  -61.962  3.340 0.5000000000
5555  -18.481  -64.310  3.561 0.5000000000
6157  -14.946  -61.530  2.911 0.6000000238
6751  -15.616  -61.202  3.553 0.6000000238
101853  -19.388  -63.082  3.416 0.5000000000
5557  -19.935  -63.124  3.858 0.6000000238
113523  -16.472  -60.832  3.187 0.6000000238
6753  -17.617  -60.834  2.828 0.5000000000
2815  -6.269  -69.284  12.226 0.4000000060
5536  -11.596  -63.371  4.201 0.5000000000
4960  -19.747  -63.776  4.916 0.5000000000
5546  -12.175  -62.771  3.898 0.5000000000
6140  -13.588  -62.401  4.135 0.5000000000
5550  -20.440  -63.122  4.527 0.5000000000
5541  -20.495  -63.418  5.477 0.5000000000
5532  -21.128  -63.573  6.498 0.5000000000
5517  -21.213  -63.974  7.092 0.5000000000
5503  -22.730  -63.124  9.058 0.5000000000
6142  -15.065  -61.786  4.228 0.6000000238
6743  -16.060  -60.915  4.135 0.6000000238
6144  -21.049  -62.644  4.657 0.5000000000
104779  -16.230  -60.808  3.608 0.6000000238
113866  -22.210  -61.819  4.831 0.5000000000
113494  -17.803  -59.476  4.374 0.5000000000
7966  -19.963  -59.083  3.997 0.5000000000
6115  -15.084  -62.898  6.971 0.5000000000
5551  -20.796  -63.129  5.178 0.5000000000
109172  -21.006  -63.239  5.844 0.5000000000
5533  -21.420  -63.480  6.716 0.5000000000
5518  -21.630  -63.699  7.303 0.5000000000
105925  -14.962  -62.946  5.968 0.5000000000
6116  -15.602  -62.404  6.305 0.6000000238
6129  -21.322  -62.759  5.342 0.5000000000
6117  -21.501  -62.912  6.077 0.5000000000
6088  -22.343  -62.971  7.885 0.5000000000
5484  -23.455  -63.749  9.749 0.5000000000
7297  -16.551  -60.420  4.312 0.5000000000
6130  -21.930  -62.258  5.308 0.5000000000
6737  -22.715  -61.383  5.004 0.5000000000
6104  -15.598  -62.146  7.346 0.5000000000
6700  -23.970  -61.472  7.840 0.5000000000
6105  -22.892  -62.043  7.360 0.5000000000
6089  -23.253  -62.234  8.557 0.5000000000
5486  -25.597  -63.219  9.766 0.4000000060
6090  -24.514  -61.982  8.811 0.4000000060
7289  -7.656  -61.172  5.788 0.4000000060
10544  -3.571  -55.545  12.591 0.5000000000
12005  -1.867  -53.794  14.937 0.5000000000
11259  -2.162  -54.927  14.151 0.5000000000
11992  -1.217  -52.913  15.663 0.5000000000
116965  -1.447  -53.482  15.421 0.5000000000
10534  -2.593  -55.348  13.584 0.5000000000
16938  0.796  -47.500  16.210 0.5000000000
17635  1.008  -46.563  17.421 0.5000000000
18361  0.809  -45.871  17.370 0.5000000000
5548  -13.536  -63.131  5.007 0.5000000000
3867  -13.512  -66.326  3.358 0.6000000238
4434  -10.474  -65.398  2.188 0.6000000238
3879  -14.447  -65.393  2.710 0.6000000238
101426  -12.795  -63.741  1.959 0.6000000238
3271  -6.167  -66.867  7.134 0.6000000238
5552  -10.578  -64.106  2.992 0.5000000000
5566  -14.725  -63.342  1.852 0.6000000238
6170  -16.524  -62.886  2.140 0.6000000238
5554  -11.579  -62.964  3.408 0.5000000000
6168  -13.226  -62.165  2.743 0.5000000000
113400  -15.712  -61.403  2.705 0.6000000238
6158  -16.486  -61.746  2.418 0.6000000238
6172  -18.144  -62.582  2.682 0.5000000000
6143  -20.571  -62.494  3.956 0.5000000000
116189  -20.315  -63.441  4.908 0.5000000000
7307  -17.884  -60.050  3.368 0.5000000000
6127  -14.490  -62.614  4.895 0.5000000000
6736  -16.343  -61.039  4.892 0.5000000000
6128  -15.428  -62.299  5.260 0.5000000000
104481  -22.001  -62.787  6.748 0.5000000000
6726  -22.300  -62.096  5.839 0.5000000000
6118  -22.769  -61.869  6.406 0.5000000000
6074  -23.929  -62.803  9.452 0.5000000000
6075  -25.243  -62.789  9.370 0.4000000060
4931  -17.343  -63.821  8.055 0.5000000000
5513  -18.056  -63.346  7.463 0.6000000238
111093  -18.743  -63.392  6.811 0.6000000238
4941  -17.532  -64.141  7.090 0.6000000238
4387  -16.752  -65.527  7.380 0.4000000060
5515  -19.593  -63.466  6.801 0.4000000060
5529  -19.234  -63.587  6.069 0.4000000060
5528  -18.233  -63.799  6.481 0.6000000238
4950  -18.549  -64.158  5.567 0.5000000000
5540  -19.345  -63.856  5.322 0.4000000060
4395  -17.054  -65.691  6.307 0.5000000000
4958  -18.074  -64.945  5.122 0.5000000000
3288  -15.932  -66.656  5.720 0.6000000238
3287  -15.157  -66.991  5.594 0.6000000238
3286  -15.210  -66.833  4.847 0.6000000238
3295  -14.423  -67.149  4.719 0.6000000238
3294  -14.325  -66.897  4.248 0.5000000000
111352  -13.613  -67.267  4.206 0.5000000000
115134  -13.040  -67.604  4.063 0.4000000060
2875  -12.368  -68.130  4.051 0.5000000000
5466  -24.666  -63.787  10.222 0.3000000119
2881  -9.978  -68.320  2.823 0.4000000060
11316  -17.352  -54.444  9.485 0.4000000060
11298  -17.648  -54.304  10.305 0.4000000060
120399  -16.421  -53.809  10.542 0.5000000000
16195  -6.224  -48.082  14.559 0.5000000000
16194  -5.668  -48.118  14.280 0.5000000000
16968  -6.668  -47.601  14.313 0.5000000000
16979  -6.256  -47.583  13.616 0.4000000060
17009  -6.198  -47.162  11.123 0.4000000060
17675  -7.938  -46.093  15.005 0.4000000060
17714  -6.006  -46.859  10.407 0.4000000060
17716  -7.593  -46.861  10.743 0.4000000060
17698  -6.935  -47.099  11.537 0.4000000060
107865  -6.589  -46.546  10.062 0.4000000060
18469  -7.460  -46.481  9.778 0.4000000060
104015  -8.342  -46.373  12.495 0.4000000060
18457  -6.759  -45.852  9.921 0.4000000060
18470  -8.532  -46.120  9.276 0.4000000060
18446  -9.540  -45.374  12.324 0.4000000060
100968  -6.170  -45.090  10.423 0.4000000060
19221  -7.754  -45.425  9.433 0.4000000060
19211  -6.802  -44.757  10.308 0.4000000060
19212  -7.391  -44.293  10.067 0.4000000060
20812  -7.160  -42.489  12.958 0.3000000119
19995  -6.877  -43.171  12.669 0.4000000060
23092  -6.651  -39.853  13.838 0.3000000119
22346  -7.106  -40.615  13.333 0.3000000119
20819  -7.745  -42.180  12.171 0.3000000119
21598  -7.498  -41.473  12.834 0.3000000119
117191  -7.684  -46.548  14.376 0.4000000060
17686  -7.675  -46.688  13.336 0.4000000060
16980  -6.967  -47.165  13.006 0.4000000060
17699  -7.665  -46.847  12.018 0.4000000060
17700  -8.358  -46.599  11.133 0.4000000060
105732  -9.130  -45.309  13.777 0.4000000060
18445  -9.063  -46.074  11.599 0.4000000060
18458  -9.006  -46.270  10.117 0.4000000060
17717  -8.220  -46.568  10.065 0.4000000060
107486  -22.521  -64.090  14.461 0.3000000119
4858  -21.738  -64.316  14.066 0.3000000119
5401  -20.690  -63.379  13.935 0.4000000060
5423  -20.921  -64.120  13.710 0.3000000119
6018  -19.259  -62.185  13.202 0.3000000119
5422  -20.447  -63.725  13.445 0.3000000119
5436  -20.381  -64.078  12.750 0.4000000060
6654  -17.920  -61.632  12.745 0.3000000119
6036  -19.523  -62.316  12.484 0.3000000119
5435  -20.172  -63.244  12.224 0.3000000119
6667  -17.954  -61.716  12.002 0.3000000119
111090  -18.871  -61.822  11.705 0.3000000119
5449  -19.858  -62.417  11.525 0.3000000119
6034  -17.348  -62.024  11.707 0.3000000119
6048  -18.135  -61.828  10.987 0.3000000119
6061  -18.722  -62.017  10.266 0.3000000119
5447  -16.766  -62.778  11.607 0.3000000119
5448  -17.398  -62.456  10.787 0.3000000119
6060  -17.946  -62.226  10.076 0.3000000119
4334  -16.065  -64.990  12.496 0.3000000119
111571  -16.551  -63.793  11.328 0.3000000119
104807  -16.893  -63.240  10.664 0.3000000119
5462  -16.838  -63.845  9.969 0.3000000119
5463  -17.390  -62.931  9.765 0.3000000119
113040  -16.388  -64.706  11.127 0.4000000060
4873  -21.216  -64.844  13.427 0.3000000119
6020  -20.079  -62.889  13.807 0.4000000060
4887  -20.536  -65.009  12.196 0.4000000060
6636  -18.512  -61.755  13.405 0.3000000119
111169  -20.392  -64.368  11.779 0.4000000060
6033  -16.754  -62.142  12.433 0.3000000119
6063  -20.071  -62.654  10.632 0.4000000060
6062  -19.561  -62.411  10.045 0.4000000060
5434  -16.308  -62.896  12.505 0.3000000119
6073  -18.766  -62.269  9.539 0.4000000060
4333  -15.860  -65.740  12.769 0.3000000119
4871  -16.083  -64.012  12.762 0.4000000060
5497  -17.791  -63.048  8.622 0.4000000060
4918  -17.133  -63.756  9.063 0.3000000119
4317  -15.550  -65.921  13.697 0.3000000119
4874  -21.968  -65.090  13.713 0.3000000119
115043  -22.790  -65.880  13.494 0.3000000119
103942  -23.274  -65.620  14.393 0.3000000119
4318  -21.709  -65.544  13.063 0.3000000119
4336  -21.468  -65.867  12.345 0.3000000119
99665  -18.716  -61.415  14.550 0.4000000060
4335  -20.929  -65.767  11.640 0.3000000119
6635  -17.560  -61.570  13.322 0.3000000119
119212  -18.829  -61.816  14.020 0.4000000060
5450  -20.421  -64.531  10.819 0.4000000060
4909  -20.703  -65.277  10.368 0.3000000119
120604  -20.362  -63.469  10.463 0.4000000060
5465  -20.557  -64.345  9.930 0.4000000060
120035  -15.714  -62.751  14.186 0.3000000119
5464  -20.227  -63.134  9.842 0.4000000060
5482  -20.526  -63.988  9.017 0.4000000060
5420  -15.882  -63.044  13.427 0.3000000119
4857  -15.358  -64.197  14.763 0.3000000119
5499  -19.367  -63.011  8.106 0.4000000060
106159  -20.233  -63.702  8.179 0.5000000000
5419  -15.574  -63.428  14.220 0.3000000119
5498  -18.481  -62.920  8.044 0.4000000060
5514  -18.958  -63.122  7.384 0.5000000000
3207  -15.789  -67.312  14.337 0.3000000119
4319  -23.434  -66.855  13.432 0.3000000119
4304  -23.590  -66.671  14.089 0.3000000119
101927  -17.858  -61.322  14.794 0.4000000060
4347  -20.873  -65.766  10.700 0.4000000060
4920  -21.169  -65.005  9.234 0.4000000060
6617  -16.526  -61.699  14.244 0.4000000060
4932  -20.856  -64.549  8.370 0.5000000000
4942  -21.043  -64.320  7.607 0.4000000060
6001  -15.936  -62.242  14.620 0.3000000119
5500  -20.679  -64.101  7.559 0.4000000060
5385  -15.511  -63.908  15.630 0.3000000119
106894  -20.244  -63.597  6.401 0.4000000060
5516  -20.891  -63.898  6.919 0.4000000060
4303  -15.344  -65.240  15.019 0.3000000119
113449  -15.415  -65.784  14.530 0.3000000119
3196  -16.263  -67.231  15.069 0.3000000119
3758  -21.908  -66.313  11.720 0.3000000119
3774  -21.594  -66.155  10.995 0.3000000119
4357  -21.001  -65.549  10.072 0.3000000119
6596  -16.518  -61.844  15.221 0.4000000060
5501  -21.317  -64.305  7.740 0.4000000060
5386  -15.785  -63.162  15.894 0.4000000060
4827  -17.007  -64.622  16.989 0.3000000119
5366  -15.847  -63.828  16.269 0.3000000119
4282  -16.365  -65.009  16.417 0.3000000119
3704  -16.578  -65.827  16.032 0.3000000119
3197  -17.302  -67.308  15.211 0.3000000119
104827  -16.877  -66.641  15.649 0.3000000119
4358  -21.370  -65.857  10.467 0.3000000119
4370  -21.635  -65.575  10.138 0.4000000060
4934  -21.490  -64.591  8.657 0.4000000060
4267  -17.674  -65.119  17.343 0.3000000119
4268  -18.348  -65.693  17.647 0.3000000119
4283  -17.196  -65.382  16.649 0.3000000119
4284  -18.055  -65.748  16.880 0.3000000119
3705  -17.533  -66.096  16.234 0.3000000119
4256  -18.603  -65.774  18.505 0.3000000119
3677  -19.232  -66.640  18.822 0.3000000119
3688  -18.975  -66.410  17.883 0.3000000119
3707  -19.264  -66.954  17.180 0.3000000119
3706  -18.484  -66.433  16.549 0.3000000119
4911  -23.591  -65.365  10.246 0.3000000119
4922  -23.078  -64.630  9.965 0.4000000060
3168  -19.572  -67.673  19.925 0.3000000119
2749  -19.600  -68.062  19.483 0.3000000119
4901  -24.309  -65.954  11.207 0.3000000119
104971  -24.098  -65.653  10.618 0.3000000119
4912  -24.136  -64.942  10.368 0.3000000119
110198  -24.605  -65.088  11.381 0.3000000119
4902  -24.442  -64.833  10.756 0.3000000119
4913  -24.592  -63.967  10.452 0.3000000119
103327  -5.455  -47.533  13.115 0.5000000000
114178  -7.417  -42.950  11.964 0.5000000000
20005  -7.654  -43.424  10.616 0.4000000060
16993  -6.294  -47.276  12.358 0.4000000060
111695  -16.487  -66.351  5.740 0.6000000238
4388  -17.704  -64.734  6.093 0.5000000000
5530  -20.058  -63.619  5.684 0.4000000060
5502  -21.961  -63.893  8.276 0.4000000060
5483  -22.390  -64.115  9.329 0.4000000060
16175  -6.672  -48.420  15.159 0.5000000000
16969  -7.102  -47.653  15.025 0.4000000060
17687  -8.275  -46.041  13.838 0.4000000060
99869  -16.395  -63.575  12.010 0.3000000119
6002  -19.607  -61.962  14.210 0.4000000060
6087  -18.634  -62.613  8.751 0.4000000060
6619  -18.060  -61.562  14.048 0.4000000060
6618  -17.241  -61.480  14.045 0.3000000119
6634  -16.751  -61.737  13.305 0.3000000119
4919  -20.848  -64.972  9.474 0.4000000060
4839  -15.485  -64.666  15.474 0.3000000119
4933  -21.115  -64.617  8.209 0.4000000060
3719  -15.520  -66.081  15.087 0.3000000119
4921  -22.100  -64.993  9.739 0.4000000060
4812  -16.839  -63.831  17.257 0.3000000119
3721  -17.994  -66.776  15.781 0.3000000119
4360  -23.354  -66.029  10.468 0.3000000119
3175  -19.730  -67.809  18.173 0.3000000119
110664  -13.235  -68.174  4.886 0.5000000000
2442  -13.095  -68.740  5.297 0.5000000000
2869  -14.255  -67.498  5.456 0.5000000000
3280  -15.899  -66.597  6.601 0.4000000060
119832  -15.974  -61.783  6.597 0.4000000060
4940  -17.036  -64.704  7.704 0.5000000000
4930  -16.846  -64.558  8.567 0.3000000119
4369  -16.335  -65.392  9.815 0.3000000119
116383  -16.623  -64.060  10.677 0.3000000119
5367  -16.334  -63.294  16.689 0.3000000119
6580  -17.012  -61.824  16.123 0.3000000119
6003  -20.485  -62.507  14.232 0.3000000119
6581  -17.418  -61.709  16.989 0.3000000119
99717  -17.742  -61.283  16.135 0.3000000119
118338  -18.028  -61.133  15.505 0.3000000119
6599  -19.611  -61.085  14.959 0.3000000119
6600  -20.680  -61.018  15.055 0.3000000119
6598  -18.447  -60.859  15.993 0.3000000119
103378  -18.649  -61.046  15.271 0.3000000119
7214  -20.176  -60.563  15.650 0.3000000119
6621  -21.280  -61.809  14.661 0.3000000119
6005  -22.165  -62.514  14.636 0.3000000119
7200  -18.883  -60.565  16.606 0.3000000119
6601  -21.510  -61.027  15.212 0.3000000119
102644  -11.413  -68.759  3.877 0.3000000119
3827  -16.397  -66.188  7.043 0.5000000000
4377  -16.443  -65.314  8.922 0.3000000119
18432  -8.877  -45.820  12.856 0.3000000119
19222  -9.004  -45.303  8.929 0.3000000119
2441  -12.698  -68.875  4.932 0.4000000060
108897  -13.086  -69.350  5.757 0.4000000060
1605  -16.512  -70.750  9.026 0.4000000060
1615  -15.494  -70.748  7.832 0.4000000060
2436  -14.418  -69.520  7.509 0.4000000060
109482  -13.888  -68.508  7.014 0.4000000060
3279  -14.927  -67.107  6.643 0.4000000060
2435  -13.830  -69.435  6.767 0.4000000060
2862  -13.713  -68.399  6.247 0.4000000060
2863  -14.281  -67.613  6.282 0.4000000060
1212  -17.423  -71.363  11.106 0.3000000119
1995  -16.924  -70.154  9.128 0.4000000060
2429  -15.389  -69.771  8.198 0.4000000060
104802  -13.416  -69.534  6.203 0.4000000060
1616  -16.062  -70.669  8.417 0.4000000060
2004  -14.676  -70.320  7.269 0.4000000060
1596  -16.824  -71.025  9.861 0.3000000119
2001  -16.415  -70.398  8.711 0.4000000060
2005  -15.286  -70.233  7.761 0.4000000060
2428  -14.167  -68.534  7.965 0.4000000060
115037  -14.123  -67.778  7.165 0.4000000060
1597  -17.573  -70.677  10.411 0.3000000119
1606  -17.239  -70.279  9.658 0.3000000119
2430  -16.450  -70.085  8.685 0.3000000119
1996  -17.468  -69.867  9.547 0.3000000119
2848  -14.417  -68.137  8.759 0.3000000119
3826  -15.584  -66.574  7.859 0.3000000119
3814  -16.208  -65.967  8.222 0.3000000119
105492  -16.648  -65.242  8.173 0.3000000119
2855  -14.325  -67.557  7.874 0.3000000119
3272  -14.969  -66.949  7.554 0.3000000119
4221  -10.972  -65.458  21.403 0.3000000119
112496  -11.570  -64.892  21.445 0.3000000119
4246  -18.565  -65.332  19.978 0.3000000119
4736  -13.343  -64.657  23.764 0.3000000119
4193  -13.954  -65.311  23.370 0.3000000119
111621  -15.278  -66.306  23.681 0.3000000119
4195  -15.946  -66.192  23.994 0.3000000119
4197  -17.486  -65.852  23.410 0.3000000119
116503  -18.103  -65.615  22.812 0.3000000119
5303  -18.241  -64.449  21.935 0.3000000119
5309  -18.139  -64.274  21.236 0.3000000119
4182  -14.109  -65.182  24.371 0.3000000119
4183  -15.089  -65.222  24.784 0.3000000119
4184  -15.989  -65.514  24.465 0.3000000119
4732  -16.642  -64.936  24.305 0.3000000119
102954  -17.528  -64.428  23.336 0.3000000119
2420  -14.916  -68.982  8.619 0.3000000119
4222  -12.348  -64.858  21.350 0.3000000119
3621  -15.223  -66.695  23.082 0.3000000119
118632  -13.254  -64.735  21.974 0.3000000119
4759  -12.749  -64.503  21.883 0.3000000119
4208  -14.593  -66.037  22.943 0.3000000119
4194  -14.728  -65.760  23.983 0.3000000119
113823  -15.502  -64.449  25.096 0.3000000119
1222  -16.993  -71.286  10.534 0.3000000119
2000  -15.985  -70.362  8.200 0.4000000060
2008  -13.167  -70.096  6.053 0.4000000060
2399  -7.146  -69.678  11.116 0.6999999881
2421  -16.102  -69.624  8.854 0.3000000119
2422  -17.048  -69.862  9.151 0.3000000119
2438  -13.442  -68.592  5.744 0.4000000060
2443  -5.538  -69.318  3.102 0.5000000000
2849  -15.352  -68.827  9.165 0.3000000119
2867  -4.601  -68.835  4.507 0.5000000000
2871  -13.733  -67.515  4.609 0.5000000000
2872  -13.665  -67.858  5.098 0.6000000238
2873  -6.110  -68.618  2.904 0.5000000000
2876  -13.001  -68.042  4.505 0.4000000060
2883  -7.811  -67.408  2.474 0.4000000060
2885  -8.957  -67.367  2.180 0.5000000000
3171  -19.702  -67.759  19.107 0.3000000119
3195  -15.683  -66.786  14.969 0.3000000119
3278  -5.921  -67.035  6.179 0.5000000000
3284  -5.665  -67.311  5.338 0.4000000060
3292  -5.459  -67.589  4.624 0.5000000000
3297  -15.995  -66.591  4.972 0.6999999881
3303  -11.865  -67.008  3.141 0.6000000238
3311  -11.055  -67.317  2.832 0.5000000000
3313  -9.651  -66.846  2.001 0.5000000000
3667  -19.544  -67.185  19.456 0.3000000119
3678  -19.599  -67.366  18.747 0.3000000119
3689  -19.508  -67.176  18.054 0.3000000119
3720  -15.987  -66.391  15.449 0.3000000119
3730  -15.496  -66.504  14.437 0.3000000119
3739  -9.988  -66.137  13.039 0.6000000238
3740  -10.545  -65.674  13.119 0.5000000000
3750  -4.961  -66.774  12.779 0.6999999881
3753  -8.024  -66.432  12.169 0.6999999881
3755  -9.809  -66.453  12.295 0.6000000238
3759  -22.760  -66.983  11.832 0.3000000119
3767  -4.549  -66.934  12.245 0.6999999881
3769  -7.946  -66.824  11.483 0.6999999881
3771  -9.580  -66.683  11.483 0.6999999881
3789  -10.153  -66.736  10.816 0.6999999881
3797  -3.857  -66.084  9.715 0.5000000000
3801  -10.313  -66.669  9.415 0.6999999881
3810  -7.739  -66.857  8.776 0.6999999881
3811  -8.556  -67.059  8.170 0.6999999881
3823  -9.054  -67.041  7.432 0.6999999881
3824  -9.840  -66.792  7.633 0.6999999881
3838  -16.623  -66.236  6.147 0.6000000238
3849  -17.052  -66.013  5.421 0.6000000238
3857  -7.749  -66.350  3.641 0.5000000000
3864  -6.456  -67.144  3.697 0.5000000000
3868  -14.816  -66.443  3.770 0.6000000238
3869  -15.572  -66.223  3.799 0.6000000238
3870  -16.315  -66.018  3.891 0.6999999881
3875  -10.516  -66.676  2.238 0.5000000000
3878  -13.596  -65.576  2.811 0.6000000238
3881  -9.397  -66.061  1.932 0.5000000000
4196  -16.692  -65.692  23.993 0.3000000119
4207  -13.777  -65.200  22.140 0.3000000119
4291  -15.783  -65.413  15.694 0.3000000119
4310  -5.682  -65.344  13.566 0.6999999881
4312  -7.576  -65.226  14.020 0.6999999881
4315  -10.610  -65.222  13.861 0.5000000000
4316  -11.149  -64.994  13.148 0.5000000000
4337  -22.270  -66.263  12.558 0.3000000119
4344  -11.219  -65.345  11.793 0.4000000060
4353  -4.168  -64.573  11.031 0.6999999881
4361  -23.875  -65.768  10.452 0.3000000119
4365  -3.985  -65.271  9.918 0.5000000000
4367  -11.275  -65.572  9.371 0.6000000238
4368  -11.929  -64.872  9.451 0.4000000060
4376  -11.288  -65.596  8.470 0.6000000238
4409  -8.591  -65.726  3.248 0.5000000000
4417  -8.744  -65.867  2.715 0.5000000000
4428  -9.319  -65.545  2.616 0.5000000000
4435  -11.101  -65.144  2.156 0.6000000238
4436  -11.555  -64.606  2.255 0.6000000238
4737  -17.270  -65.047  23.745 0.3000000119
4745  -12.504  -64.135  22.379 0.3000000119
4746  -13.223  -64.581  22.629 0.3000000119
4747  -17.839  -65.018  23.106 0.3000000119
4748  -18.295  -65.020  22.388 0.3000000119
4760  -18.554  -65.126  21.513 0.3000000119
4771  -18.377  -64.792  20.620 0.3000000119
4825  -15.802  -64.517  16.093 0.3000000119
4826  -16.298  -64.194  16.670 0.3000000119
4854  -9.764  -64.855  15.002 0.6000000238
4856  -11.392  -64.178  14.471 0.5000000000
4859  -22.610  -64.883  14.180 0.3000000119
4867  -4.872  -63.795  13.183 0.6999999881
4872  -20.647  -64.568  13.061 0.4000000060
4886  -15.783  -64.999  13.266 0.4000000060
4888  -20.924  -65.318  12.647 0.3000000119
4889  -24.652  -65.702  12.069 0.3000000119
4895  -3.651  -63.713  10.786 0.6000000238
4899  -16.307  -64.459  11.919 0.3000000119
4900  -20.534  -65.292  11.206 0.4000000060
4908  -16.492  -64.703  10.297 0.3000000119
4910  -22.685  -65.587  10.272 0.3000000119
4917  -16.649  -64.592  9.438 0.3000000119
4923  -24.034  -64.469  10.104 0.3000000119
4928  -12.425  -64.633  8.772 0.4000000060
4939  -13.151  -64.272  7.490 0.5000000000
4947  -11.700  -64.701  6.099 0.6000000238
4957  -12.429  -64.210  5.938 0.6000000238
4979  -11.932  -63.883  2.201 0.6000000238
4984  -17.284  -64.601  2.821 0.6999999881
4987  -10.353  -65.147  2.472 0.5000000000
4988  -10.888  -64.844  2.359 0.6000000238
5296  -17.052  -64.309  23.862 0.3000000119
5378  -6.780  -62.330  15.655 0.6000000238
5379  -7.213  -63.317  15.769 0.6000000238
5383  -11.431  -63.237  15.851 0.5000000000
5398  -5.538  -63.617  14.189 0.6999999881
5400  -11.054  -63.955  15.352 0.5000000000
5402  -21.284  -63.670  14.103 0.3000000119
5403  -21.995  -63.464  14.391 0.3000000119
5421  -19.906  -63.009  13.211 0.3000000119
5444  -3.472  -62.776  11.336 0.6999999881
5458  -7.668  -63.621  10.153 0.6999999881
5475  -6.140  -63.364  9.625 0.6999999881
5477  -8.161  -63.918  9.227 0.6999999881
5481  -19.707  -62.869  9.038 0.4000000060
5485  -24.587  -63.523  9.897 0.5000000000
5492  -6.379  -64.007  8.789 0.6000000238
5493  -7.589  -64.267  8.478 0.6000000238
5508  -5.711  -63.742  8.142 0.6000000238
5525  -6.742  -64.112  6.657 0.6000000238
5527  -13.792  -63.850  6.856 0.6000000238
5531  -20.708  -63.521  6.174 0.4000000060
5544  -10.559  -63.927  3.346 0.5000000000
5547  -12.938  -62.826  4.281 0.5000000000
5549  -19.758  -63.567  4.385 0.5000000000
5553  -11.146  -63.456  3.035 0.5000000000
5562  -11.034  -63.934  2.816 0.5000000000
5565  -13.848  -62.616  2.141 0.5000000000
5569  -17.304  -63.666  2.483 0.6999999881
5570  -18.679  -63.492  3.105 0.5000000000
5959  -16.828  -62.475  16.843 0.3000000119
5967  -11.013  -62.199  16.494 0.6000000238
5978  -8.565  -62.653  16.288 0.6000000238
5979  -9.478  -62.889  16.420 0.5000000000
5980  -10.371  -62.931  16.400 0.6000000238
5982  -12.203  -62.825  15.576 0.5000000000
5983  -15.506  -63.109  14.972 0.3000000119
5984  -15.903  -62.501  15.366 0.4000000060
5998  -6.191  -61.785  15.182 0.6000000238
6000  -13.034  -62.494  14.284 0.5000000000
6004  -21.309  -62.893  14.303 0.3000000119
6014  -5.000  -61.649  13.901 0.6999999881
6015  -12.819  -63.050  13.725 0.5000000000
6017  -16.080  -62.149  13.764 0.3000000119
6019  -19.395  -62.280  13.693 0.3000000119
6027  -6.445  -60.944  12.552 0.6999999881
6030  -8.634  -61.952  11.886 0.6000000238
6035  -18.638  -61.795  12.600 0.3000000119
6041  -3.614  -61.702  11.791 0.6999999881
6044  -8.590  -62.451  11.469 0.6999999881
6054  -6.371  -62.498  10.827 0.6999999881
6055  -7.249  -63.002  10.950 0.6999999881
6066  -2.545  -62.097  9.209 0.6000000238
6069  -9.810  -62.974  9.211 0.5000000000
6072  -17.986  -62.534  9.341 0.4000000060
6083  -5.204  -62.764  8.358 0.6000000238
6084  -9.542  -63.201  8.375 0.6000000238
6099  -5.163  -63.174  7.621 0.6000000238
6100  -8.832  -63.407  7.280 0.6000000238
6101  -9.888  -62.793  7.663 0.6000000238
6102  -10.724  -62.412  7.703 0.6000000238
6103  -15.073  -62.752  7.799 0.5000000000
6110  -4.685  -62.940  6.262 0.5000000000
6113  -8.151  -63.154  6.142 0.6000000238
6139  -12.803  -62.341  3.483 0.5000000000
6141  -14.246  -61.872  3.719 0.5000000000
6145  -21.777  -62.090  4.636 0.5000000000
6154  -11.761  -62.889  2.899 0.5000000000
6156  -14.090  -61.894  2.649 0.5000000000
6169  -14.935  -62.370  2.123 0.5000000000
6171  -17.309  -62.638  2.408 0.6000000238
6579  -11.195  -61.393  16.529 0.6000000238
6582  -18.131  -60.984  16.791 0.3000000119
6591  -8.394  -61.723  16.004 0.6000000238
6595  -13.108  -61.478  15.344 0.5000000000
6597  -17.364  -61.419  15.408 0.3000000119
6602  -22.329  -61.514  15.148 0.3000000119
6610  -5.708  -61.185  14.418 0.6000000238
6611  -6.504  -60.978  14.765 0.6000000238
6620  -20.322  -61.651  14.590 0.3000000119
6627  -4.600  -61.155  13.170 0.6999999881
6630  -7.030  -60.731  14.222 0.6000000238
6647  -4.296  -60.958  12.452 0.6999999881
6649  -7.841  -61.285  13.210 0.6000000238
6650  -8.395  -61.509  12.518 0.6000000238
6653  -17.312  -61.751  12.555 0.3000000119
6661  -3.997  -60.914  11.800 0.6999999881
6662  -4.769  -60.681  11.842 0.6999999881
6664  -9.423  -61.139  11.476 0.5000000000
6672  -3.805  -61.068  11.088 0.6999999881
6675  -5.884  -61.538  11.216 0.6999999881
6676  -9.842  -61.748  10.656 0.6000000238
6677  -10.463  -61.104  10.271 0.5000000000
6683  -3.329  -61.322  9.271 0.5000000000
6686  -9.931  -62.513  9.994 0.6000000238
6688  -11.060  -61.394  9.631 0.6000000238
6694  -2.549  -61.633  8.170 0.5000000000
6695  -3.443  -61.407  8.328 0.5000000000
6697  -11.006  -62.366  8.686 0.6000000238
6698  -11.480  -61.791  8.943 0.6000000238
6722  -3.836  -61.946  6.780 0.5000000000
6723  -10.744  -61.992  6.803 0.6000000238
6724  -11.417  -61.772  6.663 0.6000000238
6742  -15.827  -61.578  4.596 0.5000000000
6752  -16.128  -61.014  2.944 0.6000000238
6763  -18.340  -61.645  2.691 0.5000000000
7197  -10.898  -60.745  16.404 0.6000000238
7198  -11.550  -60.866  16.608 0.6000000238
7213  -19.252  -60.651  15.780 0.3000000119
7228  -8.733  -60.364  13.808 0.5000000000
7238  -8.982  -60.945  12.191 0.6000000238
7272  -8.140  -59.765  6.807 0.5000000000
7274  -12.073  -61.580  7.081 0.5000000000
7292  -16.984  -59.860  4.830 0.5000000000
7298  -18.577  -59.596  3.658 0.5000000000
7306  -16.888  -60.487  3.457 0.6000000238
7832  -10.578  -59.884  16.083 0.6000000238
7833  -11.226  -59.336  16.356 0.5000000000
7844  -9.137  -59.105  14.166 0.6000000238
7845  -9.554  -59.238  14.972 0.6000000238
7871  -9.104  -59.426  12.460 0.5000000000
7877  -9.827  -59.442  10.961 0.5000000000
7884  -10.481  -59.381  10.150 0.5000000000
7906  -12.295  -59.764  8.240 0.5000000000
7919  -8.263  -59.119  7.069 0.5000000000
7920  -8.906  -59.264  6.946 0.6000000238
7921  -12.406  -60.712  7.772 0.5000000000
7934  -12.033  -60.899  5.444 0.6000000238
7951  -10.746  -60.213  4.897 0.6000000238
7952  -11.507  -60.379  4.741 0.5000000000
8479  -10.624  -58.015  15.727 0.5000000000
8493  -9.221  -57.713  14.237 0.6000000238
8494  -9.868  -57.562  15.081 0.5000000000
8504  -9.009  -58.013  13.410 0.6000000238
8528  -9.398  -58.693  11.611 0.5000000000
8558  -10.468  -58.369  10.002 0.6000000238
8559  -11.104  -58.253  9.356 0.5000000000
8571  -11.685  -59.147  8.898 0.5000000000
8583  -7.735  -58.506  7.249 0.6000000238
8584  -8.382  -58.353  7.288 0.6000000238
8585  -13.061  -59.135  7.036 0.6000000238
8594  -13.082  -59.396  5.695 0.6000000238
8595  -13.271  -58.633  5.234 0.6000000238
8605  -10.400  -59.348  4.608 0.6000000238
8608  -12.729  -58.682  4.129 0.6000000238
8616  -10.741  -58.865  3.959 0.5000000000
8618  -12.074  -58.417  3.443 0.6999999881
9128  -10.172  -56.539  14.944 0.5000000000
9162  -9.075  -56.924  12.671 0.6000000238
9182  -9.553  -57.096  11.178 0.6000000238
9194  -9.968  -57.658  10.512 0.6000000238
9200  -11.353  -57.439  9.153 0.6000000238
9213  -8.150  -57.437  7.556 0.6000000238
9222  -9.643  -57.660  6.273 0.6000000238
9239  -10.841  -58.017  3.688 0.6000000238
9240  -11.524  -57.851  3.177 0.6000000238
9242  -12.998  -57.890  3.545 0.5000000000
9252  -12.830  -57.207  2.939 0.6000000238
9803  -9.827  -55.993  14.278 0.5000000000
9822  -9.344  -56.324  13.399 0.5000000000
9845  -9.302  -56.671  11.928 0.6000000238
9856  -10.877  -55.884  10.146 0.6000000238
9864  -11.450  -55.940  9.489 0.6000000238
9878  -7.958  -56.545  7.742 0.6999999881
9880  -13.013  -56.320  7.743 0.6000000238
9884  -6.668  -56.152  6.658 0.6000000238
9888  -14.523  -56.575  5.702 0.6000000238
9896  -13.850  -57.400  4.157 0.5000000000
9906  -11.067  -56.940  3.518 0.6000000238
9908  -13.659  -57.221  3.440 0.5000000000
9909  -14.945  -56.663  3.794 0.5000000000
9914  -12.584  -56.468  2.952 0.6000000238
9916  -14.217  -56.711  3.417 0.5000000000
10511  -11.904  -54.816  15.430 0.5000000000
10536  -10.264  -55.116  13.649 0.5000000000
10545  -9.601  -55.754  12.706 0.6000000238
10555  -9.497  -56.020  12.059 0.6000000238
10557  -10.791  -54.945  11.409 0.6000000238
10567  -11.126  -55.190  10.591 0.6000000238
10568  -11.784  -54.798  10.167 0.6000000238
10577  -11.995  -55.251  9.398 0.6000000238
10586  -12.919  -55.510  8.241 0.6000000238
10587  -13.428  -55.106  7.943 0.6000000238
10594  -6.639  -55.450  7.181 0.6000000238
10595  -6.982  -55.578  7.769 0.6999999881
10596  -7.735  -55.669  7.946 0.6999999881
10597  -8.536  -55.806  7.562 0.6000000238
10598  -13.878  -55.140  7.545 0.6000000238
10601  -16.705  -55.594  6.528 0.5000000000
10613  -14.045  -55.867  6.834 0.6000000238
10616  -17.020  -56.166  5.333 0.5000000000
10618  -18.615  -55.817  5.737 0.5000000000
10626  -10.832  -54.948  4.338 0.5000000000
10629  -17.796  -56.046  4.914 0.5000000000
10630  -18.587  -55.657  4.804 0.5000000000
10640  -10.684  -55.975  4.260 0.6000000238
10643  -15.623  -56.296  3.690 0.5000000000
10644  -17.179  -55.973  3.878 0.5000000000
10645  -17.779  -55.825  4.224 0.5000000000
10651  -12.908  -55.647  3.291 0.5000000000
10652  -13.874  -56.137  3.237 0.6000000238
11249  -1.656  -54.470  14.696 0.5000000000
11251  -11.944  -54.165  15.134 0.5000000000
11268  -3.357  -55.029  13.317 0.5000000000
11270  -10.640  -54.762  12.331 0.6000000238
11271  -11.280  -54.279  12.802 0.5000000000
11281  -17.110  -53.961  10.788 0.4000000060
11296  -15.980  -53.868  9.955 0.5000000000
11297  -16.829  -54.080  10.064 0.4000000060
11311  -12.712  -54.895  8.928 0.6000000238
11313  -14.480  -54.043  9.193 0.6000000238
11314  -15.470  -54.080  9.208 0.6000000238
11317  -18.233  -54.644  9.774 0.4000000060
11329  -14.016  -54.366  8.487 0.6000000238
11331  -15.969  -54.471  8.521 0.6000000238
11332  -17.436  -55.039  8.018 0.5000000000
11342  -7.419  -54.688  7.857 0.6999999881
11343  -8.165  -54.214  7.890 0.6000000238
11346  -14.333  -54.688  7.866 0.6000000238
11370  -10.716  -54.505  4.995 0.6000000238
11384  -12.383  -54.656  3.847 0.6000000238
11385  -13.917  -54.299  3.889 0.5000000000
11387  -15.885  -54.950  3.715 0.5000000000
11388  -17.430  -55.242  3.887 0.5000000000
11395  -14.570  -55.141  3.557 0.6000000238
12037  -12.606  -53.621  12.728 0.5000000000
12055  -4.413  -54.333  12.162 0.6000000238
12058  -12.877  -53.852  11.046 0.5000000000
12075  -15.659  -53.642  10.762 0.5000000000
12101  -8.525  -53.457  7.728 0.6000000238
12112  -6.875  -53.120  6.448 0.6999999881
12114  -11.487  -53.293  5.912 0.6000000238
12124  -10.947  -53.919  5.389 0.6000000238
12126  -13.269  -52.637  5.025 0.6999999881
12135  -12.932  -53.985  4.271 0.6000000238
12137  -14.453  -53.534  4.386 0.5000000000
12847  -1.837  -51.800  7.041 0.6000000238
12848  -2.265  -51.266  7.696 0.6000000238
12851  -8.763  -51.915  7.374 0.6000000238
12865  -2.078  -51.305  4.958 0.6000000238
12869  -11.945  -52.567  6.412 0.6999999881
12871  -13.475  -51.872  6.169 0.6000000238
12879  -6.485  -52.550  5.752 0.5000000000
12882  -14.435  -52.186  5.320 0.5000000000
12890  -14.931  -52.823  4.760 0.6999999881
13570  -6.788  -51.379  14.330 0.5000000000
13597  -0.843  -51.095  11.818 0.6999999881
13604  -7.745  -51.815  12.774 0.6000000238
13605  -9.400  -51.569  12.620 0.5000000000
13613  -0.693  -50.425  11.301 0.6999999881
13619  -9.175  -51.505  11.909 0.6000000238
13678  -12.616  -51.338  7.370 0.8000000119
13679  -13.513  -51.353  6.814 0.6000000238
13686  -2.330  -50.556  5.781 0.6000000238
13689  -6.395  -50.694  5.942 0.6999999881
13691  -12.333  -51.907  6.877 0.8000000119
13698  -14.068  -51.857  5.835 0.5000000000
13700  -15.628  -51.786  5.709 0.5000000000
14411  -0.546  -50.670  14.651 0.6000000238
14458  -8.830  -51.123  11.155 0.6000000238
14514  -5.009  -49.358  8.329 0.6000000238
14516  -8.566  -49.198  7.506 0.8000000119
14518  -9.845  -50.013  8.363 0.8000000119
14522  -13.237  -50.222  8.379 0.5000000000
14531  -5.757  -48.861  7.109 0.6000000238
14532  -7.981  -49.024  6.936 0.6000000238
14535  -12.910  -50.799  7.834 0.6999999881
14541  -3.934  -49.731  6.793 0.6000000238
15333  0.242  -49.278  10.617 0.8000000119
15334  -0.475  -49.701  10.774 0.6999999881
15351  0.269  -48.575  10.151 0.8000000119
15353  -0.795  -49.256  10.430 0.8000000119
15354  -9.081  -50.024  9.821 0.6999999881
15376  -10.182  -49.792  8.905 0.8000000119
16174  -5.889  -48.914  15.033 0.5000000000
16211  -2.072  -48.944  12.151 0.5000000000
16240  -0.407  -48.551  9.976 0.6999999881
16955  1.327  -46.659  14.942 0.6999999881
16967  1.246  -47.350  14.472 0.6999999881
16975  1.482  -47.119  13.467 0.6999999881
16976  -2.542  -48.241  12.224 0.5000000000
16988  1.447  -46.611  12.930 0.6999999881
16992  -4.861  -47.288  12.039 0.6000000238
17018  0.709  -47.920  10.455 0.8000000119
17019  0.000  -47.892  9.892 0.6999999881
17673  1.385  -46.058  14.507 0.6999999881
17696  0.478  -45.974  12.146 0.6000000238
17697  -0.023  -45.775  11.468 0.8000000119
17709  -0.238  -46.202  10.832 0.6000000238
17715  -6.802  -46.955  10.476 0.4000000060
17724  -0.482  -47.042  10.119 0.6000000238
18400  -4.221  -45.144  15.374 0.5000000000
18414  -2.673  -45.472  14.535 0.4000000060
18427  0.542  -45.346  13.653 0.6999999881
18440  0.417  -45.468  12.762 0.6000000238
18442  -0.877  -44.759  11.863 0.5000000000
18453  -1.799  -45.200  10.565 0.5000000000
19148  -2.363  -45.265  18.344 0.5000000000
19176  -5.419  -44.195  14.622 0.5000000000
19197  -4.584  -44.365  12.261 0.4000000060
19964  -5.137  -43.532  15.191 0.5000000000
20775  -0.697  -42.565  15.665 0.4000000060
20787  -1.975  -42.234  14.657 0.4000000060
22327  -2.122  -40.670  14.681 0.4000000060
100524  -12.497  -62.015  15.954 0.5000000000
101009  -5.442  -68.901  8.250 0.6000000238
101019  -1.050  -45.589  14.996 0.6000000238
101221  -8.028  -63.205  16.130 0.6000000238
101921  -13.022  -51.584  6.707 0.8000000119
102038  -19.911  -63.538  7.466 0.4000000060
103077  -11.043  -62.061  9.361 0.6000000238
103607  -7.227  -47.102  14.211 0.4000000060
103615  -4.212  -44.936  10.413 0.5000000000
103756  -19.271  -62.008  10.821 0.3000000119
104223  -13.000  -52.446  5.594 0.6999999881
104419  -10.671  -54.697  13.293 0.6000000238
104972  -11.006  -64.684  5.429 0.5000000000
105284  -2.083  -50.726  6.798 0.6000000238
105412  -3.596  -61.192  10.230 0.6999999881
105449  -16.798  -61.021  2.797 0.6000000238
105703  -6.842  -67.251  3.089 0.5000000000
105771  -9.821  -66.344  6.299 0.6999999881
105812  -11.465  -62.154  8.196 0.6000000238
105900  -9.389  -60.293  6.533 0.5000000000
105920  -11.622  -64.305  13.569 0.5000000000
105938  0.682  -48.192  14.837 0.6000000238
106522  -13.120  -53.970  10.199 0.6000000238
106552  -12.436  -64.557  2.091 0.6000000238
106557  -8.864  -52.697  7.653 0.6000000238
106573  -8.548  -60.531  14.106 0.6000000238
106788  -4.582  -62.541  7.206 0.5000000000
107749  -18.670  -66.213  17.192 0.3000000119
107957  -3.576  -50.344  5.961 0.5000000000
108443  -10.194  -55.394  14.156 0.5000000000
109992  -10.500  -49.808  9.480 0.6000000238
110097  -8.996  -55.132  7.467 0.6000000238
110168  -8.999  -65.601  4.127 0.6000000238
110364  -6.935  -53.947  7.243 0.6000000238
110386  -16.328  -62.468  16.081 0.3000000119
110498  -9.472  -65.840  13.488 0.6999999881
111480  -16.575  -65.603  3.475 0.6999999881
111724  -12.398  -55.604  8.776 0.6000000238
112113  -7.861  -60.839  14.306 0.6000000238
112470  -4.026  -61.807  12.668 0.6999999881
112518  -14.737  -56.918  4.445 0.5000000000
112658  -17.070  -61.473  14.716 0.4000000060
112722  -9.019  -57.614  12.802 0.6000000238
112852  -11.945  -55.285  3.516 0.5000000000
112879  -4.406  -60.791  11.234 0.6999999881
113676  -8.370  -63.527  6.789 0.6000000238
113704  -7.812  -66.979  2.524 0.4000000060
113909  -17.179  -64.966  6.888 0.5000000000
114567  -17.110  -59.935  4.052 0.6000000238
115097  -20.319  -63.355  11.242 0.4000000060
115105  -8.896  -60.372  12.777 0.5000000000
115518  -6.046  -62.772  10.223 0.6999999881
116188  -20.395  -63.775  7.009 0.4000000060
116364  -11.714  -59.914  4.385 0.5000000000
116428  -7.977  -60.494  6.352 0.5000000000
116619  -16.311  -62.302  13.052 0.3000000119
117139  -14.977  -54.769  7.653 0.6000000238
117453  -2.965  -63.859  9.255 0.6000000238
117707  0.851  -47.255  11.092 0.8000000119
117770  -6.395  -64.276  14.573 0.6999999881
117813  -4.293  -52.315  12.376 0.8000000119
117948  -7.702  -62.684  5.737 0.5000000000
117974  -6.833  -42.970  13.266 0.5000000000
118028  -7.443  -64.018  15.372 0.6000000238
118340  -6.027  -66.936  7.832 0.6000000238
118379  -0.668  -50.653  15.549 0.6000000238
118893  -13.491  -68.991  6.250 0.4000000060
118917  -7.309  -66.863  9.183 0.6999999881
119012  -9.065  -58.403  14.000 0.6000000238
119343  -22.880  -65.162  10.147 0.4000000060
119684  -10.290  -64.545  2.993 0.5000000000
120042  -15.405  -65.858  24.230 0.3000000119
120359  -10.500  -65.308  5.660 0.6000000238
120676  -12.082  -62.562  3.267 0.5000000000
120680  -16.659  -65.306  3.168 0.6999999881
120710  -16.087  -55.896  3.580 0.5000000000
