#!ascii label  , from subject sub-v1s19x0051305_ses-1 vox2ras=TkReg
2256
115186  20.328  -16.591  81.907 0.1111110002
35820  19.566  -17.187  82.035 0.1111110002
35821  18.841  -17.721  82.103 0.2222220004
38937  21.939  -13.444  83.879 0.1111110002
38029  21.147  -14.910  83.686 0.1111110002
37228  20.894  -15.795  82.325 0.1111110002
102757  22.209  -13.453  83.085 0.1111110002
38034  21.853  -14.453  82.162 0.1111110002
38035  21.370  -15.059  82.732 0.1111110002
37225  20.255  -16.248  82.925 0.1111110002
39864  22.749  -12.156  82.771 0.2222220004
39865  22.478  -13.003  82.583 0.2222220004
38028  21.777  -14.196  83.170 0.1111110002
36496  19.841  -17.114  81.133 0.3333329856
35830  18.780  -17.977  81.080 0.4444440007
113101  18.331  -18.224  81.692 0.4444440007
35127  17.999  -18.559  80.788 0.4444440007
35128  17.183  -19.013  81.258 0.4444440007
34403  16.572  -19.664  81.620 0.2222220004
36499  20.459  -16.601  80.771 0.1111110002
39875  22.704  -12.561  81.897 0.2222220004
39876  22.445  -13.247  81.928 0.2222220004
37232  20.924  -15.899  81.334 0.1111110002
110209  22.964  -12.085  81.044 0.2222220004
38953  22.583  -13.100  81.107 0.2222220004
38954  22.197  -13.835  81.600 0.2222220004
38039  21.860  -14.574  81.237 0.2222220004
36500  19.898  -17.142  80.152 0.4444440007
40875  23.465  -11.454  79.227 0.2222220004
35839  18.694  -18.130  80.075 0.4444440007
35138  17.873  -18.394  79.735 0.4444440007
35139  16.996  -18.808  80.255 0.3333329856
34411  16.023  -19.764  80.917 0.2222220004
114486  15.563  -20.242  80.924 0.3333329856
33626  14.990  -20.700  80.049 0.2222220004
38967  22.532  -13.328  80.155 0.2222220004
38981  22.137  -14.013  79.801 0.2222220004
37231  21.476  -15.313  80.822 0.2222220004
36505  20.427  -16.604  79.733 0.4444440007
41920  23.782  -10.917  77.974 0.2222220004
40876  23.069  -11.915  79.952 0.2222220004
38980  22.456  -13.464  79.308 0.3333329856
38059  21.751  -14.695  79.350 0.3333329856
37244  21.236  -15.328  78.826 0.3333329856
36506  19.796  -17.094  79.166 0.5555559993
35849  18.500  -17.900  79.202 0.5555559993
43003  24.092  -10.187  77.677 0.2222220004
40886  23.469  -11.605  78.313 0.2222220004
40887  22.941  -12.224  78.820 0.2222220004
114974  22.663  -12.998  78.827 0.3333329856
35862  19.061  -17.441  78.671 0.5555559993
41935  23.772  -10.884  77.016 0.4444440007
35850  17.568  -17.825  79.111 0.4444440007
43012  24.519  -9.458  76.275 0.2222220004
119125  15.326  -19.157  80.044 0.4444440007
105075  14.968  -21.208  79.583 0.1111110002
37245  20.824  -15.942  79.300 0.4444440007
36518  20.244  -16.519  78.750 0.5555559993
38991  22.347  -13.554  78.442 0.3333329856
38071  21.593  -14.675  78.391 0.3333329856
37253  20.579  -15.903  78.290 0.5555559993
36519  19.513  -16.807  78.310 0.5555559993
40897  22.983  -12.234  77.714 0.3333329856
38084  21.390  -14.417  77.407 0.5555559993
38085  20.486  -14.874  77.019 0.5555559993
36520  18.641  -16.799  78.061 0.6666669846
35863  18.134  -17.350  78.543 0.5555559993
40896  23.480  -11.602  77.350 0.3333329856
39000  22.567  -12.895  77.031 0.3333329856
39011  21.934  -13.303  76.512 0.5555559993
39012  21.169  -13.539  76.243 0.6666669846
37254  18.338  -16.001  77.763 0.6666669846
35149  16.102  -18.410  79.795 0.5555559993
41949  23.588  -10.821  76.077 0.4444440007
36521  17.812  -16.549  78.300 0.7777780294
35851  16.426  -17.558  79.362 0.5555559993
105469  14.775  -20.203  78.923 0.1111110002
43029  24.062  -9.074  74.366 0.6666669846
43030  23.597  -9.569  74.691 0.3333329856
35141  15.074  -19.125  79.831 0.2222220004
34420  14.849  -19.285  79.388 0.2222220004
36530  19.938  -16.320  77.984 0.5555559993
38099  20.870  -14.188  76.629 0.5555559993
38086  19.555  -14.936  76.921 0.5555559993
37263  18.975  -15.470  77.334 0.5555559993
40908  23.334  -11.488  76.443 0.5555559993
39923  22.320  -12.635  76.128 0.6666669846
39932  21.468  -12.867  75.840 0.6666669846
39013  20.383  -13.654  76.322 0.5555559993
119844  19.362  -14.271  76.881 0.7777780294
106229  18.271  -15.099  77.774 0.7777780294
37255  17.571  -15.612  78.514 0.6666669846
36508  16.448  -16.600  79.269 0.5555559993
40920  23.085  -11.302  75.754 0.5555559993
41962  22.305  -11.278  75.227 0.7777780294
100764  21.254  -11.317  75.308 0.8888890147
37246  17.167  -16.350  78.790 0.6666669846
35150  15.288  -18.520  79.732 0.4444440007
44077  24.611  -8.678  74.483 0.6666669846
43031  22.779  -9.536  74.348 0.7777780294
41977  22.144  -10.016  74.523 0.7777780294
35151  14.902  -18.269  79.389 0.2222220004
116792  20.452  -11.214  75.754 0.8888890147
39020  20.631  -13.013  75.930 0.7777780294
116583  20.035  -13.107  76.266 0.8888890147
41978  21.536  -9.722  74.727 0.8888890147
41964  20.801  -10.489  75.474 0.8888890147
40910  20.138  -11.785  76.064 0.8888890147
40911  19.825  -11.962  76.792 0.8888890147
44084  23.442  -9.077  74.083 0.6666669846
44085  22.562  -8.844  74.053 0.7777780294
44091  24.590  -7.816  73.218 0.6666669846
44092  23.200  -8.464  73.550 0.6666669846
44078  20.843  -9.163  75.598 0.8888890147
43024  21.037  -9.774  75.185 0.8888890147
43014  20.612  -9.697  75.950 0.8888890147
43004  20.367  -9.510  76.995 0.7777780294
45107  22.289  -8.031  73.858 0.7777780294
43032  21.934  -9.279  74.393 0.8888890147
41950  20.328  -10.366  76.295 0.8888890147
45124  25.033  -7.175  72.742 0.7777780294
46145  23.409  -7.094  72.777 0.7777780294
116226  26.326  -6.159  73.627 0.7777780294
46158  25.464  -6.574  72.257 0.7777780294
44073  20.664  -8.909  76.380 0.8888890147
45108  21.660  -7.537  74.511 0.8888890147
45096  21.194  -8.004  75.078 0.8888890147
45063  20.892  -7.258  76.912 0.7777780294
46146  22.619  -6.595  73.250 0.7777780294
46132  22.074  -7.065  73.847 0.8888890147
47111  27.502  -5.567  74.501 0.5555559993
47126  26.779  -5.738  73.160 0.7777780294
47142  25.922  -5.943  71.851 0.7777780294
46178  25.165  -6.162  71.647 0.7777780294
46160  23.911  -6.613  72.233 0.7777780294
101799  27.594  -5.547  73.474 0.6666669846
47141  26.659  -5.699  72.275 0.7777780294
47165  25.655  -5.499  71.209 0.7777780294
46081  33.263  -6.824  77.376 0.3333329856
46097  33.594  -6.622  76.485 0.4444440007
103653  21.453  -6.198  75.630 0.8888890147
46116  21.306  -7.088  75.354 0.8888890147
107643  29.162  -5.626  74.805 0.4444440007
47094  28.626  -5.560  75.708 0.3333329856
46161  23.165  -6.175  72.631 0.7777780294
47113  22.081  -5.970  74.043 0.8888890147
47098  21.769  -5.686  75.043 0.8888890147
47110  28.357  -5.519  74.146 0.4444440007
47166  24.817  -5.467  71.274 0.7777780294
47167  24.135  -5.388  71.598 0.8888890147
47140  27.247  -5.525  72.666 0.7777780294
47164  26.522  -5.459  71.412 0.7777780294
47125  28.619  -5.505  73.209 0.7777780294
47139  28.038  -5.460  72.399 0.7777780294
120044  27.903  -5.292  71.536 0.7777780294
46098  32.692  -6.592  76.733 0.3333329856
46099  31.834  -6.498  76.850 0.2222220004
46083  31.262  -6.448  77.674 0.3333329856
107114  34.414  -6.294  74.851 0.4444440007
46113  33.978  -6.440  75.638 0.4444440007
47092  30.359  -6.131  75.895 0.3333329856
48023  21.923  -4.902  75.473 0.7777780294
47087  21.386  -5.742  76.578 0.7777780294
46102  21.151  -6.699  76.281 0.6666669846
46143  34.002  -5.917  74.099 0.5555559993
108592  30.274  -5.933  74.988 0.3333329856
47128  22.604  -5.629  73.276 0.8888890147
112024  22.355  -5.170  73.918 0.8888890147
47097  22.126  -5.077  74.632 0.7777780294
117713  21.634  -5.455  75.827 0.7777780294
115409  29.928  -5.684  74.203 0.6666669846
112659  23.635  -5.066  71.947 0.8888890147
47144  23.125  -5.135  72.599 0.8888890147
47109  29.285  -5.564  73.791 0.6666669846
47181  27.314  -5.119  70.947 0.7777780294
47182  26.315  -4.956  70.605 0.8888890147
47183  25.330  -4.881  70.746 0.7777780294
48055  24.056  -4.600  71.560 0.8888890147
105578  29.008  -5.433  72.392 0.7777780294
107021  32.231  -6.456  76.225 0.3333329856
113006  31.632  -6.389  76.160 0.5555559993
46128  33.533  -6.216  74.932 0.4444440007
46115  32.070  -6.318  75.581 0.5555559993
114607  31.158  -6.209  75.536 0.4444440007
48022  22.313  -4.316  75.055 0.7777780294
47105  33.175  -5.931  74.353 0.5555559993
47106  32.449  -5.857  74.201 0.5555559993
46130  31.831  -6.079  74.833 0.5555559993
47091  31.109  -5.942  74.708 0.5555559993
48036  23.146  -4.151  72.987 0.8888890147
48873  22.729  -3.722  74.619 0.7777780294
47120  34.082  -5.614  73.198 0.5555559993
47121  33.180  -5.613  73.562 0.5555559993
47122  32.224  -5.567  73.440 0.5555559993
47107  31.600  -5.764  74.087 0.5555559993
47108  30.729  -5.700  74.100 0.5555559993
48906  23.958  -3.726  71.845 0.8888890147
48895  23.587  -3.544  72.573 0.8888890147
48037  22.720  -4.734  73.464 0.8888890147
47119  34.847  -5.751  72.856 0.5555559993
100896  33.471  -5.343  72.654 0.6666669846
113566  32.756  -5.352  72.891 0.6666669846
47136  31.384  -5.207  72.466 0.7777780294
47137  30.662  -5.320  72.529 0.7777780294
47124  30.170  -5.556  73.333 0.7777780294
107857  25.751  -4.238  70.243 0.8888890147
109169  24.405  -3.886  71.128 0.8888890147
47155  35.080  -5.736  71.155 0.6666669846
47156  34.423  -5.400  71.477 0.6666669846
47157  33.685  -5.124  71.764 0.6666669846
99774  32.785  -4.997  72.090 0.6666669846
47159  31.061  -5.014  71.863 0.7777780294
47160  30.258  -5.181  71.766 0.7777780294
47162  28.621  -5.293  71.619 0.7777780294
48070  27.801  -4.664  70.267 0.7777780294
48084  26.599  -4.226  70.053 0.7777780294
46197  38.996  -6.841  69.829 0.5555559993
46198  37.489  -6.822  68.935 0.7777780294
46187  37.469  -6.779  69.877 0.6666669846
46189  36.007  -6.336  69.986 0.6666669846
47177  35.140  -5.863  70.176 0.6666669846
47178  34.595  -5.471  70.712 0.6666669846
47179  33.902  -5.043  70.715 0.6666669846
48050  33.147  -4.752  71.148 0.7777780294
47191  35.484  -6.037  69.376 0.6666669846
47192  34.879  -5.680  69.186 0.7777780294
104267  34.406  -5.396  69.886 0.7777780294
49780  23.454  -2.323  74.496 0.8888890147
48872  23.189  -3.104  74.148 0.8888890147
49806  24.061  -2.948  72.238 0.8888890147
49807  23.772  -2.862  72.908 0.8888890147
47135  32.055  -5.271  72.683 0.6666669846
47158  31.867  -4.915  71.973 0.7777780294
48922  24.818  -3.137  70.655 0.8888890147
46207  40.105  -6.302  68.781 0.5555559993
116022  32.357  -4.686  71.292 0.6666669846
48052  30.681  -4.793  71.117 0.7777780294
48053  29.856  -4.960  70.988 0.7777780294
110530  28.606  -4.625  70.239 0.7777780294
48940  26.929  -3.658  69.760 0.8888890147
46196  39.577  -6.641  69.290 0.5555559993
46209  38.314  -6.709  68.446 0.8888890147
46211  36.829  -6.537  68.612 0.8888890147
47193  33.738  -4.906  69.522 0.7777780294
119304  32.675  -4.503  70.623 0.8888890147
48066  32.004  -4.337  70.549 0.8888890147
48068  30.264  -4.494  70.321 0.8888890147
118874  29.220  -3.628  69.429 0.8888890147
114126  28.963  -4.086  69.686 0.8888890147
116069  28.165  -4.123  69.697 0.8888890147
47190  36.054  -6.279  68.822 0.8888890147
47206  33.796  -4.748  68.486 0.8888890147
48079  33.055  -4.292  68.916 0.8888890147
114995  35.356  -5.859  68.674 0.8888890147
117938  34.222  -5.061  68.280 0.8888890147
49796  23.717  -2.434  73.627 0.8888890147
110972  24.594  -2.396  71.910 0.8888890147
49795  24.346  -1.756  73.637 0.8888890147
50745  25.793  -2.005  70.419 0.8888890147
50727  25.112  -2.024  71.474 0.8888890147
47200  40.630  -5.828  68.314 0.6666669846
48067  31.141  -4.363  70.443 0.8888890147
49851  28.127  -2.612  69.500 0.8888890147
49833  26.950  -2.240  69.873 0.8888890147
47217  40.326  -5.526  67.574 0.8888890147
47201  39.788  -6.062  68.055 0.8888890147
46223  38.917  -6.275  67.801 0.8888890147
48080  32.291  -3.676  68.862 0.8888890147
112166  31.632  -3.843  69.627 0.8888890147
48081  30.701  -3.926  69.681 0.8888890147
111831  30.245  -3.352  69.193 0.7777780294
48938  29.526  -3.085  69.145 0.8888890147
112331  28.655  -3.369  69.421 0.7777780294
47218  39.461  -5.732  67.303 0.8888890147
47219  38.632  -5.831  67.084 0.8888890147
46224  38.055  -6.281  67.544 0.8888890147
100219  36.172  -5.513  67.334 0.8888890147
47222  34.628  -4.865  67.544 0.7777780294
48091  34.172  -4.757  67.871 0.7777780294
48092  33.517  -4.070  67.864 0.8888890147
48093  32.814  -3.572  68.166 0.8888890147
47203  36.504  -6.179  67.935 0.8888890147
47204  35.637  -5.798  67.956 0.7777780294
47205  34.744  -5.374  68.120 0.8888890147
50695  25.003  -1.525  73.170 0.7777780294
50677  24.466  -1.375  74.321 0.4444440007
50711  25.033  -1.798  72.260 0.8888890147
119651  24.763  -1.444  73.773 0.7777780294
50725  26.332  -1.485  72.015 0.7777780294
108070  42.436  -4.369  68.547 0.4444440007
47199  41.406  -5.571  68.593 0.5555559993
119200  26.444  -1.901  70.266 0.8888890147
48090  41.791  -4.903  68.217 0.5555559993
50764  28.436  -1.946  69.760 0.7777780294
50765  27.678  -2.077  69.857 0.7777780294
48103  41.517  -4.623  67.509 0.7777780294
48953  31.467  -2.453  68.494 0.8888890147
48954  30.287  -2.587  68.918 0.7777780294
50763  29.261  -1.798  69.682 0.7777780294
48104  40.824  -4.949  67.127 0.8888890147
103691  39.659  -4.961  65.975 0.8888890147
47233  38.372  -5.439  66.428 0.8888890147
47234  37.604  -5.336  66.570 0.7777780294
48965  35.483  -3.858  67.290 0.7777780294
48966  34.564  -3.796  67.448 0.7777780294
48967  33.808  -3.546  67.630 0.7777780294
48951  33.047  -3.192  67.814 0.7777780294
48952  32.233  -2.846  68.140 0.7777780294
47221  35.266  -5.195  67.416 0.8888890147
50710  25.669  -1.515  72.538 0.5555559993
50694  25.818  -1.326  73.294 0.4444440007
48944  43.434  -3.458  68.967 0.2222220004
48089  43.007  -4.036  69.003 0.3333329856
48945  42.888  -3.580  68.448 0.2222220004
48960  42.397  -3.733  67.862 0.5555559993
48102  42.028  -4.322  67.874 0.5555559993
100854  27.929  -1.590  71.010 0.4444440007
50724  27.111  -1.519  71.510 0.6666669846
50742  28.733  -1.597  70.415 0.6666669846
50743  27.179  -1.731  70.499 0.7777780294
48114  41.271  -4.297  66.737 0.7777780294
48977  40.928  -4.003  65.968 0.8888890147
49864  31.292  -1.860  68.652 0.7777780294
113708  30.553  -1.923  68.978 0.7777780294
50762  30.163  -1.595  69.595 0.6666669846
48127  39.279  -4.553  65.305 0.8888890147
48128  38.521  -4.499  65.355 0.8888890147
48118  37.386  -4.708  66.295 0.7777780294
48980  36.775  -4.449  66.563 0.7777780294
48105  35.922  -4.710  67.019 0.7777780294
49875  33.444  -2.769  67.784 0.7777780294
49863  31.930  -1.976  68.162 0.6666669846
119422  33.225  -1.596  73.245 0.3333329856
50688  32.634  -1.605  73.143 0.2222220004
50690  30.743  -1.880  73.325 0.1111110002
50691  29.830  -1.896  73.484 0.1111110002
50692  28.996  -1.749  73.721 0.1111110002
106504  27.575  -1.400  73.526 0.2222220004
49805  35.428  -2.180  72.207 0.1111110002
50701  34.726  -1.769  72.236 0.3333329856
50687  33.324  -1.463  72.720 0.3333329856
50703  32.747  -1.321  72.209 0.2222220004
50704  31.242  -1.576  72.355 0.2222220004
50705  30.178  -1.682  72.451 0.2222220004
106037  29.234  -1.746  72.867 0.1111110002
50707  28.596  -1.590  72.368 0.2222220004
113840  26.297  -1.395  72.766 0.3333329856
120099  43.674  -2.321  68.479 0.2222220004
111332  43.343  -2.929  68.413 0.2222220004
49804  36.181  -2.612  72.136 0.1111110002
50717  35.064  -1.979  71.709 0.2222220004
50702  34.023  -1.522  72.500 0.3333329856
105773  32.068  -1.516  72.541 0.2222220004
101251  30.721  -1.473  71.721 0.2222220004
50708  27.925  -1.515  72.736 0.3333329856
50709  27.108  -1.416  72.565 0.3333329856
105863  43.676  -1.688  68.167 0.3333329856
49857  43.254  -2.332  67.914 0.4444440007
49858  42.818  -3.023  67.845 0.4444440007
48918  37.874  -3.454  70.239 0.1111110002
49817  36.263  -2.721  71.299 0.2222220004
50735  35.024  -2.019  71.012 0.2222220004
115268  34.405  -1.592  70.752 0.3333329856
99960  32.862  -1.084  71.160 0.2222220004
117684  32.228  -1.083  70.913 0.2222220004
100229  30.789  -1.264  70.936 0.2222220004
50721  30.106  -1.468  71.404 0.2222220004
50722  29.422  -1.483  70.953 0.3333329856
100977  27.895  -1.508  71.950 0.3333329856
49869  42.749  -2.391  67.226 0.4444440007
48976  41.629  -3.420  66.435 0.6666669846
49859  39.027  -3.089  68.172 0.5555559993
48947  38.491  -3.364  68.678 0.4444440007
48934  36.991  -3.138  68.907 0.4444440007
113580  36.450  -2.958  69.510 0.4444440007
49832  35.357  -2.336  70.292 0.4444440007
50757  34.655  -1.825  70.177 0.5555559993
50737  33.186  -1.088  70.114 0.4444440007
50738  32.353  -1.009  70.255 0.4444440007
100888  30.898  -1.230  70.018 0.3333329856
50740  30.151  -1.381  70.473 0.5555559993
50741  29.537  -1.497  70.164 0.5555559993
50723  28.662  -1.552  71.441 0.6666669846
49882  42.177  -2.545  66.497 0.6666669846
49871  38.498  -2.703  67.428 0.7777780294
48962  38.138  -3.206  67.700 0.6666669846
48948  37.576  -3.299  68.235 0.6666669846
104107  35.315  -2.531  68.721 0.6666669846
49848  34.576  -2.114  68.720 0.6666669846
50759  33.448  -1.293  69.088 0.5555559993
50760  32.504  -1.088  69.277 0.5555559993
50761  31.683  -1.100  69.600 0.4444440007
50789  41.993  -1.938  65.989 0.7777780294
49883  41.510  -2.611  65.682 0.7777780294
48989  41.129  -3.369  65.666 0.8888890147
48991  39.726  -3.915  65.000 0.8888890147
108951  38.947  -4.021  64.763 0.8888890147
48979  37.632  -3.762  65.806 0.7777780294
99724  37.131  -3.889  66.449 0.7777780294
48963  37.191  -3.497  67.147 0.7777780294
48949  36.480  -3.341  67.736 0.6666669846
48950  35.528  -3.058  67.952 0.6666669846
49860  34.755  -2.685  68.049 0.7777780294
50775  33.356  -1.912  68.216 0.7777780294
49893  40.755  -2.992  65.105 0.8888890147
49902  40.066  -2.665  64.436 0.8888890147
49000  39.432  -3.384  64.514 0.8888890147
50771  44.220  -1.829  68.958 0.1111110002
50781  43.653  -1.043  67.829 0.3333329856
50782  43.203  -1.548  67.405 0.4444440007
50788  42.577  -1.619  66.563 0.5555559993
50799  42.060  -1.152  65.813 0.5555559993
50783  38.665  -2.002  67.351 0.7777780294
109277  40.994  -2.232  64.857 0.7777780294
49884  37.817  -3.144  65.449 0.7777780294
108555  37.857  -2.487  66.404 0.7777780294
50813  40.387  -1.682  64.398 0.8888890147
49903  39.094  -2.815  64.129 0.8888890147
117504  38.594  -2.886  64.259 0.8888890147
50801  37.679  -2.402  65.148 0.7777780294
111876  43.846  -0.297  67.885 0.2222220004
51637  43.387  -0.620  67.330 0.4444440007
50774  39.138  -1.502  68.101 0.3333329856
51638  42.987  -0.145  66.805 0.4444440007
109606  42.948  -0.938  66.888 0.4444440007
51633  38.613  -0.708  67.872 0.5555559993
51643  42.552  -0.608  66.304 0.5555559993
109484  38.545  -1.370  67.463 0.6666669846
51639  38.060  -0.812  67.198 0.5555559993
106425  41.456  -0.880  65.185 0.6666669846
50790  37.915  -1.695  66.504 0.6666669846
51645  37.360  -0.772  66.351 0.6666669846
50812  41.086  -1.482  64.830 0.6666669846
100231  38.602  -1.359  63.844 0.8888890147
50815  38.321  -2.315  64.154 0.8888890147
119033  37.583  -1.918  64.614 0.7777780294
115849  36.894  -0.987  65.490 1.0000000000
51665  39.708  -0.840  64.121 0.8888890147
51667  37.873  -0.807  63.692 1.0000000000
50816  37.710  -1.524  64.131 1.0000000000
52469  39.378  0.130  69.689 0.2222220004
52476  44.006  0.706  68.054 0.2222220004
52470  38.893  0.120  69.034 0.3333329856
52482  43.426  0.369  67.323 0.2222220004
117218  39.344  -0.534  69.203 0.3333329856
52477  38.488  0.061  68.339 0.4444440007
52483  42.911  0.593  66.810 0.3333329856
51625  39.578  -1.284  68.875 0.3333329856
51632  38.992  -0.673  68.576 0.3333329856
52484  38.039  -0.045  67.677 0.4444440007
52490  42.512  0.350  66.315 0.4444440007
51640  37.546  -0.189  67.120 0.6666669846
51644  41.894  -0.060  65.678 0.5555559993
52492  36.891  0.163  66.783 0.6666669846
51655  36.384  -0.656  65.104 0.8888890147
52512  35.847  -0.291  64.635 1.0000000000
115686  41.079  -0.007  65.040 0.7777780294
51664  40.720  -0.814  64.637 0.8888890147
51669  36.480  -0.783  64.403 1.0000000000
51653  40.279  0.045  64.551 1.0000000000
52511  39.542  0.203  64.105 1.0000000000
51668  37.035  -0.937  63.988 1.0000000000
53321  39.830  0.972  70.928 0.1111110002
52462  39.860  0.171  70.377 0.2222220004
53331  38.793  0.856  69.602 0.2222220004
52478  37.722  0.684  68.250 0.4444440007
52485  37.273  0.478  67.542 0.6666669846
52486  36.499  0.965  67.285 0.6666669846
53347  43.516  1.279  67.520 0.2222220004
53355  42.592  1.268  66.515 0.3333329856
53354  43.085  1.777  67.040 0.3333329856
52493  35.980  0.634  66.464 0.6666669846
53348  43.066  1.079  67.078 0.2222220004
52501  35.325  0.954  65.817 0.8888890147
52491  41.954  0.964  65.914 0.5555559993
51646  36.555  -0.256  65.949 0.6666669846
52500  35.832  0.097  65.524 0.8888890147
52513  35.221  0.541  64.980 1.0000000000
52498  41.415  0.761  65.280 0.8888890147
52529  35.376  0.228  64.024 1.0000000000
52499  40.743  0.738  64.787 1.0000000000
52528  36.256  -0.482  63.731 1.0000000000
52510  40.052  0.799  64.326 1.0000000000
51680  38.230  -0.057  63.390 1.0000000000
108365  35.705  0.115  63.118 1.0000000000
53322  39.165  1.659  70.844 0.1111110002
108899  39.316  0.908  70.234 0.2222220004
53323  38.637  1.573  70.208 0.2222220004
53332  38.039  1.551  69.607 0.3333329856
53349  36.941  1.269  68.021 0.6666669846
53350  36.308  1.772  67.640 0.6666669846
53356  35.843  1.538  67.000 0.6666669846
52494  35.471  1.412  66.401 0.6666669846
54213  42.721  2.159  66.395 0.2222220004
53364  35.142  1.759  65.957 1.0000000000
54226  42.517  2.439  65.644 0.2222220004
54227  41.956  2.054  65.175 0.6666669846
53371  34.887  1.545  65.286 1.0000000000
53362  41.675  1.431  65.315 0.7777780294
53369  41.417  1.698  64.701 0.8888890147
54240  41.198  1.945  64.035 1.0000000000
53381  34.802  1.205  64.351 1.0000000000
53363  41.158  1.233  64.911 1.0000000000
53370  40.704  1.372  64.340 1.0000000000
53380  39.968  1.317  63.706 1.0000000000
103833  34.946  0.856  63.367 1.0000000000
116002  39.528  0.799  63.905 1.0000000000
52525  39.274  0.936  63.365 1.0000000000
52527  37.696  0.069  62.983 1.0000000000
101841  36.670  -0.134  62.945 1.0000000000
52541  36.132  0.265  62.220 1.0000000000
54179  38.939  2.536  71.378 0.1111110002
54180  38.487  2.378  70.750 0.2222220004
55124  37.701  3.270  69.745 0.2222220004
55136  37.899  4.013  68.944 0.1111110002
54187  37.924  2.351  70.177 0.3333329856
54188  37.488  2.407  69.481 0.2222220004
55137  37.248  3.492  68.323 0.2222220004
54197  36.739  2.826  68.183 0.4444440007
53343  36.697  2.090  68.286 0.6666669846
54205  36.356  2.541  67.672 0.5555559993
54214  35.990  2.896  67.014 0.5555559993
53351  35.924  2.250  67.211 0.6666669846
54215  35.486  2.279  66.516 0.6666669846
54238  42.446  2.598  64.833 0.3333329856
54228  35.049  2.497  65.573 0.7777780294
54239  41.845  2.232  64.411 0.5555559993
102306  34.718  2.281  64.739 1.0000000000
53392  40.409  1.741  63.020 0.6666669846
55188  34.987  3.082  64.373 1.0000000000
53379  40.645  1.704  63.691 0.7777780294
53393  39.669  1.346  62.807 1.0000000000
52551  38.656  0.639  61.867 1.0000000000
52538  38.968  0.868  62.634 1.0000000000
54251  34.644  2.083  63.621 1.0000000000
52539  38.209  0.376  62.433 1.0000000000
52540  37.279  0.211  62.294 1.0000000000
52555  35.343  0.955  61.943 1.0000000000
53394  34.859  1.426  62.631 1.0000000000
54258  34.845  2.421  62.632 1.0000000000
55198  35.082  3.076  63.320 1.0000000000
99880  35.012  1.869  61.775 1.0000000000
118519  35.234  3.146  62.587 1.0000000000
105621  37.375  3.830  67.526 0.3333329856
55151  36.686  3.319  67.508 0.4444440007
107650  36.393  3.427  66.709 0.4444440007
105776  35.701  3.186  66.124 0.5555559993
54248  42.418  2.758  63.975 0.5555559993
118414  34.904  2.826  64.995 1.0000000000
54249  41.774  2.379  63.589 0.5555559993
109366  41.697  2.497  62.721 0.5555559993
54257  41.010  2.123  62.391 0.6666669846
53410  39.410  1.129  61.740 0.8888890147
52552  37.954  0.359  61.513 1.0000000000
117526  37.488  0.491  61.011 1.0000000000
52554  36.088  0.707  61.426 1.0000000000
53412  35.508  1.305  61.225 1.0000000000
109176  35.123  2.871  61.956 1.0000000000
55150  37.108  3.832  66.824 0.4444440007
55163  36.750  3.786  65.929 0.4444440007
56079  37.709  4.184  65.211 0.4444440007
55174  36.053  3.538  65.400 0.4444440007
105778  35.928  3.592  64.660 0.6666669846
55187  35.854  3.650  63.779 0.8888890147
55205  35.858  3.696  62.924 1.0000000000
55212  42.461  3.864  61.818 0.2222220004
55204  42.148  3.113  62.227 0.3333329856
54266  40.876  2.181  61.420 0.6666669846
55213  41.899  3.430  61.389 0.3333329856
54256  41.572  2.642  61.798 0.3333329856
53425  40.145  1.644  61.066 0.7777780294
53409  40.289  1.644  62.074 0.7777780294
52564  38.696  0.683  61.067 1.0000000000
56129  41.080  4.326  59.297 0.3333329856
103126  40.851  3.046  60.044 0.3333329856
54265  41.308  2.990  60.785 0.3333329856
54279  40.629  2.352  60.492 0.4444440007
54280  39.913  1.903  60.129 0.7777780294
53427  38.606  0.907  60.212 1.0000000000
52565  38.035  0.513  60.658 1.0000000000
52567  36.770  0.733  60.931 1.0000000000
53411  36.051  1.057  60.833 1.0000000000
55206  35.662  3.682  62.229 0.8888890147
55228  40.658  3.580  59.378 0.3333329856
54294  40.336  2.700  59.673 0.4444440007
53442  39.184  1.475  59.710 0.8888890147
53443  38.372  1.269  59.420 1.0000000000
53428  37.153  1.035  59.872 1.0000000000
53429  36.518  1.046  60.288 1.0000000000
54267  35.140  2.555  61.104 1.0000000000
56105  35.919  4.289  61.918 0.8888890147
55229  40.008  3.252  58.931 0.5555559993
54296  38.887  1.933  58.924 1.0000000000
53444  37.509  1.293  59.313 1.0000000000
53445  36.454  1.472  59.455 1.0000000000
119859  35.347  2.288  59.854 1.0000000000
55221  35.217  3.491  60.811 1.0000000000
56113  35.628  4.373  61.339 0.8888890147
54309  38.523  2.475  58.289 1.0000000000
53461  37.109  1.816  58.693 1.0000000000
53462  36.187  2.112  58.733 1.0000000000
54297  35.132  2.836  59.446 1.0000000000
55230  34.977  3.522  59.992 1.0000000000
56130  34.853  4.376  59.779 1.0000000000
55239  39.741  3.625  58.255 0.8888890147
55240  38.969  3.307  57.917 0.8888890147
103907  37.667  2.342  58.180 1.0000000000
54310  36.798  2.408  58.145 1.0000000000
53463  35.459  2.637  58.777 1.0000000000
55231  34.724  3.740  59.142 1.0000000000
56080  36.808  3.884  64.954 0.4444440007
56088  36.753  4.038  64.101 0.7777780294
56096  36.686  4.223  63.281 0.7777780294
57043  41.899  5.257  59.573 0.2222220004
57029  41.950  5.154  60.125 0.2222220004
56111  42.108  4.281  61.117 0.2222220004
55219  41.690  3.917  60.601 0.2222220004
56128  41.525  4.863  59.451 0.3333329856
56120  41.553  4.511  59.941 0.2222220004
56141  41.580  5.082  59.140 0.2222220004
100878  41.077  4.606  58.807 0.3333329856
56157  40.960  4.485  58.081 0.3333329856
56142  40.436  4.054  58.675 0.3333329856
57031  35.317  5.174  60.323 1.0000000000
57018  35.784  5.191  61.126 0.8888890147
107685  40.540  4.261  58.314 0.4444440007
56143  40.073  4.055  58.135 0.4444440007
55254  39.547  3.947  57.598 0.7777780294
54324  37.359  2.917  57.671 1.0000000000
54325  36.568  2.981  57.649 1.0000000000
54312  35.271  3.221  58.160 1.0000000000
55241  34.793  3.659  58.481 1.0000000000
56131  34.567  4.533  59.123 1.0000000000
57044  34.804  5.197  59.545 1.0000000000
55255  38.664  3.729  57.193 1.0000000000
55256  37.843  3.409  57.170 1.0000000000
55257  37.057  3.341  57.103 1.0000000000
55258  35.466  3.590  57.406 1.0000000000
55259  34.840  3.903  57.835 1.0000000000
56144  34.568  4.387  58.413 1.0000000000
56994  37.956  5.134  63.140 0.5555559993
56103  37.321  4.798  62.945 0.7777780294
57057  42.263  5.389  59.144 0.1111110002
56104  36.517  4.495  62.518 0.8888890147
103875  41.710  4.898  58.452 0.2222220004
57016  36.946  5.755  62.216 0.7777780294
57004  37.321  5.284  62.614 0.8888890147
56112  36.451  5.081  61.869 0.8888890147
57017  36.359  5.820  61.530 0.8888890147
56158  40.278  4.206  57.662 0.6666669846
57911  35.707  6.436  60.391 0.8888890147
57030  35.811  5.886  60.772 0.8888890147
56175  40.992  4.283  57.198 0.4444440007
57932  34.730  6.509  58.353 1.0000000000
57045  34.474  5.189  58.775 1.0000000000
116409  35.386  6.671  59.717 1.0000000000
55272  40.327  4.173  56.801 0.6666669846
119924  39.881  4.153  57.197 0.6666669846
120184  38.175  3.755  56.691 1.0000000000
55275  37.531  3.666  56.598 1.0000000000
102878  36.244  3.412  57.132 1.0000000000
56178  34.709  4.773  56.857 1.0000000000
57058  34.402  5.233  57.964 1.0000000000
55274  38.725  4.001  56.305 1.0000000000
103008  38.021  3.914  56.090 1.0000000000
56176  36.014  4.229  55.980 1.0000000000
55277  35.753  3.875  56.686 1.0000000000
56177  35.227  4.520  56.389 1.0000000000
109210  38.089  5.713  63.262 0.5555559993
117596  37.744  5.477  62.978 0.7777780294
108101  37.517  5.766  62.773 0.6666669846
57056  43.264  5.414  58.781 0.1111110002
56140  42.754  5.006  58.267 0.2222220004
57901  36.650  6.255  61.818 0.7777780294
56156  41.694  4.454  57.568 0.2222220004
58788  36.112  7.538  60.791 0.7777780294
57910  36.137  6.567  61.082 0.8888890147
57921  35.101  6.957  58.964 0.7777780294
58799  35.552  7.468  59.427 0.7777780294
58789  35.779  7.121  60.251 0.6666669846
57952  34.479  6.046  56.714 1.0000000000
57922  34.806  6.063  59.147 1.0000000000
100289  40.258  3.990  55.919 0.5555559993
55273  39.521  4.103  56.664 0.7777780294
57077  34.785  5.349  56.307 1.0000000000
57067  34.443  5.341  57.137 1.0000000000
55294  38.584  4.015  55.456 0.8888890147
55296  36.814  4.074  55.635 1.0000000000
57885  37.712  6.309  62.985 0.4444440007
59673  37.232  7.931  62.754 0.3333329856
57900  37.081  6.379  62.333 0.3333329856
57040  44.003  5.788  59.166 0.1111110002
58776  36.544  6.923  61.610 0.3333329856
114256  43.668  4.975  58.052 0.2222220004
112498  42.410  4.620  57.742 0.2222220004
59703  36.141  8.914  59.471 0.4444440007
59695  36.190  8.579  60.387 0.3333329856
58820  35.284  7.642  57.835 0.7777780294
58808  35.413  7.655  58.626 0.5555559993
115133  41.758  4.070  56.812 0.3333329856
99614  41.199  3.869  56.214 0.3333329856
57091  34.734  6.090  56.065 1.0000000000
57951  34.762  6.700  56.363 0.8888890147
55293  39.413  4.011  55.676 0.8888890147
55295  37.666  4.056  55.313 1.0000000000
56195  36.962  4.362  54.857 1.0000000000
56197  35.485  4.967  55.710 1.0000000000
57962  35.035  6.574  55.641 1.0000000000
111676  44.621  5.460  58.419 0.1111110002
114384  43.994  5.342  58.466 0.1111110002
61594  37.382  10.420  61.255 0.2222220004
60666  36.817  9.781  60.887 0.3333329856
60667  36.476  9.055  60.806 0.3333329856
59685  36.445  8.009  61.355 0.3333329856
60675  37.167  10.121  60.358 0.3333329856
60676  36.558  9.534  60.045 0.3333329856
56174  42.634  4.103  56.954 0.3333329856
59716  35.726  8.316  58.177 0.5555559993
59715  36.173  8.937  58.610 0.4444440007
55292  40.930  3.660  55.274 0.5555559993
59735  35.675  8.235  57.279 0.6666669846
109153  36.261  8.854  57.714 0.5555559993
100856  40.085  3.829  55.063 0.7777780294
55313  38.323  4.142  54.648 0.8888890147
56196  36.215  4.625  55.257 1.0000000000
109413  35.352  7.094  55.312 0.8888890147
102533  35.159  7.317  55.977 0.7777780294
56216  38.786  4.206  53.921 0.8888890147
56217  37.967  4.473  53.957 0.8888890147
57104  36.750  5.390  53.783 1.0000000000
57976  35.535  6.422  54.906 1.0000000000
60692  36.647  9.482  59.098 0.4444440007
59714  36.841  9.401  58.185 0.4444440007
35829  19.334  -17.571  81.381 0.3333329856
38944  22.175  -13.700  82.422 0.2222220004
37227  21.483  -15.236  81.784 0.2222220004
35838  19.363  -17.658  80.535 0.4444440007
105892  17.755  -18.640  81.889 0.4444440007
35129  16.577  -19.282  80.836 0.4444440007
37236  20.910  -15.930  80.316 0.3333329856
39888  22.802  -12.633  80.365 0.2222220004
38968  22.205  -13.918  80.701 0.2222220004
41905  23.528  -11.199  79.948 0.2222220004
33618  16.026  -20.415  81.538 0.2222220004
35140  15.967  -19.149  80.272 0.4444440007
34412  15.380  -19.682  80.354 0.2222220004
34413  14.964  -19.836  80.032 0.2222220004
33625  15.213  -20.421  80.567 0.2222220004
115898  14.866  -20.064  79.624 0.1111110002
32792  15.012  -21.699  80.084 0.2222220004
32786  15.164  -21.294  80.714 0.2222220004
39900  22.768  -12.756  79.578 0.2222220004
38046  21.833  -14.649  80.295 0.2222220004
37235  21.406  -15.344  79.838 0.3333329856
112604  23.726  -10.987  78.759 0.2222220004
38992  21.996  -14.048  78.928 0.3333329856
35848  19.286  -17.666  79.567 0.5555559993
43013  24.081  -10.177  76.642 0.2222220004
39910  22.672  -12.965  78.028 0.3333329856
35148  17.036  -18.298  79.559 0.5555559993
43022  23.764  -10.045  75.543 0.3333329856
117170  14.986  -17.675  79.561 0.4444440007
33633  14.928  -21.141  78.982 0.1111110002
115666  21.874  -14.060  78.126 0.4444440007
38072  20.931  -15.209  77.838 0.5555559993
36531  19.197  -16.256  77.641 0.5555559993
39001  22.076  -13.600  77.453 0.5555559993
102243  21.521  -13.838  76.808 0.5555559993
38100  20.008  -14.312  76.582 0.5555559993
40909  22.923  -12.159  76.721 0.4444440007
36507  17.239  -17.075  78.777 0.5555559993
43021  24.353  -9.200  75.201 0.4444440007
41976  23.004  -10.147  74.810 0.5555559993
41961  23.099  -10.758  75.325 0.5555559993
44083  24.165  -8.620  73.668 0.6666669846
37262  19.955  -15.674  77.396 0.5555559993
38087  18.869  -14.657  77.250 0.6666669846
105054  18.454  -14.321  77.835 0.7777780294
40921  22.694  -11.892  75.881 0.6666669846
40922  21.819  -12.106  75.481 0.7777780294
40923  20.805  -12.158  75.626 0.7777780294
109710  19.315  -13.060  77.291 0.7777780294
115957  16.712  -15.771  79.338 0.4444440007
115232  22.424  -10.585  74.885 0.7777780294
41963  21.571  -10.491  74.922 0.8888890147
35852  14.948  -16.968  79.557 0.5555559993
39924  20.107  -12.482  76.101 0.7777780294
39925  19.670  -12.742  76.735 0.7777780294
43023  21.206  -8.987  74.904 0.8888890147
44086  21.763  -8.450  74.415 0.8888890147
45117  23.778  -7.968  73.037 0.7777780294
45081  20.740  -8.087  76.640 0.7777780294
44072  20.877  -8.449  75.731 0.7777780294
45125  24.242  -7.307  72.622 0.7777780294
45118  22.848  -7.588  73.292 0.7777780294
47127  26.171  -6.145  72.680 0.7777780294
46159  24.711  -6.725  72.146 0.7777780294
45080  20.966  -7.580  75.981 0.8888890147
46133  21.664  -6.586  74.709 0.8888890147
46179  24.395  -6.120  71.723 0.8888890147
47143  23.664  -5.798  72.033 0.7777780294
46114  32.965  -6.401  75.789 0.4444440007
118155  24.391  -5.063  71.336 0.8888890147
47163  27.279  -5.420  71.873 0.7777780294
46100  30.938  -6.313  76.586 0.3333329856
46086  21.056  -6.414  77.200 0.6666669846
48029  22.488  -4.475  74.252 0.7777780294
46142  34.664  -5.880  73.558 0.5555559993
116199  29.402  -5.509  73.031 0.6666669846
48043  23.526  -4.360  72.222 0.8888890147
47184  24.639  -4.695  71.052 0.8888890147
47180  28.225  -5.037  70.895 0.7777780294
48071  27.087  -4.637  70.325 0.7777780294
46129  32.667  -6.149  74.949 0.5555559993
48861  22.549  -3.575  75.436 0.5555559993
49781  23.058  -2.987  74.990 0.6666669846
48884  23.346  -3.312  73.336 0.8888890147
48885  22.906  -3.906  73.805 0.8888890147
47134  34.253  -5.471  72.346 0.5555559993
47123  31.264  -5.475  73.241 0.5555559993
48905  24.381  -3.086  71.465 0.8888890147
47138  29.835  -5.425  72.447 0.7777780294
48921  25.361  -3.523  70.196 0.8888890147
48072  24.954  -4.094  70.531 0.8888890147
47161  29.447  -5.266  71.674 0.7777780294
48054  29.038  -5.008  70.923 0.7777780294
48083  27.376  -4.163  69.867 0.7777780294
114964  38.874  -6.781  69.086 0.7777780294
100274  38.232  -6.894  69.416 0.7777780294
46199  36.761  -6.617  69.405 0.8888890147
46188  36.768  -6.594  70.231 0.7777780294
46176  36.388  -6.348  71.037 0.6666669846
48065  33.178  -4.600  70.163 0.6666669846
108302  34.264  -5.244  68.892 0.8888890147
48051  31.525  -4.681  71.228 0.8888890147
49835  25.497  -2.748  70.170 0.8888890147
49820  24.775  -2.557  71.223 0.8888890147
46208  39.260  -6.507  68.564 0.7777780294
48069  29.416  -4.572  70.255 0.7777780294
48939  27.648  -3.395  69.552 0.8888890147
49852  26.868  -2.964  69.658 0.8888890147
48920  26.144  -3.413  69.901 0.8888890147
49834  26.236  -2.480  69.937 0.8888890147
46210  37.383  -6.510  68.073 0.8888890147
112423  32.494  -4.200  69.808 0.8888890147
48082  29.754  -3.948  69.570 0.8888890147
49779  23.911  -1.853  74.164 0.7777780294
102975  24.338  -2.195  72.816 0.8888890147
49819  25.206  -2.322  70.771 0.8888890147
50726  25.645  -1.661  71.713 0.8888890147
116032  27.449  -2.636  69.625 0.8888890147
47216  41.144  -5.283  67.856 0.7777780294
47202  37.186  -5.867  67.267 0.8888890147
48936  31.671  -3.222  68.779 0.8888890147
48937  30.991  -3.105  69.034 0.8888890147
49850  28.945  -2.460  69.357 0.7777780294
47232  39.155  -5.451  66.489 0.8888890147
47220  37.958  -5.781  66.956 0.8888890147
47235  36.781  -5.135  66.765 0.8888890147
48107  34.261  -4.287  67.553 0.7777780294
48106  34.965  -4.509  67.294 0.7777780294
50744  26.256  -1.606  71.016 0.6666669846
47198  42.106  -5.220  68.954 0.4444440007
106642  27.982  -1.728  70.263 0.7777780294
48115  40.501  -4.658  66.333 0.7777780294
47231  40.005  -5.255  66.773 0.8888890147
120467  30.894  -2.279  68.769 0.8888890147
49849  29.758  -2.161  69.161 0.7777780294
48116  38.841  -5.107  65.782 0.8888890147
48117  38.073  -4.950  65.954 0.8888890147
49862  32.691  -2.372  67.974 0.7777780294
48961  41.876  -3.929  67.272 0.6666669846
48975  42.319  -3.191  67.174 0.6666669846
48990  40.493  -3.675  65.338 0.8888890147
48126  40.139  -4.359  65.578 0.8888890147
50777  31.797  -1.417  68.732 0.6666669846
107331  31.075  -1.501  69.200 0.6666669846
48978  38.233  -3.750  65.078 0.7777780294
48129  37.836  -4.307  65.736 0.7777780294
112363  37.294  -4.211  66.126 0.7777780294
48964  36.413  -3.984  66.941 0.7777780294
49873  34.882  -3.293  67.590 0.7777780294
49874  34.193  -3.073  67.638 0.7777780294
49861  34.045  -2.326  68.114 0.7777780294
50776  32.593  -1.557  68.431 0.5555559993
115343  33.750  -1.618  73.210 0.3333329856
50667  34.144  -1.840  73.849 0.2222220004
50668  33.191  -1.810  73.844 0.2222220004
50689  31.683  -1.769  73.274 0.2222220004
50669  32.191  -1.961  74.029 0.1111110002
114041  28.303  -1.542  73.903 0.1111110002
106036  28.441  -1.619  73.200 0.1111110002
50685  35.221  -2.090  72.866 0.1111110002
102459  36.358  -2.697  72.917 0.1111110002
50686  34.503  -1.780  73.061 0.2222220004
110727  34.139  -1.484  71.833 0.3333329856
50720  32.016  -1.288  71.622 0.2222220004
116132  31.278  -1.332  71.458 0.2222220004
50706  29.367  -1.584  71.928 0.2222220004
49818  35.593  -2.321  71.578 0.2222220004
50718  34.545  -1.661  71.439 0.3333329856
100161  33.508  -1.326  71.915 0.2222220004
48919  37.072  -3.221  69.883 0.3333329856
49830  37.032  -3.142  70.834 0.3333329856
49831  36.208  -2.822  70.369 0.2222220004
120178  35.678  -2.436  70.949 0.2222220004
50719  33.822  -1.319  71.035 0.3333329856
50736  33.997  -1.336  70.060 0.3333329856
50739  31.605  -1.118  70.660 0.3333329856
48933  37.813  -3.422  69.282 0.4444440007
49846  35.752  -2.621  69.539 0.5555559993
49847  34.987  -2.155  69.488 0.6666669846
50758  34.276  -1.651  69.361 0.5555559993
49872  37.646  -3.201  66.501 0.7777780294
48935  36.117  -2.931  68.719 0.6666669846
119933  33.950  -1.768  68.686 0.6666669846
50800  41.563  -1.731  65.363 0.7777780294
48999  40.113  -3.352  64.817 0.8888890147
49894  38.194  -3.010  64.631 0.7777780294
49001  38.720  -3.355  64.442 0.8888890147
50814  39.390  -1.979  64.013 0.8888890147
50791  37.370  -1.610  65.428 0.6666669846
49870  39.219  -2.325  68.041 0.4444440007
51654  37.017  -1.295  64.681 1.0000000000
51666  38.838  -0.372  63.759 1.0000000000
53341  38.253  0.806  68.938 0.4444440007
51681  37.236  -0.466  63.410 1.0000000000
105995  39.691  1.846  71.651 0.1111110002
53342  37.371  1.589  68.867 0.4444440007
53361  42.177  1.742  65.871 0.3333329856
51679  39.033  0.393  63.612 1.0000000000
52542  35.297  0.646  62.626 1.0000000000
52526  38.598  0.482  63.127 1.0000000000
55119  38.123  3.293  70.438 0.2222220004
55125  37.394  3.210  69.123 0.3333329856
54196  37.011  2.598  68.832 0.4444440007
54250  41.096  2.088  63.265 0.6666669846
52553  36.991  0.435  61.568 1.0000000000
55175  35.308  3.161  65.218 0.6666669846
120565  35.226  1.816  61.097 1.0000000000
55214  35.405  3.552  61.560 1.0000000000
53426  39.370  1.198  60.632 0.8888890147
52575  37.866  0.816  59.941 1.0000000000
52566  37.337  0.737  60.443 1.0000000000
110734  35.507  1.700  60.347 1.0000000000
54295  39.653  2.287  59.266 0.6666669846
53446  35.604  2.113  59.416 1.0000000000
54281  35.158  2.669  60.246 1.0000000000
54308  39.326  2.790  58.525 0.6666669846
53460  38.036  1.742  58.713 1.0000000000
56121  35.257  4.357  60.576 1.0000000000
54323  38.158  3.036  57.751 1.0000000000
54311  35.997  2.693  58.167 1.0000000000
54326  35.896  3.156  57.683 1.0000000000
56095  37.524  4.573  63.543 0.7777780294
99973  35.347  5.913  59.999 0.8888890147
55276  36.682  3.716  56.426 1.0000000000
56159  35.009  4.170  57.087 1.0000000000
56160  34.598  4.626  57.542 1.0000000000
57942  34.413  6.081  57.588 1.0000000000
58809  35.074  7.153  58.303 1.0000000000
118250  37.345  3.873  56.024 1.0000000000
58798  35.900  8.012  59.892 0.5555559993
58821  34.836  6.928  57.675 1.0000000000
57090  35.147  5.805  55.550 1.0000000000
58775  36.816  7.182  62.027 0.3333329856
56155  43.271  4.510  57.520 0.3333329856
59704  35.770  8.284  59.019 0.4444440007
58831  35.066  7.401  56.918 0.8888890147
100316  39.254  3.966  54.707 0.8888890147
56219  36.432  4.998  54.492 1.0000000000
57089  35.763  5.439  54.986 1.0000000000
60656  36.966  9.895  61.739 0.2222220004
61607  37.924  10.490  60.525 0.2222220004
60691  37.204  9.918  59.562 0.4444440007
55314  37.614  4.310  54.568 0.8888890147
56218  37.159  4.677  54.128 1.0000000000
59755  35.680  8.018  56.356 0.7777780294
106218  15.341  -17.640  79.634 0.4444440007
100829  15.512  -16.764  79.605 0.4444440007
37247  15.755  -15.814  79.783 0.2222220004
37238  15.658  -15.058  80.001 0.2222220004
38073  17.835  -14.451  78.709 0.6666669846
39002  18.958  -13.772  77.423 0.6666669846
37237  16.265  -15.050  79.984 0.2222220004
38983  17.378  -13.995  79.956 0.3333329856
104011  18.481  -13.653  78.394 0.6666669846
38993  19.061  -13.007  78.117 0.6666669846
39919  19.500  -12.316  77.647 0.7777780294
38060  17.065  -14.912  79.558 0.2222220004
38982  18.036  -13.495  79.402 0.3333329856
39902  18.675  -12.883  79.220 0.6666669846
39911  19.239  -12.273  78.722 0.6666669846
40898  20.006  -11.084  76.727 0.7777780294
40899  19.758  -11.455  77.632 0.6666669846
40888  19.553  -11.728  78.345 0.6666669846
41936  19.947  -10.650  77.772 0.6666669846
41921  19.688  -11.043  78.499 0.4444440007
109213  20.134  -9.838  77.903 0.4444440007
41906  19.889  -10.235  78.670 0.5555559993
44066  20.544  -8.593  77.268 0.5555559993
42982  20.045  -9.041  79.466 0.3333329856
42994  20.105  -9.397  78.762 0.2222220004
117162  20.489  -8.292  78.007 0.3333329856
44055  20.316  -8.454  78.859 0.3333329856
45064  20.666  -7.805  77.508 0.4444440007
46056  20.656  -6.584  79.330 0.2222220004
45047  20.582  -7.633  78.370 0.2222220004
46071  20.732  -6.820  78.644 0.2222220004
46087  20.803  -7.016  77.790 0.2222220004
47073  21.239  -5.610  77.537 0.4444440007
47058  20.904  -6.044  78.903 0.1111110002
101920  21.492  -4.879  77.848 0.1111110002
46070  20.939  -6.205  78.073 0.2222220004
116070  21.525  -5.069  77.136 0.4444440007
48014  21.727  -4.791  76.393 0.4444440007
100107  39.226  -6.966  70.682 0.2222220004
100106  38.246  -6.899  70.502 0.5555559993
48839  22.210  -3.458  77.174 0.2222220004
48005  21.765  -4.312  77.283 0.3333329856
48004  21.959  -3.999  76.586 0.3333329856
100275  40.077  -6.949  70.826 0.3333329856
46186  39.817  -6.766  70.054 0.4444440007
49763  22.890  -2.858  75.821 0.4444440007
49755  35.416  -2.395  75.681 0.1111110002
49774  34.520  -2.138  74.634 0.1111110002
99907  35.273  -2.321  74.777 0.1111110002
49794  35.051  -2.144  73.766 0.1111110002
49744  22.762  -2.776  76.685 0.2222220004
49762  23.245  -2.108  76.185 0.3333329856
102785  23.324  -2.206  75.323 0.5555559993
50634  23.735  -1.316  77.481 0.2222220004
49743  23.223  -2.057  77.079 0.2222220004
50646  23.718  -1.365  76.542 0.3333329856
50660  23.721  -1.498  75.658 0.3333329856
50659  24.344  -1.135  75.174 0.3333329856
50734  40.837  -1.565  70.732 0.1111110002
49828  40.590  -2.364  70.471 0.2222220004
49829  40.218  -3.029  70.034 0.1111110002
50755  40.485  -1.660  69.999 0.2222220004
49844  40.285  -2.392  69.605 0.2222220004
49845  39.976  -3.007  69.222 0.2222220004
51624  40.004  -0.800  69.780 0.2222220004
50756  40.119  -1.748  69.200 0.2222220004
50773  39.748  -1.984  68.538 0.2222220004
112267  39.752  -3.383  70.673 0.2222220004
48931  39.534  -3.413  69.769 0.3333329856
48932  38.652  -3.520  69.564 0.3333329856
48946  39.308  -3.315  68.946 0.3333329856
105247  39.640  -2.712  68.593 0.2222220004
57105  36.130  5.875  54.285 0.8888890147
57118  37.083  5.777  53.062 0.7777780294
56070  37.815  4.140  66.114 0.3333329856
57984  36.945  6.698  52.938 0.7777780294
57985  36.537  6.278  53.596 0.7777780294
56078  38.631  4.530  65.403 0.3333329856
56087  37.635  4.326  64.342 0.4444440007
120240  38.010  8.589  54.085 0.7777780294
58855  37.133  8.225  54.009 0.6666669846
58842  36.173  8.001  55.110 0.6666669846
59806  38.970  8.871  53.066 0.6666669846
100998  38.514  8.655  53.666 0.6666669846
58856  36.400  7.742  54.448 0.6666669846
57975  36.122  6.814  54.248 0.7777780294
59827  39.898  9.152  50.846 0.7777780294
58862  37.692  7.792  52.582 0.7777780294
58863  37.160  7.628  53.094 0.7777780294
56086  38.463  4.672  64.564 0.3333329856
56993  38.391  5.350  63.607 0.4444440007
59792  41.108  9.294  54.895 0.3333329856
59793  40.232  8.947  54.522 0.4444440007
59774  39.600  8.680  55.312 0.4444440007
59795  37.886  8.601  54.842 0.7777780294
58843  35.704  7.739  55.541 0.7777780294
60773  42.037  10.030  53.682 0.4444440007
60774  41.004  9.785  53.513 0.5555559993
101278  39.376  8.787  54.084 0.5555559993
60789  41.185  10.244  52.568 0.5555559993
59815  39.620  9.287  52.758 0.6666669846
60812  40.818  10.175  50.335 0.7777780294
60805  40.277  9.827  51.585 0.7777780294
60823  41.851  10.040  49.117 0.7777780294
61728  41.424  10.575  49.829 0.7777780294
56985  38.770  5.274  64.153 0.3333329856
110803  43.340  9.132  55.892 0.1111110002
59754  37.526  8.912  56.538 0.4444440007
109642  42.839  9.328  55.487 0.2222220004
59772  41.502  9.276  55.523 0.3333329856
59752  40.233  8.906  55.873 0.2222220004
112600  39.396  8.815  56.068 0.3333329856
59734  36.457  8.695  56.694 0.5555559993
61686  47.423  10.384  53.745 0.1111110002
60769  45.416  9.430  53.481 0.1111110002
60771  44.035  9.877  53.593 0.5555559993
59790  43.118  9.416  54.828 0.3333329856
105963  39.754  8.697  54.765 0.4444440007
59775  38.690  8.682  55.490 0.5555559993
59776  36.902  8.394  55.104 0.5555559993
59777  36.301  8.306  55.784 0.5555559993
118528  46.713  10.093  52.528 0.1111110002
60785  45.222  9.806  52.883 0.2222220004
60787  43.606  10.337  53.142 0.4444440007
60788  42.480  10.416  52.994 0.5555559993
61694  46.287  10.216  52.211 0.1111110002
104739  44.254  10.967  52.066 0.3333329856
61698  42.965  10.793  52.431 0.6666669846
60803  41.815  10.718  51.977 0.6666669846
61726  42.838  11.456  51.189 0.7777780294
61715  42.350  11.131  51.495 0.7777780294
61735  42.081  10.896  49.402 0.7777780294
59662  37.594  8.100  63.419 0.2222220004
58754  37.813  7.099  63.221 0.2222220004
111471  42.688  9.137  56.082 0.1111110002
99821  38.224  9.284  57.055 0.3333329856
110610  37.181  9.168  57.311 0.4444440007
111470  41.971  9.088  56.054 0.2222220004
111469  41.111  9.089  55.911 0.2222220004
114768  40.019  9.003  56.489 0.2222220004
59753  38.498  8.912  56.311 0.3333329856
59684  36.815  7.967  62.108 0.2222220004
59730  42.153  8.919  57.184 0.1111110002
60722  38.905  9.710  57.625 0.2222220004
60723  37.826  9.692  57.797 0.3333329856
59750  41.664  8.967  56.532 0.1111110002
59751  40.784  9.014  56.496 0.2222220004
59732  40.375  9.240  57.058 0.2222220004
59731  41.277  9.105  57.139 0.1111110002
60707  37.461  9.829  58.708 0.3333329856
60720  40.896  9.602  57.630 0.1111110002
60721  39.929  9.696  57.588 0.1111110002
60690  38.071  10.156  59.245 0.3333329856
60706  38.492  10.009  58.435 0.2222220004
61625  37.748  10.210  59.907 0.2222220004
60689  39.068  10.228  59.109 0.2222220004
60705  39.503  10.059  58.324 0.1111110002
107908  20.127  -10.275  77.136 0.6666669846
48013  22.086  -4.147  75.863 0.6666669846
46175  37.280  -6.692  70.816 0.4444440007
46195  40.386  -6.496  69.501 0.4444440007
50658  25.072  -0.916  74.819 0.3333329856
58763  37.290  7.049  62.571 0.2222220004
58857  35.797  7.324  54.853 0.6666669846
39014  19.589  -13.554  76.694 0.6666669846
48850  22.355  -3.449  76.256 0.2222220004
50678  23.792  -1.652  74.827 0.5555559993
44060  20.312  -9.003  77.976 0.4444440007
106342  40.061  -2.389  68.947 0.2222220004
58864  36.611  7.280  53.645 0.7777780294
113573  37.416  7.098  52.568 0.7777780294
56094  38.254  4.839  63.794 0.4444440007
59794  38.870  8.639  54.618 0.6666669846
59808  37.733  8.293  53.329 0.7777780294
59805  39.847  9.086  53.686 0.5555559993
59807  38.187  8.436  52.784 0.6666669846
60791  39.616  9.341  51.788 0.7777780294
59840  40.345  8.549  50.294 0.7777780294
60813  40.524  9.350  50.199 0.7777780294
110414  40.390  9.808  50.778 0.7777780294
57876  38.683  5.817  63.906 0.3333329856
99703  40.690  9.335  54.117 0.4444440007
59804  41.626  9.608  54.370 0.4444440007
59791  42.182  9.418  55.069 0.3333329856
59773  40.493  8.940  55.231 0.4444440007
113698  37.742  8.735  55.718 0.5555559993
113956  36.960  8.659  55.958 0.3333329856
117094  40.292  9.452  53.362 0.5555559993
60790  40.289  9.733  52.600 0.5555559993
60824  41.181  9.558  49.542 0.7777780294
61716  41.427  10.843  50.869 0.7777780294
60804  40.852  10.377  51.312 0.7777780294
59771  42.243  9.324  55.678 0.1111110002
60768  46.266  9.461  53.741 0.1111110002
61687  46.852  9.906  53.259 0.1111110002
60784  46.095  9.712  52.837 0.1111110002
117031  44.223  9.558  53.913 0.5555559993
60770  44.700  9.644  53.451 0.4444440007
60772  43.143  10.009  53.711 0.5555559993
59802  43.569  9.642  54.167 0.5555559993
59803  42.659  9.683  54.366 0.3333329856
61695  45.663  10.058  52.398 0.2222220004
60786  44.486  10.110  53.045 0.4444440007
61696  44.933  10.423  52.397 0.2222220004
61697  44.010  10.657  52.577 0.5555559993
61714  43.375  11.112  51.915 0.5555559993
61727  42.095  11.290  50.405 0.7777780294
62615  42.919  11.768  50.491 0.7777780294
62623  42.463  11.538  49.732 0.7777780294
59733  39.339  9.217  56.889 0.3333329856
61743  42.582  11.326  48.952 0.7777780294
32785  15.598  -21.729  81.308 0.1111110002
33619  15.463  -20.891  81.195 0.1111110002
31966  15.270  -22.456  79.908 0.1111110002
34402  17.176  -19.190  82.211 0.3333329856
34425  14.669  -19.320  78.545 0.1111110002
35864  14.587  -17.713  78.885 0.1111110002
35157  14.663  -18.557  78.959 0.1111110002
35853  14.775  -17.267  79.274 0.2222220004
39856  22.425  -12.833  83.365 0.1111110002
40831  22.536  -12.065  83.789 0.1111110002
42937  23.405  -9.882  83.017 0.1111110002
41850  22.925  -10.542  83.551 0.1111110002
107140  22.840  -11.362  83.257 0.1111110002
41861  23.140  -10.740  82.741 0.1111110002
42949  23.537  -10.257  82.124 0.1111110002
41875  23.199  -11.012  81.986 0.1111110002
40840  22.946  -11.392  82.526 0.1111110002
40852  22.938  -11.747  81.925 0.1111110002
41874  23.564  -10.636  81.260 0.1111110002
39901  18.877  -12.021  79.667 0.4444440007
42948  23.757  -9.437  82.277 0.1111110002
40865  19.117  -11.231  80.038 0.2222220004
105220  18.891  -10.925  80.924 0.2222220004
116822  23.761  -10.168  80.886 0.1111110002
41892  23.739  -10.550  80.361 0.1111110002
40877  19.376  -11.512  79.134 0.4444440007
41904  23.782  -10.737  79.469 0.1111110002
45003  24.419  -8.300  82.019 0.1111110002
44015  23.932  -8.715  82.479 0.1111110002
45002  24.836  -7.808  81.537 0.1111110002
44028  23.991  -8.900  81.681 0.1111110002
42958  23.817  -9.741  81.384 0.1111110002
41894  19.302  -10.409  80.292 0.1111110002
45018  24.872  -7.932  80.704 0.1111110002
44043  24.646  -8.630  80.399 0.1111110002
42981  23.979  -9.959  79.719 0.1111110002
44053  24.700  -8.753  79.596 0.1111110002
44059  24.434  -9.429  79.200 0.1111110002
107559  26.056  -6.329  80.460 0.1111110002
46041  25.258  -7.336  81.030 0.1111110002
46054  25.774  -6.947  79.805 0.1111110002
46055  25.322  -7.489  80.206 0.1111110002
45032  24.898  -8.064  79.885 0.1111110002
104504  25.875  -6.905  78.888 0.1111110002
46069  25.357  -7.626  79.253 0.1111110002
45045  25.552  -7.523  78.287 0.1111110002
45046  24.993  -8.117  78.505 0.1111110002
44058  24.741  -8.793  78.783 0.1111110002
42992  24.487  -9.498  78.274 0.1111110002
45079  25.287  -8.051  76.763 0.1111110002
103826  24.896  -8.761  76.999 0.1111110002
44065  24.814  -8.784  77.920 0.1111110002
120491  24.849  -8.507  75.300 0.1111110002
47041  26.278  -6.362  79.457 0.1111110002
47040  26.789  -5.868  79.088 0.1111110002
46125  36.507  -6.534  74.363 0.2222220004
106618  26.433  -6.267  77.678 0.1111110002
46068  25.970  -6.816  77.993 0.1111110002
107120  26.435  -6.186  76.848 0.1111110002
45061  25.665  -7.447  77.401 0.1111110002
46127  34.908  -6.153  74.160 0.4444440007
45094  25.759  -7.101  75.544 0.2222220004
45105  25.563  -7.389  74.447 0.3333329856
45095  25.292  -7.950  75.868 0.1111110002
104160  25.146  -7.960  74.942 0.4444440007
46067  30.416  -6.182  78.199 0.2222220004
47038  29.325  -5.542  79.134 0.1111110002
47039  28.648  -5.227  79.763 0.1111110002
117013  30.048  -5.895  78.870 0.2222220004
99676  28.390  -5.327  78.918 0.1111110002
46084  30.466  -6.209  77.330 0.2222220004
47068  29.804  -5.903  77.553 0.2222220004
118462  28.918  -5.472  78.414 0.1111110002
99891  28.175  -5.347  77.997 0.1111110002
47996  27.223  -5.531  78.827 0.1111110002
47987  27.147  -5.400  79.587 0.1111110002
45104  38.017  -7.058  74.768 0.1111110002
47082  29.914  -6.010  76.659 0.2222220004
117916  29.292  -5.669  77.110 0.2222220004
47070  28.569  -5.466  77.153 0.1111110002
100248  27.729  -5.424  77.171 0.1111110002
47055  26.826  -5.842  78.215 0.1111110002
47093  29.564  -5.820  75.744 0.2222220004
47083  29.033  -5.605  76.468 0.2222220004
47072  26.833  -5.811  77.354 0.1111110002
115992  26.855  -5.766  76.443 0.1111110002
46141  36.168  -6.326  73.697 0.3333329856
46126  35.692  -6.311  74.214 0.3333329856
47086  26.389  -6.185  76.088 0.1111110002
119747  25.926  -6.666  74.813 0.2222220004
45106  24.945  -8.073  73.985 0.5555559993
45089  39.550  -7.566  75.221 0.1111110002
45102  40.223  -7.521  74.576 0.1111110002
45103  38.871  -7.247  74.599 0.1111110002
46123  38.352  -6.938  73.926 0.1111110002
46124  37.444  -6.719  74.125 0.2222220004
47084  28.162  -5.475  76.450 0.1111110002
47085  27.407  -5.514  76.442 0.1111110002
47096  26.647  -5.908  75.560 0.2222220004
100651  36.865  -6.520  73.525 0.3333329856
116610  27.437  -5.562  75.212 0.3333329856
47095  26.949  -5.694  74.981 0.4444440007
99781  36.322  -6.304  72.922 0.4444440007
47112  26.861  -5.750  74.092 0.4444440007
100441  35.459  -6.083  73.421 0.4444440007
46144  25.735  -6.743  73.089 0.6666669846
46157  35.596  -6.002  72.488 0.4444440007
45116  25.335  -7.392  73.537 0.5555559993
112407  39.541  -7.358  74.415 0.1111110002
99908  37.744  -6.757  73.154 0.2222220004
114938  37.042  -6.546  72.861 0.4444440007
117617  36.825  -6.480  72.370 0.4444440007
47133  34.971  -5.725  72.008 0.4444440007
45088  40.563  -7.682  75.458 0.1111110002
45087  41.570  -7.633  75.349 0.1111110002
45115  39.179  -7.171  73.852 0.1111110002
46156  37.451  -6.678  72.313 0.4444440007
46177  35.666  -6.007  71.604 0.4444440007
100478  37.007  -6.564  71.688 0.4444440007
103556  36.307  -6.262  72.030 0.4444440007
45086  42.416  -7.517  75.180 0.1111110002
45100  41.929  -7.606  74.584 0.1111110002
107154  40.693  -7.498  73.880 0.1111110002
46140  39.590  -7.251  73.282 0.1111110002
100019  38.251  -6.932  72.265 0.1111110002
46107  44.079  -6.535  75.862 0.1111110002
46092  43.490  -6.811  76.170 0.1111110002
112376  43.665  -6.884  75.394 0.1111110002
45099  43.110  -7.260  74.918 0.1111110002
50645  24.305  -0.906  75.988 0.2222220004
116809  42.578  -7.449  74.548 0.1111110002
45113  41.517  -7.552  73.890 0.1111110002
46139  40.302  -7.376  73.190 0.1111110002
46155  39.778  -7.255  72.466 0.1111110002
109253  26.835  -1.109  74.276 0.1111110002
119285  39.006  -7.154  72.138 0.1111110002
100108  37.818  -6.822  71.507 0.3333329856
46174  38.681  -7.035  71.427 0.2222220004
48027  45.780  -4.767  74.180 0.1111110002
106774  45.586  -4.987  74.931 0.1111110002
48021  45.113  -5.597  75.305 0.1111110002
108467  45.113  -5.261  76.361 0.1111110002
50633  24.382  -0.617  76.917 0.2222220004
48034  45.842  -4.438  73.252 0.1111110002
47103  44.797  -5.918  74.542 0.1111110002
46106  44.420  -6.414  75.125 0.1111110002
51572  24.985  -0.379  76.170 0.2222220004
48041  45.499  -4.328  72.353 0.1111110002
48035  45.249  -5.080  73.546 0.1111110002
48028  45.269  -5.393  74.371 0.1111110002
46121  43.734  -6.836  74.563 0.1111110002
51580  25.644  -0.475  75.474 0.1111110002
51581  24.843  -0.690  75.502 0.2222220004
117001  45.013  -3.733  71.168 0.1111110002
48042  44.852  -4.780  72.191 0.1111110002
47131  44.683  -5.419  72.805 0.1111110002
47118  44.072  -6.033  73.273 0.1111110002
46137  43.615  -6.719  73.649 0.1111110002
46122  43.043  -7.150  74.123 0.1111110002
51579  26.666  -0.644  75.161 0.1111110002
51590  25.927  -0.883  74.585 0.1111110002
49814  45.341  -3.109  70.963 0.1111110002
103197  44.999  -4.239  71.649 0.1111110002
47152  44.256  -5.215  71.922 0.1111110002
47132  43.886  -5.822  72.346 0.1111110002
46138  42.765  -7.054  73.199 0.1111110002
45122  41.919  -7.398  73.208 0.1111110002
50675  26.097  -1.171  73.908 0.1111110002
50676  25.297  -1.220  73.979 0.2222220004
49842  44.384  -2.646  69.535 0.1111110002
48929  44.404  -3.192  69.990 0.1111110002
48063  44.425  -4.249  70.912 0.1111110002
48064  43.585  -4.646  70.348 0.1111110002
46152  42.706  -6.715  72.259 0.1111110002
117146  42.194  -7.124  72.589 0.1111110002
46154  40.726  -7.310  72.491 0.1111110002
46172  40.488  -7.094  71.623 0.1111110002
50693  26.618  -1.297  73.395 0.1111110002
48930  43.925  -3.317  69.528 0.1111110002
48915  44.072  -3.816  70.148 0.1111110002
116170  40.792  -6.808  70.901 0.1111110002
46173  39.539  -7.128  71.519 0.1111110002
49843  43.821  -2.751  68.984 0.1111110002
48077  43.488  -4.020  69.561 0.1111110002
48049  43.944  -4.925  71.194 0.1111110002
47153  43.627  -5.554  71.538 0.1111110002
47175  43.423  -5.291  70.882 0.1111110002
46169  43.209  -6.155  71.886 0.1111110002
46170  42.539  -6.422  71.438 0.1111110002
47176  42.909  -5.403  70.342 0.2222220004
46183  42.319  -6.152  70.560 0.1111110002
46184  41.460  -6.532  70.516 0.1111110002
48078  42.831  -4.765  69.492 0.1111110002
47188  42.281  -5.622  69.753 0.2222220004
46193  41.806  -6.153  69.946 0.1111110002
46206  40.934  -6.158  68.999 0.3333329856
56110  42.636  4.711  61.515 0.1111110002
56118  42.251  5.076  60.839 0.1111110002
55312  40.663  3.677  54.477 0.6666669846
104939  39.982  3.840  54.369 0.7777780294
56234  40.740  4.084  53.191 0.6666669846
56236  39.216  4.344  53.340 0.7777780294
119899  41.070  4.393  52.661 0.6666669846
56248  40.328  4.494  52.620 0.6666669846
56237  38.421  4.721  53.171 0.6666669846
57129  40.868  4.817  52.155 0.6666669846
106128  40.080  5.040  52.099 0.6666669846
57130  39.286  5.552  52.023 0.6666669846
57131  38.473  5.428  52.449 0.6666669846
57132  37.667  6.229  52.475 0.6666669846
57990  38.514  6.279  51.950 0.6666669846
120552  40.778  5.755  51.339 0.6666669846
57999  39.346  6.338  51.575 0.6666669846
58000  38.714  7.219  51.612 0.6666669846
58871  38.175  7.927  52.055 0.6666669846
58872  37.943  7.092  52.101 0.6666669846
57996  46.573  5.963  51.565 0.5555559993
57138  45.369  5.544  51.818 0.5555559993
57140  43.715  5.435  51.488 0.6666669846
58009  46.617  6.295  50.814 0.5555559993
57997  45.924  5.889  51.298 0.5555559993
57152  44.224  5.841  50.945 0.6666669846
57153  43.324  5.872  50.849 0.6666669846
57155  41.488  5.843  51.045 0.6666669846
58015  40.697  6.858  50.611 0.6666669846
58880  39.252  7.766  51.166 0.6666669846
59817  38.514  8.555  52.284 0.5555559993
58012  43.870  6.330  50.325 0.5555559993
104455  42.308  6.613  50.231 0.6666669846
58014  41.541  6.538  50.487 0.6666669846
58011  44.757  6.310  50.439 0.5555559993
58025  44.382  6.805  49.817 0.5555559993
58893  40.444  7.691  50.413 0.6666669846
58894  39.791  8.213  50.753 0.6666669846
58027  42.697  7.014  49.737 0.6666669846
58892  41.133  7.342  50.157 0.6666669846
59850  40.902  8.684  49.744 0.6666669846
58909  42.280  7.804  49.315 0.6666669846
58028  41.900  7.184  49.918 0.6666669846
58910  41.409  7.926  49.676 0.6666669846
59789  43.957  9.337  54.567 0.1111110002
58022  47.783  6.852  49.961 0.4444440007
105991  47.082  6.971  49.693 0.4444440007
106567  47.062  6.672  50.228 0.5555559993
58023  46.311  6.793  49.929 0.5555559993
58024  45.291  6.786  49.879 0.6666669846
105404  45.761  7.314  49.213 0.5555559993
58026  43.520  6.871  49.745 0.6666669846
59868  42.353  8.625  48.902 0.6666669846
58908  43.168  7.475  49.245 0.6666669846
60758  44.735  9.324  54.001 0.3333329856
58903  48.318  7.171  49.362 0.3333329856
58904  47.573  7.242  49.214 0.4444440007
113780  41.839  9.251  49.008 0.6666669846
117134  46.185  7.573  48.851 0.5555559993
117144  45.214  7.712  48.836 0.6666669846
58930  43.622  7.966  48.776 0.6666669846
58931  42.901  8.076  48.909 0.6666669846
116775  49.559  7.259  49.795 0.3333329856
58901  49.780  7.317  49.187 0.3333329856
120353  48.703  7.301  48.999 0.3333329856
107123  42.451  9.443  48.684 0.6666669846
58924  49.183  7.453  48.633 0.3333329856
58925  48.254  7.512  48.644 0.3333329856
58926  47.312  7.700  48.532 0.4444440007
59864  46.053  8.307  48.033 0.6666669846
59866  44.079  8.651  48.249 0.6666669846
59867  43.107  8.696  48.564 0.6666669846
59865  45.145  8.309  48.275 0.6666669846
58929  44.492  7.848  48.760 0.6666669846
62607  43.802  11.470  51.339 0.5555559993
62614  43.773  12.052  50.495 0.6666669846
63511  43.536  12.329  48.936 0.5555559993
62622  43.072  12.055  49.554 0.6666669846
60854  45.824  10.020  46.711 0.6666669846
103823  44.425  10.070  47.442 0.6666669846
62631  43.151  11.739  48.548 0.5555559993
58943  50.503  7.680  47.848 0.2222220004
59882  49.222  8.288  47.306 0.4444440007
59883  48.379  8.411  47.358 0.5555559993
59901  47.017  8.972  47.072 0.6666669846
60840  45.506  9.596  47.184 0.6666669846
60842  43.774  10.324  47.744 0.6666669846
61742  43.072  10.802  48.257 0.6666669846
58923  50.080  7.477  48.495 0.2222220004
58944  49.639  7.778  47.888 0.3333329856
58945  48.765  7.885  47.943 0.3333329856
59863  46.966  8.293  47.838 0.6666669846
59885  45.559  8.934  47.603 0.6666669846
59886  44.778  8.953  47.845 0.6666669846
109994  43.251  9.662  48.182 0.6666669846
63523  44.205  12.711  48.810 0.5555559993
63526  44.213  12.553  47.791 0.4444440007
106975  44.600  13.047  48.255 0.4444440007
58951  53.434  7.722  46.852 0.2222220004
58941  52.425  7.557  47.705 0.2222220004
58953  51.863  7.805  47.101 0.2222220004
61751  45.420  10.920  46.429 0.6666669846
61752  44.690  11.337  46.877 0.5555559993
62635  44.525  12.320  46.970 0.5555559993
59881  50.087  8.140  47.234 0.4444440007
59899  48.784  8.852  46.770 0.5555559993
60853  46.643  9.708  46.537 0.6666669846
61750  46.248  10.520  46.110 0.6666669846
116944  51.845  8.639  46.016 0.2222220004
59908  51.076  9.018  45.917 0.3333329856
60851  50.104  9.168  46.081 0.4444440007
60852  49.210  9.297  46.170 0.5555559993
61749  47.170  10.146  45.922 0.5555559993
63525  44.663  13.072  47.425 0.5555559993
59893  54.679  8.022  46.516 0.1111110002
58939  54.179  7.615  47.168 0.1111110002
63528  45.035  12.938  46.622 0.5555559993
60864  54.691  9.232  45.414 0.1111110002
59906  53.418  8.520  45.803 0.1111110002
59907  52.566  8.578  45.852 0.1111110002
110499  52.232  8.132  46.437 0.2222220004
62633  45.882  11.518  45.849 0.5555559993
60874  55.117  9.881  44.918 0.2222220004
60865  53.826  9.122  45.289 0.1111110002
60867  51.955  9.197  45.400 0.2222220004
60869  49.643  9.738  45.595 0.5555559993
60870  48.784  9.864  45.662 0.5555559993
61763  47.565  10.739  45.352 0.5555559993
61764  46.703  11.067  45.527 0.5555559993
103936  55.987  10.555  43.816 0.2222220004
105711  55.558  10.317  44.331 0.2222220004
60875  54.257  9.769  44.805 0.1111110002
60876  53.376  9.698  44.738 0.2222220004
105753  51.191  9.548  45.300 0.4444440007
61760  50.057  10.222  45.077 0.5555559993
61762  48.403  10.505  45.231 0.5555559993
62638  47.188  11.656  45.050 0.5555559993
61780  49.649  10.792  44.621 0.5555559993
64313  45.755  13.547  46.607 0.4444440007
115519  45.771  12.699  45.932 0.5555559993
62639  46.413  12.101  45.364 0.5555559993
111487  56.098  10.740  43.115 0.1111110002
61788  55.253  10.616  43.459 0.2222220004
61789  54.280  10.617  43.452 0.2222220004
61776  52.929  10.190  44.136 0.2222220004
61777  52.058  10.302  44.235 0.3333329856
61778  51.224  10.446  44.336 0.5555559993
61781  48.843  10.970  44.718 0.5555559993
62637  48.017  11.268  44.850 0.5555559993
62664  58.582  11.393  42.410 0.1111110002
62665  57.073  10.842  41.869 0.1111110002
61798  55.488  10.812  42.646 0.1111110002
62656  52.799  11.089  43.012 0.3333329856
61792  51.616  10.865  43.729 0.4444440007
62647  50.044  11.240  44.063 0.5555559993
62648  49.294  11.454  44.265 0.5555559993
62661  48.518  11.769  44.400 0.4444440007
62649  47.704  12.231  44.608 0.4444440007
62667  55.273  10.935  41.939 0.2222220004
61800  53.820  10.985  42.856 0.2222220004
62657  51.995  11.258  43.096 0.4444440007
100002  58.051  10.907  40.835 0.1111110002
65166  47.627  14.454  45.614 0.3333329856
64312  47.026  14.265  46.393 0.3333329856
64316  46.950  13.755  45.313 0.4444440007
64317  46.327  13.609  46.036 0.4444440007
64320  47.989  13.726  44.223 0.4444440007
64321  47.519  13.273  44.607 0.4444440007
63530  46.933  12.692  44.952 0.4444440007
63531  46.400  13.014  45.445 0.4444440007
119385  48.996  12.142  44.046 0.5555559993
63533  48.312  12.799  44.143 0.4444440007
62671  51.522  11.887  42.519 0.5555559993
62658  51.155  11.407  43.205 0.5555559993
62660  49.650  11.955  43.721 0.5555559993
62704  59.021  10.969  39.908 0.1111110002
101600  58.209  10.912  40.029 0.1111110002
62691  57.383  10.928  40.151 0.1111110002
62680  56.413  10.918  41.227 0.2222220004
112907  54.636  11.140  41.850 0.2222220004
62669  53.222  11.295  42.427 0.3333329856
62670  52.416  11.557  42.483 0.5555559993
62689  59.675  11.413  40.487 0.1111110002
62690  58.863  11.126  40.683 0.1111110002
65176  48.263  14.725  44.987 0.3333329856
64325  48.607  13.653  43.784 0.4444440007
118910  50.499  13.120  42.497 0.4444440007
63535  50.082  12.621  43.057 0.5555559993
63536  49.138  12.786  43.622 0.5555559993
63543  50.857  12.512  42.435 0.5555559993
62692  56.568  11.066  40.390 0.2222220004
62681  55.019  11.341  41.207 0.2222220004
62682  54.221  11.539  41.476 0.2222220004
62684  52.827  11.791  41.979 0.4444440007
63541  52.201  12.185  41.959 0.5555559993
62723  60.061  10.949  38.692 0.1111110002
105244  59.087  10.817  39.113 0.1111110002
62707  55.964  11.591  39.907 0.2222220004
62693  54.450  11.857  40.906 0.3333329856
62694  53.746  12.110  41.081 0.4444440007
63549  52.867  12.337  41.361 0.5555559993
62741  59.686  10.889  37.713 0.2222220004
62724  58.265  10.969  38.730 0.2222220004
62705  57.630  11.060  39.289 0.2222220004
62706  56.768  11.296  39.578 0.2222220004
63556  55.042  11.861  40.302 0.2222220004
63593  58.490  11.840  36.116 0.4444440007
63584  58.259  11.598  36.980 0.3333329856
116293  58.806  11.140  37.508 0.3333329856
62743  58.026  11.316  37.871 0.4444440007
64327  50.635  13.805  42.296 0.4444440007
64330  52.118  13.695  41.075 0.4444440007
116879  51.514  13.362  41.612 0.4444440007
63558  53.300  12.838  40.597 0.4444440007
63550  52.077  12.847  41.416 0.4444440007
62725  57.586  11.298  38.523 0.3333329856
63563  56.185  11.893  39.094 0.3333329856
63564  55.390  12.222  39.424 0.3333329856
63557  54.149  12.371  40.401 0.3333329856
63585  57.439  12.010  37.254 0.4444440007
63574  57.156  11.789  38.026 0.3333329856
63575  56.398  12.188  38.299 0.3333329856
100399  55.664  12.579  38.644 0.4444440007
63565  54.587  12.608  39.707 0.3333329856
65202  53.485  14.518  39.571 0.4444440007
65196  52.560  14.358  40.595 0.4444440007
64350  54.508  13.735  38.643 0.4444440007
64338  53.609  13.779  39.644 0.4444440007
64333  53.315  13.481  40.142 0.4444440007
63586  56.653  12.484  37.512 0.4444440007
64336  54.943  12.969  39.001 0.4444440007
63604  57.861  12.526  35.634 0.4444440007
63594  57.684  12.268  36.454 0.4444440007
64374  57.334  13.231  35.263 0.4444440007
66924  54.428  17.024  40.531 0.1111110002
66933  54.127  16.543  39.003 0.2222220004
66925  53.746  16.327  39.757 0.3333329856
66059  54.288  15.546  38.255 0.2222220004
65212  53.798  14.851  39.103 0.4444440007
66040  53.209  15.732  40.310 0.4444440007
109572  54.186  14.684  38.494 0.4444440007
111403  53.039  14.887  40.122 0.4444440007
64359  56.176  13.348  36.988 0.4444440007
64349  55.178  13.321  38.243 0.4444440007
65242  57.216  14.400  34.277 0.3333329856
64367  56.644  13.362  36.338 0.4444440007
64348  55.891  12.917  37.843 0.4444440007
66932  55.150  17.334  40.188 0.1111110002
115375  54.389  17.019  39.699 0.1111110002
102265  55.019  17.084  37.814 0.1111110002
66942  54.441  16.436  38.333 0.2222220004
66950  55.195  16.355  37.001 0.2222220004
66058  54.714  15.784  37.508 0.2222220004
66064  55.923  15.818  35.981 0.2222220004
65228  55.430  15.338  36.657 0.2222220004
65219  55.057  14.681  37.352 0.2222220004
65211  54.784  14.155  37.984 0.4444440007
103445  55.997  14.953  36.027 0.2222220004
117760  55.783  14.659  36.426 0.3333329856
65218  55.663  14.278  36.855 0.3333329856
64360  55.436  13.742  37.519 0.4444440007
65250  57.461  14.763  33.490 0.3333329856
65243  56.723  14.885  34.808 0.1111110002
65235  56.467  14.498  35.517 0.2222220004
65227  56.183  14.101  36.246 0.4444440007
67623  55.843  17.580  39.759 0.1111110002
67636  55.729  17.685  38.701 0.1111110002
66941  54.832  17.299  39.057 0.1111110002
67645  55.791  17.684  37.797 0.1111110002
66957  55.568  16.291  36.462 0.2222220004
66964  56.354  16.304  35.366 0.2222220004
66070  56.306  15.362  35.381 0.2222220004
106815  56.688  17.610  40.338 0.1111110002
67614  56.025  17.437  40.737 0.1111110002
67622  56.639  17.817  39.382 0.1111110002
67635  56.517  18.018  38.367 0.1111110002
67643  57.161  18.290  36.905 0.1111110002
67644  56.375  17.996  37.352 0.1111110002
67651  57.327  18.104  36.007 0.1111110002
66949  55.692  17.172  36.935 0.1111110002
67660  57.782  17.812  35.062 0.1111110002
67661  56.734  17.249  35.559 0.1111110002
67652  56.463  17.669  36.427 0.1111110002
67666  57.762  17.159  34.161 0.1111110002
66971  56.648  15.820  34.688 0.2222220004
67634  57.254  18.324  37.881 0.1111110002
62701  62.002  12.615  38.963 0.1111110002
62721  62.331  12.553  38.114 0.1111110002
62762  59.291  11.178  36.752 0.3333329856
62722  61.234  11.588  38.487 0.1111110002
41893  23.379  -11.296  80.663 0.1111110002
42993  23.982  -10.201  78.727 0.1111110002
43002  24.577  -9.520  77.300 0.1111110002
106019  28.114  -5.532  75.028 0.2222220004
107973  35.655  -6.058  70.808 0.5555559993
46194  41.172  -6.350  69.729 0.2222220004
47189  41.625  -5.857  69.325 0.2222220004
56238  37.492  5.018  53.441 0.6666669846
55326  39.575  4.008  53.861 0.7777780294
116515  41.198  -7.097  71.956 0.1111110002
46185  40.625  -6.655  70.246 0.2222220004
57117  37.789  5.387  52.861 0.6666669846
59816  38.993  8.934  52.082 0.5555559993
59828  39.290  8.629  51.307 0.6666669846
60688  40.019  10.384  58.965 0.1111110002
36501  15.036  -16.079  79.619 0.2222220004
105162  42.484  10.391  48.708 0.6666669846
109899  43.427  9.266  55.230 0.1111110002
101156  18.340  -12.512  80.127 0.2222220004
39889  18.544  -11.730  80.675 0.2222220004
42970  23.931  -9.769  80.537 0.1111110002
44027  24.552  -8.473  81.216 0.1111110002
44044  24.138  -9.099  80.873 0.1111110002
44054  24.372  -9.292  80.059 0.1111110002
46040  25.633  -6.959  80.565 0.1111110002
108351  24.902  -8.236  79.196 0.1111110002
45062  25.173  -8.096  77.653 0.1111110002
44071  24.869  -8.655  76.065 0.1111110002
114639  31.100  -6.439  78.527 0.2222220004
47056  26.403  -6.348  78.542 0.1111110002
46085  26.017  -6.719  77.144 0.1111110002
46101  26.047  -6.626  76.352 0.1111110002
45078  25.708  -7.336  76.525 0.1111110002
46053  30.693  -6.253  79.147 0.2222220004
47053  29.610  -5.747  78.313 0.2222220004
47995  27.616  -5.318  78.748 0.1111110002
47069  29.071  -5.553  77.748 0.1111110002
47054  27.302  -5.492  77.906 0.1111110002
47071  27.195  -5.561  77.073 0.1111110002
119866  26.093  -6.508  75.862 0.2222220004
46131  25.903  -6.724  74.013 0.3333329856
107943  26.179  -6.323  75.431 0.2222220004
100985  27.769  -5.516  75.766 0.3333329856
101387  27.135  -5.591  75.736 0.2222220004
101412  26.365  -6.092  74.670 0.5555559993
45114  39.917  -7.324  73.867 0.1111110002
99847  38.830  -7.054  73.024 0.1111110002
45101  41.083  -7.622  74.623 0.1111110002
47080  44.600  -6.024  76.034 0.1111110002
45112  42.313  -7.456  73.913 0.1111110002
45123  41.111  -7.468  73.191 0.1111110002
47117  44.775  -5.743  73.767 0.1111110002
107624  45.231  -4.814  72.831 0.1111110002
47104  44.298  -6.349  74.155 0.1111110002
48048  44.519  -4.712  71.541 0.1111110002
46151  43.441  -6.509  72.726 0.1111110002
46153  41.520  -7.263  72.544 0.1111110002
104636  41.950  -6.907  71.853 0.1111110002
46171  41.315  -6.828  71.313 0.1111110002
47154  42.995  -5.830  71.101 0.1111110002
106190  41.963  -6.622  71.096 0.1111110002
55325  40.327  3.847  53.791 0.7777780294
56235  39.911  4.174  53.197 0.6666669846
56249  39.373  4.749  52.650 0.6666669846
120140  40.635  5.295  51.774 0.6666669846
56247  41.756  4.637  52.297 0.6666669846
57143  40.063  5.714  51.665 0.6666669846
57998  40.933  6.232  50.892 0.6666669846
104672  40.190  6.423  51.167 0.6666669846
115712  39.469  6.989  51.249 0.6666669846
58881  38.713  8.199  51.641 0.6666669846
57137  46.136  5.656  52.037 0.5555559993
57139  44.556  5.469  51.629 0.6666669846
57126  44.850  5.190  52.368 0.6666669846
58010  45.674  6.293  50.568 0.5555559993
57151  45.090  5.871  51.107 0.5555559993
57154  42.345  5.978  50.762 0.6666669846
111164  42.011  5.500  51.312 0.6666669846
58016  39.968  7.299  50.867 0.6666669846
58013  43.012  6.422  50.255 0.6666669846
115047  40.815  8.033  50.009 0.6666669846
58905  46.674  7.344  49.131 0.5555559993
58906  44.857  7.298  49.303 0.6666669846
59849  41.608  8.625  49.270 0.6666669846
58907  44.005  7.348  49.251 0.6666669846
58927  46.500  7.837  48.490 0.5555559993
58928  45.810  7.830  48.607 0.6666669846
58946  47.890  8.039  47.938 0.4444440007
60841  44.188  9.492  47.764 0.6666669846
106570  43.701  12.145  48.161 0.5555559993
59884  46.156  9.306  47.094 0.6666669846
61745  45.023  10.309  47.072 0.6666669846
104820  44.929  9.536  47.478 0.6666669846
61746  44.271  10.820  47.373 0.5555559993
61747  43.628  11.263  47.849 0.5555559993
59880  50.986  8.027  47.216 0.2222220004
59900  47.933  8.957  46.884 0.6666669846
115947  47.640  8.518  47.396 0.5555559993
116413  46.350  8.745  47.510 0.6666669846
62630  44.144  11.746  47.478 0.5555559993
58952  52.716  7.751  46.975 0.2222220004
58940  53.308  7.578  47.510 0.2222220004
59895  53.040  8.074  46.364 0.1111110002
62634  45.116  11.970  46.327 0.5555559993
59894  53.852  7.976  46.390 0.1111110002
59896  51.415  8.330  46.521 0.2222220004
59898  49.657  8.706  46.681 0.4444440007
111424  48.269  9.463  46.245 0.5555559993
103676  47.457  9.489  46.447 0.6666669846
60868  50.482  9.619  45.477 0.5555559993
59897  50.546  8.552  46.590 0.3333329856
60871  47.980  10.053  45.731 0.5555559993
114056  47.718  9.779  46.084 0.6666669846
59892  55.516  8.148  46.688 0.1111110002
59905  54.271  8.549  45.881 0.1111110002
59879  55.015  7.790  47.150 0.1111110002
60866  52.933  9.099  45.260 0.1111110002
61774  54.709  10.298  44.222 0.2222220004
61775  53.819  10.221  44.146 0.2222220004
60877  52.480  9.729  44.765 0.2222220004
60878  51.624  9.882  44.830 0.3333329856
60879  50.839  10.069  44.933 0.5555559993
61761  49.231  10.334  45.149 0.5555559993
61797  57.046  10.823  42.881 0.1111110002
61790  53.351  10.658  43.435 0.2222220004
61791  52.461  10.711  43.602 0.3333329856
61779  50.433  10.621  44.477 0.5555559993
61793  50.805  11.022  43.859 0.5555559993
100245  57.888  11.002  41.668 0.1111110002
62678  58.711  11.263  41.492 0.1111110002
62666  56.154  10.822  42.139 0.1111110002
61799  54.679  10.891  42.613 0.2222220004
62659  50.401  11.658  43.427 0.5555559993
62679  57.218  10.853  40.998 0.1111110002
62668  53.996  11.206  42.135 0.2222220004
109399  53.307  11.026  42.950 0.3333329856
64315  47.694  14.128  44.754 0.4444440007
62672  50.766  11.952  42.859 0.5555559993
62703  59.883  11.193  39.662 0.1111110002
110071  55.719  11.010  41.409 0.2222220004
100425  55.781  11.257  40.709 0.2222220004
62683  53.470  11.687  41.726 0.4444440007
64324  49.386  13.613  43.305 0.3333329856
64323  50.060  13.681  42.793 0.4444440007
105335  50.978  13.178  42.062 0.5555559993
63542  51.492  12.634  41.955 0.4444440007
115622  58.425  10.886  39.402 0.2222220004
62742  58.951  10.920  38.258 0.1111110002
62702  60.882  11.767  39.350 0.1111110002
119284  60.610  11.003  37.962 0.1111110002
112620  60.611  10.982  37.065 0.1111110002
62726  56.948  11.580  38.792 0.3333329856
103048  52.599  13.039  40.959 0.4444440007
64334  52.799  13.584  40.542 0.4444440007
63566  53.865  13.075  39.962 0.4444440007
64337  54.232  13.371  39.319 0.4444440007
65195  53.104  14.113  40.074 0.4444440007
63595  56.961  12.739  36.761 0.4444440007
64366  57.177  12.945  36.011 0.4444440007
114886  57.509  13.559  34.506 0.4444440007
64375  56.811  13.701  35.741 0.4444440007
66052  53.891  15.614  38.910 0.3333329856
117993  54.158  16.048  38.603 0.2222220004
66047  53.486  15.320  39.572 0.4444440007
64351  53.958  14.147  39.102 0.4444440007
65234  56.978  14.032  35.006 0.4444440007
65220  54.515  14.938  37.850 0.3333329856
66956  56.008  16.771  36.048 0.1111110002
66963  56.965  16.803  34.753 0.1111110002
66970  57.170  16.238  34.035 0.1111110002
112950  61.526  11.529  37.681 0.1111110002
34396  16.825  -20.000  82.485 0.1111110002
113658  18.251  -12.993  79.785 0.2222220004
39890  17.931  -12.319  80.863 0.1111110002
52413  25.828  0.587  78.665 0.1111110002
51558  25.235  0.174  77.933 0.1111110002
50623  24.361  -0.606  77.954 0.1111110002
118704  24.773  -0.252  77.440 0.1111110002
51571  25.763  -0.061  76.359 0.1111110002
41876  18.977  -10.092  81.227 0.1111110002
51532  25.235  0.138  80.470 0.1111110002
51541  25.178  0.123  79.689 0.1111110002
51533  24.644  -0.335  80.137 0.1111110002
51550  24.694  -0.243  78.603 0.1111110002
50624  23.700  -1.372  78.424 0.1111110002
49726  23.203  -2.037  77.984 0.1111110002
100672  25.947  0.379  77.133 0.1111110002
50598  24.169  -0.913  80.627 0.1111110002
50616  23.621  -1.432  79.342 0.1111110002
49710  22.663  -2.640  78.451 0.1111110002
48829  22.271  -3.278  78.059 0.1111110002
48840  21.992  -3.841  77.808 0.1111110002
56172  44.609  4.106  56.532 0.3333329856
55269  44.059  3.626  55.968 0.3333329856
55289  43.509  3.491  55.480 0.3333329856
55310  42.386  3.414  54.678 0.4444440007
55311  41.507  3.504  54.578 0.5555559993
56194  44.788  4.022  55.673 0.3333329856
112052  44.146  3.709  55.029 0.3333329856
100183  44.854  4.183  54.944 0.2222220004
56215  43.677  3.845  54.142 0.4444440007
55322  42.848  3.622  54.045 0.5555559993
55323  42.018  3.589  53.923 0.5555559993
116360  42.464  3.880  53.464 0.5555559993
112794  41.681  4.051  53.152 0.5555559993
105250  45.246  4.566  54.481 0.2222220004
57115  46.364  5.421  53.611 0.2222220004
57116  45.694  4.977  53.915 0.3333329856
116703  44.619  4.570  53.513 0.3333329856
56232  43.172  4.062  53.431 0.4444440007
56233  42.540  4.318  52.850 0.5555559993
108579  45.832  5.237  53.215 0.2222220004
56230  45.152  4.948  53.182 0.4444440007
56246  42.660  4.890  52.193 0.5555559993
57124  46.319  5.543  52.811 0.2222220004
57123  46.944  5.900  52.260 0.3333329856
57125  45.611  5.347  52.567 0.4444440007
57128  43.330  5.126  52.029 0.5555559993
56255  42.110  5.134  51.772 0.5555559993
114143  47.614  6.268  52.034 0.2222220004
57995  47.197  6.233  51.473 0.4444440007
108510  47.927  6.527  51.437 0.4444440007
58007  48.361  6.804  50.674 0.3333329856
58021  48.513  7.003  49.921 0.2222220004
58900  51.057  7.594  49.673 0.1111110002
111369  50.197  7.395  49.774 0.2222220004
101909  51.919  7.679  49.322 0.1111110002
104050  51.334  7.492  48.813 0.1111110002
112549  50.791  7.498  48.431 0.1111110002
58942  51.441  7.553  47.931 0.1111110002
58921  53.060  7.560  48.297 0.1111110002
62620  44.827  12.645  49.781 0.4444440007
62621  43.952  12.441  49.699 0.4444440007
64304  45.369  13.517  47.358 0.2222220004
65184  48.332  14.340  44.230 0.3333329856
35119  17.697  -18.701  82.778 0.2222220004
117605  16.411  -20.227  82.013 0.1111110002
33610  16.457  -20.963  82.196 0.1111110002
38969  17.732  -13.049  80.306 0.1111110002
41907  19.540  -10.704  79.385 0.3333329856
49727  22.709  -2.709  77.574 0.1111110002
105090  35.231  -6.391  74.820 0.3333329856
106084  25.169  -0.086  76.983 0.1111110002
55324  41.156  3.708  53.822 0.5555559993
57142  41.374  5.263  51.655 0.5555559993
57141  42.781  5.410  51.473 0.5555559993
57127  44.048  5.093  52.175 0.5555559993
58008  47.495  6.542  50.759 0.4444440007
58902  49.023  7.208  49.432 0.2222220004
58020  49.053  7.091  50.206 0.2222220004
105341  50.556  7.396  49.059 0.1111110002
64303  46.214  13.861  47.470 0.3333329856
105979  46.392  13.993  46.755 0.2222220004
39877  18.042  -11.703  81.435 0.1111110002
51549  25.190  0.165  78.917 0.1111110002
50615  24.177  -0.796  78.902 0.1111110002
51542  24.637  -0.298  79.333 0.1111110002
50608  24.115  -0.861  79.767 0.1111110002
55290  42.752  3.413  55.449 0.3333329856
55309  43.258  3.472  54.786 0.4444440007
55291  41.842  3.480  55.401 0.4444440007
56214  44.524  4.237  54.198 0.3333329856
57103  46.344  5.279  54.424 0.2222220004
57102  47.008  5.693  54.099 0.2222220004
101383  45.053  4.647  53.855 0.3333329856
56213  45.809  4.874  54.662 0.2222220004
56244  44.366  4.751  52.881 0.5555559993
56231  43.982  4.310  53.462 0.3333329856
56245  43.456  4.613  52.699 0.5555559993
57114  47.007  5.774  53.204 0.2222220004
57989  47.669  6.152  52.775 0.1111110002
57982  48.370  6.478  53.244 0.1111110002
104552  48.333  6.572  52.219 0.2222220004
57994  48.560  6.782  51.444 0.2222220004
58891  49.704  7.307  50.425 0.1111110002
43998  30.571  -7.887  83.445 0.1111110002
112689  37.350  -7.493  76.176 0.1111110002
45057  36.468  -7.671  77.223 0.1111110002
100668  35.987  -7.995  78.829 0.1111110002
45961  33.452  -6.234  85.433 0.1111110002
46109  37.155  -6.863  74.957 0.1111110002
45092  36.896  -7.098  75.702 0.1111110002
45058  35.602  -7.500  77.452 0.2222220004
45042  34.521  -7.553  78.532 0.2222220004
45031  33.573  -7.425  79.603 0.1111110002
46037  33.399  -7.049  81.282 0.1111110002
108092  33.330  -6.765  82.019 0.1111110002
45988  33.126  -6.156  83.666 0.1111110002
46110  36.372  -6.712  75.196 0.2222220004
45093  36.139  -6.911  75.925 0.2222220004
46096  34.500  -6.692  76.287 0.2222220004
45060  33.884  -7.188  77.967 0.2222220004
45043  33.712  -7.385  78.802 0.1111110002
45016  33.453  -7.338  80.444 0.1111110002
45948  30.106  -6.022  86.053 0.1111110002
43961  31.690  -7.109  85.637 0.1111110002
44937  31.602  -6.483  85.957 0.1111110002
45962  32.785  -5.864  85.748 0.1111110002
100871  32.006  -6.611  81.082 0.1111110002
46004  32.239  -6.021  83.027 0.1111110002
118846  32.382  -6.788  78.357 0.1111110002
46051  31.936  -6.721  79.392 0.1111110002
99698  32.016  -6.709  80.236 0.1111110002
46082  32.310  -6.677  77.691 0.2222220004
101750  31.822  -6.639  78.521 0.1111110002
42983  19.754  -9.794  79.601 0.1111110002
47931  30.491  -4.650  85.935 0.1111110002
105329  30.136  -4.705  86.625 0.1111110002
46949  30.433  -5.129  86.910 0.1111110002
47920  30.749  -4.889  86.598 0.1111110002
46961  31.261  -5.356  86.345 0.1111110002
45947  31.496  -5.893  86.209 0.1111110002
46982  31.637  -5.190  85.166 0.1111110002
109085  31.864  -5.448  84.388 0.1111110002
46990  31.578  -5.623  83.452 0.1111110002
47000  31.616  -5.938  82.627 0.1111110002
46039  31.498  -6.457  80.603 0.1111110002
47938  30.850  -4.786  85.065 0.1111110002
46991  30.736  -5.369  83.292 0.1111110002
47001  30.531  -5.524  82.379 0.1111110002
111151  31.116  -5.680  82.743 0.1111110002
46023  30.912  -6.157  80.569 0.1111110002
107972  30.638  -6.124  79.915 0.1111110002
48917  38.811  -3.545  70.485 0.2222220004
52456  40.415  0.285  71.019 0.1111110002
110604  40.406  -0.358  70.534 0.1111110002
103181  44.282  4.535  57.403 0.2222220004
56173  43.717  3.971  56.773 0.2222220004
55270  43.188  3.593  56.153 0.2222220004
55271  42.246  3.647  56.173 0.3333329856
56193  45.486  4.566  55.304 0.1111110002
56045  37.958  4.166  67.899 0.1111110002
56069  38.764  4.408  66.292 0.2222220004
56976  39.189  5.139  64.846 0.2222220004
58753  38.348  6.393  63.614 0.2222220004
58006  49.131  7.065  51.041 0.1111110002
46064  32.999  -6.997  78.305 0.2222220004
56059  37.982  4.119  66.990 0.2222220004
51609  40.867  -0.364  71.058 0.1111110002
51616  40.705  -0.942  70.478 0.1111110002
46066  31.352  -6.529  79.089 0.1111110002
45091  37.690  -7.313  75.554 0.1111110002
46111  35.638  -6.606  75.396 0.2222220004
46080  34.172  -6.920  77.113 0.2222220004
46112  34.853  -6.521  75.513 0.2222220004
43984  30.867  -7.666  84.269 0.1111110002
45075  36.671  -7.390  76.418 0.1111110002
45076  35.877  -7.203  76.667 0.1111110002
45041  35.358  -7.711  78.270 0.1111110002
45040  36.191  -7.901  78.021 0.1111110002
45029  35.173  -7.840  79.119 0.1111110002
45946  32.955  -6.453  85.853 0.1111110002
43959  33.319  -7.274  85.741 0.1111110002
46973  33.188  -5.843  85.258 0.1111110002
46095  35.342  -6.800  76.110 0.2222220004
45077  35.042  -7.037  76.889 0.2222220004
45059  34.748  -7.343  77.696 0.2222220004
45030  34.352  -7.649  79.366 0.1111110002
45015  34.224  -7.624  80.170 0.1111110002
46038  32.706  -6.919  80.727 0.1111110002
46021  32.683  -6.715  81.603 0.1111110002
100109  32.815  -6.483  82.532 0.1111110002
45974  33.722  -6.085  84.728 0.1111110002
45975  33.041  -5.795  84.609 0.1111110002
45044  33.080  -7.187  79.067 0.1111110002
45017  32.730  -7.056  79.772 0.1111110002
45938  30.811  -5.394  86.559 0.1111110002
44938  30.983  -6.498  85.851 0.1111110002
44948  30.740  -6.760  85.334 0.1111110002
43962  31.327  -7.100  85.407 0.1111110002
43971  31.835  -7.715  85.331 0.1111110002
100707  32.260  -7.052  85.774 0.1111110002
104513  32.228  -6.438  85.976 0.1111110002
46981  32.489  -5.552  85.112 0.1111110002
46005  31.933  -6.394  82.045 0.1111110002
46989  32.404  -5.711  84.018 0.1111110002
46065  32.470  -6.913  78.899 0.1111110002
46052  31.277  -6.456  79.853 0.1111110002
47930  31.261  -4.897  85.955 0.1111110002
46960  32.149  -5.895  86.094 0.1111110002
46983  31.165  -5.191  84.209 0.1111110002
114833  31.194  -5.922  82.040 0.1111110002
46022  31.334  -6.242  81.279 0.1111110002
47948  30.252  -4.835  84.005 0.1111110002
46992  30.001  -4.992  82.918 0.1111110002
47010  30.514  -5.761  81.367 0.1111110002
47024  30.221  -5.796  80.420 0.1111110002
54212  43.326  2.570  66.868 0.1111110002
54225  43.104  2.871  66.114 0.1111110002
55173  42.976  3.034  65.303 0.1111110002
55197  42.316  2.931  63.103 0.2222220004
60757  45.593  9.197  54.376 0.1111110002
63522  45.215  13.352  48.241 0.2222220004
63510  45.036  13.093  49.057 0.2222220004
112842  47.714  14.208  47.308 0.1111110002
65183  49.098  14.976  44.469 0.2222220004
118188  49.534  14.991  43.750 0.2222220004
65187  49.007  14.399  43.690 0.2222220004
66030  50.858  15.638  42.776 0.2222220004
65190  50.331  14.603  42.665 0.2222220004
119163  51.107  13.809  41.887 0.2222220004
65189  51.029  14.613  42.081 0.2222220004
66038  51.495  15.473  42.109 0.1111110002
65192  52.042  14.611  41.187 0.2222220004
104754  60.193  11.107  36.231 0.2222220004
66032  54.071  16.506  43.219 0.1111110002
66034  52.197  16.144  42.378 0.1111110002
66036  52.583  15.250  40.847 0.2222220004
115057  60.581  11.360  35.364 0.2222220004
63602  59.538  11.799  34.910 0.3333329856
63614  59.427  12.218  34.122 0.3333329856
118955  59.020  12.160  34.659 0.3333329856
66921  53.077  16.113  41.217 0.1111110002
62780  59.408  11.482  35.746 0.2222220004
63603  58.660  12.134  35.177 0.3333329856
63616  57.974  12.821  34.823 0.3333329856
63615  58.607  12.490  34.385 0.3333329856
63624  59.627  12.546  33.224 0.2222220004
101310  53.716  16.502  40.774 0.3333329856
63625  58.797  12.763  33.590 0.3333329856
64380  58.115  13.140  34.033 0.3333329856
64388  57.691  13.904  33.705 0.3333329856
64387  58.321  13.457  33.175 0.2222220004
65260  57.843  15.104  32.689 0.1111110002
65249  57.972  14.274  32.864 0.1111110002
66085  57.506  15.642  33.407 0.1111110002
66078  57.058  15.299  34.104 0.1111110002
66992  58.075  15.983  32.649 0.1111110002
66991  58.777  16.500  31.584 0.1111110002
66093  58.403  15.542  31.834 0.1111110002
67000  59.298  16.739  30.151 0.1111110002
120525  58.826  15.967  30.904 0.1111110002
66981  58.558  16.847  32.732 0.1111110002
67695  59.565  17.496  30.523 0.1111110002
64331  51.536  14.137  41.554 0.3333329856
64328  49.677  14.453  43.183 0.3333329856
65182  50.119  15.544  44.367 0.2222220004
65186  50.113  15.278  43.334 0.2222220004
66024  50.721  15.869  43.735 0.2222220004
66037  52.098  15.442  41.561 0.2222220004
65193  51.614  14.820  41.674 0.2222220004
66033  53.080  16.466  42.834 0.1111110002
66916  52.701  16.096  41.860 0.1111110002
119674  52.575  15.706  41.328 0.2222220004
102034  60.381  12.215  33.636 0.2222220004
64386  59.169  13.105  32.696 0.2222220004
66982  57.876  16.534  33.434 0.1111110002
35801  19.471  -17.647  84.314 0.1111110002
35103  20.069  -18.543  84.723 0.1111110002
35811  19.227  -17.043  84.053 0.1111110002
35812  18.862  -17.426  83.502 0.1111110002
36488  19.103  -17.194  82.878 0.1111110002
35107  19.150  -18.550  84.168 0.1111110002
34383  19.665  -19.464  84.401 0.1111110002
34384  18.818  -19.434  84.016 0.1111110002
105018  18.268  -18.148  83.291 0.1111110002
35113  17.882  -18.940  83.327 0.1111110002
34389  17.759  -19.720  83.370 0.1111110002
35118  18.168  -18.138  82.522 0.1111110002
34395  17.361  -19.381  82.942 0.1111110002
34390  17.298  -20.065  83.047 0.1111110002
116650  38.166  3.969  69.811 0.1111110002
105190  37.183  10.319  63.549 0.1111110002
120109  37.849  11.681  64.788 0.1111110002
102541  37.712  11.475  64.187 0.1111110002
110626  37.190  9.239  63.499 0.1111110002
60647  37.043  9.922  62.682 0.1111110002
61606  38.993  10.727  60.623 0.1111110002
61593  38.130  10.818  61.303 0.1111110002
61724  45.589  11.267  51.294 0.1111110002
119119  45.108  11.751  50.821 0.1111110002
61725  44.622  11.608  51.029 0.2222220004
104004  45.580  12.033  50.532 0.1111110002
104475  45.723  12.704  49.783 0.1111110002
62778  62.950  12.036  35.525 0.1111110002
62761  61.272  11.202  36.193 0.1111110002
62792  62.905  11.968  34.583 0.1111110002
62793  61.559  11.722  34.679 0.1111110002
62794  60.422  11.803  34.426 0.1111110002
108286  18.581  -17.697  82.924 0.1111110002
55118  38.526  3.247  71.031 0.1111110002
112091  37.111  8.826  62.896 0.1111110002
110074  36.882  8.966  62.250 0.1111110002
106499  36.655  9.001  61.505 0.1111110002
61624  38.577  10.371  59.840 0.1111110002
62613  44.618  12.169  50.437 0.2222220004
35797  20.157  -17.468  84.793 0.1111110002
35802  18.803  -17.834  83.823 0.1111110002
35108  18.452  -18.651  83.689 0.1111110002
33598  18.423  -20.273  83.727 0.1111110002
34385  18.212  -19.362  83.634 0.1111110002
61575  37.327  10.805  62.955 0.1111110002
62473  37.564  11.222  64.973 0.1111110002
61582  37.343  10.575  62.158 0.1111110002
62779  62.001  11.589  35.436 0.1111110002
118999  62.534  11.960  34.871 0.1111110002
112892  62.415  12.137  34.232 0.1111110002
62791  63.020  11.592  34.464 0.1111110002
102987  14.743  -16.443  79.262 0.1111110002
38956  16.539  -13.071  80.977 0.1111110002
38971  16.270  -13.666  80.599 0.1111110002
38972  15.683  -13.816  80.224 0.1111110002
38048  15.925  -14.410  80.236 0.1111110002
56969  40.251  5.254  65.956 0.1111110002
56974  40.425  5.984  65.700 0.1111110002
56068  39.651  4.676  66.524 0.1111110002
56975  39.895  5.723  65.209 0.1111110002
57868  39.667  6.309  64.948 0.1111110002
56984  39.258  5.803  64.566 0.1111110002
56153  45.176  4.625  57.059 0.1111110002
56171  45.366  4.471  56.218 0.1111110002
57066  45.665  5.240  57.507 0.1111110002
38047  16.616  -14.248  80.259 0.1111110002
56077  39.519  4.881  65.616 0.1111110002
62837  56.724  11.281  31.072 0.1111110002
118566  62.281  13.177  31.870 0.1111110002
64396  61.316  13.348  31.616 0.1111110002
62849  62.216  12.367  30.554 0.1111110002
64395  62.512  13.422  30.978 0.1111110002
62850  61.439  12.446  30.013 0.1111110002
119412  60.707  11.996  30.230 0.1111110002
62835  58.654  11.549  30.814 0.1111110002
62819  58.293  11.214  31.698 0.1111110002
99638  55.855  11.213  31.319 0.1111110002
99992  54.927  11.126  31.032 0.1111110002
62834  59.923  11.673  30.627 0.1111110002
62853  57.925  11.751  29.951 0.1111110002
62851  60.390  12.326  29.707 0.1111110002
101101  56.754  11.417  29.837 0.1111110002
63623  61.379  12.493  33.164 0.1111110002
115894  61.304  12.885  32.439 0.1111110002
118491  60.470  12.554  32.981 0.1111110002
63633  60.144  12.929  32.416 0.1111110002
63650  62.253  13.212  30.028 0.1111110002
64407  62.210  13.773  29.955 0.1111110002
64408  61.663  13.926  30.578 0.1111110002
64397  59.926  13.599  31.518 0.1111110002
62824  53.516  10.754  31.391 0.1111110002
63663  62.038  13.984  29.343 0.1111110002
64409  60.558  14.390  30.201 0.1111110002
62838  55.313  10.926  30.080 0.1111110002
63653  59.543  12.498  29.276 0.1111110002
63654  58.394  12.304  29.188 0.1111110002
62863  57.209  11.787  29.102 0.1111110002
63652  60.484  13.048  28.906 0.1111110002
63665  59.439  12.971  28.737 0.1111110002
64420  61.845  14.212  29.502 0.1111110002
63651  61.467  13.194  29.327 0.1111110002
64429  61.297  14.005  28.671 0.1111110002
65278  61.143  14.812  29.032 0.1111110002
62821  56.643  11.036  32.076 0.1111110002
111989  62.907  12.995  31.766 0.1111110002
63632  62.388  12.852  32.565 0.1111110002
62833  61.152  11.799  30.636 0.1111110002
62852  59.100  11.994  29.945 0.1111110002
62818  59.273  11.243  31.564 0.1111110002
63642  62.678  12.851  30.601 0.1111110002
64398  58.722  13.853  32.230 0.1111110002
65269  59.219  14.415  31.117 0.1111110002
64419  61.699  14.337  29.061 0.1111110002
65287  60.882  14.832  28.550 0.1111110002
44931  30.927  -5.894  86.279 0.1111110002
45939  30.393  -5.372  86.750 0.1111110002
46962  30.205  -4.960  87.074 0.1111110002
46974  31.965  -5.485  85.858 0.1111110002
48914  44.712  -3.482  70.548 0.1111110002
54298  34.973  3.180  58.807 1.0000000000
55220  41.176  3.774  59.980 0.3333329856
56119  41.912  4.613  60.512 0.2222220004
56192  46.211  5.101  55.186 0.1111110002
58832  34.616  6.649  57.039 1.0000000000
63405  38.315  12.036  64.662 0.1111110002
63611  63.117  11.970  33.924 0.1111110002
101099  30.846  -4.789  86.920 0.1111110002
102236  35.887  -6.481  74.802 0.3333329856
105040  14.918  -20.619  79.458 0.1111110002
108826  32.261  -7.577  85.638 0.1111110002
110363  23.223  -11.354  81.373 0.1111110002
111732  34.465  5.817  58.371 1.0000000000
113474  62.011  14.106  29.406 0.1111110002
116036  25.570  -1.836  71.044 0.8888890147
