#!ascii label  , from subject sub-v1s19x0051315_ses-1 vox2ras=TkReg
295
75154  -29.148  0.537  -29.729 0.0000000000
71300  -26.359  -3.727  -26.226 0.0000000000
72185  -30.541  -2.850  -27.044 0.0000000000
67683  -27.921  -7.305  -25.493 0.0000000000
138318  -25.654  11.086  -33.218 0.0000000000
83074  -27.767  9.156  -31.301 0.0000000000
77707  -26.273  3.611  -30.715 0.0000000000
63771  -26.481  -11.243  -23.478 0.0000000000
69520  -27.125  -6.015  -25.672 0.0000000000
67672  -25.467  -7.688  -24.112 0.0000000000
83969  -27.615  10.171  -32.300 0.0000000000
82138  -26.067  8.562  -32.189 0.0000000000
74115  -26.285  -0.088  -28.490 0.0000000000
76079  -24.901  1.865  -28.200 0.0000000000
76110  -27.542  1.878  -30.473 0.0000000000
138240  -28.341  5.440  -30.159 0.0000000000
77693  -29.154  3.169  -29.254 0.0000000000
76066  -30.328  1.719  -27.581 0.0000000000
72172  -25.181  -2.294  -25.918 0.0000000000
72204  -28.184  -2.285  -28.389 0.0000000000
73159  -29.979  -1.501  -28.257 0.0000000000
70411  -28.935  -3.998  -27.463 0.0000000000
69532  -29.903  -5.077  -26.347 0.0000000000
68614  -30.409  -6.464  -24.535 0.0000000000
79346  -24.737  5.892  -29.601 0.0000000000
80177  -27.049  6.417  -31.403 0.0000000000
82125  -28.729  8.019  -29.768 0.0000000000
66681  -24.553  -8.546  -23.274 0.0000000000
65719  -27.287  -9.561  -24.435 0.0000000000
68611  -24.790  -6.418  -24.070 0.0000000000
139328  -24.080  -7.403  -23.288 0.0000000000
83079  -25.760  9.217  -31.879 0.0000000000
81124  -25.071  7.698  -30.521 0.0000000000
74131  -27.392  -0.204  -29.376 0.0000000000
75151  -27.004  0.398  -29.523 0.0000000000
75168  -28.736  1.179  -30.183 0.0000000000
76931  -28.496  2.482  -30.294 0.0000000000
76097  -29.102  1.522  -29.805 0.0000000000
139726  -29.799  2.598  -28.248 0.0000000000
76081  -29.447  1.214  -29.003 0.0000000000
71299  -25.758  -3.041  -26.057 0.0000000000
72194  -26.691  -2.408  -27.202 0.0000000000
71310  -27.237  -3.110  -27.206 0.0000000000
72196  -28.374  -2.906  -28.058 0.0000000000
71301  -27.766  -3.846  -27.153 0.0000000000
68623  -27.928  -6.396  -25.909 0.0000000000
68633  -28.536  -5.811  -26.261 0.0000000000
68624  -28.535  -6.609  -25.842 0.0000000000
68626  -30.038  -6.234  -25.350 0.0000000000
67685  -29.185  -7.333  -25.227 0.0000000000
145439  -25.376  11.422  -30.925 0.0000000000
130611  -25.080  12.170  -30.285 0.0000000000
134130  -24.756  12.148  -32.800 0.0000000000
86604  -24.946  13.604  -33.333 0.0000000000
85776  -26.905  11.583  -33.873 0.0000000000
83960  -28.120  9.945  -31.428 0.0000000000
76929  -25.643  2.437  -29.377 0.0000000000
77678  -25.186  3.384  -29.330 0.0000000000
78501  -25.578  4.776  -30.484 0.0000000000
134665  -26.153  6.029  -31.558 0.0000000000
79368  -26.521  5.548  -31.316 0.0000000000
131927  -28.850  5.659  -29.493 0.0000000000
80168  -28.412  6.204  -30.103 0.0000000000
81119  -29.274  7.409  -29.234 0.0000000000
72197  -30.180  -2.480  -27.769 0.0000000000
74100  -30.349  -0.826  -27.610 0.0000000000
64732  -25.044  -10.583  -22.949 0.0000000000
64744  -25.340  -9.820  -23.350 0.0000000000
65717  -26.022  -8.973  -24.056 0.0000000000
64759  -26.904  -10.064  -24.172 0.0000000000
70388  -25.284  -4.465  -25.152 0.0000000000
70389  -26.258  -4.565  -25.760 0.0000000000
69518  -25.718  -5.220  -25.155 0.0000000000
68622  -26.649  -6.789  -25.110 0.0000000000
67682  -27.129  -7.468  -25.114 0.0000000000
134531  -25.490  10.696  -31.552 0.0000000000
83973  -26.722  10.480  -32.806 0.0000000000
83968  -26.466  10.065  -32.479 0.0000000000
83080  -26.274  9.431  -32.252 0.0000000000
82139  -26.782  8.829  -32.023 0.0000000000
74097  -25.081  -0.056  -27.080 0.0000000000
75120  -25.615  0.504  -28.168 0.0000000000
76094  -26.011  1.601  -29.334 0.0000000000
76945  -26.576  2.827  -30.480 0.0000000000
77723  -27.109  4.108  -31.027 0.0000000000
77710  -28.146  3.259  -30.455 0.0000000000
78493  -28.963  4.027  -29.502 0.0000000000
79348  -29.304  4.928  -28.966 0.0000000000
135694  -29.815  3.780  -28.110 0.0000000000
63759  -27.648  -11.686  -22.885 0.0000000000
63773  -27.898  -11.136  -23.301 0.0000000000
73144  -25.933  -1.136  -27.362 0.0000000000
73155  -27.122  -1.172  -28.465 0.0000000000
73167  -28.706  -1.032  -29.305 0.0000000000
74117  -29.595  -0.472  -28.951 0.0000000000
73157  -29.077  -1.728  -28.901 0.0000000000
71319  -29.655  -2.887  -28.004 0.0000000000
71314  -30.031  -3.298  -27.542 0.0000000000
70400  -27.981  -4.691  -26.833 0.0000000000
69538  -28.997  -4.620  -27.126 0.0000000000
70402  -30.188  -4.345  -26.616 0.0000000000
70390  -30.553  -4.702  -25.885 0.0000000000
69508  -31.147  -5.220  -24.249 0.0000000000
84854  -28.085  11.317  -33.056 0.0000000000
80185  -25.449  6.881  -30.840 0.0000000000
80188  -26.463  7.064  -31.799 0.0000000000
82131  -27.387  8.286  -31.368 0.0000000000
79358  -27.655  5.701  -30.784 0.0000000000
81126  -27.964  7.722  -30.562 0.0000000000
82132  -28.250  8.622  -30.465 0.0000000000
75135  -29.800  0.023  -28.448 0.0000000000
75122  -30.831  0.794  -26.889 0.0000000000
126707  -24.181  -7.997  -23.181 0.0000000000
67660  -24.654  -7.880  -23.523 0.0000000000
66694  -26.147  -8.284  -24.369 0.0000000000
66705  -27.479  -8.114  -24.949 0.0000000000
64748  -28.148  -10.369  -23.809 0.0000000000
65721  -28.836  -9.109  -24.159 0.0000000000
67674  -28.841  -7.922  -24.994 0.0000000000
81117  -24.677  8.045  -30.006 0.0000000000
74132  -28.231  -0.318  -29.624 0.0000000000
75152  -27.690  0.412  -29.846 0.0000000000
75153  -28.544  0.408  -29.999 0.0000000000
71289  -25.563  -3.788  -25.615 0.0000000000
71288  -24.981  -3.073  -25.397 0.0000000000
131733  -26.504  -3.035  -26.654 0.0000000000
141960  -27.010  -3.595  -26.724 0.0000000000
68625  -29.243  -6.653  -25.633 0.0000000000
67684  -28.636  -7.332  -25.424 0.0000000000
84846  -25.045  11.454  -31.975 0.0000000000
85775  -25.433  11.902  -33.720 0.0000000000
83970  -28.482  10.544  -31.838 0.0000000000
83961  -28.911  10.412  -30.929 0.0000000000
83075  -28.724  9.545  -30.477 0.0000000000
76944  -25.929  3.026  -30.092 0.0000000000
131409  -25.636  3.850  -30.336 0.0000000000
78491  -25.082  4.369  -29.686 0.0000000000
78516  -26.071  4.321  -30.931 0.0000000000
141666  -26.024  4.967  -31.025 0.0000000000
78517  -26.396  4.913  -31.079 0.0000000000
80162  -29.445  5.952  -28.775 0.0000000000
80169  -29.036  6.541  -29.343 0.0000000000
73127  -30.635  -2.013  -27.045 0.0000000000
63770  -25.852  -11.342  -23.185 0.0000000000
64745  -25.966  -10.627  -23.488 0.0000000000
65708  -26.285  -10.046  -23.811 0.0000000000
64746  -26.839  -10.703  -23.872 0.0000000000
130200  -24.842  -5.025  -24.595 0.0000000000
69506  -25.238  -5.854  -24.590 0.0000000000
68612  -25.631  -6.782  -24.503 0.0000000000
67673  -26.333  -7.527  -24.668 0.0000000000
83959  -25.578  9.950  -31.218 0.0000000000
83967  -25.827  10.058  -31.965 0.0000000000
74098  -25.659  -0.291  -27.664 0.0000000000
76095  -26.958  1.250  -29.961 0.0000000000
76109  -26.893  2.109  -30.408 0.0000000000
76930  -26.330  2.176  -29.996 0.0000000000
76946  -27.200  2.677  -30.630 0.0000000000
77709  -27.476  3.352  -30.704 0.0000000000
76947  -27.889  2.555  -30.571 0.0000000000
77692  -28.698  3.215  -29.955 0.0000000000
78483  -29.449  3.954  -28.751 0.0000000000
78484  -29.909  4.603  -28.110 0.0000000000
76915  -29.804  1.862  -28.254 0.0000000000
77680  -30.076  3.196  -27.866 0.0000000000
76903  -30.817  2.367  -27.099 0.0000000000
62896  -27.072  -12.233  -22.719 0.0000000000
62897  -27.877  -12.009  -22.175 0.0000000000
72183  -24.813  -1.597  -25.858 0.0000000000
73125  -25.436  -1.514  -26.544 0.0000000000
72195  -27.547  -2.485  -27.831 0.0000000000
139963  -26.796  -1.654  -27.788 0.0000000000
73145  -27.652  -1.739  -28.431 0.0000000000
142040  -27.794  -0.990  -29.032 0.0000000000
73156  -28.426  -1.722  -28.818 0.0000000000
71311  -28.477  -3.585  -27.627 0.0000000000
71312  -29.046  -3.164  -28.029 0.0000000000
71313  -29.438  -3.593  -27.630 0.0000000000
69528  -27.168  -5.088  -26.121 0.0000000000
69529  -27.896  -5.532  -26.305 0.0000000000
69531  -29.159  -5.312  -26.595 0.0000000000
69530  -28.559  -5.091  -26.761 0.0000000000
70401  -29.509  -4.569  -26.914 0.0000000000
69507  -30.643  -5.732  -24.822 0.0000000000
69495  -30.929  -5.924  -23.987 0.0000000000
84853  -27.112  10.905  -33.274 0.0000000000
84848  -27.936  10.678  -32.639 0.0000000000
76065  -24.933  1.101  -27.668 0.0000000000
79338  -24.215  6.047  -28.764 0.0000000000
80175  -25.040  6.473  -30.117 0.0000000000
80176  -25.466  6.099  -30.766 0.0000000000
129669  -26.527  6.232  -31.619 0.0000000000
81125  -27.139  7.346  -31.432 0.0000000000
135567  -28.037  4.800  -30.501 0.0000000000
78502  -27.297  4.828  -30.941 0.0000000000
81118  -28.554  7.115  -29.932 0.0000000000
83067  -29.080  8.829  -29.754 0.0000000000
134190  -29.643  -1.083  -28.722 0.0000000000
74118  -29.910  -0.646  -28.303 0.0000000000
75121  -30.253  0.168  -27.650 0.0000000000
65706  -24.534  -9.191  -23.064 0.0000000000
66668  -24.033  -8.696  -22.904 0.0000000000
65718  -26.567  -9.531  -24.180 0.0000000000
66695  -26.881  -8.831  -24.585 0.0000000000
66696  -27.745  -8.843  -24.728 0.0000000000
131570  -28.450  -8.652  -24.665 0.0000000000
69505  -24.354  -5.639  -23.985 0.0000000000
68601  -24.113  -6.637  -23.495 0.0000000000
67671  -24.763  -7.144  -23.788 0.0000000000
83073  -25.389  9.160  -30.802 0.0000000000
82137  -25.692  8.414  -31.710 0.0000000000
81132  -25.620  7.644  -31.374 0.0000000000
75133  -26.764  0.014  -29.107 0.0000000000
138396  -28.031  1.110  -30.312 0.0000000000
76111  -28.295  1.808  -30.420 0.0000000000
76096  -28.781  1.832  -30.199 0.0000000000
76932  -28.957  2.379  -29.824 0.0000000000
77679  -29.600  3.163  -28.535 0.0000000000
76914  -29.337  2.263  -28.950 0.0000000000
72184  -25.946  -2.343  -26.576 0.0000000000
144727  -27.875  -3.230  -27.638 0.0000000000
70410  -28.442  -4.154  -27.261 0.0000000000
68634  -29.015  -6.053  -26.126 0.0000000000
69521  -29.595  -5.823  -26.009 0.0000000000
68613  -29.772  -6.947  -24.993 0.0000000000
133032  -25.051  12.133  -31.114 0.0000000000
135045  -24.860  12.714  -33.375 0.0000000000
86611  -27.666  12.472  -33.993 0.0000000000
77676  -23.831  4.173  -27.901 0.0000000000
77691  -24.472  4.219  -28.811 0.0000000000
78500  -25.069  5.140  -29.835 0.0000000000
79356  -25.265  5.641  -30.303 0.0000000000
79357  -25.756  5.488  -30.944 0.0000000000
79369  -26.973  5.577  -31.307 0.0000000000
137915  -30.123  -2.015  -28.074 0.0000000000
73146  -30.353  -1.689  -27.657 0.0000000000
73147  -30.769  -1.078  -26.854 0.0000000000
133284  -24.544  -9.769  -22.863 0.0000000000
65707  -25.270  -9.075  -23.502 0.0000000000
135304  -25.900  -9.502  -23.775 0.0000000000
69519  -26.494  -5.382  -25.578 0.0000000000
68621  -26.151  -6.011  -25.126 0.0000000000
129059  -27.384  -6.828  -25.500 0.0000000000
142927  -25.479  10.652  -30.661 0.0000000000
84847  -25.637  10.534  -32.452 0.0000000000
83081  -27.253  9.575  -32.119 0.0000000000
76080  -25.527  1.292  -28.529 0.0000000000
75132  -26.306  0.699  -29.035 0.0000000000
77722  -26.607  4.204  -31.034 0.0000000000
77708  -26.872  3.468  -30.838 0.0000000000
78503  -27.715  4.052  -30.669 0.0000000000
78492  -28.397  4.027  -30.193 0.0000000000
79347  -28.638  4.824  -29.773 0.0000000000
79339  -29.825  5.428  -28.351 0.0000000000
71303  -30.887  -3.140  -26.289 0.0000000000
62908  -26.468  -11.845  -23.148 0.0000000000
63772  -27.144  -11.474  -23.439 0.0000000000
64747  -27.483  -10.817  -23.780 0.0000000000
74080  -25.256  -0.679  -26.882 0.0000000000
74099  -26.443  -0.832  -28.114 0.0000000000
73126  -26.156  -1.807  -27.100 0.0000000000
74116  -26.956  -0.565  -28.795 0.0000000000
74133  -28.967  -0.316  -29.704 0.0000000000
74134  -29.295  -0.226  -29.415 0.0000000000
73168  -29.262  -0.961  -29.165 0.0000000000
73158  -29.509  -1.660  -28.647 0.0000000000
72205  -28.805  -2.390  -28.484 0.0000000000
72206  -29.348  -2.363  -28.426 0.0000000000
72207  -29.827  -2.193  -28.261 0.0000000000
70399  -27.109  -4.261  -26.470 0.0000000000
139317  -28.652  -4.513  -27.117 0.0000000000
70412  -29.276  -4.142  -27.311 0.0000000000
70413  -29.805  -3.966  -27.240 0.0000000000
71302  -30.403  -3.635  -26.878 0.0000000000
71290  -30.784  -3.948  -26.131 0.0000000000
69522  -30.292  -5.461  -25.626 0.0000000000
70377  -30.850  -4.977  -25.057 0.0000000000
84849  -28.723  11.140  -32.281 0.0000000000
81123  -24.815  7.331  -29.997 0.0000000000
81133  -25.997  7.720  -32.044 0.0000000000
80187  -26.016  6.777  -31.705 0.0000000000
81134  -26.519  7.944  -31.995 0.0000000000
78518  -26.845  4.860  -31.133 0.0000000000
80178  -27.786  6.758  -30.706 0.0000000000
75134  -29.548  0.280  -29.064 0.0000000000
76082  -29.870  0.895  -28.175 0.0000000000
126759  -30.417  1.045  -27.437 0.0000000000
66693  -25.340  -8.417  -23.769 0.0000000000
66704  -26.820  -8.074  -24.772 0.0000000000
66706  -28.179  -8.038  -25.061 0.0000000000
64760  -27.448  -10.214  -24.148 0.0000000000
65720  -28.082  -9.563  -24.393 0.0000000000
65709  -28.606  -9.716  -23.922 0.0000000000
79367  -26.117  5.512  -31.291 0.0000000000
80186  -25.871  6.090  -31.367 0.0000000000
