#!ascii label  , from subject sub-v1s19x0051315_ses-1 vox2ras=TkReg
2160
40733  -30.430  -35.952  -21.185 0.5000000000
40734  -31.404  -36.082  -21.484 0.5000000000
125837  -31.783  -35.322  -21.616 0.4000000060
40735  -32.336  -35.668  -21.536 0.5000000000
41570  -32.434  -34.802  -21.612 0.5000000000
42453  -32.894  -33.968  -21.604 0.5000000000
61074  -33.196  -14.433  -24.959 0.5000000000
61062  -33.218  -14.278  -24.780 0.4000000060
62050  -34.636  -13.063  -25.516 0.4000000060
62030  -34.426  -13.132  -24.970 0.4000000060
62039  -34.742  -12.314  -25.953 0.6000000238
62031  -35.128  -12.830  -24.971 0.5000000000
132527  -34.821  -12.118  -25.953 0.5000000000
130870  -35.705  -12.677  -24.888 0.5000000000
62040  -34.929  -12.082  -25.951 0.4000000060
62032  -37.047  -13.127  -24.252 0.5000000000
144207  -35.792  -12.147  -25.398 0.5000000000
62041  -35.592  -11.608  -26.110 0.4000000060
38926  -30.781  -37.839  -21.025 0.5000000000
39814  -31.562  -36.860  -21.449 0.4000000060
39815  -32.276  -36.459  -21.468 0.5000000000
39802  -32.818  -36.796  -21.071 0.5000000000
39803  -33.347  -36.312  -20.736 0.5000000000
40723  -33.270  -35.554  -21.005 0.5000000000
41558  -33.572  -34.057  -20.823 0.5000000000
59045  -32.448  -15.893  -24.296 0.5000000000
59046  -33.150  -16.163  -24.565 0.5000000000
59062  -33.730  -15.528  -24.819 0.5000000000
60001  -33.494  -14.584  -25.075 0.5000000000
62051  -34.765  -12.316  -25.964 0.6000000238
65739  -35.975  -9.747  -26.304 0.3000000119
65726  -35.897  -9.904  -26.193 0.3000000119
124992  -36.254  -11.053  -25.532 0.4000000060
63783  -35.689  -11.212  -26.177 0.3000000119
134673  -35.779  -10.965  -26.171 0.4000000060
39813  -30.603  -36.837  -21.115 0.5000000000
144475  -32.836  -35.355  -21.396 0.5000000000
39816  -32.855  -36.013  -21.290 0.5000000000
131215  -34.954  -13.636  -25.710 0.6000000238
133479  -35.987  -9.396  -25.958 0.3000000119
64761  -35.954  -10.434  -25.810 0.3000000119
21924  -41.612  -54.966  -17.781 0.3000000119
22885  -40.006  -54.254  -17.582 0.3000000119
145085  -39.452  -54.256  -17.950 0.4000000060
22899  -39.644  -54.723  -18.128 0.4000000060
22898  -39.066  -54.276  -18.435 0.4000000060
24667  -38.756  -52.838  -18.235 0.4000000060
22897  -38.806  -54.074  -18.858 0.4000000060
24674  -39.342  -52.199  -19.779 0.4000000060
23799  -40.921  -53.837  -17.154 0.3000000119
23788  -39.938  -53.453  -17.179 0.3000000119
136971  -39.363  -52.997  -17.308 0.4000000060
22884  -39.296  -53.704  -17.766 0.4000000060
23798  -38.952  -52.948  -17.682 0.4000000060
23810  -38.888  -53.557  -18.316 0.4000000060
25550  -38.657  -52.079  -18.289 0.4000000060
24673  -38.790  -52.602  -18.967 0.4000000060
25557  -38.853  -51.891  -19.058 0.4000000060
26469  -40.603  -50.229  -20.256 0.4000000060
26472  -40.357  -51.014  -20.338 0.4000000060
25509  -39.617  -51.215  -15.810 0.3000000119
25521  -39.270  -51.643  -16.399 0.3000000119
25508  -38.946  -50.981  -16.041 0.3000000119
141241  -38.705  -51.715  -17.119 0.4000000060
26450  -38.518  -51.015  -17.078 0.4000000060
124161  -38.749  -52.248  -17.586 0.4000000060
25540  -38.583  -51.501  -17.695 0.4000000060
26461  -39.031  -50.449  -19.047 0.4000000060
25551  -39.421  -51.278  -19.630 0.4000000060
124907  -39.996  -49.047  -19.461 0.4000000060
27381  -40.152  -49.740  -19.798 0.4000000060
29229  -40.874  -47.528  -19.237 0.4000000060
28336  -40.750  -48.409  -19.637 0.4000000060
27384  -40.911  -49.369  -20.154 0.4000000060
26432  -40.106  -50.735  -15.235 0.3000000119
25510  -40.595  -51.313  -15.648 0.3000000119
26431  -39.250  -50.547  -15.449 0.3000000119
27365  -38.456  -50.017  -17.100 0.3000000119
26460  -38.562  -50.504  -17.966 0.4000000060
27373  -38.867  -49.653  -18.597 0.4000000060
122245  -39.702  -48.183  -18.849 0.4000000060
28335  -39.311  -49.059  -18.930 0.4000000060
27380  -39.482  -49.689  -19.283 0.4000000060
29218  -40.382  -47.151  -18.581 0.4000000060
30181  -41.003  -46.318  -18.253 0.4000000060
26414  -39.606  -50.175  -14.794 0.3000000119
26413  -38.937  -49.922  -15.045 0.3000000119
26430  -38.732  -50.250  -15.734 0.3000000119
28307  -38.441  -48.835  -15.109 0.3000000119
27361  -38.464  -49.666  -16.230 0.4000000060
121601  -38.440  -49.186  -17.017 0.4000000060
28319  -38.538  -48.364  -17.248 0.4000000060
27372  -38.563  -49.541  -17.875 0.4000000060
31150  -39.797  -45.423  -16.309 0.3000000119
30169  -39.572  -46.721  -17.453 0.4000000060
28320  -38.856  -48.176  -18.037 0.4000000060
31162  -40.108  -45.806  -17.090 0.3000000119
30180  -40.129  -46.742  -18.052 0.4000000060
29217  -39.507  -47.426  -18.102 0.4000000060
30170  -40.577  -46.081  -17.663 0.4000000060
27308  -40.969  -49.074  -12.933 0.3000000119
28286  -40.027  -48.877  -13.071 0.3000000119
28221  -40.890  -48.155  -11.972 0.3000000119
27345  -40.063  -49.800  -14.171 0.3000000119
27329  -39.566  -49.259  -13.695 0.3000000119
27344  -39.210  -49.583  -14.369 0.3000000119
27328  -38.863  -49.003  -13.932 0.3000000119
143280  -38.578  -47.671  -13.333 0.3000000119
27343  -38.709  -49.274  -14.667 0.3000000119
29190  -38.353  -47.895  -14.954 0.3000000119
30150  -38.457  -46.926  -15.397 0.3000000119
130562  -38.389  -48.338  -15.752 0.3000000119
30151  -38.902  -46.156  -15.903 0.3000000119
126165  -38.416  -48.746  -16.427 0.3000000119
30161  -39.301  -46.361  -16.672 0.3000000119
30160  -38.663  -46.951  -16.255 0.4000000060
32043  -40.502  -44.440  -16.392 0.3000000119
31151  -40.800  -44.951  -16.908 0.4000000060
32053  -41.215  -44.224  -17.077 0.4000000060
31164  -41.921  -44.849  -17.936 0.4000000060
28263  -40.481  -48.492  -12.472 0.3000000119
28262  -39.585  -48.253  -12.622 0.3000000119
29121  -39.891  -47.019  -11.622 0.3000000119
28285  -39.199  -48.629  -13.280 0.3000000119
28261  -38.880  -47.973  -12.904 0.3000000119
121005  -38.437  -46.269  -13.921 0.3000000119
129435  -38.437  -47.058  -13.559 0.3000000119
31123  -39.039  -44.988  -14.896 0.3000000119
31137  -38.605  -46.032  -14.923 0.3000000119
30141  -38.364  -47.021  -14.432 0.3000000119
32020  -39.184  -44.205  -14.458 0.3000000119
31138  -39.205  -45.464  -15.554 0.3000000119
32042  -39.759  -44.741  -15.717 0.3000000119
32932  -40.195  -43.366  -15.711 0.3000000119
33830  -40.428  -42.786  -16.147 0.3000000119
32950  -41.070  -43.660  -17.248 0.4000000060
30076  -40.798  -46.781  -11.291 0.3000000119
29123  -41.629  -47.271  -11.395 0.3000000119
29153  -39.326  -47.501  -12.289 0.3000000119
30075  -39.489  -46.169  -11.562 0.3000000119
30077  -41.687  -46.496  -11.198 0.3000000119
137221  -42.059  -45.058  -10.929 0.3000000119
30105  -39.099  -46.645  -12.049 0.3000000119
31060  -39.357  -45.531  -11.567 0.3000000119
138228  -42.682  -45.411  -11.167 0.3000000119
32902  -38.944  -43.855  -13.085 0.3000000119
31982  -38.890  -44.544  -12.434 0.3000000119
30104  -38.508  -46.315  -13.069 0.3000000119
32002  -38.902  -44.232  -13.731 0.3000000119
32019  -38.714  -44.855  -14.002 0.3000000119
129778  -39.389  -42.839  -13.711 0.3000000119
32931  -39.639  -43.453  -14.874 0.3000000119
33829  -39.958  -42.628  -15.299 0.3000000119
33842  -40.627  -42.928  -16.790 0.4000000060
32064  -40.305  -44.211  -18.731 0.5000000000
141944  -40.127  -46.305  -11.281 0.3000000119
30062  -41.862  -45.710  -11.049 0.3000000119
31049  -40.379  -44.995  -10.887 0.3000000119
31050  -41.288  -45.096  -10.807 0.3000000119
30074  -38.954  -45.878  -11.934 0.3000000119
145665  -39.571  -44.226  -11.358 0.3000000119
31965  -42.614  -44.523  -11.023 0.3000000119
132849  -43.300  -44.211  -11.309 0.3000000119
32885  -39.133  -43.706  -12.247 0.3000000119
31983  -39.230  -44.342  -11.761 0.3000000119
32872  -43.567  -43.572  -11.396 0.3000000119
122872  -39.247  -42.996  -12.829 0.3000000119
32873  -44.233  -43.493  -11.798 0.3000000119
34734  -39.477  -41.358  -13.757 0.3000000119
33817  -39.586  -42.130  -14.380 0.3000000119
135125  -45.758  -42.023  -13.219 0.3000000119
34752  -39.609  -41.336  -14.605 0.3000000119
144577  -40.215  -42.202  -15.866 0.3000000119
33841  -40.227  -42.246  -16.396 0.3000000119
33851  -39.876  -42.242  -17.130 0.4000000060
124181  -39.497  -42.717  -17.844 0.5000000000
31952  -40.034  -44.096  -10.903 0.3000000119
31953  -40.899  -44.351  -10.668 0.3000000119
31954  -41.750  -44.469  -10.737 0.3000000119
32870  -39.517  -43.605  -11.488 0.3000000119
32857  -40.066  -43.136  -10.950 0.3000000119
32858  -41.519  -43.206  -10.582 0.3000000119
32859  -42.353  -43.063  -10.730 0.3000000119
125447  -39.361  -42.920  -11.975 0.3000000119
32871  -42.867  -43.688  -11.029 0.3000000119
33800  -39.411  -42.143  -13.291 0.3000000119
33772  -43.819  -42.814  -11.478 0.3000000119
135017  -44.052  -42.036  -11.621 0.3000000119
135126  -44.675  -41.939  -12.148 0.3000000119
36633  -44.588  -39.824  -12.508 0.3000000119
35646  -45.066  -40.471  -12.722 0.3000000119
35674  -39.516  -40.630  -14.279 0.3000000119
35687  -39.617  -40.811  -15.162 0.3000000119
135853  -39.682  -40.971  -16.028 0.3000000119
34774  -39.748  -41.532  -16.636 0.3000000119
141482  -40.046  -42.303  -11.118 0.3000000119
132564  -40.775  -42.548  -10.683 0.3000000119
34708  -39.622  -41.444  -11.976 0.3000000119
34709  -39.986  -41.551  -11.416 0.3000000119
33770  -39.686  -42.834  -11.434 0.3000000119
34691  -40.513  -41.679  -10.929 0.3000000119
35618  -41.704  -41.113  -10.797 0.3000000119
34693  -41.962  -41.777  -10.690 0.3000000119
33759  -42.546  -42.291  -10.836 0.3000000119
35657  -39.476  -40.536  -13.220 0.3000000119
128672  -39.609  -40.806  -12.370 0.3000000119
35631  -39.970  -40.695  -11.748 0.3000000119
35632  -40.604  -40.394  -11.323 0.3000000119
36619  -41.552  -39.425  -11.464 0.3000000119
129250  -42.297  -40.590  -11.084 0.3000000119
34711  -43.547  -41.353  -11.413 0.3000000119
122850  -39.484  -39.832  -13.939 0.3000000119
37686  -43.125  -38.768  -11.915 0.3000000119
134080  -43.204  -39.780  -11.622 0.3000000119
37699  -43.667  -38.250  -12.387 0.3000000119
36632  -43.976  -39.154  -12.230 0.3000000119
138070  -44.028  -39.974  -11.993 0.3000000119
38807  -44.265  -37.682  -12.762 0.3000000119
137069  -44.314  -38.493  -12.649 0.3000000119
138715  -39.506  -40.274  -15.680 0.4000000060
38825  -44.948  -37.682  -13.131 0.3000000119
35698  -39.431  -40.115  -16.394 0.4000000060
124927  -46.837  -37.031  -14.082 0.3000000119
35708  -39.449  -40.710  -16.888 0.3000000119
34784  -39.363  -41.291  -17.407 0.4000000060
122942  -47.180  -36.211  -14.273 0.3000000119
123604  -39.106  -41.931  -17.972 0.5000000000
33861  -38.927  -42.613  -18.570 0.5000000000
134977  -39.541  -39.728  -13.139 0.3000000119
36617  -40.251  -39.672  -11.867 0.3000000119
37697  -41.179  -38.125  -12.119 0.3000000119
37684  -41.701  -38.632  -11.771 0.3000000119
37698  -42.891  -37.977  -12.168 0.3000000119
134378  -39.477  -39.898  -14.949 0.4000000060
38806  -43.414  -37.423  -12.490 0.3000000119
39699  -43.876  -36.671  -12.749 0.3000000119
37755  -39.433  -38.568  -15.920 0.4000000060
36694  -39.393  -39.233  -16.780 0.5000000000
126099  -44.733  -36.941  -13.001 0.3000000119
39718  -46.058  -36.735  -13.585 0.4000000060
40632  -46.110  -35.331  -13.731 0.4000000060
135355  -39.365  -39.990  -17.118 0.5000000000
130994  -39.279  -40.430  -17.661 0.6000000238
128208  -46.551  -36.098  -13.838 0.3000000119
131961  -39.022  -40.965  -18.246 0.6000000238
34800  -38.757  -41.599  -18.959 0.6000000238
37711  -39.736  -38.376  -13.232 0.3000000119
38803  -40.159  -37.728  -12.925 0.3000000119
39695  -40.679  -37.044  -12.837 0.3000000119
120877  -39.522  -38.387  -14.039 0.3000000119
137416  -40.744  -37.691  -12.485 0.3000000119
39696  -41.435  -36.646  -12.745 0.3000000119
38805  -42.624  -37.236  -12.394 0.3000000119
40628  -42.537  -35.621  -13.128 0.4000000060
37733  -39.443  -38.297  -14.897 0.4000000060
40617  -43.180  -36.078  -12.799 0.4000000060
40629  -43.327  -35.324  -13.162 0.4000000060
38867  -39.572  -37.778  -16.371 0.5000000000
40630  -44.173  -35.225  -13.180 0.4000000060
41470  -44.502  -34.489  -13.519 0.4000000060
42361  -44.876  -33.880  -13.816 0.4000000060
37771  -39.511  -38.397  -16.753 0.5000000000
37782  -39.575  -38.580  -17.597 0.6000000238
39717  -45.319  -36.366  -13.259 0.4000000060
41471  -45.158  -34.455  -13.615 0.4000000060
41487  -45.588  -34.134  -13.935 0.4000000060
42372  -45.358  -33.491  -14.290 0.4000000060
36711  -39.380  -39.558  -17.825 0.6000000238
41488  -46.248  -34.636  -14.085 0.3000000119
42373  -46.219  -33.826  -14.503 0.4000000060
36725  -39.475  -39.679  -18.844 0.6000000238
35730  -39.111  -40.534  -19.192 0.6000000238
35744  -39.295  -40.521  -20.191 0.6999999881
38824  -39.711  -37.597  -13.797 0.3000000119
39715  -40.175  -36.922  -13.444 0.3000000119
40627  -41.355  -35.563  -13.752 0.3000000119
142801  -39.525  -37.908  -14.351 0.3000000119
38848  -39.587  -37.372  -14.698 0.3000000119
40616  -41.723  -35.921  -13.141 0.3000000119
41484  -41.874  -34.979  -14.057 0.4000000060
38859  -39.523  -37.655  -15.568 0.5000000000
41468  -42.678  -34.839  -13.632 0.4000000060
41469  -43.620  -34.574  -13.538 0.4000000060
39754  -40.100  -36.464  -16.161 0.5000000000
133386  -44.046  -33.850  -13.949 0.4000000060
38868  -39.851  -37.131  -16.756 0.5000000000
38876  -40.198  -37.316  -17.526 0.6000000238
43272  -45.082  -32.792  -14.771 0.4000000060
138578  -45.224  -32.284  -15.366 0.4000000060
127567  -40.037  -38.348  -18.448 0.6000000238
43286  -45.843  -32.594  -15.247 0.4000000060
44220  -45.765  -31.998  -15.781 0.4000000060
36726  -39.936  -39.378  -19.542 0.6999999881
36752  -39.677  -39.964  -20.639 0.6999999881
34815  -38.876  -41.152  -20.643 0.6999999881
39745  -40.133  -36.246  -15.255 0.4000000060
40650  -40.688  -35.838  -14.106 0.4000000060
40651  -41.224  -35.314  -14.477 0.4000000060
41501  -42.391  -34.250  -15.107 0.4000000060
39744  -39.700  -36.870  -15.431 0.4000000060
40676  -40.653  -35.763  -15.733 0.4000000060
41485  -42.455  -34.457  -14.351 0.4000000060
39755  -40.876  -35.938  -16.601 0.4000000060
41486  -43.197  -34.169  -14.069 0.4000000060
42388  -42.954  -33.735  -15.241 0.4000000060
42370  -43.548  -33.596  -14.615 0.4000000060
43284  -43.894  -32.573  -15.666 0.4000000060
42390  -44.179  -33.005  -14.881 0.4000000060
43300  -44.279  -31.914  -16.044 0.4000000060
38877  -40.979  -36.978  -17.929 0.6000000238
43285  -44.609  -32.372  -15.390 0.4000000060
44219  -44.994  -31.762  -15.797 0.4000000060
37783  -40.537  -37.690  -18.309 0.6000000238
123801  -40.852  -38.377  -19.225 0.6999999881
44234  -45.616  -31.361  -16.258 0.4000000060
37800  -40.626  -39.076  -19.915 0.6999999881
139147  -39.264  -40.448  -21.112 0.6999999881
41512  -41.871  -34.739  -15.660 0.4000000060
39764  -40.502  -36.624  -17.097 0.4000000060
40677  -41.359  -35.326  -16.131 0.4000000060
42401  -43.033  -33.539  -15.890 0.4000000060
39765  -41.342  -36.265  -17.408 0.5000000000
42402  -43.348  -32.984  -16.222 0.4000000060
38887  -42.306  -37.208  -18.734 0.6999999881
43299  -43.703  -32.288  -16.409 0.4000000060
38886  -41.520  -37.578  -18.770 0.6999999881
44232  -43.949  -31.599  -16.774 0.4000000060
38903  -41.753  -38.340  -19.584 0.6999999881
45194  -44.804  -30.525  -16.994 0.4000000060
44246  -44.281  -30.932  -17.206 0.4000000060
37801  -41.482  -38.803  -20.127 0.6999999881
45208  -45.322  -30.034  -17.274 0.4000000060
36741  -40.133  -39.483  -20.312 0.6999999881
36763  -39.481  -39.637  -21.646 0.6999999881
130172  -46.069  -29.388  -17.652 0.4000000060
46162  -47.088  -29.265  -17.941 0.4000000060
40703  -42.734  -35.471  -17.872 0.4000000060
40691  -42.299  -35.295  -17.226 0.4000000060
41525  -42.671  -34.588  -17.142 0.4000000060
41513  -42.515  -34.141  -16.022 0.4000000060
39779  -41.842  -36.700  -18.157 0.6999999881
39780  -42.700  -36.458  -18.452 0.5000000000
42412  -42.948  -33.698  -16.629 0.4000000060
39792  -42.923  -37.430  -19.119 0.6999999881
43312  -43.463  -32.266  -17.206 0.4000000060
44245  -43.755  -31.448  -17.570 0.4000000060
132394  -43.500  -37.781  -19.491 0.6999999881
43322  -43.439  -32.103  -18.204 0.4000000060
44272  -43.691  -31.625  -18.873 0.4000000060
37802  -42.429  -38.737  -20.271 0.6999999881
45206  -44.073  -30.778  -17.899 0.4000000060
45221  -44.470  -30.175  -18.308 0.4000000060
46161  -45.043  -29.602  -17.956 0.4000000060
46174  -44.844  -29.503  -18.785 0.4000000060
145343  -40.757  -38.954  -20.691 0.6999999881
46175  -45.544  -29.009  -18.492 0.4000000060
46176  -46.393  -28.808  -18.398 0.4000000060
47168  -46.653  -28.553  -18.974 0.4000000060
41537  -43.133  -34.789  -18.090 0.4000000060
41526  -43.086  -33.864  -17.498 0.4000000060
40717  -43.843  -36.217  -19.292 0.6000000238
40704  -43.277  -35.785  -18.620 0.5000000000
134010  -43.651  -33.841  -19.232 0.5000000000
133683  -43.332  -33.935  -18.382 0.4000000060
43340  -34.208  -32.347  -20.548 0.4000000060
44268  -34.795  -32.061  -19.798 0.5000000000
39793  -43.391  -36.828  -19.075 0.6000000238
42435  -43.392  -33.023  -18.706 0.4000000060
38906  -43.875  -38.688  -20.152 0.6000000238
43334  -43.836  -32.158  -19.610 0.4000000060
44273  -44.131  -31.199  -19.572 0.4000000060
37803  -43.296  -39.100  -20.672 0.6999999881
45234  -44.411  -30.257  -19.120 0.4000000060
37818  -42.729  -39.146  -20.914 0.6999999881
46194  -44.826  -29.642  -19.613 0.4000000060
37836  -41.241  -38.697  -21.050 0.6999999881
46209  -45.363  -29.142  -20.288 0.4000000060
47198  -46.041  -28.624  -20.634 0.4000000060
47199  -46.788  -28.397  -20.504 0.4000000060
47213  -47.389  -28.440  -21.402 0.4000000060
41551  -43.626  -34.947  -19.039 0.5000000000
145567  -44.643  -36.212  -20.174 0.6000000238
133412  -44.285  -35.681  -19.764 0.5000000000
124923  -44.001  -33.704  -19.890 0.5000000000
44287  -33.552  -31.533  -21.870 0.3000000119
44277  -34.516  -31.511  -20.558 0.4000000060
138033  -34.904  -31.524  -19.872 0.5000000000
39807  -44.678  -38.239  -20.322 0.6000000238
40718  -44.447  -36.775  -19.867 0.6000000238
42436  -43.687  -32.985  -19.471 0.4000000060
38920  -44.407  -39.156  -20.746 0.6000000238
42446  -44.208  -32.971  -20.265 0.5000000000
38935  -44.000  -38.992  -21.551 0.6999999881
37819  -44.433  -39.369  -21.258 0.6000000238
43343  -44.346  -31.973  -20.345 0.4000000060
131326  -43.571  -39.239  -21.118 0.6999999881
131255  -45.070  -31.786  -21.166 0.4000000060
44282  -44.941  -30.723  -20.688 0.4000000060
45242  -45.338  -30.017  -20.920 0.4000000060
46220  -45.868  -29.237  -21.242 0.4000000060
46221  -46.457  -29.115  -21.827 0.4000000060
47225  -47.097  -28.663  -21.992 0.4000000060
47226  -47.881  -28.482  -22.228 0.4000000060
40729  -45.668  -37.329  -21.084 0.6000000238
41563  -44.880  -35.604  -20.551 0.5000000000
41552  -44.154  -34.621  -19.835 0.5000000000
45238  -34.620  -30.648  -20.832 0.4000000060
37820  -44.870  -39.440  -21.554 0.6000000238
39808  -45.440  -38.675  -21.049 0.6000000238
122432  -44.527  -34.116  -20.468 0.5000000000
44278  -34.993  -30.995  -19.968 0.5000000000
39823  -44.751  -39.226  -22.154 0.6999999881
38936  -44.894  -39.421  -21.923 0.6999999881
44270  -36.235  -31.227  -18.830 0.5000000000
139390  -44.225  -36.759  -22.290 0.6999999881
39822  -44.079  -37.747  -21.910 0.6999999881
42458  -45.433  -33.697  -21.591 0.5000000000
46170  -37.305  -30.106  -18.529 0.6999999881
45232  -36.440  -30.390  -18.902 0.6000000238
40740  -42.751  -35.714  -21.522 0.6999999881
40741  -43.555  -36.200  -21.831 0.6999999881
39821  -43.095  -37.198  -21.380 0.6999999881
136056  -45.694  -33.102  -21.927 0.5000000000
46172  -38.588  -29.661  -18.513 0.6999999881
125596  -38.118  -30.226  -18.350 0.6999999881
134097  -42.170  -36.272  -21.407 0.6999999881
43358  -45.695  -32.387  -21.897 0.4000000060
40739  -41.822  -35.374  -21.494 0.6999999881
44295  -45.785  -31.598  -21.913 0.4000000060
44291  -45.474  -30.895  -21.408 0.4000000060
45258  -45.987  -30.827  -22.005 0.4000000060
46230  -46.800  -29.548  -22.481 0.4000000060
46237  -47.296  -29.635  -23.042 0.4000000060
47236  -48.298  -28.623  -23.011 0.4000000060
40742  -46.228  -37.385  -21.762 0.6000000238
41564  -45.660  -35.811  -21.375 0.6000000238
41576  -45.188  -34.514  -21.129 0.5000000000
45249  -34.177  -30.304  -21.638 0.4000000060
46205  -34.701  -29.770  -21.008 0.4000000060
45239  -35.174  -30.172  -20.167 0.6999999881
38944  -45.798  -39.272  -22.906 0.6999999881
38942  -45.779  -39.283  -22.453 0.6000000238
39824  -45.965  -38.836  -21.747 0.6000000238
126807  -46.202  -35.849  -22.031 0.5000000000
45231  -35.679  -30.675  -19.421 0.6999999881
40743  -43.970  -35.538  -22.409 0.6999999881
40744  -44.633  -36.540  -22.998 0.6999999881
39826  -44.920  -38.532  -22.687 0.6999999881
38941  -45.324  -39.375  -22.326 0.6999999881
41577  -45.746  -34.667  -21.795 0.5000000000
46190  -36.664  -29.697  -18.951 0.6999999881
42461  -45.925  -33.778  -22.174 0.5000000000
46191  -37.312  -29.156  -18.813 0.6999999881
41574  -43.022  -34.041  -22.043 0.6999999881
41575  -43.278  -35.022  -21.855 0.6999999881
42462  -46.509  -33.807  -22.670 0.4000000060
46171  -37.925  -29.602  -18.458 0.6999999881
133161  -42.212  -33.852  -21.649 0.6999999881
121947  -42.433  -34.716  -21.603 0.6999999881
43352  -42.209  -32.659  -22.318 0.6000000238
42456  -42.136  -33.144  -21.772 0.6000000238
43359  -46.215  -32.903  -22.417 0.4000000060
43362  -46.748  -32.164  -22.915 0.4000000060
145088  -39.350  -29.145  -19.030 0.6999999881
43356  -41.850  -32.122  -22.708 0.6000000238
44296  -46.311  -31.457  -22.441 0.4000000060
44290  -41.336  -31.869  -21.846 0.6000000238
134638  -47.360  -32.098  -23.530 0.4000000060
44311  -47.750  -31.417  -23.946 0.4000000060
45267  -47.514  -30.289  -23.590 0.4000000060
46246  -48.223  -29.556  -24.045 0.4000000060
46247  -48.896  -29.139  -24.495 0.4000000060
40745  -46.686  -37.271  -22.365 0.6000000238
46218  -34.227  -29.380  -21.898 0.6000000238
46206  -35.311  -29.295  -20.375 0.6999999881
40747  -44.962  -36.259  -23.953 0.6000000238
39829  -45.409  -37.993  -23.486 0.6999999881
39830  -46.334  -38.842  -23.708 0.6999999881
39827  -46.429  -38.808  -22.426 0.6000000238
41582  -44.350  -34.973  -23.483 0.6000000238
46189  -35.927  -29.737  -19.526 0.6999999881
42460  -43.310  -33.549  -23.064 0.6000000238
41579  -46.279  -34.716  -22.378 0.5000000000
47179  -36.779  -28.493  -19.396 0.6999999881
43357  -42.303  -32.443  -23.323 0.6000000238
42459  -42.695  -33.130  -22.467 0.6000000238
47166  -39.038  -29.046  -18.749 0.6999999881
47165  -38.265  -28.965  -18.627 0.6999999881
133038  -39.194  -27.929  -19.235 0.6999999881
42465  -47.079  -33.876  -23.219 0.4000000060
125541  -46.758  -33.120  -22.953 0.4000000060
44294  -41.197  -31.575  -23.373 0.6000000238
131203  -48.233  -33.799  -24.390 0.4000000060
128355  -39.615  -29.281  -19.482 0.6999999881
46207  -39.936  -29.515  -20.361 0.6999999881
45250  -40.237  -30.495  -21.617 0.6999999881
44289  -40.707  -31.401  -21.311 0.6000000238
43370  -47.920  -32.530  -24.114 0.4000000060
44312  -48.380  -31.885  -24.689 0.4000000060
45273  -48.006  -30.488  -24.156 0.4000000060
44315  -48.813  -31.043  -25.258 0.4000000060
45276  -48.584  -30.045  -24.821 0.4000000060
45277  -49.390  -30.235  -25.640 0.3000000119
47209  -34.420  -28.414  -21.922 0.5000000000
41581  -43.822  -33.991  -24.935 0.6000000238
40748  -45.636  -37.413  -24.353 0.6000000238
38943  -46.481  -38.995  -23.231 0.6000000238
39828  -46.983  -38.634  -23.015 0.6000000238
40746  -47.134  -37.305  -22.861 0.6000000238
47194  -34.825  -28.874  -21.201 0.6000000238
47195  -35.443  -28.415  -20.583 0.5000000000
42464  -43.277  -33.315  -24.510 0.6000000238
125593  -43.762  -33.978  -23.710 0.6000000238
39831  -47.441  -38.203  -23.518 0.5000000000
133441  -46.730  -35.904  -22.622 0.5000000000
47178  -35.968  -28.837  -19.824 0.6999999881
39832  -48.037  -37.905  -24.224 0.5000000000
134215  -47.396  -36.345  -23.375 0.4000000060
41580  -46.834  -34.817  -22.983 0.4000000060
47196  -36.167  -27.999  -20.070 0.8000000119
42463  -42.795  -32.846  -23.927 0.6000000238
40749  -48.118  -36.231  -24.274 0.4000000060
41583  -47.502  -34.911  -23.598 0.4000000060
47180  -37.798  -28.202  -19.045 0.6999999881
43360  -41.616  -31.957  -24.229 0.6000000238
44298  -40.852  -31.451  -24.834 0.6000000238
41584  -48.152  -34.893  -24.301 0.4000000060
48222  -39.771  -27.940  -19.686 0.6999999881
44297  -40.339  -31.120  -24.245 0.6000000238
43371  -48.714  -33.082  -25.021 0.4000000060
46193  -39.930  -28.639  -19.961 0.6999999881
47197  -40.042  -28.678  -20.908 0.6999999881
46219  -39.983  -29.533  -21.401 0.6999999881
45255  -39.975  -30.552  -23.406 0.6999999881
43375  -49.775  -33.799  -26.153 0.4000000060
43376  -50.326  -32.933  -26.814 0.3000000119
124505  -49.216  -32.290  -25.619 0.4000000060
44319  -50.923  -32.061  -27.677 0.4000000060
44316  -49.728  -31.329  -26.276 0.3000000119
123447  -44.651  -35.044  -24.779 0.6000000238
40750  -45.078  -35.335  -25.416 0.6000000238
40751  -45.754  -36.721  -25.223 0.6000000238
39833  -46.584  -38.341  -24.708 0.6000000238
39834  -47.293  -38.585  -25.194 0.5000000000
47210  -34.968  -27.959  -21.332 0.6000000238
42468  -43.255  -33.192  -25.111 0.6000000238
41586  -44.437  -34.304  -25.351 0.6000000238
38949  -48.167  -38.742  -24.974 0.5000000000
38950  -48.461  -38.481  -25.769 0.5000000000
48218  -37.047  -27.677  -19.625 0.6999999881
48230  -36.412  -27.211  -20.326 0.6999999881
43361  -42.153  -32.297  -24.724 0.6000000238
39835  -48.657  -37.702  -25.366 0.5000000000
40752  -48.842  -36.110  -25.183 0.5000000000
48219  -37.869  -27.434  -19.465 0.8000000119
48231  -37.362  -26.940  -19.942 0.8000000119
40753  -49.422  -37.106  -26.349 0.4000000060
48220  -38.579  -27.658  -19.271 0.8000000119
44304  -40.257  -31.031  -25.057 0.6000000238
41588  -49.713  -35.994  -26.099 0.4000000060
48221  -39.274  -27.360  -19.551 0.6999999881
45275  -47.176  -30.154  -26.281 0.5000000000
44317  -47.708  -31.977  -26.630 0.5000000000
138797  -49.198  -33.683  -27.962 0.5000000000
41594  -50.320  -35.734  -27.828 0.4000000060
42475  -50.562  -35.597  -26.955 0.4000000060
48233  -40.123  -27.909  -20.441 0.6999999881
122995  -40.131  -27.785  -21.433 0.6999999881
125341  -39.717  -29.769  -22.717 0.6999999881
46227  -39.490  -29.895  -24.130 0.6999999881
43378  -48.709  -32.621  -27.762 0.5000000000
42480  -50.113  -34.606  -28.338 0.4000000060
41595  -50.999  -35.486  -27.918 0.4000000060
47250  -47.299  -28.517  -26.095 0.4000000060
127253  -47.674  -30.848  -26.836 0.5000000000
45278  -48.412  -30.831  -27.656 0.4000000060
134734  -49.977  -33.432  -28.728 0.4000000060
140212  -51.014  -33.969  -28.454 0.4000000060
129300  -50.759  -34.484  -27.397 0.4000000060
47253  -47.732  -28.907  -26.813 0.4000000060
46255  -47.733  -29.876  -27.049 0.4000000060
44321  -49.383  -32.019  -28.498 0.4000000060
139908  -50.475  -32.774  -29.027 0.4000000060
43379  -51.066  -33.658  -27.998 0.4000000060
49266  -34.695  -26.691  -22.067 0.5000000000
43366  -42.956  -32.772  -25.129 0.6000000238
41585  -43.866  -33.471  -25.202 0.6000000238
42471  -44.359  -34.072  -25.405 0.6000000238
40754  -45.729  -36.026  -25.820 0.5000000000
40755  -46.882  -36.870  -26.277 0.5000000000
39837  -47.577  -38.183  -26.049 0.5000000000
48241  -35.141  -27.121  -21.477 0.6000000238
48229  -35.610  -27.543  -20.772 0.6999999881
43365  -42.230  -32.151  -25.062 0.6000000238
42467  -42.737  -32.721  -25.013 0.6000000238
131974  -46.837  -35.550  -26.360 0.5000000000
39840  -48.058  -37.783  -26.521 0.5000000000
49253  -35.843  -26.764  -20.999 0.6000000238
44305  -40.818  -31.235  -25.144 0.6000000238
44306  -41.652  -31.793  -25.088 0.6000000238
40758  -48.273  -36.904  -26.800 0.5000000000
39841  -48.871  -37.662  -26.634 0.5000000000
49254  -36.705  -26.468  -20.602 0.8000000119
43374  -47.228  -33.012  -25.946 0.5000000000
41591  -48.036  -35.404  -26.714 0.5000000000
40759  -49.368  -37.133  -26.972 0.5000000000
39839  -48.888  -37.893  -26.362 0.5000000000
49255  -37.736  -26.256  -20.302 0.8000000119
45268  -40.086  -30.497  -25.174 0.6000000238
46245  -46.358  -29.303  -25.040 0.5000000000
45272  -46.282  -30.277  -24.988 0.5000000000
44314  -47.156  -31.058  -26.002 0.5000000000
42476  -47.986  -34.191  -26.687 0.5000000000
41593  -49.389  -36.484  -27.315 0.4000000060
49246  -38.529  -26.796  -19.746 0.8000000119
45274  -46.778  -30.450  -25.637 0.5000000000
43377  -48.236  -33.272  -26.963 0.5000000000
134112  -48.968  -35.418  -27.433 0.5000000000
49257  -39.846  -26.620  -20.448 0.8000000119
47211  -39.742  -28.702  -22.333 0.6999999881
143279  -39.436  -29.181  -23.556 0.6999999881
47243  -46.406  -28.476  -24.965 0.5000000000
48268  -46.854  -28.120  -25.443 0.4000000060
41589  -44.938  -34.772  -25.526 0.5000000000
49275  -34.228  -26.200  -22.474 0.5000000000
120621  -42.440  -32.221  -25.075 0.6000000238
44307  -43.112  -32.619  -25.161 0.6000000238
41590  -45.679  -35.366  -25.904 0.5000000000
43372  -45.425  -33.335  -25.293 0.5000000000
42473  -46.001  -34.301  -25.761 0.5000000000
50362  -33.764  -25.622  -22.721 0.5000000000
50363  -34.431  -25.427  -22.594 0.5000000000
49267  -35.365  -26.357  -21.668 0.5000000000
45270  -41.360  -31.179  -25.176 0.6000000238
44299  -42.276  -31.560  -24.910 0.6000000238
43369  -45.515  -32.206  -24.700 0.5000000000
132977  -46.388  -33.410  -25.560 0.5000000000
42474  -47.035  -34.181  -26.052 0.5000000000
45269  -40.659  -30.746  -25.270 0.6000000238
45261  -41.522  -30.140  -24.652 0.6000000238
45271  -45.644  -30.522  -24.313 0.5000000000
44310  -45.837  -31.161  -24.600 0.5000000000
43373  -46.335  -32.544  -25.267 0.5000000000
50336  -37.058  -25.753  -20.893 0.6999999881
46242  -39.833  -29.546  -25.223 0.6000000238
129301  -46.982  -31.939  -25.742 0.5000000000
50337  -38.142  -25.541  -20.614 0.6999999881
46233  -39.414  -29.148  -24.519 0.6999999881
47242  -45.904  -28.907  -24.401 0.5000000000
143804  -38.592  -26.075  -20.240 0.6999999881
48259  -46.184  -27.362  -23.973 0.4000000060
49247  -39.403  -26.823  -19.911 0.8000000119
48242  -40.207  -26.907  -21.942 0.6999999881
48263  -46.510  -27.764  -24.749 0.5000000000
49287  -46.418  -26.693  -23.598 0.5000000000
50338  -39.065  -25.533  -20.522 0.6999999881
122978  -40.190  -27.156  -20.870 0.8000000119
48264  -47.084  -27.494  -25.076 0.5000000000
50372  -49.198  -25.230  -22.815 0.4000000060
51391  -49.405  -24.488  -22.591 0.5000000000
49298  -49.773  -26.680  -26.017 0.5000000000
50382  -49.565  -25.523  -23.692 0.5000000000
131142  -49.913  -24.050  -23.159 0.5000000000
43367  -43.625  -33.113  -25.257 0.6000000238
42469  -44.218  -33.686  -25.370 0.5000000000
44300  -43.482  -31.787  -24.418 0.6000000238
44308  -44.294  -32.397  -24.612 0.6000000238
43368  -44.515  -33.077  -25.103 0.5000000000
51382  -34.688  -24.691  -22.774 0.5000000000
49276  -34.894  -25.919  -22.217 0.5000000000
50346  -35.617  -25.614  -21.850 0.6999999881
45262  -42.358  -30.626  -24.156 0.6000000238
45263  -43.271  -30.845  -23.657 0.6000000238
130036  -45.307  -29.545  -23.757 0.5000000000
50376  -34.008  -24.923  -22.923 0.5000000000
50364  -35.914  -24.909  -22.090 0.6000000238
121741  -40.431  -29.952  -25.227 0.6000000238
44309  -45.176  -31.408  -24.186 0.5000000000
50347  -36.459  -25.335  -21.526 0.6999999881
142915  -41.136  -29.375  -24.932 0.6000000238
47235  -45.422  -28.498  -23.635 0.5000000000
50348  -37.442  -25.063  -21.227 0.6999999881
46243  -40.456  -29.040  -25.244 0.6000000238
48262  -45.988  -28.069  -24.289 0.5000000000
49286  -45.584  -26.806  -23.150 0.6000000238
49280  -46.054  -26.150  -22.900 0.5000000000
47221  -39.462  -28.365  -23.914 0.6999999881
47231  -39.619  -28.404  -24.835 0.6999999881
121897  -39.772  -27.582  -22.950 0.6999999881
52405  -47.707  -24.055  -20.958 0.4000000060
53387  -48.291  -22.584  -21.029 0.4000000060
48249  -39.867  -26.819  -23.576 0.6999999881
52406  -48.504  -23.505  -21.344 0.4000000060
50351  -40.215  -25.547  -21.641 0.6999999881
51373  -49.033  -24.104  -21.903 0.4000000060
50350  -39.609  -25.089  -21.116 0.6999999881
50388  -49.965  -25.804  -24.643 0.5000000000
50383  -50.289  -24.928  -24.427 0.5000000000
52435  -50.005  -23.282  -23.459 0.5000000000
44301  -44.527  -31.410  -23.934 0.5000000000
45256  -43.049  -30.162  -23.136 0.6000000238
45257  -43.673  -30.094  -23.007 0.5000000000
45265  -44.976  -30.590  -23.740 0.5000000000
51397  -34.277  -24.194  -23.138 0.6000000238
51398  -35.020  -23.986  -22.985 0.6000000238
128640  -42.518  -29.735  -23.312 0.6000000238
46236  -44.496  -29.894  -23.247 0.5000000000
51383  -35.454  -24.474  -22.590 0.6000000238
47232  -41.192  -28.630  -24.757 0.5000000000
46235  -41.905  -29.211  -23.754 0.5000000000
48252  -44.718  -27.919  -22.864 0.5000000000
51384  -36.268  -24.231  -22.345 0.6999999881
48256  -40.939  -27.730  -24.913 0.6000000238
48258  -45.548  -27.630  -23.504 0.5000000000
48253  -44.501  -26.905  -22.538 0.6000000238
124753  -45.098  -25.917  -22.539 0.5000000000
51362  -36.779  -24.623  -21.762 0.6999999881
48255  -39.759  -27.453  -24.571 0.6999999881
53384  -45.735  -23.404  -20.401 0.5000000000
53385  -46.311  -22.911  -20.104 0.4000000060
50365  -40.419  -25.447  -23.219 0.6999999881
134649  -45.852  -25.577  -22.403 0.5000000000
51370  -46.578  -24.715  -21.399 0.5000000000
52394  -46.504  -23.652  -20.485 0.4000000060
130732  -46.972  -22.166  -20.135 0.4000000060
138286  -47.635  -22.584  -20.560 0.4000000060
50349  -38.662  -24.769  -20.997 0.6999999881
49269  -40.293  -26.164  -22.568 0.6999999881
54310  -47.756  -20.864  -20.781 0.4000000060
54311  -48.295  -20.942  -21.278 0.4000000060
51364  -38.748  -23.987  -21.516 0.6999999881
51366  -40.204  -24.711  -22.043 0.6999999881
127176  -48.647  -21.739  -21.468 0.4000000060
52402  -39.372  -23.776  -21.797 0.6999999881
51365  -39.471  -24.353  -21.478 0.6999999881
53394  -48.997  -22.600  -21.726 0.4000000060
54316  -48.874  -20.941  -21.972 0.4000000060
136888  -49.242  -20.865  -22.655 0.4000000060
51402  -50.382  -23.904  -24.248 0.5000000000
128634  -49.687  -21.908  -23.262 0.5000000000
46228  -43.179  -29.500  -22.732 0.5000000000
46229  -43.923  -29.298  -22.729 0.5000000000
47222  -42.610  -28.915  -22.805 0.5000000000
47223  -43.343  -28.660  -22.487 0.5000000000
47224  -44.082  -28.516  -22.591 0.5000000000
52431  -35.359  -23.281  -23.261 0.6000000238
52415  -35.795  -23.776  -22.831 0.6000000238
136026  -42.038  -27.475  -23.569 0.5000000000
47234  -44.713  -28.945  -23.109 0.5000000000
48257  -41.143  -26.744  -24.972 0.6000000238
123446  -40.295  -27.020  -25.229 0.6999999881
50352  -45.354  -25.069  -22.087 0.5000000000
142589  -46.133  -22.211  -19.801 0.4000000060
51385  -37.144  -23.948  -22.027 0.6999999881
49284  -40.697  -26.206  -25.213 0.8000000119
51369  -45.296  -24.411  -21.557 0.5000000000
53370  -45.570  -22.614  -19.967 0.5000000000
55151  -46.597  -20.490  -19.977 0.4000000060
54303  -47.157  -21.162  -20.298 0.4000000060
56071  -47.570  -19.603  -20.908 0.4000000060
51363  -37.775  -24.332  -21.507 0.6999999881
50386  -40.946  -24.968  -25.241 0.6000000238
55159  -47.956  -20.235  -21.132 0.4000000060
122644  -40.513  -24.843  -23.499 0.6999999881
51399  -40.653  -24.532  -24.476 0.6000000238
52437  -41.290  -23.695  -25.430 0.6000000238
55160  -48.500  -20.217  -21.797 0.4000000060
52418  -38.812  -23.266  -22.033 0.6999999881
52419  -39.667  -23.397  -22.403 0.6000000238
52420  -40.264  -23.699  -23.069 0.6999999881
53420  -40.774  -22.929  -24.977 0.6000000238
52433  -40.662  -23.702  -24.601 0.6000000238
56078  -48.652  -19.456  -22.458 0.4000000060
141052  -40.241  -22.302  -24.347 0.6000000238
54328  -49.553  -21.078  -23.458 0.5000000000
54333  -40.961  -21.125  -25.189 0.6000000238
127125  -41.083  -22.105  -25.216 0.6000000238
53422  -49.968  -22.386  -23.846 0.5000000000
53426  -50.173  -22.022  -24.819 0.5000000000
48251  -43.603  -27.714  -22.383 0.6000000238
53413  -33.948  -22.779  -23.511 0.5000000000
48250  -42.715  -28.054  -22.607 0.5000000000
126139  -42.846  -27.182  -22.537 0.6000000238
124808  -43.522  -26.831  -22.349 0.6000000238
52432  -36.168  -23.066  -23.107 0.6000000238
49277  -42.208  -26.596  -23.538 0.6000000238
50368  -44.456  -25.252  -22.263 0.5000000000
51368  -44.612  -24.054  -21.717 0.5000000000
51389  -44.777  -24.669  -21.997 0.5000000000
53415  -35.665  -22.558  -23.465 0.6000000238
53416  -36.498  -22.376  -23.369 0.6000000238
49285  -41.402  -25.946  -24.937 0.6000000238
52393  -44.625  -23.294  -21.067 0.5000000000
53369  -44.928  -22.132  -19.878 0.5000000000
55140  -45.759  -20.554  -19.574 0.4000000060
54302  -46.233  -21.409  -19.733 0.4000000060
52417  -37.637  -23.265  -22.262 0.6999999881
50379  -41.746  -25.195  -25.003 0.6000000238
52404  -45.228  -23.749  -20.950 0.5000000000
136457  -45.082  -22.982  -20.359 0.5000000000
54291  -45.542  -21.848  -19.667 0.5000000000
56070  -46.876  -19.683  -20.326 0.4000000060
57097  -47.378  -18.451  -21.019 0.4000000060
50377  -40.628  -25.490  -24.854 0.6999999881
50387  -41.429  -24.708  -25.357 0.6999999881
52439  -42.219  -23.367  -25.233 0.6999999881
52403  -44.014  -23.453  -21.876 0.5000000000
53383  -44.545  -22.555  -20.531 0.5000000000
142180  -47.749  -18.928  -21.279 0.4000000060
142029  -38.163  -21.960  -23.251 0.6000000238
52438  -41.888  -23.566  -25.603 0.6000000238
53421  -42.486  -22.439  -24.716 0.6999999881
127433  -48.259  -18.802  -21.997 0.4000000060
53400  -38.244  -22.528  -22.683 0.6999999881
53401  -39.334  -22.683  -22.739 0.6000000238
53402  -40.059  -22.922  -23.477 0.6000000238
53424  -41.644  -22.864  -25.455 0.6000000238
133443  -42.185  -21.858  -25.268 0.6000000238
54327  -42.475  -21.445  -24.578 0.6000000238
57109  -48.230  -18.060  -22.396 0.4000000060
53419  -39.635  -22.237  -23.614 0.6000000238
127223  -42.100  -20.963  -25.186 0.6000000238
55191  -42.143  -20.114  -24.976 0.6000000238
57115  -48.605  -18.672  -22.890 0.4000000060
127799  -41.704  -20.858  -25.284 0.6000000238
55190  -41.884  -20.164  -25.180 0.6000000238
55182  -49.537  -20.288  -23.991 0.5000000000
56082  -49.164  -19.678  -23.323 0.4000000060
54335  -49.881  -20.916  -24.459 0.5000000000
56104  -50.081  -19.623  -24.572 0.5000000000
49278  -43.106  -26.334  -22.520 0.6000000238
50366  -42.575  -25.594  -23.256 0.6000000238
50367  -43.581  -25.457  -22.464 0.6000000238
121012  -44.134  -24.672  -22.212 0.5000000000
135505  -35.190  -21.948  -23.643 0.6000000238
51367  -43.968  -24.148  -22.217 0.5000000000
55138  -44.616  -20.794  -19.673 0.5000000000
57083  -45.555  -18.970  -19.620 0.4000000060
54322  -35.968  -21.889  -23.694 0.6000000238
54323  -36.786  -21.732  -23.688 0.6000000238
51388  -42.634  -24.572  -23.689 0.6000000238
52421  -42.919  -23.572  -23.486 0.6000000238
52422  -43.401  -23.090  -22.627 0.5000000000
55158  -43.274  -20.903  -21.418 0.5000000000
54300  -43.784  -21.379  -20.720 0.5000000000
56059  -46.042  -19.746  -19.728 0.4000000060
57096  -46.409  -18.959  -20.087 0.4000000060
134581  -46.741  -18.204  -20.496 0.4000000060
138755  -41.956  -24.681  -25.189 0.6999999881
53403  -42.918  -22.737  -23.494 0.5000000000
53392  -43.745  -22.622  -21.775 0.5000000000
53382  -43.994  -22.185  -20.927 0.5000000000
129684  -47.318  -17.868  -21.099 0.4000000060
54324  -38.454  -21.508  -23.705 0.6000000238
56081  -42.474  -19.271  -22.928 0.6000000238
58051  -47.783  -17.561  -21.787 0.4000000060
131020  -39.278  -20.567  -24.574 0.6000000238
56094  -42.310  -19.548  -24.253 0.6000000238
58054  -48.199  -17.264  -22.620 0.4000000060
55188  -40.186  -20.362  -24.885 0.6000000238
138311  -48.867  -19.140  -23.115 0.4000000060
59034  -48.588  -16.822  -23.327 0.4000000060
55189  -41.195  -20.214  -25.184 0.6000000238
56095  -49.604  -19.567  -24.189 0.5000000000
57127  -49.150  -18.793  -23.654 0.4000000060
57143  -50.040  -18.162  -24.413 0.5000000000
133624  -50.343  -18.935  -24.520 0.4000000060
139262  -43.392  -24.710  -22.633 0.6000000238
127898  -43.413  -23.901  -22.692 0.5000000000
56056  -43.810  -19.286  -19.871 0.5000000000
56057  -44.356  -19.321  -19.592 0.5000000000
57082  -45.082  -18.217  -19.517 0.4000000060
55179  -36.987  -21.044  -24.128 0.6000000238
55186  -37.524  -20.357  -24.329 0.6000000238
56076  -43.035  -19.927  -21.312 0.5000000000
55149  -43.584  -20.486  -20.574 0.5000000000
55137  -44.050  -20.093  -19.880 0.5000000000
135265  -45.883  -18.193  -19.853 0.4000000060
58031  -46.154  -17.440  -20.081 0.4000000060
58039  -46.806  -17.486  -20.621 0.4000000060
136240  -37.619  -21.563  -23.669 0.6000000238
127143  -42.838  -20.511  -22.249 0.5000000000
58040  -47.279  -17.110  -21.097 0.4000000060
55180  -37.942  -21.003  -24.120 0.6000000238
54331  -38.840  -21.051  -24.281 0.6000000238
131030  -39.331  -19.901  -24.677 0.6000000238
57126  -42.282  -18.645  -23.764 0.6000000238
59974  -48.319  -16.102  -23.245 0.4000000060
57141  -40.910  -18.615  -24.995 0.6000000238
57125  -41.934  -18.017  -24.365 0.6000000238
137439  -48.701  -17.794  -23.383 0.4000000060
56102  -41.465  -19.418  -25.097 0.6000000238
56103  -42.021  -19.447  -24.995 0.6000000238
58062  -49.198  -17.042  -23.778 0.4000000060
57128  -49.394  -17.975  -24.034 0.4000000060
132812  -49.910  -16.032  -23.934 0.3000000119
128857  -49.746  -18.848  -24.289 0.5000000000
58076  -49.822  -17.291  -24.198 0.4000000060
59995  -50.666  -16.044  -24.191 0.3000000119
58028  -43.834  -17.739  -19.689 0.5000000000
57081  -44.371  -18.378  -19.538 0.5000000000
134093  -45.002  -16.781  -19.518 0.5000000000
59942  -45.569  -15.129  -19.685 0.5000000000
57095  -43.376  -18.847  -20.291 0.5000000000
130402  -43.341  -17.996  -20.177 0.6000000238
59001  -45.677  -16.688  -19.775 0.4000000060
59943  -46.261  -15.253  -20.035 0.5000000000
134660  -46.548  -15.890  -20.319 0.4000000060
56099  -37.889  -19.737  -24.434 0.6000000238
56100  -38.578  -19.461  -24.502 0.6000000238
56075  -42.659  -19.054  -21.768 0.6000000238
59011  -47.164  -16.193  -21.012 0.4000000060
59954  -47.258  -15.426  -21.313 0.4000000060
55187  -38.444  -20.333  -24.445 0.6000000238
137223  -39.366  -19.187  -24.655 0.6000000238
57108  -42.536  -18.307  -21.828 0.6999999881
61047  -47.653  -14.798  -22.527 0.3000000119
128663  -40.364  -17.812  -24.740 0.6000000238
58053  -42.220  -17.068  -22.627 0.6000000238
59973  -47.916  -15.478  -22.990 0.3000000119
56101  -40.378  -19.440  -24.956 0.6000000238
58061  -42.223  -17.847  -23.353 0.6000000238
58075  -41.245  -17.919  -24.745 0.6000000238
131337  -41.666  -15.881  -23.865 0.6000000238
59040  -48.967  -16.208  -23.658 0.3000000119
59041  -49.585  -16.431  -23.885 0.3000000119
59994  -49.890  -15.487  -23.908 0.3000000119
61068  -50.620  -15.378  -24.082 0.3000000119
59009  -43.395  -17.032  -20.074 0.6000000238
128939  -43.676  -16.192  -19.863 0.5000000000
59941  -44.810  -14.997  -19.568 0.5000000000
59000  -45.105  -15.932  -19.547 0.5000000000
58038  -42.870  -17.390  -20.779 0.6000000238
59008  -42.924  -16.531  -20.691 0.6000000238
135016  -46.046  -14.404  -19.864 0.4000000060
61028  -47.020  -14.777  -20.840 0.4000000060
57138  -37.846  -18.956  -24.380 0.6000000238
57139  -38.795  -18.651  -24.475 0.6000000238
58050  -42.519  -17.648  -21.640 0.6000000238
61036  -47.372  -14.766  -21.614 0.3000000119
57140  -39.860  -18.556  -24.735 0.6000000238
58073  -39.838  -17.007  -24.682 0.6000000238
58074  -40.746  -17.140  -24.673 0.6000000238
59031  -41.926  -16.324  -23.347 0.6000000238
59981  -48.552  -15.492  -23.517 0.3000000119
59054  -41.450  -17.209  -24.424 0.6000000238
59039  -41.577  -16.488  -24.151 0.6000000238
61058  -48.730  -14.826  -23.684 0.3000000119
132679  -49.467  -14.247  -23.839 0.3000000119
61067  -49.934  -14.855  -23.904 0.3000000119
130978  -50.634  -14.718  -23.959 0.3000000119
59951  -43.139  -15.725  -20.492 0.6000000238
59952  -43.681  -15.133  -20.032 0.6000000238
59940  -44.278  -15.587  -19.645 0.5000000000
61012  -44.526  -14.235  -19.678 0.5000000000
61013  -45.226  -14.304  -19.597 0.4000000060
124179  -42.782  -15.044  -21.075 0.6000000238
124708  -43.218  -14.897  -20.526 0.6000000238
62864  -45.935  -12.967  -19.913 0.4000000060
141929  -46.439  -13.036  -20.262 0.4000000060
133700  -42.383  -15.221  -21.871 0.6000000238
62005  -46.811  -13.472  -20.599 0.4000000060
62016  -47.253  -13.328  -21.333 0.3000000119
131207  -38.963  -16.865  -24.594 0.6000000238
142447  -42.161  -15.341  -22.461 0.6000000238
133167  -47.478  -14.063  -21.915 0.3000000119
59052  -40.234  -16.380  -24.718 0.6000000238
61046  -42.115  -14.715  -22.580 0.6000000238
62902  -47.590  -12.772  -22.667 0.3000000119
59980  -41.588  -15.245  -23.950 0.6000000238
134975  -48.221  -14.078  -23.414 0.3000000119
61066  -40.983  -14.993  -24.618 0.6000000238
59993  -41.227  -15.830  -24.351 0.6000000238
62043  -48.587  -13.159  -23.940 0.3000000119
144070  -49.976  -12.990  -23.988 0.3000000119
61026  -43.481  -14.415  -20.316 0.6000000238
130249  -43.544  -13.605  -20.334 0.5000000000
62862  -44.640  -12.764  -19.810 0.5000000000
63727  -45.106  -12.080  -19.849 0.4000000060
62863  -45.291  -12.843  -19.733 0.4000000060
61025  -42.993  -14.171  -20.820 0.6000000238
136982  -45.884  -10.716  -20.343 0.4000000060
63738  -46.355  -11.928  -20.300 0.4000000060
62015  -42.656  -13.545  -21.415 0.6000000238
63739  -46.937  -11.721  -20.887 0.4000000060
62890  -47.373  -12.454  -21.691 0.3000000119
59051  -39.326  -16.273  -24.758 0.6000000238
62024  -42.201  -13.693  -22.352 0.6000000238
64728  -47.403  -10.671  -21.737 0.3000000119
59991  -39.709  -15.675  -24.913 0.6000000238
129939  -47.686  -11.327  -23.170 0.3000000119
61045  -41.828  -14.134  -23.249 0.6000000238
59992  -40.560  -15.741  -24.698 0.6000000238
61056  -41.511  -14.517  -23.992 0.6000000238
62875  -43.351  -12.890  -20.616 0.6000000238
63736  -44.056  -11.704  -20.387 0.4000000060
130314  -44.819  -11.291  -20.115 0.4000000060
63737  -45.662  -11.419  -20.088 0.4000000060
62889  -42.894  -12.707  -21.208 0.5000000000
64727  -47.074  -9.902  -21.171 0.4000000060
131649  -42.454  -12.994  -21.867 0.5000000000
64716  -46.997  -10.842  -21.003 0.3000000119
129221  -42.132  -12.793  -22.570 0.5000000000
65692  -47.463  -9.297  -21.704 0.3000000119
60006  -39.140  -14.970  -25.287 0.6000000238
62023  -41.813  -13.322  -23.245 0.5000000000
61064  -40.087  -15.014  -25.006 0.6000000238
61065  -40.436  -14.280  -25.041 0.6000000238
129335  -41.452  -13.033  -23.997 0.6000000238
62042  -40.720  -13.532  -24.980 0.6000000238
145183  -41.184  -13.469  -24.474 0.6000000238
62929  -40.409  -12.799  -25.315 0.5000000000
65688  -43.089  -10.056  -21.744 0.4000000060
64726  -43.653  -10.437  -21.129 0.3000000119
65676  -44.315  -10.001  -20.839 0.4000000060
65677  -44.992  -9.630  -20.678 0.4000000060
65678  -45.620  -10.064  -20.523 0.3000000119
63765  -42.505  -11.441  -22.064 0.5000000000
63750  -42.970  -11.787  -21.359 0.4000000060
66650  -45.192  -8.910  -20.886 0.3000000119
66651  -45.829  -8.836  -20.868 0.3000000119
64715  -46.418  -10.312  -20.643 0.3000000119
63764  -42.114  -11.977  -22.717 0.5000000000
145233  -46.156  -7.908  -21.289 0.3000000119
66662  -46.410  -8.490  -21.151 0.3000000119
62900  -41.760  -12.515  -23.377 0.5000000000
66663  -47.177  -8.490  -21.549 0.3000000119
62916  -41.391  -12.253  -24.220 0.5000000000
128887  -48.001  -8.987  -23.250 0.3000000119
62915  -41.067  -12.855  -24.734 0.5000000000
65702  -43.098  -9.102  -22.021 0.3000000119
66659  -43.909  -8.696  -21.515 0.3000000119
65690  -44.468  -9.189  -21.051 0.3000000119
65713  -42.058  -9.556  -23.308 0.3000000119
64738  -42.537  -10.605  -22.252 0.4000000060
66660  -44.713  -8.390  -21.246 0.3000000119
67643  -44.979  -7.587  -21.466 0.3000000119
67644  -45.853  -7.347  -21.467 0.3000000119
123530  -41.660  -10.869  -23.775 0.4000000060
67645  -46.681  -7.692  -21.553 0.3000000119
68584  -47.142  -7.082  -22.008 0.3000000119
63785  -41.323  -11.411  -24.460 0.5000000000
68597  -47.639  -6.622  -22.618 0.3000000119
67656  -48.045  -7.449  -23.134 0.3000000119
137561  -40.403  -11.431  -25.632 0.4000000060
63784  -40.894  -11.995  -25.146 0.5000000000
66674  -42.739  -8.460  -22.663 0.3000000119
142682  -42.988  -7.702  -22.684 0.3000000119
67654  -43.667  -7.381  -22.231 0.3000000119
66688  -42.094  -8.729  -23.431 0.3000000119
65701  -42.548  -9.786  -22.490 0.3000000119
67642  -44.159  -7.859  -21.675 0.3000000119
67655  -44.401  -7.083  -21.908 0.3000000119
65712  -41.625  -9.311  -24.058 0.3000000119
138909  -45.368  -6.110  -22.052 0.3000000119
145419  -45.810  -6.617  -21.761 0.3000000119
65724  -41.218  -9.768  -24.861 0.3000000119
68595  -46.130  -6.092  -22.010 0.3000000119
68596  -46.892  -6.255  -22.112 0.3000000119
64763  -41.286  -10.607  -24.630 0.4000000060
69490  -46.527  -5.487  -22.365 0.3000000119
70359  -46.983  -4.905  -22.748 0.3000000119
64762  -40.914  -10.429  -25.293 0.4000000060
69502  -48.132  -5.294  -23.659 0.3000000119
126766  -40.929  -11.104  -25.216 0.4000000060
68609  -48.312  -6.145  -24.077 0.3000000119
125738  -48.199  -6.992  -24.533 0.3000000119
67666  -41.886  -7.953  -23.896 0.3000000119
128384  -42.445  -8.024  -23.181 0.3000000119
67667  -42.535  -7.348  -23.317 0.3000000119
68592  -43.193  -6.942  -22.811 0.3000000119
68593  -43.888  -6.643  -22.427 0.3000000119
69487  -44.090  -6.018  -22.617 0.3000000119
69500  -43.835  -5.463  -23.049 0.3000000119
69488  -44.738  -5.513  -22.542 0.3000000119
65723  -40.837  -8.962  -25.341 0.3000000119
132314  -41.325  -9.036  -24.625 0.3000000119
69489  -45.697  -5.409  -22.356 0.3000000119
71270  -46.470  -3.423  -23.542 0.3000000119
70370  -46.660  -4.168  -23.146 0.3000000119
71271  -47.218  -3.735  -23.663 0.3000000119
64775  -39.527  -10.399  -26.228 0.4000000060
120671  -47.883  -4.037  -23.983 0.3000000119
71296  -48.095  -3.492  -25.358 0.3000000119
69515  -48.361  -4.894  -25.131 0.3000000119
70397  -48.085  -5.016  -26.060 0.3000000119
67679  -42.026  -7.039  -24.020 0.3000000119
68607  -42.730  -6.544  -23.473 0.3000000119
69499  -42.964  -5.642  -23.662 0.3000000119
68608  -43.450  -6.198  -22.994 0.3000000119
70367  -43.525  -4.801  -23.620 0.3000000119
66709  -40.873  -8.019  -25.309 0.3000000119
66699  -41.324  -8.374  -24.660 0.3000000119
69501  -44.394  -4.735  -23.105 0.3000000119
70369  -45.756  -3.906  -23.165 0.3000000119
66708  -40.245  -8.447  -26.036 0.3000000119
71281  -44.323  -3.013  -23.985 0.3000000119
72150  -45.146  -2.636  -23.923 0.3000000119
132178  -40.116  -9.159  -26.110 0.4000000060
71269  -45.807  -3.039  -23.648 0.3000000119
65727  -39.438  -9.608  -26.377 0.4000000060
72151  -46.407  -2.817  -23.898 0.3000000119
71282  -47.030  -3.049  -23.997 0.3000000119
138584  -48.283  -4.314  -25.506 0.3000000119
64785  -38.310  -10.024  -26.511 0.4000000060
128134  -48.069  -4.163  -26.234 0.3000000119
123356  -47.619  -4.107  -26.965 0.3000000119
69513  -42.361  -5.522  -24.374 0.3000000119
68617  -41.558  -6.693  -24.727 0.3000000119
69512  -41.750  -5.880  -24.875 0.3000000119
70384  -43.227  -4.214  -24.230 0.3000000119
68629  -41.107  -6.353  -25.459 0.3000000119
71267  -44.124  -3.941  -23.679 0.3000000119
67688  -40.361  -7.645  -26.011 0.3000000119
141671  -45.208  -2.059  -24.314 0.3000000119
72165  -45.928  -2.308  -24.188 0.3000000119
73097  -46.442  -1.766  -24.792 0.3000000119
72179  -47.271  -2.098  -25.129 0.3000000119
72180  -47.780  -2.656  -25.529 0.3000000119
65740  -36.957  -9.520  -26.753 0.3000000119
71308  -47.937  -3.156  -26.432 0.3000000119
71317  -47.400  -3.590  -27.460 0.3000000119
71324  -46.769  -4.138  -28.199 0.3000000119
70382  -42.044  -5.005  -24.947 0.3000000119
71279  -42.793  -3.758  -24.785 0.3000000119
71280  -43.529  -3.412  -24.334 0.3000000119
68628  -40.436  -6.848  -26.101 0.3000000119
69524  -40.570  -6.014  -26.189 0.3000000119
72163  -43.743  -2.592  -24.523 0.3000000119
72164  -44.514  -2.273  -24.326 0.3000000119
73111  -43.475  -1.370  -25.282 0.3000000119
73095  -44.781  -1.573  -24.602 0.3000000119
133022  -45.148  -0.910  -24.955 0.3000000119
73113  -46.063  -1.042  -25.164 0.3000000119
73134  -47.216  -1.034  -26.372 0.3000000119
73115  -47.666  -1.949  -26.130 0.3000000119
74089  -47.247  -0.810  -27.121 0.3000000119
73135  -47.503  -1.498  -26.834 0.3000000119
72202  -47.570  -2.394  -27.235 0.3000000119
73165  -47.036  -1.017  -28.050 0.3000000119
123039  -47.000  -3.206  -28.157 0.3000000119
72212  -46.379  -3.007  -28.875 0.3000000119
70394  -40.743  -5.178  -26.283 0.3000000119
69525  -41.277  -5.517  -25.578 0.3000000119
70396  -42.150  -4.182  -25.243 0.3000000119
68638  -39.576  -6.551  -26.950 0.3000000119
70406  -40.931  -4.345  -26.428 0.3000000119
72176  -41.865  -3.012  -26.016 0.3000000119
72177  -42.560  -2.591  -25.549 0.3000000119
73112  -44.258  -1.001  -24.977 0.3000000119
140101  -38.352  -7.192  -27.417 0.3000000119
74074  -45.612  -0.376  -25.591 0.3000000119
74075  -46.512  -0.587  -25.900 0.3000000119
74088  -46.756  -0.266  -26.676 0.3000000119
75142  -46.305  0.560  -28.141 0.3000000119
135143  -46.543  -1.016  -28.805 0.3000000119
70417  -39.475  -4.604  -27.728 0.3000000119
69541  -38.436  -5.862  -27.972 0.3000000119
70404  -39.372  -5.377  -27.535 0.3000000119
69540  -37.821  -5.574  -28.287 0.3000000119
68637  -38.367  -6.510  -27.702 0.3000000119
69534  -39.232  -6.030  -27.454 0.3000000119
69535  -40.016  -5.673  -26.894 0.3000000119
68636  -37.325  -6.840  -27.579 0.3000000119
55166  -42.699  -20.994  -23.369 0.6999999881
54309  -43.513  -21.783  -21.586 0.5000000000
135153  -42.567  -20.112  -23.212 0.6000000238
53417  -37.409  -22.152  -23.246 0.6000000238
49258  -40.207  -26.356  -21.238 0.6999999881
123535  -43.080  -55.386  -18.417 0.3000000119
21934  -42.129  -55.552  -18.324 0.3000000119
21923  -40.499  -54.936  -17.898 0.3000000119
21932  -40.017  -55.428  -18.389 0.4000000060
21931  -39.191  -55.094  -18.731 0.4000000060
22917  -38.805  -54.333  -19.596 0.4000000060
23821  -38.983  -53.657  -19.881 0.4000000060
24678  -39.920  -52.668  -20.617 0.4000000060
25560  -40.129  -51.840  -20.466 0.4000000060
25561  -41.101  -51.652  -20.972 0.4000000060
140168  -41.359  -50.101  -20.600 0.4000000060
26473  -41.255  -50.824  -20.742 0.4000000060
32066  -41.981  -44.812  -18.276 0.4000000060
123626  -42.437  -46.994  -11.314 0.3000000119
133681  -42.585  -46.229  -11.249 0.3000000119
31966  -43.389  -44.955  -11.381 0.3000000119
32065  -41.484  -44.456  -18.393 0.5000000000
32887  -45.366  -43.486  -12.811 0.3000000119
33783  -45.201  -42.629  -12.570 0.3000000119
32071  -39.835  -44.430  -19.637 0.5000000000
32959  -39.642  -43.477  -18.331 0.5000000000
40653  -47.743  -35.807  -14.853 0.3000000119
40652  -46.920  -35.369  -14.281 0.3000000119
132765  -47.441  -35.022  -14.895 0.3000000119
34814  -38.722  -41.736  -19.893 0.6000000238
42374  -46.916  -33.910  -15.043 0.4000000060
141949  -38.684  -41.879  -20.615 0.6000000238
44221  -46.547  -32.444  -15.865 0.4000000060
43301  -47.320  -32.204  -16.438 0.4000000060
45209  -46.200  -30.193  -17.029 0.4000000060
45210  -47.046  -29.920  -17.367 0.4000000060
43339  -33.685  -32.578  -21.257 0.4000000060
42443  -33.851  -33.145  -20.658 0.5000000000
43329  -34.566  -32.986  -19.683 0.5000000000
36764  -39.854  -38.872  -21.603 0.6999999881
47186  -48.273  -28.876  -19.477 0.4000000060
37835  -40.260  -38.264  -21.628 0.6999999881
144388  -48.541  -28.540  -20.980 0.4000000060
44269  -35.441  -31.583  -19.343 0.5000000000
44254  -36.197  -32.125  -18.666 0.5000000000
44256  -37.485  -31.642  -18.335 0.6000000238
45217  -36.976  -30.963  -18.490 0.6000000238
44257  -38.379  -31.267  -18.406 0.8000000119
38933  -41.435  -38.361  -21.185 0.8000000119
38932  -40.610  -37.686  -21.623 0.6999999881
47214  -48.412  -28.459  -21.604 0.4000000060
39820  -41.928  -37.280  -21.259 0.8000000119
45219  -38.762  -30.501  -18.529 0.8000000119
47237  -49.135  -28.647  -23.391 0.4000000060
46173  -39.261  -29.749  -18.864 0.6999999881
123700  -40.771  -34.245  -21.058 0.8000000119
46192  -39.704  -30.115  -19.653 0.6999999881
45240  -40.308  -31.034  -20.737 0.6999999881
42454  -40.722  -33.426  -20.789 0.8000000119
128767  -40.896  -32.066  -21.003 0.6000000238
133565  -49.911  -29.715  -25.779 0.3000000119
46256  -48.450  -30.090  -27.778 0.4000000060
44323  -51.306  -32.030  -28.885 0.4000000060
144008  -51.291  -31.363  -27.904 0.4000000060
137176  -50.585  -30.500  -26.803 0.3000000119
140233  -48.285  -29.304  -27.526 0.4000000060
46261  -48.970  -29.821  -28.230 0.4000000060
45281  -50.329  -31.181  -29.058 0.4000000060
43382  -50.995  -32.602  -29.090 0.4000000060
48269  -47.426  -27.829  -25.830 0.4000000060
48274  -48.575  -27.765  -27.132 0.4000000060
48271  -49.196  -27.236  -26.510 0.5000000000
49291  -47.509  -26.863  -24.577 0.5000000000
50371  -48.367  -25.481  -22.555 0.4000000060
49290  -49.183  -26.223  -24.106 0.5000000000
49301  -49.977  -26.716  -27.125 0.4000000060
49294  -50.276  -25.951  -25.707 0.5000000000
50354  -47.078  -25.196  -21.846 0.5000000000
50355  -47.953  -25.140  -21.848 0.4000000060
50389  -50.521  -25.071  -25.573 0.5000000000
52436  -50.367  -22.792  -24.639 0.5000000000
131800  -50.532  -21.800  -24.892 0.5000000000
129197  -33.485  -21.945  -23.571 0.5000000000
55193  -50.414  -20.295  -24.684 0.5000000000
59056  -51.142  -16.718  -24.449 0.4000000060
55176  -34.378  -20.511  -23.706 0.6000000238
128422  -34.774  -21.265  -23.705 0.6000000238
130226  -35.559  -21.291  -23.832 0.6000000238
55178  -36.079  -20.652  -24.115 0.6000000238
126434  -51.672  -16.287  -24.421 0.3000000119
56092  -36.263  -19.773  -24.223 0.6000000238
55185  -36.789  -20.298  -24.277 0.6000000238
125199  -51.484  -15.789  -24.303 0.3000000119
61069  -51.540  -15.003  -24.108 0.3000000119
129038  -38.087  -18.089  -24.397 0.6000000238
59990  -38.800  -15.615  -25.039 0.6000000238
61080  -39.525  -14.261  -25.384 0.6000000238
62056  -39.987  -13.545  -25.407 0.6000000238
62055  -38.893  -13.400  -25.719 0.6000000238
128895  -40.014  -12.058  -25.748 0.5000000000
63797  -39.459  -11.275  -26.096 0.4000000060
75113  -45.820  0.817  -26.892 0.3000000119
75128  -46.153  0.727  -27.502 0.3000000119
75159  -45.875  0.349  -29.518 0.3000000119
74139  -46.121  -0.550  -29.323 0.3000000119
124553  -45.819  -2.776  -29.540 0.3000000119
68643  -37.470  -6.110  -27.986 0.3000000119
69523  -36.925  -6.133  -27.167 0.3000000119
47170  -47.894  -28.930  -18.900 0.4000000060
49299  -50.421  -25.983  -26.788 0.5000000000
23816  -38.782  -53.479  -18.968 0.4000000060
25522  -40.042  -51.905  -16.212 0.3000000119
144795  -39.498  -52.118  -16.591 0.3000000119
25520  -38.805  -51.388  -16.655 0.3000000119
124190  -38.728  -51.285  -18.590 0.4000000060
26445  -38.621  -50.602  -16.423 0.3000000119
31173  -41.555  -45.421  -17.908 0.4000000060
27346  -41.055  -49.925  -14.068 0.3000000119
29208  -38.878  -47.560  -17.454 0.4000000060
29152  -38.691  -47.093  -12.762 0.3000000119
32949  -40.422  -43.146  -17.391 0.4000000060
33782  -44.486  -42.723  -11.959 0.3000000119
33771  -43.313  -42.143  -11.212 0.3000000119
35634  -43.054  -40.652  -11.326 0.3000000119
37700  -44.853  -38.330  -13.058 0.3000000119
38826  -45.439  -37.273  -13.356 0.3000000119
35633  -41.419  -40.292  -11.101 0.3000000119
36618  -40.870  -38.940  -11.795 0.3000000119
138581  -42.265  -39.894  -11.320 0.3000000119
37685  -42.422  -38.448  -11.872 0.3000000119
38850  -47.946  -37.259  -14.892 0.3000000119
37695  -40.061  -38.479  -12.669 0.3000000119
122619  -41.940  -37.081  -12.442 0.3000000119
130151  -39.917  -37.892  -17.825 0.6000000238
41489  -46.894  -34.517  -14.634 0.4000000060
137565  -39.731  -39.221  -18.943 0.6000000238
39732  -39.862  -36.809  -14.144 0.3000000119
44235  -46.474  -31.743  -16.285 0.4000000060
36753  -39.996  -39.481  -20.874 0.6999999881
40665  -41.215  -35.237  -15.293 0.4000000060
40690  -41.659  -35.567  -16.940 0.4000000060
44233  -44.701  -31.186  -16.499 0.4000000060
38905  -43.099  -38.431  -19.801 0.6999999881
42423  -43.256  -33.025  -17.838 0.4000000060
39794  -44.019  -37.462  -19.574 0.6000000238
46195  -45.334  -28.921  -19.341 0.4000000060
37817  -41.912  -38.839  -20.716 0.6999999881
47184  -46.631  -28.427  -19.620 0.4000000060
47185  -47.545  -28.437  -19.989 0.4000000060
43349  -33.910  -31.898  -21.336 0.3000000119
37837  -42.299  -39.006  -20.951 0.6999999881
38921  -45.016  -39.275  -21.119 0.6000000238
43353  -44.711  -32.594  -20.890 0.5000000000
38934  -42.636  -38.791  -21.153 0.6999999881
44302  -46.716  -31.256  -22.833 0.4000000060
41578  -43.639  -34.463  -22.654 0.6000000238
41573  -41.512  -34.521  -21.371 0.6999999881
43351  -41.775  -32.634  -21.733 0.6999999881
42455  -41.461  -33.543  -21.287 0.6999999881
43350  -41.181  -32.701  -21.121 0.8000000119
47244  -49.404  -28.838  -24.128 0.4000000060
46251  -49.311  -29.539  -25.139 0.3000000119
136364  -45.211  -36.036  -24.759 0.6000000238
38947  -47.005  -38.989  -24.059 0.6999999881
138684  -40.051  -30.374  -20.517 0.6999999881
44280  -40.366  -31.816  -20.441 0.8000000119
44293  -40.711  -31.173  -22.541 0.6999999881
38945  -47.179  -38.931  -23.816 0.4000000060
41587  -48.837  -34.999  -25.021 0.3000000119
42470  -49.355  -34.574  -25.526 0.3000000119
39836  -46.625  -37.523  -25.672 0.5000000000
38951  -48.062  -38.711  -25.480 0.5000000000
40760  -50.028  -36.667  -27.264 0.4000000060
40756  -50.178  -36.628  -27.005 0.4000000060
40757  -50.550  -35.810  -27.552 0.4000000060
46249  -46.772  -29.700  -25.663 0.5000000000
42481  -50.639  -34.267  -28.545 0.4000000060
139416  -51.070  -35.172  -28.060 0.4000000060
45280  -49.332  -30.875  -28.491 0.4000000060
42472  -44.850  -34.357  -25.556 0.5000000000
49268  -36.165  -26.064  -21.305 0.6999999881
44313  -46.460  -31.363  -25.176 0.5000000000
50339  -39.740  -25.860  -20.744 0.8000000119
130540  -35.150  -25.185  -22.392 0.5000000000
47240  -39.872  -28.646  -25.216 0.6999999881
49288  -47.203  -26.530  -23.815 0.5000000000
53405  -49.587  -22.715  -22.669 0.5000000000
52407  -49.193  -23.345  -21.955 0.4000000060
49293  -49.531  -26.483  -25.021 0.5000000000
52429  -33.789  -23.630  -23.349 0.5000000000
45264  -44.147  -30.786  -23.508 0.5000000000
50369  -46.574  -25.623  -22.463 0.5000000000
132629  -39.987  -27.822  -25.247 0.6999999881
51371  -47.437  -24.657  -21.359 0.4000000060
51372  -48.268  -24.449  -21.503 0.4000000060
52395  -47.195  -23.720  -20.617 0.4000000060
49283  -40.139  -26.421  -24.552 0.8000000119
52430  -34.561  -23.443  -23.336 0.5000000000
51357  -45.983  -24.212  -20.911 0.5000000000
51387  -40.341  -24.281  -22.844 0.6000000238
55167  -48.971  -20.251  -22.538 0.4000000060
128513  -49.849  -21.622  -24.208 0.5000000000
53414  -34.859  -22.677  -23.504 0.5000000000
53399  -37.106  -22.754  -22.797 0.6999999881
50378  -41.121  -25.320  -25.217 0.6999999881
51405  -41.566  -24.171  -25.550 0.6999999881
54334  -41.835  -21.802  -25.410 0.6000000238
54326  -40.112  -21.712  -24.522 0.6000000238
54336  -50.285  -20.968  -24.709 0.5000000000
130064  -34.375  -21.979  -23.616 0.5000000000
54301  -44.359  -21.791  -20.255 0.5000000000
55139  -45.101  -20.657  -19.458 0.4000000060
145747  -41.523  -24.967  -25.295 0.6999999881
51406  -41.981  -24.143  -25.511 0.6999999881
52434  -42.615  -23.217  -24.311 0.6999999881
53418  -38.920  -22.081  -23.224 0.6000000238
55181  -42.417  -20.529  -24.374 0.6000000238
54325  -39.328  -21.595  -23.916 0.6000000238
56093  -42.076  -18.860  -24.580 0.6000000238
134157  -44.888  -18.934  -19.435 0.4000000060
54315  -43.262  -22.263  -22.555 0.5000000000
56069  -43.466  -19.631  -20.416 0.5000000000
54308  -43.074  -21.397  -22.420 0.5000000000
128008  -42.845  -21.886  -23.519 0.6000000238
59023  -47.719  -16.704  -21.951 0.4000000060
143963  -42.660  -19.777  -22.215 0.6999999881
57114  -42.415  -18.505  -22.633 0.6000000238
121513  -47.840  -16.074  -22.541 0.4000000060
58077  -50.690  -17.515  -24.465 0.4000000060
57094  -42.841  -18.362  -20.990 0.6000000238
58060  -41.977  -17.134  -23.851 0.6000000238
59055  -50.268  -16.659  -24.226 0.3000000119
58999  -44.364  -16.475  -19.558 0.5000000000
58029  -44.521  -17.424  -19.522 0.5000000000
61991  -45.592  -13.596  -19.727 0.4000000060
135123  -46.679  -14.188  -20.402 0.4000000060
129395  -42.380  -17.886  -22.379 0.6000000238
62025  -47.541  -13.338  -22.261 0.3000000119
62034  -47.768  -13.379  -23.105 0.3000000119
59032  -42.197  -16.000  -22.288 0.6000000238
59972  -41.925  -15.466  -23.130 0.6000000238
59982  -49.290  -15.599  -23.775 0.3000000119
62045  -51.145  -14.010  -23.877 0.3000000119
59961  -42.591  -15.881  -21.278 0.6000000238
59022  -42.498  -16.751  -21.508 0.6000000238
59053  -41.013  -16.486  -24.548 0.6000000238
62036  -48.838  -13.989  -23.792 0.3000000119
61989  -44.215  -13.499  -19.877 0.6000000238
61035  -42.494  -14.389  -21.648 0.6000000238
63752  -47.359  -11.478  -21.674 0.4000000060
127347  -47.570  -12.005  -22.685 0.3000000119
62911  -47.806  -12.691  -23.341 0.3000000119
62912  -48.150  -12.616  -23.889 0.3000000119
62003  -43.929  -12.658  -20.196 0.5000000000
63751  -43.542  -11.293  -20.910 0.4000000060
65691  -46.960  -9.068  -21.149 0.3000000119
132921  -47.928  -8.104  -22.728 0.3000000119
67646  -47.446  -7.882  -21.998 0.3000000119
64737  -42.080  -11.149  -22.880 0.4000000060
68594  -44.605  -6.350  -22.191 0.3000000119
64752  -41.629  -10.072  -23.957 0.3000000119
69491  -47.311  -5.694  -22.573 0.3000000119
139222  -47.629  -5.223  -23.023 0.3000000119
69526  -48.068  -5.779  -25.626 0.3000000119
66687  -41.623  -8.686  -24.137 0.3000000119
70358  -46.157  -4.722  -22.688 0.3000000119
70385  -48.233  -4.692  -24.205 0.3000000119
65728  -40.475  -9.882  -25.808 0.4000000060
67678  -41.426  -7.537  -24.645 0.3000000119
70368  -44.914  -4.104  -23.192 0.3000000119
72167  -47.501  -2.815  -24.734 0.3000000119
70407  -47.466  -4.992  -26.932 0.3000000119
143204  -42.586  -4.410  -24.678 0.3000000119
67689  -40.956  -7.172  -25.333 0.3000000119
72162  -43.023  -2.985  -24.939 0.3000000119
72213  -47.140  -2.131  -28.121 0.3000000119
70395  -41.443  -4.676  -25.716 0.3000000119
71295  -42.346  -3.395  -25.407 0.3000000119
72178  -43.259  -2.193  -25.128 0.3000000119
74073  -44.675  -0.360  -25.478 0.3000000119
74087  -45.992  0.176  -26.310 0.3000000119
74123  -46.574  -0.222  -28.413 0.3000000119
73164  -46.568  -1.895  -28.817 0.3000000119
70405  -40.199  -4.867  -26.999 0.3000000119
71294  -41.636  -3.837  -25.870 0.3000000119
71307  -41.150  -3.496  -26.572 0.3000000119
68635  -36.929  -6.539  -27.436 0.3000000119
68627  -36.650  -6.821  -26.896 0.3000000119
75160  -46.262  0.308  -28.828 0.3000000119
69533  -37.052  -5.845  -27.749 0.3000000119
40738  -40.794  -35.155  -21.440 0.8000000119
43342  -40.565  -32.651  -20.594 0.8000000119
47255  -49.090  -28.029  -27.950 0.4000000060
62928  -39.467  -12.751  -25.719 0.5000000000
48265  -47.847  -27.239  -25.340 0.4000000060
49297  -48.902  -27.049  -25.572 0.4000000060
50392  -52.905  -25.554  -25.697 0.3000000119
125410  -52.242  -24.353  -25.883 0.4000000060
51409  -53.530  -24.084  -25.001 0.3000000119
49302  -50.615  -26.234  -27.385 0.4000000060
139038  -50.820  -24.987  -26.607 0.4000000060
50391  -50.709  -25.118  -26.540 0.4000000060
53430  -53.816  -22.898  -24.561 0.3000000119
53433  -51.867  -23.271  -25.324 0.4000000060
53434  -53.007  -23.186  -25.019 0.3000000119
49289  -48.188  -26.383  -23.915 0.3000000119
124034  -50.850  -23.933  -25.902 0.4000000060
53432  -50.999  -23.362  -25.448 0.4000000060
130367  -51.936  -20.955  -24.616 0.3000000119
53428  -51.105  -22.602  -25.141 0.4000000060
57146  -53.171  -18.765  -24.617 0.3000000119
130515  -50.817  -21.002  -24.778 0.4000000060
128419  -52.453  -17.985  -24.618 0.3000000119
130438  -51.410  -18.140  -24.586 0.3000000119
55177  -35.190  -20.606  -23.857 0.5000000000
125829  -52.590  -16.495  -24.502 0.3000000119
131830  -51.069  -18.894  -24.605 0.3000000119
56089  -33.961  -19.672  -23.725 0.5000000000
57135  -34.090  -18.074  -24.042 0.5000000000
56090  -34.856  -19.834  -23.820 0.5000000000
57136  -35.089  -18.285  -24.074 0.5000000000
57137  -36.553  -18.884  -24.262 0.5000000000
59997  -53.048  -16.202  -24.495 0.3000000119
58078  -51.740  -17.341  -24.552 0.3000000119
135810  -35.909  -18.398  -24.139 0.5000000000
58071  -37.317  -17.592  -24.389 0.5000000000
59048  -35.384  -16.621  -24.616 0.5000000000
60004  -36.398  -15.250  -25.328 0.5000000000
59988  -36.391  -16.182  -24.834 0.5000000000
59989  -37.310  -15.834  -25.004 0.4000000060
60003  -35.300  -15.450  -25.129 0.5000000000
59063  -34.614  -15.871  -24.863 0.5000000000
139229  -37.304  -15.045  -25.416 0.5000000000
61076  -35.457  -14.449  -25.583 0.4000000060
61077  -36.343  -14.224  -25.764 0.4000000060
61079  -38.244  -14.065  -25.688 0.5000000000
61078  -37.288  -14.236  -25.754 0.4000000060
62052  -34.913  -12.262  -26.055 0.4000000060
135508  -36.849  -13.309  -26.098 0.5000000000
132981  -35.911  -12.868  -26.209 0.4000000060
62054  -37.462  -12.952  -26.127 0.4000000060
62053  -35.785  -12.144  -26.241 0.5000000000
140255  -36.896  -12.163  -26.349 0.4000000060
136127  -38.848  -12.023  -26.114 0.4000000060
62926  -35.959  -11.386  -26.296 0.3000000119
63796  -37.929  -11.401  -26.350 0.3000000119
62927  -37.393  -11.850  -26.351 0.3000000119
63795  -35.910  -10.909  -26.271 0.3000000119
62930  -36.618  -11.350  -26.404 0.3000000119
63802  -36.675  -10.932  -26.401 0.3000000119
64774  -38.198  -10.755  -26.392 0.3000000119
64773  -35.808  -10.507  -26.157 0.3000000119
64784  -36.782  -10.284  -26.498 0.3000000119
57134  -32.942  -17.757  -24.025 0.5000000000
50385  -52.885  -25.433  -24.438 0.3000000119
50393  -50.840  -25.436  -26.973 0.4000000060
57133  -31.965  -17.438  -23.904 0.4000000060
58068  -33.608  -17.133  -24.345 0.5000000000
59047  -34.226  -16.499  -24.613 0.4000000060
131016  -34.388  -14.392  -25.415 0.5000000000
144972  -35.403  -13.571  -25.872 0.5000000000
50370  -47.431  -25.592  -22.491 0.4000000060
50381  -48.775  -25.858  -23.299 0.4000000060
58072  -38.187  -17.176  -24.468 0.5000000000
50380  -47.777  -26.007  -23.197 0.3000000119
48276  -50.385  -26.869  -27.871 0.4000000060
52440  -50.748  -23.367  -25.343 0.4000000060
56105  -50.698  -19.607  -24.637 0.3000000119
56091  -35.559  -20.017  -24.019 0.5000000000
143839  -37.206  -18.933  -24.359 0.5000000000
135804  -37.262  -18.409  -24.344 0.5000000000
59050  -38.284  -16.268  -24.762 0.5000000000
136560  -38.002  -15.552  -25.131 0.5000000000
60005  -38.177  -14.949  -25.407 0.5000000000
51408  -53.401  -24.669  -24.872 0.3000000119
50395  -52.569  -25.880  -26.229 0.4000000060
51412  -53.057  -24.676  -25.447 0.3000000119
51411  -51.292  -24.435  -26.143 0.4000000060
50394  -51.746  -25.597  -26.695 0.4000000060
51414  -52.239  -25.004  -26.206 0.4000000060
52443  -52.784  -23.903  -25.343 0.3000000119
120674  -50.863  -26.681  -27.758 0.4000000060
54341  -52.167  -22.560  -25.001 0.3000000119
54337  -51.396  -21.802  -24.907 0.4000000060
56107  -52.587  -19.548  -24.584 0.3000000119
56106  -51.506  -19.525  -24.613 0.3000000119
58079  -52.886  -17.153  -24.583 0.3000000119
55175  -33.461  -20.385  -23.643 0.5000000000
57122  -33.497  -18.746  -23.781 0.5000000000
58069  -34.715  -17.396  -24.331 0.5000000000
57124  -35.526  -19.172  -24.016 0.5000000000
58070  -35.702  -17.635  -24.279 0.5000000000
132824  -36.458  -17.115  -24.456 0.5000000000
123445  -36.553  -18.001  -24.243 0.5000000000
59049  -37.333  -16.683  -24.599 0.5000000000
131116  -38.231  -12.568  -26.097 0.3000000119
49305  -51.539  -27.111  -27.752 0.4000000060
42434  -38.736  -33.341  -19.202 0.6999999881
42445  -40.112  -33.288  -20.347 0.6999999881
42444  -39.517  -33.251  -19.814 0.6999999881
43332  -39.320  -32.455  -19.302 0.6999999881
43331  -38.668  -32.573  -18.787 0.6999999881
43341  -39.961  -32.575  -20.039 0.6999999881
44271  -39.417  -31.539  -19.149 0.6999999881
44258  -39.023  -31.180  -18.690 0.6999999881
44324  -51.206  -31.604  -29.117 0.3000000119
45282  -51.793  -31.166  -29.025 0.3000000119
45284  -50.741  -30.675  -29.074 0.3000000119
46265  -52.307  -30.290  -29.023 0.3000000119
47262  -51.163  -29.796  -28.987 0.3000000119
44279  -39.814  -31.915  -19.750 0.6999999881
140365  -49.735  -30.430  -28.742 0.3000000119
47258  -49.893  -28.661  -28.503 0.3000000119
47263  -52.066  -29.555  -28.891 0.3000000119
47261  -53.025  -29.067  -28.201 0.3000000119
47256  -53.320  -29.105  -27.529 0.3000000119
45233  -39.884  -31.085  -19.885 0.6000000238
45220  -39.389  -30.691  -19.033 0.6999999881
47254  -48.346  -28.445  -27.360 0.3000000119
47257  -48.930  -28.892  -28.100 0.3000000119
48279  -51.104  -27.502  -28.207 0.3000000119
48280  -52.314  -28.012  -28.008 0.3000000119
48281  -53.029  -28.487  -27.668 0.3000000119
48278  -50.084  -27.689  -28.236 0.3000000119
49304  -52.428  -26.507  -26.656 0.3000000119
48273  -47.842  -28.129  -26.610 0.3000000119
49306  -52.446  -27.425  -27.270 0.3000000119
49292  -48.523  -26.705  -24.719 0.3000000119
127331  -41.337  -36.121  -21.583 0.6999999881
40737  -39.805  -35.427  -21.507 0.6999999881
42433  -37.937  -33.795  -18.791 0.6999999881
41572  -40.041  -34.703  -21.039 0.6999999881
130626  -39.691  -33.785  -20.245 0.6999999881
42422  -38.095  -32.981  -18.576 0.6999999881
41562  -40.156  -33.997  -20.638 0.6999999881
43320  -38.213  -32.149  -18.419 0.6999999881
45279  -51.627  -30.980  -28.227 0.3000000119
46263  -52.245  -30.574  -28.655 0.3000000119
46264  -52.495  -30.151  -28.715 0.3000000119
46260  -53.040  -29.637  -28.104 0.3000000119
47252  -53.349  -29.121  -26.520 0.3000000119
127604  -52.927  -27.380  -26.609 0.3000000119
48272  -53.209  -28.091  -26.210 0.3000000119
49300  -53.017  -26.769  -26.010 0.3000000119
44320  -51.471  -31.845  -28.773 0.3000000119
47259  -51.032  -28.591  -28.635 0.3000000119
48282  -52.152  -28.776  -28.494 0.3000000119
31192  -43.078  -46.093  -21.096 0.4000000060
31197  -41.066  -45.361  -21.689 0.4000000060
31190  -40.965  -45.250  -20.666 0.4000000060
145689  -42.333  -45.476  -19.751 0.4000000060
31206  -41.650  -45.053  -23.178 0.4000000060
126364  -38.687  -42.357  -19.333 0.5000000000
32966  -39.060  -43.956  -20.078 0.4000000060
31181  -40.441  -44.867  -20.154 0.4000000060
32089  -40.233  -44.872  -21.231 0.4000000060
31182  -41.661  -45.140  -19.716 0.4000000060
32971  -39.036  -43.763  -21.247 0.5000000000
125510  -40.617  -44.617  -22.558 0.4000000060
130775  -39.404  -43.968  -19.175 0.4000000060
32965  -38.724  -43.236  -20.525 0.5000000000
32088  -39.675  -44.206  -21.923 0.5000000000
32098  -41.800  -43.750  -24.192 0.5000000000
32980  -38.837  -43.036  -21.527 0.5000000000
32981  -39.637  -43.028  -22.675 0.5000000000
32991  -40.948  -42.612  -24.053 0.5000000000
33003  -41.724  -42.568  -25.276 0.5000000000
32104  -41.402  -43.045  -25.458 0.5000000000
33890  -38.940  -42.250  -22.170 0.6000000238
32992  -41.706  -42.760  -24.746 0.5000000000
33901  -39.881  -41.742  -23.557 0.5000000000
33002  -41.468  -42.083  -25.024 0.5000000000
33914  -40.680  -41.536  -25.162 0.6000000238
33911  -41.345  -42.013  -25.277 0.5000000000
35764  -39.415  -40.192  -24.695 0.5000000000
138088  -38.941  -40.940  -21.619 0.6000000238
34836  -39.216  -41.078  -22.797 0.6000000238
33910  -40.933  -41.503  -24.984 0.5000000000
34851  -40.207  -40.795  -24.831 0.6000000238
34844  -39.961  -40.691  -25.051 0.6000000238
36781  -38.653  -39.676  -24.322 0.5000000000
36762  -37.293  -39.092  -22.280 0.5000000000
36772  -37.536  -39.190  -23.298 0.5000000000
35753  -37.632  -39.803  -23.662 0.5000000000
133745  -35.235  -36.223  -19.369 0.4000000060
40713  -35.624  -35.544  -19.152 0.5000000000
35754  -39.863  -40.102  -23.882 0.6000000238
34845  -40.180  -40.730  -24.513 0.5000000000
121847  -36.212  -36.290  -19.318 0.5000000000
122048  -39.711  -39.806  -24.302 0.6000000238
36783  -39.831  -40.023  -24.623 0.6000000238
36779  -39.035  -39.147  -24.251 0.6000000238
36782  -39.592  -39.804  -24.527 0.5000000000
37832  -37.173  -38.876  -21.105 0.5000000000
37841  -37.833  -38.384  -23.329 0.5000000000
36778  -38.100  -38.951  -24.004 0.5000000000
40712  -34.559  -35.450  -19.617 0.4000000060
41546  -35.100  -34.755  -19.154 0.5000000000
39804  -33.987  -36.618  -20.068 0.4000000060
40702  -36.025  -34.869  -18.827 0.5000000000
131015  -39.167  -40.244  -22.279 0.6000000238
40714  -36.573  -35.528  -19.160 0.5000000000
120856  -39.426  -39.449  -23.042 0.6000000238
40715  -37.355  -35.305  -19.426 0.5000000000
36773  -39.377  -38.879  -23.685 0.6000000238
36780  -39.489  -39.598  -24.304 0.6000000238
130757  -39.174  -38.706  -23.893 0.6000000238
37844  -38.656  -38.455  -23.850 0.6000000238
37833  -37.536  -38.198  -22.153 0.5000000000
38938  -38.032  -37.610  -22.919 0.5000000000
38929  -37.770  -37.399  -21.879 0.5000000000
41545  -34.239  -34.493  -19.869 0.4000000060
40724  -33.846  -35.859  -20.284 0.4000000060
41535  -36.383  -34.204  -18.634 0.5000000000
41536  -37.177  -34.076  -18.629 0.5000000000
41547  -36.880  -34.788  -18.883 0.5000000000
41548  -37.644  -34.544  -19.112 0.5000000000
37834  -39.656  -38.050  -22.806 0.6000000238
135761  -39.509  -38.870  -22.456 0.6000000238
39791  -37.129  -36.228  -19.646 0.5000000000
38931  -39.907  -37.342  -22.405 0.6000000238
37845  -39.053  -37.931  -23.614 0.6000000238
37816  -37.353  -38.032  -20.939 0.5000000000
38939  -38.759  -37.391  -23.197 0.5000000000
38919  -37.493  -37.208  -20.761 0.5000000000
42419  -35.970  -33.657  -18.606 0.5000000000
41549  -38.410  -34.246  -19.445 0.6000000238
40716  -38.089  -34.985  -19.816 0.5000000000
38940  -39.306  -37.411  -23.139 0.6000000238
40725  -37.831  -35.729  -20.173 0.5000000000
123608  -39.534  -36.791  -22.648 0.6000000238
39805  -37.667  -36.462  -20.523 0.5000000000
39817  -38.016  -36.702  -21.539 0.5000000000
39818  -38.677  -36.328  -22.052 0.5000000000
42431  -34.777  -33.908  -19.326 0.4000000060
43318  -36.757  -32.774  -18.444 0.4000000060
41559  -33.703  -35.041  -20.495 0.4000000060
41550  -39.135  -33.969  -19.884 0.6000000238
41560  -38.826  -34.675  -20.202 0.6000000238
40726  -38.537  -35.361  -20.624 0.5000000000
39806  -38.278  -36.034  -21.108 0.5000000000
42432  -35.347  -33.368  -18.931 0.5000000000
133913  -36.921  -32.144  -18.400 0.4000000060
43319  -37.478  -32.513  -18.393 0.5000000000
43317  -36.007  -32.995  -18.589 0.4000000060
43330  -35.370  -32.512  -19.111 0.4000000060
40727  -39.285  -35.048  -20.906 0.5000000000
39790  -36.625  -37.039  -19.618 0.5000000000
38902  -37.198  -36.975  -20.017 0.5000000000
38901  -37.021  -37.806  -19.946 0.5000000000
141887  -34.138  -33.717  -20.054 0.4000000060
32072  -41.025  -44.641  -19.212 0.4000000060
34828  -38.788  -41.653  -21.455 0.6000000238
39819  -40.972  -36.980  -21.586 0.6000000238
120991  -40.428  -35.975  -21.859 0.6000000238
125924  -39.463  -36.179  -22.160 0.6000000238
127375  -40.174  -36.692  -22.163 0.6000000238
41561  -39.519  -34.379  -20.503 0.6000000238
42421  -37.367  -33.306  -18.498 0.5000000000
32097  -40.578  -43.591  -23.297 0.5000000000
127006  -40.778  -42.054  -24.322 0.5000000000
33009  -40.988  -42.115  -25.448 0.5000000000
37843  -39.283  -38.136  -23.509 0.6000000238
38930  -38.372  -36.974  -22.540 0.5000000000
39825  -39.012  -36.763  -22.820 0.6000000238
40736  -38.969  -35.659  -21.504 0.5000000000
43287  -47.258  -32.994  -16.083 0.3000000119
41502  -47.426  -34.399  -15.327 0.3000000119
42403  -47.840  -33.576  -16.343 0.3000000119
43302  -47.913  -32.887  -16.524 0.3000000119
133229  -48.260  -34.066  -16.517 0.3000000119
42404  -48.390  -33.533  -16.577 0.3000000119
43303  -48.631  -32.789  -16.626 0.3000000119
124657  -47.149  -31.456  -16.662 0.3000000119
144877  -47.678  -31.761  -16.669 0.3000000119
44236  -48.224  -32.101  -16.673 0.3000000119
45197  -47.101  -30.713  -16.979 0.3000000119
45198  -48.044  -31.355  -16.925 0.3000000119
47202  -50.384  -30.147  -20.326 0.3000000119
122086  -49.523  -29.071  -21.121 0.3000000119
145888  -50.580  -29.886  -21.515 0.3000000119
47227  -48.774  -28.540  -22.560 0.3000000119
47228  -49.946  -28.934  -22.843 0.3000000119
47215  -49.615  -28.867  -21.984 0.3000000119
47238  -50.293  -29.014  -23.666 0.3000000119
32101  -42.196  -43.350  -25.207 0.4000000060
40666  -47.953  -35.015  -15.670 0.3000000119
41516  -48.918  -34.886  -17.122 0.3000000119
32105  -42.131  -43.429  -25.373 0.4000000060
142724  -49.086  -34.657  -17.085 0.3000000119
42405  -49.021  -33.422  -16.689 0.3000000119
122394  -48.017  -30.657  -17.348 0.3000000119
46163  -48.033  -30.053  -17.799 0.3000000119
47201  -48.764  -28.816  -20.340 0.3000000119
46196  -49.677  -29.942  -19.599 0.3000000119
46179  -50.504  -30.746  -18.903 0.3000000119
46197  -51.051  -30.739  -19.534 0.3000000119
135765  -51.277  -30.485  -20.229 0.3000000119
47216  -50.900  -30.032  -21.965 0.3000000119
126166  -48.747  -34.201  -16.785 0.3000000119
43304  -49.453  -32.677  -16.512 0.3000000119
30188  -32.525  -46.267  -19.390 0.4000000060
126660  -32.288  -45.580  -19.218 0.3000000119
31188  -31.487  -44.956  -20.784 0.3000000119
32070  -31.091  -44.246  -20.488 0.3000000119
34827  -36.372  -41.164  -22.213 0.4000000060
34834  -36.179  -41.940  -22.382 0.4000000060
32999  -36.981  -42.926  -22.961 0.4000000060
35743  -36.146  -40.112  -20.548 0.4000000060
36761  -36.787  -39.701  -21.302 0.4000000060
36771  -36.989  -40.052  -22.490 0.4000000060
138103  -37.125  -40.736  -23.228 0.4000000060
34842  -37.574  -41.305  -23.721 0.4000000060
34843  -38.705  -41.010  -24.530 0.4000000060
33908  -37.203  -42.096  -23.350 0.4000000060
130586  -37.796  -42.552  -23.779 0.4000000060
140674  -33.670  -37.817  -20.202 0.3000000119
36751  -36.521  -39.269  -20.273 0.4000000060
35760  -38.131  -40.443  -24.148 0.4000000060
38918  -34.226  -37.401  -19.832 0.3000000119
38917  -33.456  -37.108  -20.456 0.3000000119
132133  -39.064  -41.844  -24.682 0.4000000060
39789  -35.726  -36.984  -19.407 0.4000000060
33900  -36.485  -42.392  -22.683 0.4000000060
35749  -36.322  -40.534  -21.358 0.4000000060
34835  -36.748  -41.614  -22.962 0.4000000060
23822  -39.624  -53.426  -20.705 0.3000000119
24679  -40.882  -52.501  -21.279 0.3000000119
25562  -42.099  -51.439  -21.462 0.3000000119
27385  -42.077  -49.584  -20.821 0.3000000119
27386  -42.918  -48.985  -21.157 0.3000000119
29244  -44.486  -47.787  -22.626 0.3000000119
28356  -44.473  -48.446  -23.337 0.3000000119
28357  -44.360  -47.583  -23.882 0.3000000119
30201  -44.482  -47.145  -22.861 0.3000000119
30210  -44.597  -46.951  -23.774 0.3000000119
29258  -44.243  -47.011  -24.500 0.3000000119
30200  -43.791  -46.695  -21.964 0.3000000119
30209  -44.199  -46.632  -23.332 0.3000000119
30214  -44.172  -46.390  -24.458 0.3000000119
31199  -43.320  -46.252  -22.684 0.3000000119
31213  -43.290  -45.029  -24.915 0.3000000119
28340  -41.898  -48.538  -20.325 0.3000000119
32102  -42.629  -44.301  -24.775 0.3000000119
31207  -42.815  -45.425  -23.761 0.3000000119
27395  -43.407  -49.948  -21.885 0.3000000119
21933  -41.075  -55.561  -18.287 0.3000000119
23787  -39.039  -52.239  -16.987 0.4000000060
23817  -39.161  -52.985  -19.807 0.4000000060
24638  -39.793  -52.636  -16.755 0.3000000119
26468  -39.818  -50.384  -19.774 0.4000000060
26474  -42.171  -50.487  -21.224 0.3000000119
27330  -40.519  -49.442  -13.545 0.3000000119
27353  -38.600  -49.531  -15.399 0.3000000119
28284  -38.671  -48.305  -13.593 0.3000000119
28298  -38.520  -48.535  -14.363 0.3000000119
28327  -38.574  -48.896  -17.698 0.4000000060
28328  -38.867  -48.877  -18.369 0.4000000060
28348  -44.636  -48.683  -23.085 0.3000000119
28355  -44.139  -48.948  -23.555 0.3000000119
29122  -40.819  -47.556  -11.621 0.3000000119
29154  -40.116  -47.875  -12.019 0.3000000119
29180  -38.399  -47.789  -13.993 0.3000000119
29199  -38.436  -47.574  -15.803 0.3000000119
29207  -38.511  -47.778  -16.586 0.4000000060
29219  -41.429  -46.627  -18.873 0.4000000060
29254  -44.605  -47.592  -23.480 0.3000000119
29259  -44.428  -46.876  -24.315 0.3000000119
30061  -40.831  -45.880  -11.031 0.3000000119
30168  -38.884  -47.041  -16.943 0.4000000060
30216  -44.133  -46.388  -24.681 0.3000000119
31059  -39.034  -45.115  -11.878 0.3000000119
31061  -39.903  -45.638  -11.194 0.3000000119
31083  -38.702  -45.507  -12.557 0.3000000119
31106  -38.534  -45.546  -13.466 0.3000000119
31122  -38.594  -45.533  -14.240 0.3000000119
31163  -41.474  -44.793  -17.523 0.4000000060
31174  -42.087  -45.110  -18.348 0.4000000060
31183  -42.287  -45.402  -19.278 0.4000000060
31198  -42.157  -45.817  -22.120 0.3000000119
31208  -43.718  -45.877  -24.160 0.3000000119
31214  -43.760  -45.702  -24.921 0.3000000119
31964  -39.589  -44.851  -11.315 0.3000000119
32001  -38.682  -44.749  -13.183 0.3000000119
32031  -39.654  -44.125  -15.266 0.3000000119
32032  -40.247  -44.006  -15.926 0.3000000119
32054  -41.575  -44.389  -17.764 0.4000000060
32080  -39.569  -44.414  -20.687 0.4000000060
32886  -44.844  -43.453  -12.330 0.3000000119
32920  -39.247  -43.540  -13.960 0.3000000119
32942  -40.730  -43.551  -16.536 0.3000000119
32960  -41.007  -43.811  -17.903 0.5000000000
33758  -41.726  -42.425  -10.614 0.3000000119
33769  -39.639  -42.205  -11.676 0.3000000119
33781  -39.435  -42.190  -12.383 0.3000000119
33868  -38.641  -42.483  -20.104 0.5000000000
33876  -38.684  -42.450  -21.055 0.5000000000
33909  -37.980  -41.778  -24.074 0.4000000060
34692  -41.229  -41.732  -10.680 0.3000000119
34710  -42.648  -41.412  -10.995 0.3000000119
34719  -39.459  -41.398  -12.794 0.3000000119
34720  -44.263  -41.276  -11.836 0.3000000119
34764  -39.851  -41.692  -15.355 0.3000000119
35616  -40.387  -41.060  -11.240 0.3000000119
35617  -40.927  -41.010  -10.867 0.3000000119
35644  -39.699  -40.069  -12.420 0.3000000119
35645  -44.446  -40.558  -12.163 0.3000000119
35761  -39.995  -40.206  -24.675 0.6000000238
35765  -39.986  -40.176  -24.745 0.6000000238
36620  -42.387  -39.136  -11.604 0.3000000119
36630  -39.794  -39.157  -12.662 0.3000000119
36631  -40.293  -38.897  -12.230 0.3000000119
36647  -39.545  -39.093  -13.570 0.3000000119
36663  -39.458  -39.105  -14.447 0.4000000060
36677  -39.415  -39.529  -15.831 0.4000000060
36740  -39.651  -39.954  -19.811 0.6999999881
37696  -40.541  -38.302  -12.350 0.3000000119
37701  -44.726  -39.072  -12.839 0.3000000119
37789  -39.635  -39.015  -18.435 0.6000000238
37790  -40.095  -38.870  -19.099 0.6000000238
37804  -43.942  -39.335  -20.898 0.6999999881
37815  -36.947  -38.539  -20.313 0.5000000000
37838  -44.520  -39.323  -21.468 0.6999999881
37842  -38.466  -37.911  -23.458 0.5000000000
38791  -41.989  -37.817  -12.117 0.3000000119
38804  -41.305  -37.382  -12.424 0.3000000119
38875  -39.716  -37.822  -17.142 0.6000000238
38904  -42.358  -37.949  -19.368 0.6999999881
38927  -31.336  -37.546  -21.311 0.4000000060
38937  -45.317  -39.389  -21.815 0.6000000238
38946  -47.677  -38.751  -24.225 0.5000000000
38948  -47.533  -38.826  -24.543 0.5000000000
39697  -42.360  -36.440  -12.686 0.3000000119
39698  -43.105  -36.753  -12.568 0.3000000119
39716  -44.531  -36.043  -13.027 0.3000000119
39733  -40.213  -36.256  -14.496 0.4000000060
39734  -47.598  -36.749  -14.585 0.3000000119
39735  -48.222  -36.568  -15.141 0.3000000119
39753  -39.647  -37.127  -16.079 0.5000000000
39766  -42.133  -35.946  -17.667 0.5000000000
39838  -48.432  -38.270  -26.187 0.5000000000
39842  -49.489  -37.249  -26.854 0.4000000060
40618  -43.828  -35.854  -12.939 0.4000000060
40631  -45.189  -35.294  -13.362 0.4000000060
40664  -40.617  -35.703  -14.887 0.4000000060
40678  -42.085  -34.918  -16.522 0.4000000060
40728  -45.009  -37.106  -20.472 0.6000000238
41467  -42.020  -35.359  -13.536 0.3000000119
41500  -41.793  -34.775  -14.824 0.4000000060
41514  -47.880  -34.234  -16.104 0.3000000119
41515  -48.407  -34.681  -16.532 0.3000000119
41534  -35.579  -34.150  -18.791 0.5000000000
41571  -33.137  -34.801  -21.285 0.5000000000
41592  -51.038  -35.438  -27.866 0.4000000060
41596  -50.829  -35.038  -28.193 0.4000000060
42369  -42.899  -33.995  -14.630 0.4000000060
42371  -44.600  -33.383  -14.315 0.4000000060
42389  -43.490  -33.217  -15.390 0.4000000060
42391  -45.820  -33.137  -14.750 0.4000000060
42392  -46.571  -33.208  -15.278 0.4000000060
42393  -47.337  -33.697  -15.721 0.3000000119
42413  -43.224  -33.080  -17.026 0.4000000060
42420  -36.617  -33.517  -18.510 0.5000000000
42442  -33.307  -33.189  -21.467 0.4000000060
42457  -44.843  -33.439  -21.008 0.5000000000
42466  -47.644  -34.014  -23.748 0.4000000060
42477  -49.126  -34.556  -27.664 0.5000000000
42478  -51.086  -34.706  -28.109 0.4000000060
42479  -50.942  -34.527  -28.329 0.4000000060
43321  -38.892  -31.866  -18.689 0.6999999881
43333  -43.530  -32.350  -18.985 0.4000000060
43354  -45.236  -32.828  -21.444 0.5000000000
43363  -47.370  -33.041  -23.516 0.4000000060
43364  -41.513  -31.787  -25.049 0.6000000238
43380  -51.096  -32.982  -28.746 0.4000000060
43381  -50.858  -33.573  -28.809 0.4000000060
44255  -36.763  -31.631  -18.505 0.6000000238
44259  -43.731  -31.315  -18.222 0.4000000060
44260  -44.010  -30.843  -18.648 0.4000000060
44281  -44.552  -31.221  -20.364 0.4000000060
44288  -34.098  -31.131  -21.479 0.3000000119
44303  -47.139  -31.325  -23.298 0.4000000060
44318  -48.313  -31.600  -27.454 0.4000000060
44322  -50.398  -31.930  -29.079 0.4000000060
45195  -45.444  -30.641  -16.725 0.4000000060
45196  -46.320  -30.987  -16.625 0.4000000060
45207  -44.629  -30.298  -17.589 0.4000000060
45218  -37.769  -30.812  -18.314 0.6999999881
45241  -44.559  -30.473  -19.941 0.4000000060
45251  -45.758  -30.211  -21.540 0.4000000060
45252  -46.219  -29.946  -21.947 0.4000000060
45259  -46.478  -30.630  -22.480 0.4000000060
45260  -39.847  -30.552  -24.776 0.6999999881
45266  -46.967  -30.506  -22.957 0.4000000060
45283  -52.164  -30.632  -28.995 0.3000000119
45285  -51.836  -30.868  -29.118 0.3000000119
46177  -47.205  -28.816  -18.594 0.4000000060
46208  -44.917  -29.957  -20.289 0.4000000060
46210  -50.889  -30.356  -20.948 0.3000000119
46231  -47.540  -28.817  -22.706 0.4000000060
46234  -39.557  -29.849  -24.996 0.6000000238
46238  -47.859  -29.092  -23.417 0.4000000060
46239  -48.646  -28.819  -23.745 0.4000000060
46241  -39.584  -29.133  -25.014 0.6999999881
46244  -45.837  -29.738  -24.464 0.5000000000
46248  -49.553  -29.149  -24.735 0.4000000060
46250  -47.237  -29.324  -26.259 0.5000000000
46259  -52.777  -30.065  -27.723 0.3000000119
46262  -49.792  -29.669  -28.666 0.3000000119
47167  -46.010  -28.555  -19.115 0.4000000060
47169  -47.324  -28.579  -19.240 0.4000000060
47181  -38.751  -28.348  -18.907 0.6999999881
47182  -39.430  -28.599  -19.244 0.6999999881
47183  -45.948  -28.474  -19.900 0.4000000060
47200  -47.838  -28.383  -20.817 0.4000000060
47212  -46.569  -28.640  -21.266 0.4000000060
47233  -41.993  -28.336  -23.533 0.5000000000
47241  -40.455  -28.312  -25.182 0.6000000238
47249  -46.834  -28.887  -25.585 0.4000000060
47260  -52.654  -29.722  -28.655 0.3000000119
48232  -39.906  -27.304  -20.092 0.6999999881
48240  -34.544  -27.520  -21.971 0.5000000000
48260  -46.760  -27.106  -24.358 0.5000000000
48270  -48.200  -27.568  -26.198 0.4000000060
48275  -49.507  -27.382  -27.555 0.4000000060
48277  -53.215  -28.271  -27.014 0.3000000119
49256  -39.232  -26.266  -20.208 0.8000000119
49279  -43.930  -26.088  -22.308 0.6000000238
49281  -46.876  -26.113  -23.108 0.5000000000
49303  -51.407  -26.334  -27.242 0.4000000060
50353  -46.212  -25.164  -21.954 0.5000000000
50390  -53.222  -25.213  -25.243 0.3000000119
51358  -46.892  -24.240  -20.854 0.4000000060
51386  -39.935  -23.998  -22.105 0.6999999881
51390  -48.773  -24.883  -22.098 0.4000000060
51400  -42.416  -23.983  -24.681 0.6999999881
51401  -49.823  -24.730  -23.404 0.5000000000
51404  -41.040  -24.414  -25.334 0.6000000238
51407  -50.646  -24.165  -25.540 0.5000000000
51410  -50.795  -24.607  -26.237 0.4000000060
51413  -51.084  -24.967  -26.587 0.4000000060
52396  -47.759  -23.311  -20.739 0.4000000060
52401  -38.020  -23.717  -21.791 0.6999999881
52416  -36.649  -23.499  -22.544 0.6999999881
52423  -49.558  -23.692  -22.557 0.5000000000
52442  -51.561  -23.882  -25.770 0.4000000060
52444  -53.522  -23.582  -24.891 0.3000000119
53386  -47.077  -23.108  -20.365 0.4000000060
53393  -44.206  -22.830  -21.216 0.5000000000
53404  -49.298  -21.684  -22.389 0.4000000060
53425  -42.068  -22.684  -25.432 0.6000000238
53427  -50.686  -22.599  -25.091 0.4000000060
54289  -44.651  -21.432  -19.816 0.5000000000
54290  -45.019  -21.375  -19.578 0.4000000060
54304  -47.894  -21.711  -20.715 0.4000000060
54332  -39.775  -21.058  -24.626 0.6000000238
54338  -52.634  -21.890  -24.663 0.3000000119
55150  -44.164  -20.988  -20.090 0.5000000000
55152  -47.345  -20.331  -20.571 0.4000000060
55168  -49.316  -20.417  -23.170 0.4000000060
55192  -49.960  -20.254  -24.593 0.5000000000
55194  -51.096  -20.250  -24.698 0.4000000060
56058  -45.176  -19.771  -19.447 0.4000000060
56077  -48.148  -19.527  -21.567 0.4000000060
56098  -37.151  -19.562  -24.362 0.6000000238
57080  -43.822  -18.600  -19.761 0.5000000000
57123  -34.522  -18.971  -23.832 0.5000000000
57142  -41.676  -18.715  -24.864 0.6000000238
57144  -50.683  -18.338  -24.530 0.4000000060
57145  -51.999  -18.784  -24.621 0.3000000119
58030  -45.383  -17.442  -19.653 0.5000000000
58067  -32.518  -16.768  -24.238 0.5000000000
58998  -43.890  -16.974  -19.634 0.5000000000
59010  -46.512  -16.683  -20.343 0.4000000060
59033  -48.133  -16.607  -22.774 0.4000000060
59057  -52.002  -16.741  -24.505 0.3000000119
59061  -32.948  -15.180  -24.629 0.5000000000
59953  -46.820  -15.391  -20.599 0.4000000060
59962  -47.588  -15.439  -22.153 0.3000000119
60002  -34.309  -15.171  -25.077 0.5000000000
61011  -43.924  -14.281  -19.951 0.6000000238
61027  -46.571  -14.802  -20.306 0.4000000060
61057  -48.067  -14.817  -23.263 0.3000000119
61059  -49.316  -14.895  -23.833 0.3000000119
61063  -33.676  -13.598  -25.010 0.4000000060
61075  -33.765  -13.662  -25.266 0.4000000060
61081  -34.544  -13.219  -25.650 0.6000000238
61082  -34.899  -12.795  -25.961 0.5000000000
61083  -35.666  -13.149  -26.082 0.4000000060
61084  -36.464  -13.567  -26.027 0.5000000000
61990  -44.886  -13.523  -19.632 0.4000000060
62002  -43.066  -13.373  -20.837 0.6000000238
62004  -46.269  -13.602  -20.060 0.4000000060
62033  -41.500  -13.766  -23.934 0.6000000238
62035  -48.234  -13.297  -23.620 0.3000000119
62876  -43.430  -12.159  -20.730 0.6000000238
62877  -46.278  -12.548  -20.174 0.4000000060
62878  -46.832  -12.624  -20.689 0.4000000060
62901  -42.490  -12.273  -21.930 0.5000000000
62917  -48.636  -12.559  -24.193 0.3000000119
63728  -45.757  -12.268  -19.926 0.4000000060
63776  -41.709  -11.697  -23.563 0.5000000000
63798  -40.386  -10.761  -25.783 0.4000000060
64713  -44.199  -10.838  -20.590 0.4000000060
64714  -45.365  -10.768  -20.261 0.4000000060
64725  -43.047  -10.925  -21.539 0.4000000060
64753  -42.085  -10.339  -23.092 0.3000000119
65679  -46.311  -9.393  -20.801 0.3000000119
65689  -43.747  -9.571  -21.350 0.3000000119
66661  -45.603  -8.189  -21.148 0.3000000119
66675  -43.417  -8.182  -22.092 0.3000000119
66676  -47.742  -8.731  -22.250 0.3000000119
68582  -45.177  -6.818  -21.743 0.3000000119
68583  -46.428  -6.827  -21.777 0.3000000119
68618  -42.243  -6.208  -24.180 0.3000000119
69514  -48.333  -5.529  -24.622 0.3000000119
70357  -45.290  -4.691  -22.772 0.3000000119
70371  -47.569  -4.529  -23.409 0.3000000119
70383  -42.769  -4.920  -24.230 0.3000000119
71268  -45.023  -3.401  -23.531 0.3000000119
71283  -47.699  -3.488  -24.355 0.3000000119
71284  -48.213  -4.111  -24.723 0.3000000119
72166  -46.775  -2.433  -24.399 0.3000000119
73094  -43.973  -1.789  -24.729 0.3000000119
73096  -45.611  -1.584  -24.636 0.3000000119
73114  -46.933  -1.354  -25.528 0.3000000119
73152  -47.384  -1.531  -27.454 0.3000000119
74106  -46.713  -0.031  -27.522 0.3000000119
75097  -45.107  0.235  -25.955 0.3000000119
75114  -46.364  0.354  -26.951 0.3000000119
75141  -45.929  1.044  -28.800 0.3000000119
120641  -39.413  -39.084  -15.219 0.4000000060
120816  -47.968  -5.920  -23.153 0.3000000119
124322  -40.312  -36.388  -13.882 0.3000000119
124455  -48.025  -29.469  -18.386 0.3000000119
124514  -44.224  -14.842  -19.745 0.5000000000
125186  -47.535  -10.036  -21.936 0.3000000119
125555  -38.425  -49.064  -15.749 0.3000000119
125559  -43.434  -32.656  -16.724 0.4000000060
125935  -45.883  -35.951  -13.491 0.4000000060
126057  -40.846  -36.272  -13.360 0.3000000119
126646  -40.884  -54.487  -17.530 0.3000000119
126776  -48.168  -6.785  -23.574 0.3000000119
126863  -47.155  -18.969  -20.677 0.4000000060
127195  -47.503  -15.992  -21.819 0.4000000060
128057  -46.412  -11.133  -20.480 0.4000000060
128106  -45.874  -24.712  -21.588 0.5000000000
128378  -50.155  -13.923  -23.845 0.3000000119
128423  -33.926  -21.212  -23.632 0.6000000238
128467  -39.155  -17.731  -24.496 0.6000000238
130201  -38.828  -43.254  -19.361 0.4000000060
130661  -39.827  -36.674  -14.788 0.3000000119
130726  -44.650  -20.139  -19.558 0.5000000000
130937  -40.884  -39.710  -11.417 0.3000000119
131172  -40.738  -43.527  -10.655 0.3000000119
131652  -36.503  -29.178  -19.274 0.6999999881
132198  -42.118  -43.814  -10.715 0.3000000119
132433  -38.911  -41.076  -19.777 0.6000000238
132759  -47.715  -14.099  -22.849 0.3000000119
132996  -41.094  -14.108  -24.550 0.6000000238
133430  -39.588  -42.913  -14.460 0.3000000119
133801  -41.800  -14.811  -23.386 0.6000000238
133889  -43.117  -42.931  -11.063 0.3000000119
135096  -45.959  -15.921  -19.865 0.5000000000
135105  -47.175  -14.093  -21.065 0.3000000119
135129  -45.211  -41.785  -12.618 0.3000000119
135742  -41.409  -43.880  -10.607 0.3000000119
135878  -46.145  -32.106  -22.349 0.4000000060
135976  -48.257  -30.999  -24.531 0.4000000060
137427  -47.639  -7.405  -22.443 0.3000000119
138272  -43.044  -19.167  -20.917 0.6000000238
138319  -43.289  -16.379  -20.259 0.6000000238
138790  -40.046  -41.730  -16.042 0.3000000119
139059  -44.881  -10.414  -20.444 0.4000000060
139070  -39.244  -40.224  -18.364 0.6000000238
139523  -50.123  -21.449  -24.769 0.5000000000
139831  -47.802  -18.278  -21.598 0.4000000060
140654  -41.374  -42.358  -25.411 0.5000000000
140829  -42.490  -9.115  -22.747 0.3000000119
140900  -38.757  -46.282  -12.439 0.3000000119
141096  -51.956  -20.127  -24.578 0.3000000119
141147  -45.581  -9.347  -20.708 0.3000000119
142058  -40.961  -45.385  -17.388 0.4000000060
142332  -40.064  -29.982  -20.924 0.6999999881
142405  -44.089  -33.438  -14.412 0.4000000060
142629  -42.711  -40.230  -11.340 0.3000000119
143068  -44.508  -12.087  -20.034 0.5000000000
143359  -45.478  -30.093  -24.056 0.5000000000
143736  -38.493  -49.400  -17.423 0.4000000060
143940  -45.113  -27.282  -22.976 0.4000000060
144235  -45.513  -21.176  -19.548 0.4000000060
144353  -36.267  -21.331  -23.930 0.6000000238
144678  -39.205  -43.311  -13.382 0.3000000119
145284  -38.269  -30.702  -18.365 0.6999999881
145582  -47.153  -38.833  -24.559 0.6999999881
145668  -45.665  -34.747  -13.709 0.4000000060
