#!ascii label  , from subject sub-v1s19x0051315_ses-1 vox2ras=TkReg
283
69483  -32.289  -5.458  -22.341 0.0000000000
72185  -30.541  -2.850  -27.044 0.0000000000
83074  -27.767  9.156  -31.301 0.0000000000
81110  -29.729  6.844  -28.685 0.0000000000
76895  -31.667  2.785  -26.172 0.0000000000
129094  -33.524  0.112  -23.385 0.0000000000
83969  -27.615  10.171  -32.300 0.0000000000
78475  -30.593  4.726  -27.445 0.0000000000
76066  -30.328  1.719  -27.581 0.0000000000
71275  -31.447  -3.638  -24.603 0.0000000000
73107  -31.828  -1.024  -24.870 0.0000000000
72128  -32.813  -3.083  -22.853 0.0000000000
64734  -29.296  -10.263  -22.427 0.0000000000
68614  -30.409  -6.464  -24.535 0.0000000000
88138  -25.502  15.450  -32.667 0.0000000000
86618  -25.834  13.747  -34.006 0.0000000000
86612  -28.840  12.713  -33.418 0.0000000000
84850  -29.270  11.744  -31.701 0.0000000000
83963  -30.094  10.869  -30.116 0.0000000000
82125  -28.729  8.019  -29.768 0.0000000000
137216  -30.657  9.276  -28.591 0.0000000000
134501  -31.865  7.735  -27.262 0.0000000000
80126  -32.392  5.941  -26.083 0.0000000000
78447  -33.532  4.263  -24.710 0.0000000000
75105  -31.367  0.554  -26.318 0.0000000000
76027  -32.946  1.452  -24.789 0.0000000000
139726  -29.799  2.598  -28.248 0.0000000000
76081  -29.447  1.214  -29.003 0.0000000000
70363  -31.655  -4.734  -23.560 0.0000000000
71276  -31.856  -3.107  -23.984 0.0000000000
71250  -32.598  -3.858  -22.738 0.0000000000
61986  -29.477  -13.509  -19.460 0.0000000000
62856  -29.811  -12.733  -19.800 0.0000000000
62872  -29.746  -12.072  -20.359 0.0000000000
68626  -30.038  -6.234  -25.350 0.0000000000
67685  -29.185  -7.333  -25.227 0.0000000000
86611  -27.666  12.472  -33.993 0.0000000000
83960  -28.120  9.945  -31.428 0.0000000000
84849  -28.723  11.140  -32.281 0.0000000000
84840  -29.101  11.072  -31.386 0.0000000000
84841  -29.624  11.595  -30.956 0.0000000000
83951  -29.587  10.240  -30.073 0.0000000000
81119  -29.274  7.409  -29.234 0.0000000000
82127  -29.838  9.015  -29.163 0.0000000000
136438  -30.477  7.943  -28.242 0.0000000000
83048  -31.507  9.127  -27.876 0.0000000000
81111  -30.508  7.218  -28.101 0.0000000000
141092  -31.172  3.499  -26.750 0.0000000000
79322  -31.764  5.540  -26.486 0.0000000000
78454  -32.172  4.378  -25.830 0.0000000000
79310  -32.620  5.160  -25.569 0.0000000000
77648  -32.564  3.547  -25.432 0.0000000000
72197  -30.180  -2.480  -27.769 0.0000000000
74100  -30.349  -0.826  -27.610 0.0000000000
73147  -30.769  -1.078  -26.854 0.0000000000
74044  -32.759  -1.087  -23.776 0.0000000000
74069  -32.248  -0.058  -24.859 0.0000000000
140910  -33.293  0.602  -23.924 0.0000000000
76028  -33.431  1.926  -24.481 0.0000000000
75064  -33.796  0.967  -23.544 0.0000000000
64723  -30.396  -10.272  -21.332 0.0000000000
65697  -29.601  -9.464  -22.782 0.0000000000
65698  -30.306  -9.179  -22.209 0.0000000000
67651  -30.797  -7.724  -22.636 0.0000000000
79348  -29.304  4.928  -28.966 0.0000000000
79340  -30.336  5.394  -27.806 0.0000000000
135694  -29.815  3.780  -28.110 0.0000000000
77668  -30.712  3.200  -27.235 0.0000000000
76903  -30.817  2.367  -27.099 0.0000000000
133809  -31.203  -3.403  -25.475 0.0000000000
73106  -31.350  -1.558  -25.697 0.0000000000
72158  -31.537  -2.795  -24.731 0.0000000000
73074  -32.558  -1.890  -23.611 0.0000000000
73075  -33.060  -1.539  -23.149 0.0000000000
63748  -30.043  -10.966  -21.043 0.0000000000
70402  -30.188  -4.345  -26.616 0.0000000000
70390  -30.553  -4.702  -25.885 0.0000000000
69508  -31.147  -5.220  -24.249 0.0000000000
68603  -31.275  -6.063  -23.115 0.0000000000
88872  -25.795  16.078  -33.291 0.0000000000
87384  -24.758  14.298  -32.274 0.0000000000
87396  -25.177  14.568  -33.083 0.0000000000
87406  -27.791  13.938  -34.441 0.0000000000
87407  -28.775  14.146  -33.728 0.0000000000
86621  -29.225  13.534  -33.266 0.0000000000
84854  -28.085  11.317  -33.056 0.0000000000
85778  -29.097  12.355  -32.857 0.0000000000
86605  -29.948  13.345  -31.764 0.0000000000
85771  -30.056  12.817  -31.307 0.0000000000
85760  -30.542  12.559  -30.687 0.0000000000
84832  -31.338  11.785  -29.532 0.0000000000
82132  -28.250  8.622  -30.465 0.0000000000
83068  -29.463  9.485  -29.724 0.0000000000
83952  -30.381  10.563  -29.535 0.0000000000
137553  -31.702  11.355  -28.969 0.0000000000
83062  -31.991  9.961  -27.971 0.0000000000
123543  -32.931  8.597  -26.879 0.0000000000
80156  -31.321  5.942  -27.090 0.0000000000
137530  -32.276  7.347  -26.813 0.0000000000
75135  -29.800  0.023  -28.448 0.0000000000
75122  -30.831  0.794  -26.889 0.0000000000
76054  -31.427  1.417  -26.408 0.0000000000
74068  -31.593  -0.584  -25.564 0.0000000000
75106  -31.899  1.181  -25.777 0.0000000000
141012  -32.559  2.267  -25.410 0.0000000000
76885  -32.879  2.812  -25.155 0.0000000000
77639  -33.790  3.494  -24.398 0.0000000000
67661  -29.790  -7.892  -23.840 0.0000000000
68588  -31.060  -6.932  -22.904 0.0000000000
68589  -31.627  -6.510  -22.421 0.0000000000
69482  -31.738  -5.349  -22.951 0.0000000000
70364  -32.124  -4.129  -23.245 0.0000000000
70354  -32.298  -4.683  -22.719 0.0000000000
70355  -32.856  -4.295  -22.219 0.0000000000
69484  -32.814  -4.976  -21.980 0.0000000000
140292  -30.675  -13.681  -18.890 0.0000000000
61976  -30.317  -13.300  -19.299 0.0000000000
83970  -28.482  10.544  -31.838 0.0000000000
83961  -28.911  10.412  -30.929 0.0000000000
83075  -28.724  9.545  -30.477 0.0000000000
80162  -29.445  5.952  -28.775 0.0000000000
80169  -29.036  6.541  -29.343 0.0000000000
82118  -29.974  7.682  -28.674 0.0000000000
77661  -31.477  3.348  -26.425 0.0000000000
78467  -31.525  4.081  -26.459 0.0000000000
135698  -31.863  3.496  -25.914 0.0000000000
73127  -30.635  -2.013  -27.045 0.0000000000
74045  -33.285  -0.741  -23.280 0.0000000000
74058  -32.895  -0.150  -23.990 0.0000000000
75056  -34.015  0.407  -22.882 0.0000000000
65685  -30.698  -9.550  -21.564 0.0000000000
78483  -29.449  3.954  -28.751 0.0000000000
78484  -29.909  4.603  -28.110 0.0000000000
76915  -29.804  1.862  -28.254 0.0000000000
77680  -30.076  3.196  -27.866 0.0000000000
76902  -30.267  2.500  -27.688 0.0000000000
70391  -31.073  -4.217  -25.298 0.0000000000
71264  -32.299  -3.465  -23.373 0.0000000000
72147  -32.443  -2.697  -23.497 0.0000000000
72148  -32.902  -2.286  -22.992 0.0000000000
126509  -33.354  -1.964  -22.670 0.0000000000
72129  -33.382  -2.661  -22.458 0.0000000000
61007  -28.482  -14.287  -19.370 0.0000000000
60993  -28.647  -14.705  -18.894 0.0000000000
128817  -30.440  -11.490  -20.391 0.0000000000
64708  -30.841  -10.693  -20.697 0.0000000000
69507  -30.643  -5.732  -24.822 0.0000000000
69495  -30.929  -5.924  -23.987 0.0000000000
139076  -25.812  15.688  -31.924 0.0000000000
88139  -26.153  16.144  -32.179 0.0000000000
86604  -24.946  13.604  -33.333 0.0000000000
87404  -25.807  14.829  -33.868 0.0000000000
87405  -26.576  13.931  -34.631 0.0000000000
87414  -27.206  14.333  -35.098 0.0000000000
86619  -27.075  13.170  -34.419 0.0000000000
86620  -28.291  13.296  -33.924 0.0000000000
84848  -27.936  10.678  -32.639 0.0000000000
85769  -28.907  11.801  -32.580 0.0000000000
85770  -29.485  12.497  -31.976 0.0000000000
86613  -29.457  13.028  -32.664 0.0000000000
85759  -29.815  12.225  -31.188 0.0000000000
84842  -30.154  11.411  -30.408 0.0000000000
123088  -30.193  11.929  -30.697 0.0000000000
85740  -30.695  11.900  -30.200 0.0000000000
84831  -30.623  11.255  -29.820 0.0000000000
81118  -28.554  7.115  -29.932 0.0000000000
83067  -29.080  8.829  -29.754 0.0000000000
83069  -30.114  9.799  -29.295 0.0000000000
83939  -30.827  10.195  -28.866 0.0000000000
83953  -31.080  10.969  -29.202 0.0000000000
83940  -31.652  10.629  -28.548 0.0000000000
134863  -31.337  9.821  -28.381 0.0000000000
82111  -31.447  8.276  -27.611 0.0000000000
82112  -32.252  8.593  -27.357 0.0000000000
83050  -32.897  9.238  -27.192 0.0000000000
79331  -30.846  5.391  -27.342 0.0000000000
80155  -30.701  5.936  -27.546 0.0000000000
80144  -31.882  6.237  -26.616 0.0000000000
81092  -32.376  6.746  -26.524 0.0000000000
81093  -32.846  7.367  -26.403 0.0000000000
80127  -32.973  6.669  -25.958 0.0000000000
79311  -33.273  5.096  -25.040 0.0000000000
74117  -29.595  -0.472  -28.951 0.0000000000
74101  -30.801  -0.117  -26.905 0.0000000000
75121  -30.253  0.168  -27.650 0.0000000000
75094  -32.446  0.884  -25.202 0.0000000000
76042  -32.524  1.663  -25.375 0.0000000000
76043  -33.003  2.135  -24.981 0.0000000000
76866  -33.769  2.292  -24.152 0.0000000000
77629  -33.989  2.849  -24.018 0.0000000000
66671  -31.204  -8.069  -21.956 0.0000000000
67652  -31.430  -7.283  -22.190 0.0000000000
68578  -32.076  -6.899  -21.794 0.0000000000
77679  -29.600  3.163  -28.535 0.0000000000
70378  -31.328  -4.461  -24.440 0.0000000000
71263  -31.732  -3.902  -23.834 0.0000000000
70343  -33.411  -4.474  -21.708 0.0000000000
61008  -29.111  -14.149  -19.141 0.0000000000
62887  -29.035  -12.000  -20.924 0.0000000000
143710  -30.349  -12.149  -19.938 0.0000000000
69521  -29.595  -5.823  -26.009 0.0000000000
68625  -29.243  -6.653  -25.633 0.0000000000
68613  -29.772  -6.947  -24.993 0.0000000000
88125  -25.559  15.107  -31.779 0.0000000000
86610  -25.974  12.654  -34.170 0.0000000000
85777  -28.343  11.994  -33.317 0.0000000000
83962  -29.554  10.956  -30.618 0.0000000000
82126  -29.542  8.231  -29.187 0.0000000000
82119  -30.229  8.433  -28.646 0.0000000000
82120  -30.831  8.502  -28.064 0.0000000000
81112  -30.938  7.864  -27.792 0.0000000000
144934  -31.388  7.807  -27.552 0.0000000000
78476  -30.883  4.064  -26.986 0.0000000000
79332  -31.242  4.946  -26.870 0.0000000000
78468  -31.746  4.830  -26.333 0.0000000000
79323  -32.107  5.185  -26.035 0.0000000000
78455  -32.905  4.313  -25.236 0.0000000000
73159  -29.979  -1.501  -28.257 0.0000000000
73146  -30.353  -1.689  -27.657 0.0000000000
74081  -31.283  -0.316  -26.264 0.0000000000
74057  -32.426  -0.766  -24.366 0.0000000000
75078  -32.859  0.700  -24.485 0.0000000000
75079  -33.378  1.245  -24.212 0.0000000000
76016  -33.789  1.721  -23.909 0.0000000000
76017  -34.203  1.590  -23.317 0.0000000000
76857  -34.600  2.167  -22.990 0.0000000000
65684  -29.966  -9.868  -21.974 0.0000000000
66669  -30.063  -8.830  -22.799 0.0000000000
66683  -30.232  -8.208  -23.110 0.0000000000
66670  -30.583  -8.483  -22.401 0.0000000000
79339  -29.825  5.428  -28.351 0.0000000000
80163  -30.199  6.215  -28.106 0.0000000000
135695  -30.312  3.934  -27.585 0.0000000000
77669  -31.224  2.892  -26.724 0.0000000000
71303  -30.887  -3.140  -26.289 0.0000000000
72186  -30.942  -2.291  -26.366 0.0000000000
72173  -31.278  -2.531  -25.593 0.0000000000
73090  -31.646  -1.922  -24.835 0.0000000000
72159  -32.015  -2.301  -24.122 0.0000000000
73091  -32.235  -1.497  -24.270 0.0000000000
74036  -33.848  -0.472  -22.652 0.0000000000
73056  -33.564  -1.321  -22.670 0.0000000000
134568  -28.173  -15.203  -18.744 0.0000000000
63761  -28.920  -10.925  -22.045 0.0000000000
122426  -29.693  -11.541  -20.801 0.0000000000
63747  -29.320  -11.270  -21.376 0.0000000000
64722  -29.644  -10.578  -21.690 0.0000000000
65671  -31.197  -9.940  -20.948 0.0000000000
71302  -30.403  -3.635  -26.878 0.0000000000
71290  -30.784  -3.948  -26.131 0.0000000000
69522  -30.292  -5.461  -25.626 0.0000000000
70377  -30.850  -4.977  -25.057 0.0000000000
69496  -31.353  -5.449  -23.569 0.0000000000
87369  -25.361  14.627  -31.275 0.0000000000
87413  -26.474  14.744  -34.881 0.0000000000
88149  -28.546  14.644  -34.429 0.0000000000
87397  -29.584  14.395  -33.062 0.0000000000
85776  -26.905  11.583  -33.873 0.0000000000
87385  -29.712  13.946  -32.319 0.0000000000
86606  -30.541  13.407  -30.970 0.0000000000
83920  -32.835  10.094  -27.538 0.0000000000
81103  -30.963  6.600  -27.594 0.0000000000
81104  -31.729  6.865  -27.093 0.0000000000
82092  -32.571  7.964  -26.832 0.0000000000
128510  -33.075  5.913  -25.460 0.0000000000
76082  -29.870  0.895  -28.175 0.0000000000
126759  -30.417  1.045  -27.437 0.0000000000
76067  -30.863  1.610  -26.952 0.0000000000
76894  -31.380  2.185  -26.569 0.0000000000
73128  -30.982  -1.594  -26.436 0.0000000000
135001  -31.193  -1.014  -26.171 0.0000000000
75093  -31.785  0.310  -25.638 0.0000000000
76055  -31.986  2.035  -25.923 0.0000000000
76884  -32.214  2.814  -25.605 0.0000000000
77649  -33.232  3.500  -24.940 0.0000000000
76875  -33.470  2.705  -24.613 0.0000000000
67675  -29.476  -7.628  -24.669 0.0000000000
67676  -30.144  -7.194  -24.200 0.0000000000
67662  -30.447  -7.427  -23.378 0.0000000000
68602  -30.708  -6.664  -23.673 0.0000000000
122218  -31.803  -5.880  -22.561 0.0000000000
75065  -34.245  1.018  -23.000 0.0000000000
124891  -31.256  7.338  -27.578 0.0000000000
