#!ascii label  , from subject sub-v1s19x0051315_ses-1 vox2ras=TkReg
1748
5895  14.611  -68.413  -24.330 0.6999999881
5896  14.265  -69.007  -24.366 0.8000000119
5878  14.421  -68.791  -23.405 0.8000000119
5203  13.967  -69.510  -22.996 0.6999999881
5254  14.541  -69.690  -25.943 0.6000000238
5237  14.136  -69.658  -24.989 0.6000000238
5219  13.662  -70.090  -23.681 0.6000000238
5253  15.010  -69.828  -26.339 0.6000000238
144906  14.796  -68.483  -22.691 0.8000000119
130740  14.447  -68.947  -22.367 0.6999999881
5190  14.588  -69.114  -21.377 0.6999999881
5182  14.142  -69.843  -20.847 0.6999999881
5931  14.622  -68.867  -25.974 0.6000000238
5877  14.947  -68.229  -23.413 0.6999999881
5191  14.006  -69.678  -21.973 0.6999999881
126022  15.800  -70.177  -25.838 0.6000000238
4654  16.399  -70.381  -24.600 0.6000000238
146316  17.944  -70.972  -22.465 0.6000000238
4631  17.323  -70.737  -22.627 0.6000000238
5856  15.664  -68.365  -21.648 0.8000000119
5855  16.608  -68.340  -21.493 0.8000000119
5857  15.226  -68.685  -20.809 0.6999999881
5839  15.223  -68.881  -19.641 0.6999999881
5171  14.834  -69.403  -18.798 0.6999999881
132923  15.305  -68.248  -22.526 0.8000000119
122951  14.949  -68.548  -21.895 0.6999999881
132097  14.729  -69.292  -20.231 0.6999999881
6609  15.768  -68.019  -23.280 0.6999999881
6624  15.214  -67.924  -24.397 0.6999999881
5268  14.945  -69.092  -26.498 0.6999999881
5252  16.227  -69.440  -26.324 0.6000000238
5267  15.368  -69.162  -26.697 0.6000000238
4104  18.049  -70.368  -22.813 0.6000000238
3632  18.718  -71.889  -23.243 0.6000000238
2323  17.615  -75.319  -23.653 0.6999999881
2722  17.248  -74.862  -23.050 0.6000000238
134214  19.125  -77.061  -22.485 0.5000000000
1953  17.727  -76.111  -23.369 0.6000000238
1580  18.808  -77.889  -21.075 0.5000000000
5854  17.499  -68.354  -21.089 0.8999999762
130810  16.058  -68.419  -20.769 0.8000000119
5838  15.766  -68.531  -19.769 0.6999999881
5875  17.350  -68.153  -22.146 0.6999999881
139628  15.504  -68.680  -19.241 0.6999999881
6623  16.217  -67.702  -24.023 0.8000000119
6608  16.731  -67.917  -23.066 0.8000000119
6638  16.600  -67.178  -24.891 0.8000000119
6659  15.931  -67.152  -26.750 0.6999999881
6639  15.188  -67.804  -25.577 0.6999999881
5950  15.432  -68.449  -26.887 0.8000000119
5949  15.856  -68.645  -27.038 0.8000000119
5251  17.447  -68.730  -25.909 0.6999999881
137359  17.338  -69.757  -23.958 0.6999999881
4116  18.640  -70.980  -22.948 0.6000000238
141624  18.307  -74.292  -24.084 0.6999999881
2322  18.581  -75.779  -23.914 0.6999999881
5853  18.400  -68.119  -21.417 0.8999999762
5836  17.418  -68.394  -20.152 0.8000000119
5823  16.446  -68.309  -18.931 0.6999999881
134118  17.522  -67.771  -22.953 0.8000000119
6607  18.234  -67.785  -22.485 0.8000000119
6622  17.151  -67.483  -23.745 0.6999999881
7305  16.397  -66.738  -26.145 0.6999999881
7287  17.225  -66.549  -25.469 0.6000000238
125757  15.790  -67.303  -25.828 0.8000000119
6671  16.154  -67.131  -27.249 0.8000000119
132632  16.427  -68.735  -26.843 0.8000000119
5235  18.405  -68.949  -24.579 0.6999999881
4639  19.287  -69.977  -23.757 0.8000000119
5216  18.713  -69.586  -23.761 0.6999999881
4126  19.648  -71.473  -24.712 0.8000000119
2740  18.887  -74.428  -24.616 0.6999999881
3166  18.646  -73.608  -24.210 0.6999999881
4127  19.161  -71.700  -23.907 0.6999999881
142704  19.531  -75.701  -24.192 0.6999999881
2731  18.218  -74.929  -24.167 0.6999999881
9963  17.731  -62.402  -23.881 0.6000000238
125180  18.179  -60.471  -23.764 0.6000000238
11465  17.436  -59.793  -25.655 0.6000000238
12139  16.778  -58.651  -25.425 0.6999999881
5835  18.214  -68.332  -20.332 0.8999999762
5822  17.299  -68.305  -19.187 0.6999999881
7270  18.608  -66.897  -23.941 0.6000000238
7303  17.666  -65.852  -26.026 0.6000000238
7286  18.147  -66.422  -24.948 0.6000000238
7316  16.426  -66.616  -27.022 0.6999999881
127546  17.749  -66.936  -27.461 0.6999999881
7326  17.261  -66.521  -27.403 0.6999999881
7211  19.076  -66.568  -18.097 0.6999999881
7196  18.154  -66.391  -17.905 0.6999999881
6670  17.527  -67.603  -27.296 0.8000000119
6682  16.961  -67.313  -27.527 0.8000000119
8419  19.298  -65.336  -18.389 0.6000000238
7790  18.927  -65.650  -18.549 0.6000000238
7800  18.027  -65.580  -18.967 0.6999999881
141201  18.284  -68.174  -26.125 0.6999999881
7799  18.438  -65.128  -19.720 0.5000000000
7814  17.722  -65.276  -20.046 0.6999999881
4652  19.719  -70.397  -24.481 0.8000000119
5234  19.540  -69.405  -24.356 0.8000000119
8432  18.766  -65.056  -19.382 0.5000000000
3179  19.343  -73.476  -24.947 0.6999999881
124770  18.058  -63.870  -19.457 0.5000000000
9133  17.744  -63.819  -18.237 0.6000000238
9170  18.056  -63.821  -20.567 0.6000000238
9186  18.079  -64.038  -21.280 0.6999999881
9200  17.536  -63.419  -22.562 0.6999999881
9891  17.231  -63.157  -19.914 0.5000000000
9909  17.454  -62.918  -20.945 0.6000000238
135273  17.678  -63.491  -21.925 0.6000000238
133147  17.863  -61.871  -23.516 0.6000000238
9134  17.038  -63.337  -18.795 0.6000000238
9927  17.541  -62.657  -21.932 0.6000000238
123715  17.378  -61.583  -22.216 0.6000000238
9892  16.369  -62.519  -19.142 0.5000000000
9910  16.662  -62.265  -20.307 0.5000000000
11436  17.541  -60.511  -22.580 0.6000000238
11456  18.291  -59.563  -24.553 0.6000000238
12138  17.740  -58.623  -25.288 0.6999999881
13484  14.760  -57.148  -24.208 0.6000000238
12796  14.511  -58.469  -24.300 0.6999999881
10704  16.955  -61.955  -21.317 0.6000000238
10719  16.883  -60.991  -21.608 0.6000000238
11448  17.926  -59.575  -23.462 0.6000000238
146289  17.510  -57.850  -24.034 0.6999999881
138054  15.557  -56.517  -24.052 0.5000000000
5821  17.985  -68.322  -19.514 0.8999999762
6621  18.058  -67.396  -23.390 0.6000000238
6620  19.026  -67.320  -22.910 0.6999999881
6553  18.112  -67.949  -18.536 0.8000000119
5808  16.230  -67.986  -17.894 0.6999999881
6534  17.702  -67.387  -17.651 0.6999999881
124046  19.040  -67.666  -18.618 0.8000000119
7898  17.459  -65.543  -26.957 0.6999999881
7210  19.355  -66.851  -18.168 0.8000000119
144244  18.602  -66.874  -17.762 0.6000000238
7789  19.710  -66.098  -18.448 0.6999999881
7782  19.844  -65.059  -17.873 0.6000000238
5250  20.099  -68.921  -25.151 0.8000000119
142914  19.530  -68.086  -25.629 0.8000000119
4651  20.240  -69.984  -25.248 0.8000000119
4662  20.195  -71.304  -25.658 0.8000000119
9132  18.687  -64.578  -18.770 0.5000000000
9110  18.882  -63.872  -17.058 0.5000000000
9111  17.383  -63.515  -17.255 0.6000000238
127074  18.342  -63.976  -17.540 0.6000000238
138693  16.859  -63.378  -17.791 0.6000000238
9877  15.969  -62.380  -18.287 0.6000000238
14170  13.436  -55.745  -22.923 0.5000000000
10688  16.102  -61.556  -19.700 0.5000000000
129305  14.659  -56.386  -23.779 0.5000000000
13485  13.603  -57.048  -23.668 0.6000000238
11400  15.990  -60.636  -20.067 0.6000000238
11449  17.388  -59.610  -22.546 0.6999999881
12774  16.787  -58.031  -22.828 0.6999999881
12795  17.087  -57.412  -24.504 0.6999999881
10689  15.681  -60.882  -19.152 0.6000000238
12786  16.161  -57.042  -23.122 0.6000000238
127331  15.569  -60.054  -19.522 0.6999999881
12112  16.202  -58.720  -21.639 0.6000000238
12775  15.835  -57.808  -21.940 0.5000000000
6606  18.950  -67.730  -22.054 0.6999999881
6590  19.335  -67.781  -21.296 0.6999999881
6569  19.040  -68.116  -20.384 0.6999999881
6551  19.482  -67.805  -19.487 0.8000000119
6531  19.796  -67.320  -18.776 0.6999999881
7788  20.422  -66.106  -18.576 0.6999999881
6532  19.269  -67.167  -18.189 0.6999999881
15657  12.800  -54.438  -21.494 0.5000000000
9839  17.311  -62.811  -16.247 0.5000000000
9085  17.109  -63.201  -16.692 0.6000000238
14940  12.880  -55.416  -22.416 0.5000000000
9822  16.794  -62.279  -15.742 0.5000000000
10625  17.126  -61.637  -15.243 0.5000000000
9841  15.995  -62.553  -16.641 0.6000000238
10673  15.779  -61.763  -18.742 0.6000000238
13478  15.380  -56.331  -23.317 0.5000000000
10626  16.347  -61.648  -15.310 0.5000000000
10642  15.616  -61.825  -16.368 0.6000000238
11386  15.446  -61.063  -18.212 0.6000000238
11367  15.370  -61.249  -17.176 0.6000000238
6589  20.073  -67.427  -21.313 0.6999999881
6550  20.234  -67.351  -19.622 0.6999999881
12079  15.072  -59.458  -18.991 0.5000000000
11334  17.565  -60.929  -14.799 0.5000000000
12762  15.158  -58.522  -20.231 0.5000000000
10608  15.985  -61.053  -15.016 0.5000000000
125057  15.124  -60.353  -17.687 0.5000000000
12065  15.290  -60.203  -18.617 0.5000000000
12078  15.362  -59.293  -19.843 0.5000000000
12737  14.523  -58.533  -18.310 0.5000000000
13438  14.432  -57.589  -18.313 0.5000000000
12715  15.699  -58.809  -15.566 0.5000000000
12726  14.716  -58.447  -17.052 0.5000000000
136110  14.777  -58.670  -19.231 0.5000000000
11316  15.840  -59.559  -15.054 0.5000000000
12042  14.841  -59.224  -16.685 0.5000000000
12053  14.621  -58.933  -17.487 0.5000000000
11314  17.087  -60.254  -14.497 0.5000000000
124570  15.093  -60.053  -16.350 0.5000000000
135728  15.720  -58.091  -16.034 0.5000000000
16401  10.986  -53.622  -19.738 0.6000000238
15647  10.585  -54.437  -20.153 0.6000000238
16384  12.402  -52.813  -19.741 0.5000000000
123275  10.511  -52.521  -19.156 0.6999999881
15630  9.690  -53.977  -19.580 0.6000000238
14916  9.349  -55.666  -20.447 0.6000000238
14902  7.638  -55.222  -19.420 0.6999999881
17220  9.794  -51.548  -18.487 0.6000000238
16387  8.845  -53.223  -18.957 0.6999999881
125974  8.546  -54.042  -19.353 0.6999999881
14917  8.455  -55.859  -20.120 0.6999999881
14884  6.791  -54.723  -17.995 0.8000000119
18972  11.048  -50.312  -18.654 0.5000000000
18082  11.228  -51.183  -19.043 0.5000000000
15631  7.829  -53.398  -18.495 0.8000000119
17212  8.514  -51.984  -17.984 0.6000000238
14120  8.221  -55.868  -17.223 0.6999999881
133081  12.830  -48.590  -18.755 0.5000000000
143827  12.732  -48.612  -19.491 0.5000000000
15604  7.820  -53.723  -17.659 0.6999999881
14871  6.467  -55.921  -17.813 0.6999999881
16368  7.452  -53.363  -17.968 0.6999999881
134302  10.345  -50.677  -18.147 0.6999999881
14103  8.923  -56.649  -16.760 0.6999999881
14868  8.695  -54.974  -17.494 0.6999999881
19798  11.001  -49.945  -18.011 0.6000000238
17201  8.867  -52.064  -17.661 0.8000000119
14808  10.151  -54.731  -13.726 0.6999999881
14806  12.952  -54.848  -13.291 0.8000000119
19793  15.844  -49.677  -18.059 0.4000000060
14102  10.076  -56.697  -16.714 0.6999999881
19794  14.844  -49.526  -17.885 0.5000000000
14854  9.513  -55.921  -17.229 0.6999999881
19796  12.915  -49.203  -17.894 0.6000000238
18940  11.122  -50.161  -17.502 0.6000000238
16366  8.645  -52.943  -17.575 0.6999999881
128476  10.142  -50.985  -17.589 0.8000000119
17200  9.831  -51.760  -17.278 0.8000000119
19715  3.606  -49.596  -11.595 0.5000000000
135891  4.201  -49.549  -12.171 0.5000000000
18843  3.493  -50.956  -12.070 0.5000000000
16312  8.444  -53.392  -10.541 0.5000000000
133281  8.585  -53.696  -11.807 0.6000000238
16303  9.206  -53.193  -9.850 0.6000000238
130723  7.535  -53.350  -10.751 0.6000000238
144691  5.497  -53.747  -11.097 0.6000000238
16332  8.567  -54.410  -13.854 0.6999999881
16327  8.045  -54.247  -13.075 0.6999999881
15565  9.106  -54.531  -13.924 0.6999999881
14809  9.037  -55.055  -13.854 0.6999999881
14100  12.834  -55.826  -16.338 0.6999999881
14839  13.545  -55.304  -15.994 0.6999999881
14826  14.088  -55.221  -14.542 0.8000000119
18938  14.462  -50.060  -17.090 0.5000000000
121162  10.742  -55.941  -17.066 0.6999999881
19778  13.530  -49.831  -17.045 0.6000000238
14867  10.057  -55.106  -17.519 0.8000000119
18919  10.731  -50.710  -17.236 0.6999999881
16364  11.602  -53.334  -17.161 0.8000000119
140089  9.629  -53.445  -17.439 0.8000000119
20578  5.326  -48.356  -10.970 0.5000000000
20602  5.233  -48.546  -12.035 0.6000000238
20601  5.953  -48.322  -12.444 0.5000000000
20621  4.789  -49.142  -12.324 0.6000000238
19730  4.710  -49.876  -12.658 0.6000000238
17996  4.290  -50.863  -12.449 0.6000000238
18857  5.164  -50.352  -12.706 0.6000000238
145998  5.006  -51.018  -12.508 0.5000000000
17094  9.098  -52.788  -9.598 0.5000000000
17942  8.697  -52.225  -9.692 0.5000000000
16302  10.088  -53.284  -9.897 0.6000000238
17106  7.578  -52.932  -10.362 0.6000000238
16313  6.567  -53.228  -11.001 0.6999999881
17980  5.213  -52.135  -11.619 0.6000000238
127736  9.592  -53.487  -11.798 0.6000000238
16326  8.945  -53.809  -13.289 0.6999999881
15555  7.849  -54.785  -13.525 0.6999999881
16319  7.648  -53.877  -11.749 0.6999999881
16320  6.745  -54.010  -11.705 0.8000000119
16321  5.964  -54.170  -11.499 0.6999999881
16325  10.095  -53.355  -13.149 0.6999999881
16331  9.483  -53.943  -13.842 0.6999999881
16330  10.576  -53.391  -13.734 0.6999999881
15563  11.160  -54.185  -13.843 0.8000000119
15577  13.047  -53.681  -14.616 0.8000000119
15561  13.667  -54.690  -14.068 0.8000000119
18915  14.005  -50.273  -16.302 0.5000000000
18881  12.782  -50.781  -14.934 0.6000000238
14851  13.579  -54.546  -16.116 0.8000000119
15576  13.665  -54.114  -15.124 0.8000000119
18917  12.306  -50.293  -16.377 0.6000000238
131734  12.738  -50.479  -15.696 0.6999999881
16358  12.573  -53.299  -16.668 0.8000000119
18050  11.109  -51.036  -16.652 0.6999999881
131234  11.741  -52.491  -16.733 0.6999999881
17199  10.665  -52.494  -17.104 0.8000000119
20577  6.346  -48.145  -10.857 0.4000000060
136845  5.852  -48.208  -11.673 0.5000000000
21474  6.572  -47.972  -12.873 0.4000000060
19747  6.050  -49.079  -13.205 0.5000000000
18856  5.732  -50.680  -12.519 0.5000000000
17093  9.818  -52.816  -9.551 0.5000000000
18818  8.410  -50.859  -10.376 0.6000000238
18819  7.659  -51.362  -10.607 0.6000000238
18842  6.282  -51.079  -11.980 0.6000000238
16301  10.976  -53.313  -9.954 0.6000000238
17959  7.099  -52.324  -10.672 0.6999999881
17979  6.085  -52.125  -11.448 0.6999999881
133604  10.612  -53.321  -11.556 0.6000000238
15578  11.768  -53.527  -14.126 0.8000000119
17176  12.377  -51.138  -15.020 0.6999999881
17175  12.181  -51.799  -15.645 0.6999999881
16357  13.176  -53.365  -16.126 0.8000000119
16341  12.994  -53.201  -15.268 0.8000000119
18035  11.859  -50.993  -15.934 0.6999999881
131818  7.035  -47.833  -10.908 0.4000000060
21438  7.777  -47.661  -10.333 0.4000000060
21427  7.709  -47.612  -9.491 0.4000000060
21473  7.114  -47.422  -12.582 0.5000000000
22355  7.801  -46.965  -12.053 0.4000000060
21414  7.363  -47.376  -8.782 0.5000000000
19728  6.380  -49.355  -13.119 0.5000000000
19726  7.950  -49.174  -12.748 0.5000000000
18855  6.568  -50.128  -12.551 0.5000000000
20618  8.306  -48.513  -13.345 0.5000000000
17978  6.838  -51.505  -11.257 0.6999999881
17129  11.003  -52.897  -12.560 0.6000000238
16342  12.250  -52.850  -14.620 0.8000000119
18020  13.109  -51.038  -14.215 0.6000000238
18021  12.542  -51.212  -14.279 0.6000000238
18007  12.274  -51.549  -13.751 0.6999999881
17143  11.760  -52.122  -13.678 0.6999999881
17160  12.301  -52.106  -15.093 0.6999999881
22320  7.352  -46.417  -8.629 0.3000000119
22363  8.225  -46.422  -12.526 0.4000000060
22354  8.645  -46.708  -11.338 0.3000000119
22341  8.884  -46.872  -10.419 0.4000000060
21426  8.504  -47.190  -9.825 0.4000000060
130829  8.586  -46.569  -9.377 0.4000000060
23224  7.975  -45.851  -9.000 0.5000000000
21494  7.168  -47.816  -13.437 0.4000000060
24068  8.353  -45.029  -9.354 0.3000000119
21495  6.771  -48.328  -13.290 0.4000000060
19713  8.448  -49.595  -11.652 0.5000000000
19746  6.951  -48.873  -13.297 0.4000000060
19712  9.374  -49.311  -11.224 0.6000000238
129478  7.850  -47.636  -13.939 0.4000000060
20617  9.217  -48.280  -12.889 0.4000000060
17144  11.273  -52.721  -13.823 0.6999999881
125188  12.208  -51.605  -14.246 0.6999999881
22321  6.871  -46.896  -8.320 0.4000000060
23223  8.756  -45.899  -9.319 0.4000000060
24077  8.930  -44.460  -9.712 0.3000000119
130619  8.111  -46.394  -13.548 0.3000000119
20633  7.951  -48.029  -13.914 0.4000000060
21472  9.595  -47.667  -13.397 0.4000000060
20632  8.669  -47.846  -13.825 0.4000000060
23246  9.073  -46.143  -11.746 0.3000000119
22353  9.370  -46.397  -10.694 0.3000000119
22334  9.179  -46.426  -9.796 0.4000000060
24076  9.823  -44.871  -9.917 0.3000000119
24067  9.226  -45.431  -9.599 0.3000000119
134454  9.550  -45.599  -12.127 0.3000000119
22384  8.055  -46.877  -14.294 0.3000000119
21512  9.057  -46.772  -14.619 0.3000000119
21513  8.711  -46.608  -14.517 0.3000000119
21511  9.548  -46.839  -14.476 0.3000000119
23230  10.281  -45.204  -10.564 0.3000000119
126539  10.408  -44.450  -10.398 0.3000000119
23244  10.362  -45.259  -11.390 0.3000000119
140231  10.945  -44.194  -10.753 0.3000000119
23281  8.908  -46.020  -14.733 0.3000000119
22403  9.245  -46.231  -14.805 0.3000000119
22402  9.745  -46.298  -14.902 0.3000000119
24069  7.330  -44.565  -9.231 0.3000000119
23250  10.083  -45.103  -12.480 0.3000000119
24087  10.859  -44.707  -11.731 0.3000000119
24120  10.003  -45.156  -15.212 0.3000000119
144239  18.400  -64.805  -20.149 0.6000000238
8461  18.261  -64.445  -20.654 0.6999999881
8462  17.915  -64.484  -21.097 0.6999999881
8479  17.593  -64.024  -21.938 0.6999999881
19727  7.121  -49.316  -12.984 0.4000000060
18841  7.138  -50.693  -11.630 0.6000000238
24914  9.583  -43.864  -10.128 0.3000000119
5238  13.767  -70.311  -24.586 0.6999999881
6660  15.406  -67.768  -26.521 0.8000000119
3167  18.175  -73.719  -23.492 0.6000000238
3156  18.474  -72.754  -23.343 0.6999999881
6637  17.664  -67.022  -24.374 0.6000000238
5807  17.143  -67.950  -18.133 0.6999999881
5929  18.684  -68.458  -25.291 0.8000000119
3641  18.948  -72.681  -24.152 0.6999999881
3640  19.504  -72.495  -24.853 0.8000000119
12808  16.282  -57.631  -24.935 0.6999999881
135517  18.440  -64.503  -19.953 0.5000000000
9947  17.626  -62.737  -22.834 0.6000000238
12798  12.718  -58.194  -23.412 0.6000000238
12095  16.335  -59.559  -21.225 0.6999999881
6533  18.568  -67.318  -17.926 0.8000000119
122153  19.691  -64.264  -17.314 0.5000000000
8408  19.200  -64.555  -17.703 0.6000000238
10659  15.611  -61.918  -17.840 0.6000000238
14853  11.429  -54.979  -17.350 0.8000000119
3067  21.137  -73.143  -15.341 0.4000000060
2249  21.668  -74.951  -15.293 0.4000000060
3090  19.979  -73.460  -17.309 0.3000000119
3053  20.317  -72.765  -15.137 0.4000000060
132263  20.655  -73.401  -14.824 0.4000000060
2631  21.154  -74.117  -14.976 0.4000000060
2673  22.059  -74.769  -18.881 0.4000000060
2654  22.109  -73.700  -17.873 0.5000000000
3549  22.243  -73.183  -17.155 0.5000000000
2655  21.473  -74.263  -18.173 0.4000000060
3535  21.458  -72.826  -16.292 0.4000000060
120959  20.763  -74.254  -17.879 0.3000000119
144839  20.504  -72.899  -16.965 0.3000000119
3536  21.007  -72.737  -15.815 0.3000000119
2656  20.083  -74.874  -18.020 0.3000000119
2283  21.621  -75.571  -19.717 0.4000000060
2698  21.810  -75.385  -20.189 0.4000000060
3119  22.737  -74.411  -19.936 0.5000000000
140745  21.639  -75.922  -20.220 0.3000000119
2284  21.007  -76.099  -19.361 0.3000000119
1908  20.272  -76.416  -19.023 0.4000000060
1921  20.778  -76.901  -19.883 0.3000000119
1575  19.947  -77.707  -20.837 0.4000000060
133368  19.338  -77.718  -19.836 0.4000000060
124926  19.242  -77.944  -20.264 0.4000000060
3137  20.571  -74.063  -20.985 0.4000000060
2699  20.914  -75.064  -20.823 0.4000000060
3148  20.542  -74.330  -21.553 0.4000000060
3155  20.772  -73.737  -22.347 0.5000000000
146033  21.478  -76.153  -20.780 0.4000000060
2721  21.330  -75.258  -22.907 0.4000000060
1570  20.047  -77.522  -20.153 0.4000000060
1574  20.479  -77.373  -21.322 0.5000000000
2314  21.337  -76.317  -22.305 0.4000000060
1584  19.675  -77.438  -21.729 0.4000000060
2315  17.047  -75.711  -23.072 0.6000000238
1585  18.402  -77.373  -22.073 0.4000000060
3619  21.420  -72.933  -22.838 0.6000000238
3631  22.189  -73.201  -23.974 0.6000000238
2720  21.574  -74.514  -23.346 0.6000000238
3165  21.944  -73.998  -23.981 0.6000000238
2738  20.856  -75.004  -24.530 0.6000000238
3177  21.074  -74.315  -25.114 0.6999999881
2321  19.993  -76.303  -23.470 0.5000000000
2325  20.587  -75.666  -23.956 0.6000000238
3178  20.284  -73.636  -25.419 0.6999999881
4125  22.381  -71.619  -25.126 0.6999999881
142220  21.582  -71.533  -26.382 0.6999999881
3630  22.378  -72.354  -24.498 0.6000000238
3638  22.181  -72.370  -25.433 0.6999999881
4661  20.711  -70.745  -26.288 0.6999999881
5947  18.412  -67.721  -26.617 0.6999999881
3649  21.614  -72.923  -25.634 0.6999999881
135672  20.483  -72.055  -26.003 0.6999999881
5263  21.975  -70.168  -26.999 0.5000000000
5944  21.616  -69.008  -27.210 0.6000000238
4149  21.166  -71.079  -26.690 0.6999999881
5265  21.205  -69.369  -26.788 0.6000000238
5928  20.585  -68.578  -25.959 0.6999999881
6669  20.583  -67.414  -26.743 0.6999999881
124349  21.057  -72.232  -26.150 0.6999999881
137106  19.768  -67.218  -26.693 0.6999999881
132348  18.640  -67.175  -27.095 0.6000000238
5945  21.096  -68.346  -26.709 0.6000000238
6668  21.558  -67.862  -27.180 0.6000000238
6680  19.562  -66.723  -27.132 0.6000000238
6679  20.661  -66.875  -27.042 0.6000000238
7880  18.513  -65.677  -25.482 0.5000000000
4615  13.735  -70.652  -20.283 0.6000000238
4623  13.567  -70.492  -21.520 0.6000000238
7324  18.835  -65.965  -27.507 0.6000000238
7325  17.956  -66.139  -27.461 0.6000000238
8539  18.564  -64.551  -26.875 0.5000000000
122962  18.795  -64.869  -26.007 0.5000000000
4603  13.886  -70.988  -18.836 0.6000000238
4614  14.329  -70.070  -19.557 0.6000000238
7323  20.008  -65.969  -27.461 0.6000000238
8550  18.667  -64.605  -27.192 0.5000000000
7919  17.585  -65.710  -27.222 0.5000000000
5147  14.331  -69.346  -16.997 0.6000000238
5810  14.899  -69.035  -17.611 0.6000000238
5159  14.556  -69.689  -17.642 0.6000000238
4593  13.854  -70.845  -17.591 0.6000000238
4602  14.387  -70.277  -18.188 0.6000000238
5809  15.427  -68.304  -17.564 0.6000000238
7258  19.967  -66.960  -22.743 0.6000000238
7917  19.132  -65.102  -27.481 0.6000000238
5795  14.647  -68.505  -17.012 0.6000000238
6516  15.587  -67.040  -16.890 0.6000000238
128445  16.331  -67.057  -17.026 0.6000000238
6536  15.882  -67.493  -17.191 0.6000000238
7197  17.100  -66.467  -17.500 0.5000000000
6535  16.767  -67.400  -17.411 0.6000000238
6514  18.147  -67.008  -17.526 0.5000000000
5148  13.774  -69.640  -16.847 0.6999999881
5796  14.077  -68.807  -16.772 0.6000000238
5794  15.059  -67.659  -16.949 0.6000000238
144944  16.444  -65.992  -17.568 0.6000000238
121143  17.154  -65.828  -18.092 0.6000000238
7223  13.260  -65.965  -19.911 0.6000000238
6518  13.955  -67.444  -17.022 0.6000000238
6517  14.702  -67.115  -16.906 0.6000000238
7791  16.088  -65.598  -18.399 0.5000000000
7212  14.398  -65.872  -18.193 0.6000000238
7802  14.552  -65.616  -19.084 0.6000000238
7818  14.052  -65.589  -19.872 0.6000000238
7831  14.460  -65.407  -20.659 0.6000000238
6537  13.533  -66.984  -17.585 0.6000000238
142138  16.958  -65.521  -19.236 0.6000000238
7792  15.133  -65.670  -18.291 0.6000000238
144675  16.074  -65.441  -19.443 0.5000000000
7816  15.587  -65.361  -20.058 0.6000000238
132424  15.121  -65.302  -20.587 0.5000000000
7845  15.115  -65.166  -21.439 0.5000000000
8445  17.466  -65.014  -20.840 0.6000000238
140873  16.628  -65.043  -21.061 0.6000000238
7830  15.833  -65.177  -20.854 0.6000000238
8464  16.162  -64.887  -21.639 0.6000000238
8481  15.651  -64.791  -22.480 0.6999999881
8482  15.132  -64.774  -23.523 0.6999999881
8503  15.338  -64.277  -24.931 0.6999999881
9230  15.513  -63.637  -25.757 0.6999999881
8463  17.169  -64.644  -21.538 0.6000000238
8480  16.712  -64.377  -22.373 0.6999999881
9228  17.199  -62.871  -24.380 0.6999999881
8502  16.178  -64.138  -23.548 0.6999999881
9216  16.270  -63.420  -24.898 0.6999999881
133200  15.931  -63.006  -26.101 0.6000000238
9214  17.474  -63.120  -23.362 0.6000000238
7879  19.429  -65.555  -25.032 0.5000000000
7285  19.058  -66.258  -24.506 0.5000000000
7877  21.012  -65.088  -24.325 0.5000000000
7878  20.296  -65.373  -24.636 0.5000000000
7861  20.749  -65.778  -23.847 0.6000000238
9212  22.035  -62.689  -23.528 0.6000000238
9213  21.908  -63.687  -23.803 0.6000000238
7860  21.380  -65.304  -23.518 0.6000000238
7844  21.112  -66.027  -23.037 0.6000000238
7257  20.706  -66.565  -22.505 0.6000000238
9199  22.274  -63.034  -22.658 0.5000000000
8478  22.117  -64.944  -22.299 0.6000000238
146247  20.584  -67.036  -21.313 0.6000000238
8460  22.426  -63.892  -21.383 0.6000000238
7812  22.323  -64.594  -20.667 0.5000000000
7249  21.485  -66.157  -21.288 0.6000000238
132591  21.006  -66.697  -20.857 0.6000000238
8430  22.222  -64.321  -19.826 0.5000000000
7234  21.518  -66.179  -20.258 0.6000000238
7781  20.367  -65.399  -18.116 0.5000000000
8418  20.978  -64.950  -17.966 0.5000000000
7222  20.548  -66.744  -19.008 0.6000000238
7221  21.179  -66.328  -19.454 0.6000000238
1949  19.894  -76.798  -22.647 0.6000000238
132175  19.932  -74.391  -25.080 0.6999999881
7269  19.523  -66.691  -23.594 0.5000000000
7815  16.604  -65.299  -20.266 0.6000000238
9201  17.132  -63.726  -22.912 0.6999999881
7235  20.892  -66.819  -19.930 0.6000000238
140164  20.870  -65.553  -18.376 0.6000000238
3077  20.121  -72.720  -16.504 0.3000000119
3564  21.598  -73.009  -17.105 0.4000000060
143322  20.496  -75.692  -18.681 0.3000000119
2294  21.382  -76.339  -20.096 0.4000000060
1934  21.261  -76.804  -20.691 0.4000000060
3609  20.475  -73.437  -21.296 0.4000000060
2710  21.032  -75.524  -21.836 0.3000000119
132412  21.715  -73.715  -23.353 0.6000000238
2308  21.338  -76.536  -21.485 0.5000000000
2730  21.429  -75.309  -23.571 0.5000000000
1945  20.530  -77.093  -21.973 0.5000000000
3639  22.203  -73.005  -24.909 0.6000000238
4672  21.144  -70.247  -26.783 0.6999999881
7784  14.969  -65.987  -17.602 0.6000000238
9248  15.181  -63.397  -26.201 0.6000000238
8501  21.974  -64.576  -23.114 0.6000000238
121410  22.264  -62.745  -21.296 0.5000000000
7843  21.647  -65.462  -22.664 0.6000000238
7829  21.848  -65.543  -21.809 0.6000000238
9185  22.376  -63.249  -21.952 0.5000000000
7828  22.277  -64.806  -21.554 0.6000000238
9907  22.076  -62.590  -20.416 0.5000000000
7796  22.131  -65.152  -19.968 0.5000000000
7787  21.367  -65.266  -18.605 0.5000000000
352  26.273  -81.603  -3.216 0.4000000060
358  26.002  -81.831  -3.720 0.5000000000
346  23.330  -81.371  -1.881 0.5000000000
340  23.417  -81.650  -1.015 0.5000000000
76  22.874  -83.253  -0.640 0.5000000000
355  23.769  -82.358  -2.908 0.5000000000
592  23.733  -81.495  -2.433 0.5000000000
357  26.938  -81.355  -3.643 0.4000000060
603  27.857  -80.522  -5.144 0.4000000060
604  26.984  -80.722  -5.368 0.5000000000
136224  19.765  -78.763  -15.733 0.3000000119
925  19.385  -80.439  -16.266 0.3000000119
1525  19.716  -77.967  -15.263 0.3000000119
1868  20.131  -77.133  -15.050 0.3000000119
586  23.608  -80.595  -1.948 0.4000000060
576  23.571  -80.618  -0.815 0.5000000000
339  23.967  -81.561  -0.243 0.5000000000
585  23.919  -80.000  -1.951 0.4000000060
591  24.806  -81.583  -2.658 0.4000000060
590  26.856  -81.186  -2.830 0.3000000119
583  26.445  -80.686  -2.204 0.3000000119
858  27.784  -79.217  -6.730 0.4000000060
599  27.955  -80.736  -4.130 0.3000000119
844  27.716  -79.921  -6.004 0.5000000000
839  28.460  -80.233  -4.801 0.3000000119
936  20.021  -80.531  -16.643 0.3000000119
675  19.100  -81.141  -15.931 0.3000000119
1524  20.297  -78.028  -15.685 0.3000000119
1867  20.697  -76.425  -15.119 0.3000000119
1852  20.258  -76.119  -14.636 0.3000000119
817  23.633  -79.860  -1.327 0.3000000119
826  23.895  -79.281  -1.464 0.3000000119
595  28.498  -80.274  -3.396 0.3000000119
857  28.506  -79.184  -6.379 0.4000000060
870  28.320  -78.707  -7.238 0.4000000060
843  28.576  -79.692  -5.547 0.4000000060
835  28.835  -79.630  -3.862 0.3000000119
682  21.646  -80.554  -17.010 0.4000000060
678  20.497  -80.825  -16.711 0.4000000060
438  20.621  -81.610  -15.258 0.4000000060
671  20.458  -81.692  -14.643 0.4000000060
659  20.748  -81.260  -13.430 0.4000000060
135054  21.392  -81.586  -12.714 0.5000000000
1212  21.581  -79.140  -16.974 0.3000000119
1203  20.357  -78.843  -16.161 0.3000000119
1538  21.003  -78.355  -16.266 0.3000000119
135310  21.365  -76.157  -15.416 0.3000000119
2630  21.816  -73.783  -15.491 0.3000000119
816  23.776  -78.920  -0.896 0.3000000119
1103  28.922  -78.549  -6.133 0.3000000119
1112  28.897  -78.435  -6.781 0.3000000119
143026  28.735  -78.092  -8.326 0.4000000060
1141  28.202  -78.061  -9.229 0.4000000060
832  28.877  -79.515  -2.822 0.3000000119
842  28.894  -79.101  -5.448 0.3000000119
1101  28.845  -79.030  -4.482 0.3000000119
838  28.813  -79.650  -4.746 0.3000000119
894  25.276  -80.409  -11.827 0.5000000000
650  26.448  -80.255  -11.677 0.5000000000
914  23.719  -79.744  -15.497 0.3000000119
673  23.000  -80.376  -15.907 0.3000000119
933  23.317  -80.149  -16.599 0.3000000119
131209  22.117  -80.860  -16.033 0.3000000119
674  21.336  -81.172  -15.706 0.4000000060
896  22.035  -79.643  -11.891 0.5000000000
654  22.925  -80.923  -12.226 0.5000000000
676  22.596  -80.486  -16.556 0.3000000119
670  20.918  -81.113  -15.006 0.4000000060
917  20.680  -80.824  -14.069 0.4000000060
901  20.916  -80.315  -12.867 0.5000000000
900  21.703  -80.620  -12.452 0.5000000000
132541  21.812  -78.170  -16.547 0.3000000119
1537  21.891  -77.076  -16.032 0.3000000119
1866  22.253  -75.792  -15.723 0.3000000119
2248  22.492  -74.569  -15.703 0.3000000119
2629  22.484  -73.563  -16.137 0.4000000060
1448  28.988  -77.753  -7.692 0.3000000119
1140  28.993  -77.694  -8.556 0.4000000060
139682  29.152  -78.954  -2.704 0.3000000119
142221  28.468  -78.554  -4.562 0.3000000119
1421  28.661  -78.511  -5.289 0.3000000119
123218  28.912  -77.714  -9.582 0.4000000060
1099  28.915  -79.071  -3.468 0.3000000119
886  27.821  -79.142  -11.083 0.4000000060
887  27.090  -79.783  -11.427 0.5000000000
138787  26.872  -78.789  -11.952 0.4000000060
892  26.889  -79.610  -11.833 0.5000000000
1195  23.868  -78.777  -14.866 0.3000000119
135079  25.728  -79.924  -12.060 0.5000000000
1162  26.479  -79.409  -11.992 0.5000000000
1196  22.835  -79.211  -14.812 0.3000000119
1164  23.915  -78.965  -11.436 0.4000000060
1163  25.255  -79.139  -11.751 0.5000000000
932  24.118  -79.693  -16.653 0.3000000119
915  21.812  -79.656  -14.638 0.4000000060
1197  21.047  -79.264  -13.962 0.4000000060
1165  22.535  -78.748  -11.349 0.5000000000
134190  23.401  -79.945  -11.818 0.5000000000
942  22.475  -79.899  -17.362 0.3000000119
916  21.016  -80.141  -14.440 0.4000000060
904  20.787  -79.632  -13.592 0.5000000000
905  20.740  -80.163  -13.345 0.5000000000
1536  22.614  -77.836  -16.785 0.3000000119
1882  22.858  -76.650  -16.361 0.4000000060
2259  23.143  -75.421  -16.085 0.3000000119
2642  23.257  -74.344  -16.172 0.4000000060
3602  16.373  -72.903  -20.245 0.5000000000
3065  22.018  -73.033  -16.510 0.3000000119
1405  28.529  -77.522  -2.531 0.3000000119
142542  28.289  -78.455  -3.839 0.3000000119
136438  29.264  -77.306  -9.406 0.3000000119
1415  28.769  -78.456  -2.983 0.3000000119
1462  29.281  -77.195  -10.928 0.3000000119
1161  27.423  -78.828  -11.859 0.5000000000
1474  25.962  -78.291  -11.702 0.4000000060
1473  27.122  -78.067  -11.828 0.3000000119
1510  24.434  -77.931  -14.747 0.3000000119
1475  24.499  -78.120  -11.195 0.5000000000
1476  23.168  -77.991  -10.906 0.4000000060
1182  21.724  -78.570  -13.949 0.4000000060
1183  20.949  -78.647  -13.183 0.4000000060
1173  20.992  -78.468  -12.302 0.4000000060
1166  21.578  -78.518  -11.658 0.4000000060
941  23.261  -79.611  -17.312 0.3000000119
1222  23.608  -78.910  -17.647 0.3000000119
1174  20.750  -79.327  -12.909 0.4000000060
897  21.197  -79.387  -12.320 0.5000000000
1881  23.792  -76.268  -16.687 0.3000000119
1880  24.628  -75.857  -17.148 0.4000000060
2258  24.039  -75.044  -16.462 0.4000000060
129667  15.699  -72.518  -21.024 0.5000000000
145011  23.202  -73.651  -16.553 0.4000000060
2641  23.934  -74.069  -16.650 0.5000000000
3139  16.586  -73.412  -20.071 0.5000000000
1416  27.749  -77.849  -3.145 0.3000000119
4063  13.423  -71.475  -17.881 0.5000000000
125844  26.292  -77.133  -11.521 0.3000000119
4079  13.326  -71.615  -18.782 0.5000000000
142384  12.864  -71.746  -17.399 0.6000000238
1850  24.997  -77.083  -14.743 0.3000000119
134681  23.442  -77.718  -14.350 0.3000000119
1509  25.333  -78.139  -15.137 0.3000000119
1494  22.353  -77.513  -13.676 0.3000000119
1463  23.806  -77.240  -10.710 0.4000000060
1819  25.014  -77.236  -11.121 0.4000000060
125299  12.906  -71.284  -22.262 0.5000000000
4583  11.355  -71.366  -17.212 0.5000000000
1495  21.471  -77.856  -13.195 0.3000000119
1487  21.234  -77.721  -12.517 0.3000000119
1478  21.303  -77.498  -11.570 0.3000000119
1465  21.786  -76.897  -10.855 0.3000000119
126304  12.879  -71.408  -23.548 0.5000000000
1221  24.421  -78.477  -17.954 0.3000000119
124766  23.962  -78.214  -17.839 0.3000000119
4131  13.596  -72.071  -24.865 0.5000000000
1895  24.220  -77.212  -17.661 0.3000000119
3634  14.165  -72.859  -24.124 0.5000000000
2270  25.194  -75.519  -17.892 0.4000000060
3623  15.042  -72.404  -23.499 0.6000000238
2652  24.952  -74.508  -17.924 0.4000000060
2653  24.307  -73.927  -17.380 0.5000000000
4107  15.885  -71.860  -22.515 0.5000000000
3086  24.540  -74.004  -18.466 0.4000000060
3087  23.715  -73.720  -18.054 0.3000000119
3088  23.034  -73.425  -17.343 0.4000000060
3610  17.128  -72.593  -21.235 0.6000000238
3588  22.492  -72.865  -20.419 0.3000000119
3599  22.315  -73.655  -20.516 0.4000000060
131840  23.422  -74.007  -19.241 0.4000000060
133132  22.959  -73.668  -17.988 0.3000000119
122709  17.579  -73.118  -21.852 0.6000000238
2700  17.042  -73.727  -20.765 0.5000000000
4076  21.716  -71.865  -19.472 0.3000000119
3589  21.211  -72.625  -20.018 0.5000000000
3600  20.991  -73.403  -20.449 0.4000000060
3135  22.150  -74.574  -20.290 0.4000000060
141643  16.844  -74.753  -21.241 0.6000000238
4062  21.406  -71.014  -18.781 0.3000000119
3590  20.679  -72.219  -19.924 0.5000000000
3136  20.931  -74.371  -20.652 0.4000000060
142957  20.519  -71.155  -19.786 0.4000000060
4086  20.384  -71.872  -20.163 0.5000000000
132597  20.630  -73.360  -20.773 0.4000000060
3620  20.619  -72.744  -21.764 0.5000000000
4045  13.192  -71.206  -17.140 0.6000000238
4046  12.434  -71.515  -17.043 0.6000000238
1849  25.701  -76.625  -15.042 0.3000000119
1851  23.992  -77.028  -14.333 0.3000000119
130597  23.476  -76.310  -13.923 0.3000000119
1833  23.154  -76.964  -13.923 0.3000000119
4581  12.751  -70.843  -16.932 0.6000000238
4582  12.032  -71.180  -16.962 0.6000000238
130732  25.936  -77.478  -15.250 0.3000000119
123351  22.469  -76.405  -13.310 0.3000000119
1825  21.694  -76.138  -12.470 0.3000000119
4594  11.539  -70.663  -17.413 0.6000000238
1521  27.356  -77.553  -16.198 0.3000000119
1834  21.617  -77.037  -12.855 0.3000000119
1826  21.299  -76.759  -12.107 0.3000000119
5162  11.060  -70.125  -18.392 0.6000000238
1548  24.642  -77.851  -18.374 0.3000000119
5827  11.449  -68.303  -19.340 0.6000000238
5172  11.199  -69.168  -18.823 0.6000000238
5183  10.923  -68.839  -19.878 0.6000000238
5841  10.816  -68.729  -20.733 0.5000000000
3104  24.637  -74.077  -19.833 0.4000000060
3118  23.102  -73.896  -20.393 0.4000000060
4613  20.541  -71.032  -20.494 0.4000000060
4093  20.584  -71.764  -21.287 0.5000000000
1865  25.971  -75.735  -15.160 0.3000000119
2236  25.187  -75.225  -14.736 0.3000000119
128880  25.111  -76.037  -14.703 0.3000000119
2224  23.802  -75.684  -14.029 0.3000000119
2226  22.140  -75.440  -12.848 0.3000000119
2217  21.504  -75.251  -12.057 0.3000000119
4580  13.474  -70.464  -17.004 0.5000000000
129931  26.565  -76.756  -15.364 0.3000000119
1522  26.833  -78.041  -15.967 0.3000000119
5797  13.284  -68.850  -16.915 0.5000000000
5149  12.896  -69.917  -16.909 0.6000000238
141083  27.288  -77.517  -15.843 0.3000000119
1820  21.415  -76.361  -11.333 0.3000000119
5161  11.823  -69.687  -17.621 0.6000000238
1864  27.970  -76.958  -16.057 0.3000000119
5812  11.824  -68.659  -18.319 0.6000000238
3103  25.290  -74.462  -20.352 0.3000000119
2651  25.510  -75.326  -18.909 0.3000000119
5840  11.277  -68.037  -20.377 0.6000000238
7252  11.800  -66.729  -21.639 0.6000000238
5811  12.460  -68.217  -17.878 0.6000000238
139547  12.534  -67.521  -18.407 0.5000000000
6538  12.979  -66.884  -18.471 0.6000000238
6571  11.774  -67.567  -19.704 0.6000000238
6570  12.142  -66.953  -20.010 0.6000000238
6591  11.432  -67.421  -21.200 0.6000000238
7259  12.195  -66.220  -22.193 0.6000000238
7238  11.984  -66.833  -20.812 0.6000000238
7271  11.930  -66.199  -23.195 0.5000000000
6519  13.165  -67.695  -17.529 0.5000000000
7213  13.724  -66.339  -18.072 0.5000000000
7224  12.723  -66.578  -19.515 0.5000000000
7833  12.857  -65.824  -21.832 0.6000000238
7900  12.518  -65.110  -26.016 0.5000000000
9250  13.908  -63.738  -26.294 0.6000000238
7899  13.231  -64.539  -26.166 0.6000000238
8541  12.229  -64.527  -26.149 0.5000000000
9231  13.243  -63.256  -25.810 0.6000000238
9232  12.255  -63.241  -25.545 0.6000000238
143780  13.278  -66.291  -19.015 0.5000000000
7847  13.634  -65.447  -22.427 0.5000000000
7863  13.509  -65.460  -23.597 0.5000000000
7848  12.765  -65.811  -23.059 0.6000000238
7862  14.245  -65.162  -23.492 0.6000000238
8504  13.868  -65.194  -24.805 0.5000000000
128590  12.981  -65.618  -24.437 0.5000000000
8521  14.467  -64.592  -25.518 0.6000000238
9977  17.560  -62.154  -24.911 0.6000000238
8540  14.171  -64.220  -26.173 0.6000000238
9981  12.818  -62.860  -25.004 0.5000000000
12025  8.871  -60.322  -14.336 0.5000000000
7803  13.823  -65.862  -19.011 0.5000000000
144609  13.439  -65.613  -21.440 0.5000000000
7846  14.646  -65.140  -22.438 0.6000000238
11988  9.750  -59.837  -12.538 0.5000000000
11979  9.471  -59.393  -11.756 0.6000000238
12023  10.328  -59.478  -13.619 0.6000000238
125164  10.005  -59.155  -14.452 0.6000000238
12004  9.097  -60.600  -13.466 0.5000000000
12032  8.282  -59.589  -15.217 0.5000000000
12033  7.560  -59.677  -15.686 0.5000000000
9950  13.119  -62.532  -22.388 0.5000000000
9966  13.273  -62.574  -23.754 0.5000000000
14805  14.154  -55.584  -13.565 0.6000000238
14790  14.086  -56.096  -12.519 0.6999999881
14056  14.414  -56.561  -13.337 0.6000000238
14036  14.275  -56.798  -12.142 0.6999999881
128180  12.951  -58.337  -10.525 0.6000000238
140813  12.180  -58.872  -10.902 0.6000000238
13358  13.376  -57.915  -13.816 0.6000000238
12674  13.580  -58.127  -12.016 0.6000000238
137431  14.255  -55.944  -14.629 0.6000000238
13378  13.814  -57.325  -14.351 0.6000000238
146268  12.517  -58.520  -13.119 0.6000000238
133697  12.019  -58.873  -11.895 0.5000000000
12662  10.041  -59.198  -11.230 0.6000000238
13396  12.840  -57.035  -15.593 0.6000000238
12705  12.064  -58.256  -14.287 0.6000000238
12691  11.145  -58.982  -13.361 0.5000000000
11978  10.330  -59.319  -12.049 0.6000000238
13380  12.191  -57.731  -15.108 0.6000000238
142537  11.438  -58.604  -14.048 0.6000000238
13415  10.358  -57.290  -16.165 0.6000000238
12716  10.417  -58.389  -14.984 0.6000000238
12717  9.466  -58.570  -15.173 0.6000000238
133336  7.584  -58.902  -15.803 0.5000000000
11349  7.594  -60.453  -16.205 0.5000000000
12057  6.823  -59.462  -16.964 0.5000000000
12054  9.197  -59.826  -17.801 0.5000000000
11389  10.032  -60.061  -17.950 0.5000000000
137585  13.646  -57.313  -11.144 0.6000000238
13311  12.948  -57.284  -9.956 0.6999999881
135245  11.217  -56.793  -16.361 0.5000000000
13416  9.455  -57.316  -16.262 0.6000000238
13418  7.311  -57.470  -16.501 0.6000000238
12044  6.759  -59.267  -16.743 0.5000000000
13429  6.371  -57.872  -17.308 0.6000000238
12739  6.899  -58.331  -17.980 0.5000000000
12751  7.517  -57.875  -18.784 0.6000000238
12082  8.853  -58.755  -18.823 0.6000000238
17115  12.911  -53.016  -11.483 0.4000000060
132737  9.842  -55.531  -12.546 0.6999999881
14772  9.420  -55.645  -10.775 0.5000000000
14763  9.874  -55.849  -9.569 0.5000000000
17128  12.334  -52.391  -12.536 0.6000000238
137753  11.544  -52.352  -13.016 0.5000000000
14030  10.756  -55.871  -10.105 0.6000000238
14019  11.607  -56.471  -9.285 0.5000000000
124973  13.659  -52.243  -12.782 0.5000000000
14793  9.902  -55.266  -13.289 0.6000000238
14771  11.422  -55.753  -10.986 0.8000000119
130927  12.209  -55.106  -12.809 0.6999999881
14028  12.651  -56.320  -10.503 0.8000000119
13301  12.395  -57.568  -9.273 0.6999999881
14105  6.822  -56.792  -16.949 0.6000000238
13440  6.316  -57.114  -17.842 0.6000000238
138883  9.020  -55.700  -9.890 0.5000000000
16318  11.578  -53.272  -11.319 0.5000000000
133005  8.380  -55.438  -12.972 0.6999999881
14013  9.540  -56.201  -8.212 0.5000000000
17126  14.243  -52.747  -12.086 0.4000000060
17127  13.317  -52.602  -12.206 0.4000000060
17141  14.556  -52.432  -12.930 0.4000000060
18019  13.968  -51.190  -14.305 0.5000000000
18034  14.224  -50.863  -15.037 0.4000000060
14773  8.320  -55.605  -10.642 0.5000000000
14757  8.669  -55.791  -8.544 0.5000000000
16307  12.826  -53.157  -10.680 0.3000000119
17104  11.790  -53.232  -10.041 0.3000000119
133438  8.411  -55.585  -11.795 0.6000000238
139829  15.271  -52.459  -13.408 0.4000000060
18018  14.870  -51.555  -14.700 0.4000000060
18896  13.518  -50.502  -15.473 0.4000000060
14783  6.886  -55.120  -12.476 0.6000000238
14796  7.098  -54.951  -12.815 0.6000000238
18894  15.079  -51.181  -15.629 0.4000000060
133412  6.562  -55.310  -11.394 0.5000000000
128080  7.326  -55.528  -10.473 0.5000000000
17954  14.445  -51.806  -10.212 0.3000000119
17090  12.914  -52.353  -9.788 0.3000000119
17091  11.509  -52.907  -9.635 0.3000000119
17092  10.668  -52.906  -9.563 0.4000000060
18049  15.993  -51.605  -15.965 0.3000000119
127768  14.843  -50.622  -16.382 0.4000000060
18914  16.259  -51.179  -16.715 0.4000000060
18800  11.683  -51.167  -9.582 0.4000000060
15549  6.077  -54.852  -11.818 0.6000000238
14775  6.429  -55.339  -10.321 0.4000000060
18801  10.800  -51.114  -9.586 0.4000000060
19686  14.726  -49.812  -10.624 0.3000000119
133236  14.121  -50.754  -10.156 0.3000000119
16322  5.671  -54.489  -11.186 0.5000000000
18802  9.957  -51.130  -9.649 0.4000000060
17957  9.053  -51.128  -9.856 0.4000000060
18840  8.020  -50.364  -11.116 0.5000000000
19691  9.922  -49.817  -10.491 0.4000000060
19692  8.959  -50.131  -10.580 0.4000000060
134908  11.981  -46.350  -13.140 0.3000000119
22361  11.297  -46.773  -12.988 0.3000000119
21471  10.606  -47.302  -12.829 0.3000000119
22362  10.627  -46.858  -13.590 0.3000000119
20562  6.153  -48.337  -9.740 0.4000000060
23258  12.051  -45.798  -13.983 0.3000000119
2203  22.090  -75.650  -10.650 0.3000000119
2671  25.196  -74.457  -19.060 0.4000000060
19711  10.303  -49.101  -10.955 0.3000000119
14144  6.628  -55.912  -18.589 0.6000000238
21415  6.616  -47.676  -8.461 0.4000000060
145305  12.750  -51.319  -13.774 0.5000000000
20616  10.176  -47.988  -12.313 0.3000000119
3106  22.773  -74.292  -19.000 0.3000000119
7237  12.568  -66.407  -20.406 0.5000000000
124152  25.921  -81.451  -2.733 0.4000000060
354  24.613  -82.165  -3.007 0.5000000000
192  23.280  -82.727  -0.718 0.5000000000
845  26.590  -79.905  -6.006 0.5000000000
679  19.781  -81.109  -16.400 0.4000000060
584  24.932  -80.706  -2.302 0.4000000060
1113  26.669  -78.582  -7.397 0.4000000060
935  20.614  -80.213  -16.918 0.4000000060
439  20.069  -82.112  -14.567 0.4000000060
435  20.175  -82.296  -13.617 0.4000000060
568  24.265  -80.689  0.029 0.3000000119
856  28.973  -79.022  -6.084 0.3000000119
1128  28.864  -78.169  -7.714 0.4000000060
1129  27.839  -78.378  -8.227 0.4000000060
943  21.819  -80.167  -17.308 0.3000000119
1211  22.376  -78.887  -17.272 0.4000000060
1151  27.580  -78.771  -10.097 0.4000000060
3613  15.026  -72.800  -21.906 0.5000000000
1422  27.789  -78.063  -4.553 0.3000000119
1149  29.060  -77.648  -10.477 0.4000000060
1156  28.409  -78.378  -11.212 0.4000000060
891  27.665  -79.029  -11.603 0.5000000000
1511  22.832  -78.310  -14.360 0.3000000119
940  24.122  -79.184  -17.485 0.3000000119
1223  22.836  -79.346  -17.483 0.3000000119
1535  23.451  -77.527  -17.173 0.3000000119
3611  16.479  -72.504  -20.954 0.6000000238
143434  28.302  -77.309  -11.695 0.3000000119
1155  28.835  -77.784  -11.262 0.4000000060
1477  22.021  -77.755  -11.035 0.3000000119
4130  14.152  -71.723  -25.191 0.5000000000
2257  24.718  -74.664  -17.008 0.4000000060
139127  26.718  -76.003  -11.482 0.3000000119
1805  23.278  -76.470  -10.512 0.3000000119
3134  23.296  -73.323  -20.879 0.4000000060
3105  23.959  -73.870  -19.571 0.4000000060
4061  22.258  -71.171  -18.754 0.3000000119
2225  23.043  -75.590  -13.539 0.3000000119
5826  12.002  -67.856  -18.834 0.6000000238
3117  23.897  -73.607  -20.887 0.3000000119
2593  21.859  -74.536  -12.521 0.3000000119
1891  27.678  -76.538  -17.453 0.3000000119
8522  13.786  -64.800  -25.834 0.6000000238
14038  13.316  -56.221  -11.389 0.6999999881
14029  11.827  -56.218  -10.011 0.6999999881
14779  12.150  -55.540  -11.855 0.6999999881
127253  10.243  -55.631  -11.472 0.6000000238
135975  13.714  -52.265  -10.078 0.3000000119
17955  13.531  -51.539  -9.885 0.3000000119
4128  15.384  -70.795  -25.445 0.5000000000
140838  14.539  -71.140  -25.513 0.5000000000
4660  22.279  -70.881  -25.797 0.6000000238
7832  14.138  -65.365  -21.490 0.4000000060
9980  14.191  -62.893  -25.861 0.5000000000
9989  17.017  -61.829  -25.939 0.5000000000
137854  15.977  -62.080  -26.083 0.5000000000
9979  15.138  -62.437  -25.719 0.5000000000
9965  14.369  -62.226  -24.240 0.5000000000
9964  15.005  -61.801  -24.233 0.5000000000
125774  18.252  -60.625  -24.829 0.5000000000
9949  13.987  -62.242  -22.656 0.4000000060
136496  16.736  -60.543  -25.676 0.5000000000
9978  15.603  -61.509  -25.086 0.5000000000
9948  14.636  -61.802  -23.040 0.5000000000
10720  14.101  -61.617  -22.051 0.5000000000
11467  15.644  -59.646  -24.934 0.6000000238
10748  15.069  -61.195  -23.676 0.5000000000
11451  14.266  -60.838  -22.341 0.5000000000
12066  10.329  -59.642  -18.810 0.5000000000
12130  14.669  -59.561  -24.298 0.6000000238
124282  12.176  -60.409  -19.862 0.5000000000
11403  11.316  -60.100  -19.222 0.5000000000
11458  14.342  -60.257  -23.390 0.6000000238
11452  13.313  -60.261  -21.962 0.6000000238
139306  13.276  -61.236  -20.793 0.5000000000
12140  15.483  -58.594  -24.812 0.6000000238
12131  13.753  -59.381  -23.777 0.6000000238
12123  13.431  -59.920  -23.013 0.6000000238
11421  11.290  -59.515  -20.504 0.6000000238
12787  12.152  -58.874  -22.997 0.6000000238
12098  9.617  -58.437  -20.233 0.5000000000
142092  9.100  -58.405  -19.512 0.5000000000
143074  12.515  -59.667  -22.265 0.6000000238
11420  12.325  -60.072  -20.765 0.6000000238
11969  10.589  -59.367  -9.787 0.5000000000
12632  12.047  -58.593  -9.172 0.5000000000
12643  12.266  -58.795  -9.955 0.5000000000
13463  7.897  -56.817  -19.698 0.6000000238
12788  11.562  -58.468  -22.544 0.6000000238
13461  9.273  -57.759  -20.634 0.6000000238
12126  11.232  -58.718  -21.929 0.6000000238
12777  9.855  -58.140  -21.108 0.6000000238
13472  10.269  -57.678  -21.586 0.6000000238
19690  10.802  -49.687  -10.358 0.3000000119
129893  4.940  -48.487  -10.031 0.3000000119
4103  21.072  -72.138  -22.309 0.4000000060
4114  21.966  -72.050  -23.339 0.5000000000
2712  16.824  -75.322  -22.379 0.5000000000
2711  17.323  -74.139  -21.859 0.5000000000
4113  22.394  -71.374  -24.119 0.4000000060
3157  17.971  -72.876  -22.595 0.4000000060
142951  22.223  -70.318  -26.447 0.4000000060
124861  14.941  -71.732  -24.739 0.4000000060
4642  16.490  -70.837  -23.491 0.4000000060
4118  15.616  -71.666  -23.724 0.4000000060
4094  16.978  -72.036  -21.508 0.4000000060
3622  17.518  -72.193  -21.840 0.4000000060
5956  23.496  -68.197  -27.287 0.4000000060
5957  22.642  -68.533  -27.344 0.4000000060
5958  22.055  -68.751  -27.397 0.4000000060
5255  14.162  -70.535  -25.411 0.4000000060
5943  22.704  -68.920  -27.149 0.4000000060
141690  22.220  -69.069  -27.326 0.4000000060
7322  21.282  -66.571  -27.307 0.4000000060
129991  20.752  -65.641  -27.502 0.5000000000
140766  12.011  -57.545  -22.936 0.5000000000
14179  13.070  -56.469  -23.201 0.5000000000
14173  11.132  -57.058  -22.088 0.5000000000
14172  11.728  -56.648  -22.403 0.5000000000
143121  11.797  -54.953  -21.496 0.5000000000
14930  10.150  -56.268  -21.164 0.5000000000
15646  11.562  -54.221  -20.527 0.5000000000
13293  11.853  -57.710  -8.550 0.4000000060
14012  10.538  -56.694  -8.133 0.4000000060
14929  10.888  -55.656  -21.285 0.5000000000
139789  9.228  -56.470  -20.707 0.5000000000
4148  21.850  -70.928  -26.580 0.5000000000
129722  22.455  -69.540  -26.682 0.4000000060
6678  22.430  -68.040  -27.478 0.4000000060
82  22.804  -83.132  -1.725 0.4000000060
374  19.534  -81.817  -4.662 0.4000000060
146136  23.370  -82.000  -2.317 0.4000000060
133631  22.834  -83.178  -2.916 0.4000000060
128396  19.593  -80.813  -4.904 0.4000000060
610  20.590  -79.517  -4.996 0.4000000060
373  20.580  -81.653  -4.765 0.4000000060
226  20.487  -82.945  -4.731 0.4000000060
201  24.594  -82.409  -3.485 0.5000000000
202  23.598  -82.770  -3.416 0.5000000000
207  24.214  -82.671  -3.895 0.4000000060
92  23.211  -83.121  -3.790 0.4000000060
225  21.366  -82.796  -4.780 0.4000000060
353  25.455  -82.023  -3.257 0.5000000000
362  25.676  -81.926  -4.379 0.5000000000
145081  25.119  -82.251  -4.279 0.5000000000
215  23.657  -82.708  -4.281 0.4000000060
97  23.054  -83.118  -4.181 0.4000000060
369  24.673  -81.545  -5.029 0.4000000060
222  24.232  -82.220  -4.604 0.4000000060
1105  22.822  -78.610  -5.674 0.4000000060
848  22.243  -79.257  -5.018 0.4000000060
134156  22.059  -80.457  -4.755 0.4000000060
372  21.726  -81.645  -4.735 0.4000000060
105  21.888  -83.324  -4.558 0.4000000060
849  21.179  -78.934  -5.199 0.4000000060
130559  21.107  -80.525  -4.745 0.4000000060
607  24.091  -80.464  -5.201 0.5000000000
370  23.743  -81.515  -4.876 0.4000000060
216  22.792  -83.033  -4.394 0.4000000060
1104  23.813  -78.565  -5.951 0.5000000000
847  23.412  -79.339  -5.340 0.4000000060
608  23.059  -80.400  -4.931 0.4000000060
371  22.752  -81.557  -4.744 0.4000000060
872  23.381  -79.399  -7.730 0.3000000119
622  23.977  -80.811  -7.988 0.3000000119
878  24.937  -79.217  -8.567 0.4000000060
1132  23.478  -78.457  -7.266 0.3000000119
1143  25.881  -78.765  -8.955 0.4000000060
871  24.285  -78.756  -7.894 0.4000000060
401  24.583  -82.158  -9.073 0.3000000119
397  24.619  -82.059  -8.650 0.4000000060
631  24.750  -81.053  -8.580 0.4000000060
630  25.521  -80.326  -9.214 0.4000000060
400  25.264  -81.377  -10.005 0.4000000060
396  25.088  -81.521  -9.155 0.4000000060
883  26.329  -79.874  -9.815 0.4000000060
1152  26.784  -78.993  -9.688 0.3000000119
1116  23.194  -78.387  -6.405 0.3000000119
1130  26.125  -78.354  -8.304 0.3000000119
138320  25.427  -78.349  -7.629 0.4000000060
128970  24.467  -81.552  -10.023 0.4000000060
137057  25.827  -80.885  -9.796 0.4000000060
644  26.131  -80.777  -11.270 0.4000000060
635  26.359  -80.503  -10.404 0.4000000060
1115  24.170  -78.375  -6.669 0.4000000060
1131  24.607  -78.365  -7.392 0.4000000060
402  23.816  -82.019  -9.532 0.4000000060
1142  26.949  -78.433  -9.132 0.3000000119
423  23.470  -81.498  -11.681 0.4000000060
413  24.094  -81.574  -10.875 0.4000000060
653  23.232  -81.375  -12.038 0.4000000060
652  24.764  -80.929  -11.756 0.4000000060
411  25.577  -81.132  -11.047 0.4000000060
128201  24.457  -79.401  -5.622 0.4000000060
860  24.808  -78.685  -6.280 0.4000000060
1114  25.199  -78.373  -6.976 0.4000000060
431  22.365  -81.710  -12.170 0.4000000060
143444  22.377  -81.483  -12.326 0.4000000060
895  24.125  -80.846  -11.935 0.4000000060
651  25.657  -80.665  -11.693 0.4000000060
605  26.042  -80.730  -5.457 0.4000000060
132746  27.024  -79.316  -6.591 0.3000000119
367  26.308  -81.369  -4.869 0.4000000060
606  25.085  -80.587  -5.406 0.4000000060
846  25.502  -79.597  -5.865 0.4000000060
859  25.907  -78.866  -6.564 0.4000000060
7916  20.057  -64.929  -27.597 0.4000000060
412  24.855  -81.409  -10.919 0.4000000060
86  22.452  -83.592  -3.267 0.4000000060
91  23.769  -82.813  -4.097 0.4000000060
98  22.263  -83.458  -4.292 0.4000000060
206  25.153  -82.308  -3.878 0.5000000000
214  24.509  -82.478  -4.214 0.4000000060
223  23.339  -82.410  -4.571 0.4000000060
224  22.365  -82.633  -4.645 0.4000000060
361  26.427  -81.595  -4.219 0.4000000060
363  25.005  -82.100  -4.638 0.5000000000
368  25.497  -81.509  -5.027 0.5000000000
414  23.457  -81.528  -10.641 0.4000000060
421  25.070  -81.129  -11.483 0.4000000060
422  24.374  -81.310  -11.513 0.4000000060
432  21.262  -81.882  -12.476 0.4000000060
442  21.549  -81.147  -16.169 0.4000000060
443  20.915  -81.464  -15.946 0.4000000060
444  20.219  -81.774  -15.496 0.4000000060
445  21.158  -81.040  -16.623 0.4000000060
446  20.361  -81.401  -16.238 0.4000000060
447  19.669  -81.639  -15.808 0.4000000060
577  23.456  -80.745  -1.423 0.4000000060
598  28.617  -80.166  -4.202 0.3000000119
600  27.111  -81.157  -4.591 0.4000000060
609  21.421  -79.615  -4.844 0.4000000060
636  26.056  -80.945  -10.561 0.4000000060
643  26.564  -80.432  -11.037 0.4000000060
666  20.410  -81.912  -13.999 0.4000000060
677  21.914  -80.772  -16.595 0.4000000060
680  22.762  -80.123  -17.112 0.3000000119
681  22.205  -80.362  -17.121 0.3000000119
683  21.176  -80.444  -17.033 0.4000000060
850  20.204  -78.907  -5.519 0.4000000060
879  24.276  -79.682  -8.176 0.4000000060
882  27.015  -79.797  -10.665 0.4000000060
893  26.154  -80.083  -12.012 0.5000000000
924  23.811  -80.062  -16.035 0.3000000119
934  21.340  -79.940  -17.250 0.4000000060
1144  25.126  -78.444  -8.136 0.4000000060
1150  28.397  -78.268  -10.384 0.4000000060
1160  28.211  -78.221  -11.623 0.4000000060
1193  25.422  -78.782  -15.503 0.3000000119
1213  20.793  -79.408  -16.732 0.3000000119
1214  19.962  -79.692  -16.426 0.3000000119
1224  22.102  -79.676  -17.400 0.3000000119
1459  29.429  -77.098  -10.113 0.3000000119
1464  22.647  -77.139  -10.635 0.3000000119
1471  28.706  -77.422  -11.489 0.3000000119
1472  28.064  -77.920  -11.845 0.5000000000
1507  27.441  -76.993  -15.664 0.3000000119
1508  26.778  -77.610  -15.632 0.3000000119
1523  20.938  -77.261  -15.660 0.3000000119
1533  27.018  -77.624  -17.054 0.3000000119
1549  23.166  -78.597  -17.539 0.3000000119
1569  20.693  -77.305  -20.692 0.5000000000
1581  17.607  -77.728  -21.593 0.4000000060
1791  29.396  -76.973  -9.314 0.3000000119
1806  22.342  -76.352  -10.586 0.3000000119
1807  21.755  -76.175  -10.819 0.3000000119
1817  27.598  -76.994  -11.712 0.3000000119
1832  24.315  -76.246  -14.356 0.3000000119
1879  27.574  -77.088  -16.739 0.3000000119
1922  19.804  -77.119  -19.469 0.4000000060
1944  21.030  -77.062  -21.371 0.5000000000
1948  20.812  -76.553  -22.533 0.5000000000
1950  17.998  -76.771  -22.778 0.6000000238
1951  17.097  -76.436  -22.787 0.6000000238
1952  18.829  -76.556  -23.222 0.6999999881
2212  21.467  -75.630  -11.524 0.3000000119
2250  20.867  -75.354  -14.857 0.3000000119
2316  16.590  -76.190  -22.461 0.6000000238
2320  21.194  -76.066  -23.120 0.5000000000
2326  18.882  -75.205  -24.400 0.6999999881
2672  22.239  -74.880  -19.739 0.5000000000
2674  21.147  -75.154  -18.670 0.3000000119
2701  16.781  -74.207  -20.145 0.5000000000
2732  17.823  -74.539  -23.614 0.6999999881
2737  21.710  -74.603  -24.262 0.6000000238
2739  19.753  -75.164  -24.604 0.6999999881
3066  21.668  -73.054  -15.908 0.4000000060
3075  23.510  -73.531  -17.095 0.5000000000
3076  22.743  -73.300  -16.841 0.4000000060
3089  21.063  -73.329  -17.399 0.4000000060
3120  16.098  -73.223  -19.548 0.5000000000
3138  16.876  -72.967  -20.633 0.6000000238
3149  17.275  -73.253  -21.173 0.6000000238
3176  21.879  -73.767  -24.822 0.6000000238
3186  21.168  -73.602  -25.504 0.6999999881
3550  21.611  -72.887  -16.756 0.4000000060
3551  20.974  -72.745  -16.549 0.3000000119
3565  12.093  -72.264  -17.373 0.6000000238
3601  20.604  -72.598  -20.388 0.5000000000
3603  15.877  -72.739  -20.286 0.5000000000
3612  15.952  -72.137  -21.630 0.5000000000
3621  18.137  -71.744  -22.467 0.6000000238
3624  14.533  -72.936  -23.133 0.5000000000
3633  14.613  -72.243  -24.446 0.4000000060
3642  14.349  -71.896  -24.983 0.4000000060
3643  13.860  -72.413  -24.771 0.5000000000
3650  20.590  -72.854  -25.795 0.6999999881
3651  19.871  -72.948  -25.374 0.6999999881
4077  20.947  -71.640  -19.397 0.5000000000
4078  20.616  -71.530  -19.612 0.4000000060
4095  16.575  -71.725  -21.850 0.4000000060
4105  17.335  -71.432  -22.042 0.6000000238
4106  16.568  -71.280  -22.563 0.4000000060
4115  19.245  -70.691  -23.718 0.8000000119
4117  15.583  -71.188  -24.654 0.4000000060
4129  14.731  -71.317  -25.314 0.4000000060
4137  22.094  -71.664  -25.979 0.6999999881
4138  21.644  -72.113  -26.061 0.6999999881
4139  20.776  -71.571  -26.324 0.6999999881
4140  19.977  -72.230  -25.513 0.6999999881
4141  15.009  -70.582  -25.962 0.6000000238
4142  14.188  -71.301  -25.317 0.4000000060
4579  14.150  -70.126  -17.212 0.5000000000
4595  10.649  -71.125  -17.876 0.5000000000
4612  20.721  -70.470  -19.893 0.4000000060
4632  13.447  -70.435  -22.840 0.6999999881
4640  18.723  -70.176  -23.266 0.6000000238
4641  17.294  -70.214  -23.348 0.6000000238
4653  17.023  -69.491  -25.029 0.6999999881
4655  13.652  -71.245  -24.987 0.5000000000
4663  15.450  -69.746  -26.395 0.6000000238
4664  14.679  -70.568  -25.769 0.5000000000
4671  21.502  -70.454  -26.906 0.5000000000
5150  12.248  -70.487  -17.076 0.6000000238
5160  12.422  -69.059  -17.419 0.6000000238
5217  18.022  -69.811  -23.380 0.6999999881
5218  13.975  -69.503  -23.979 0.8000000119
5236  17.920  -69.444  -24.023 0.6999999881
5249  20.700  -69.592  -26.062 0.6999999881
5264  21.625  -69.752  -27.109 0.6000000238
5266  15.782  -69.192  -26.755 0.6000000238
5273  21.909  -69.283  -27.332 0.4000000060
5824  15.769  -68.478  -18.683 0.6999999881
5825  15.330  -68.822  -18.599 0.6999999881
5837  16.601  -68.408  -19.951 0.8000000119
5876  16.243  -68.179  -22.362 0.8000000119
5910  19.348  -68.706  -24.859 0.8000000119
5911  14.689  -68.289  -25.336 0.6000000238
5912  14.364  -68.929  -25.196 0.6000000238
5930  14.959  -68.399  -26.266 0.8000000119
5946  19.398  -67.514  -26.402 0.6999999881
5948  17.398  -68.247  -26.948 0.8000000119
5959  16.582  -68.105  -27.378 0.8000000119
5960  15.980  -68.133  -27.253 0.8000000119
6513  18.873  -67.023  -17.818 0.8000000119
6515  17.162  -66.976  -17.229 0.6000000238
6552  18.698  -68.155  -19.439 0.8000000119
6554  12.322  -67.191  -19.186 0.6000000238
6567  20.476  -67.224  -20.588 0.6000000238
6568  19.813  -67.687  -20.449 0.6999999881
6605  19.647  -67.424  -22.069 0.6999999881
6658  20.291  -67.758  -26.192 0.6999999881
6672  15.794  -67.690  -27.172 0.8000000119
6681  18.488  -66.606  -27.375 0.6000000238
6683  16.328  -67.571  -27.395 0.8000000119
7198  16.218  -66.620  -17.162 0.6000000238
7199  15.285  -66.537  -17.103 0.6000000238
7200  14.493  -66.374  -17.415 0.6000000238
7201  14.054  -66.813  -17.262 0.6000000238
7209  19.881  -66.801  -18.476 0.6999999881
7236  12.997  -65.910  -20.906 0.5000000000
7250  20.940  -66.642  -21.710 0.6000000238
7251  12.388  -66.302  -21.275 0.6000000238
7256  21.350  -66.139  -22.200 0.6000000238
7268  20.373  -66.394  -23.322 0.6000000238
7284  19.967  -66.082  -24.170 0.5000000000
7304  16.991  -66.187  -26.551 0.6999999881
7315  16.999  -66.155  -27.203 0.6999999881
7327  16.629  -66.874  -27.364 0.8000000119
7783  15.673  -65.945  -17.529 0.6000000238
7797  21.638  -65.671  -19.448 0.6000000238
7798  21.072  -66.008  -18.830 0.6000000238
7801  15.337  -65.495  -19.203 0.5000000000
7813  18.150  -64.884  -20.502 0.6000000238
7817  14.812  -65.430  -19.913 0.5000000000
7881  13.118  -65.248  -25.651 0.5000000000
7897  18.085  -65.166  -26.533 0.5000000000
7909  17.987  -65.019  -27.125 0.5000000000
7915  21.563  -65.763  -27.487 0.5000000000
7918  18.248  -65.316  -27.349 0.6000000238
8431  21.882  -64.828  -19.166 0.5000000000
8477  22.360  -64.075  -22.306 0.6000000238
8500  22.209  -63.664  -23.087 0.5000000000
8520  14.907  -64.030  -26.033 0.6000000238
9112  16.566  -63.141  -17.043 0.6000000238
9169  22.328  -63.622  -20.536 0.5000000000
9215  16.903  -63.467  -23.795 0.6999999881
9229  16.801  -62.500  -25.504 0.6000000238
9247  16.256  -62.306  -26.069 0.5000000000
9249  14.612  -63.733  -26.243 0.6000000238
9251  12.772  -63.866  -26.191 0.6000000238
9252  11.756  -63.808  -25.945 0.6000000238
9821  17.562  -62.223  -15.751 0.5000000000
9823  16.099  -62.216  -15.869 0.6000000238
9840  16.616  -62.738  -16.357 0.5000000000
9863  16.008  -62.641  -17.503 0.6000000238
9876  16.386  -62.920  -18.178 0.6000000238
9928  13.525  -62.193  -21.673 0.5000000000
9988  17.331  -61.979  -25.577 0.5000000000
9990  14.794  -63.241  -26.257 0.6000000238
10607  16.641  -61.023  -14.818 0.5000000000
10624  17.992  -61.522  -15.369 0.5000000000
10627  15.729  -61.432  -15.586 0.5000000000
10705  16.505  -61.166  -20.688 0.6000000238
10706  13.448  -61.693  -21.173 0.5000000000
10735  17.856  -61.290  -23.124 0.6000000238
10736  14.579  -61.272  -22.711 0.5000000000
10746  18.011  -61.616  -24.441 0.6000000238
10747  15.816  -60.651  -24.951 0.6000000238
10756  17.665  -61.403  -25.430 0.5000000000
10757  17.198  -61.056  -25.852 0.5000000000
10758  16.406  -61.323  -25.738 0.5000000000
10765  16.626  -61.794  -26.023 0.5000000000
11315  16.193  -60.347  -14.738 0.5000000000
11335  15.538  -60.447  -15.430 0.5000000000
11347  15.313  -60.940  -16.243 0.6000000238
11350  7.090  -59.747  -16.672 0.5000000000
11371  7.431  -60.121  -16.801 0.5000000000
11416  16.378  -60.300  -20.850 0.6999999881
11417  15.888  -59.845  -20.385 0.6999999881
11418  13.733  -61.063  -21.438 0.6000000238
11419  12.890  -60.870  -20.293 0.5000000000
11437  16.882  -60.083  -21.678 0.6000000238
11438  13.118  -60.571  -21.058 0.5000000000
11439  12.467  -59.857  -21.659 0.6000000238
11450  14.758  -60.886  -23.036 0.6000000238
11457  15.086  -60.514  -23.984 0.5000000000
11464  18.064  -59.575  -25.242 0.6000000238
11466  16.428  -59.855  -25.440 0.6999999881
11945  11.450  -59.032  -8.693 0.5000000000
11956  11.524  -59.159  -9.451 0.5000000000
11987  11.154  -59.090  -12.411 0.5000000000
12002  10.456  -59.508  -12.894 0.5000000000
12003  9.788  -60.107  -13.208 0.5000000000
12022  16.651  -59.522  -14.578 0.5000000000
12024  9.648  -59.999  -13.897 0.5000000000
12034  6.940  -59.111  -16.240 0.5000000000
12041  15.282  -59.465  -15.853 0.5000000000
12043  7.230  -59.881  -16.145 0.5000000000
12052  14.832  -59.740  -17.172 0.5000000000
12055  8.314  -59.977  -17.387 0.5000000000
12056  7.302  -59.232  -17.495 0.5000000000
12067  9.454  -59.392  -18.448 0.6000000238
12068  8.517  -59.266  -18.048 0.5000000000
12080  10.432  -59.191  -19.830 0.5000000000
12081  9.640  -58.939  -19.298 0.5000000000
12096  15.756  -59.099  -20.723 0.5000000000
12097  10.404  -58.739  -20.818 0.6000000238
12111  16.869  -59.144  -22.146 0.6999999881
12113  11.626  -59.386  -21.495 0.6000000238
12114  10.993  -58.904  -21.295 0.6000000238
12121  18.027  -58.640  -24.310 0.6999999881
12122  17.499  -58.770  -23.195 0.6999999881
12124  12.603  -59.495  -22.754 0.6000000238
12125  11.912  -59.245  -22.357 0.6000000238
12132  12.910  -59.126  -23.352 0.6000000238
12137  18.133  -58.764  -25.008 0.6000000238
12622  12.230  -58.111  -9.006 0.6999999881
12623  11.712  -58.435  -8.545 0.4000000060
12642  12.690  -58.084  -9.707 0.5000000000
12644  11.406  -59.163  -10.337 0.5000000000
12645  10.562  -59.225  -10.658 0.6000000238
12659  13.254  -57.666  -10.491 0.6999999881
12660  12.945  -58.523  -11.436 0.6000000238
12661  11.081  -59.107  -11.368 0.6000000238
12675  12.740  -58.566  -12.390 0.6000000238
12676  11.902  -58.782  -12.806 0.6000000238
12688  13.358  -58.219  -13.031 0.6000000238
12689  12.701  -58.287  -13.722 0.6000000238
12690  11.934  -58.570  -13.566 0.6000000238
12706  10.781  -58.831  -14.210 0.6000000238
12707  9.144  -59.423  -14.748 0.5000000000
12714  16.320  -58.837  -14.952 0.5000000000
12718  8.501  -58.738  -15.443 0.5000000000
12719  7.027  -58.316  -16.374 0.6000000238
12725  15.167  -58.648  -16.301 0.5000000000
12732  14.525  -58.239  -17.712 0.5000000000
12733  6.543  -58.712  -17.235 0.6000000238
12738  7.889  -58.580  -18.396 0.5000000000
12740  6.397  -57.947  -17.701 0.6000000238
12750  8.407  -58.149  -19.183 0.5000000000
12764  8.896  -57.884  -19.904 0.5000000000
12776  10.567  -58.357  -21.527 0.6000000238
12789  10.934  -58.066  -22.086 0.6000000238
12794  17.798  -58.002  -24.892 0.6999999881
12797  13.610  -58.274  -23.864 0.6999999881
12799  12.551  -57.397  -23.222 0.5000000000
12807  17.188  -57.736  -25.061 0.6999999881
12809  15.364  -57.703  -24.585 0.6000000238
13294  11.171  -57.482  -7.948 0.4000000060
13302  12.036  -57.085  -8.957 0.5000000000
13323  14.360  -57.100  -12.383 0.6999999881
13324  14.041  -57.346  -11.795 0.6999999881
13338  14.415  -57.123  -13.029 0.6000000238
13339  14.060  -57.655  -12.592 0.6999999881
13356  14.383  -56.890  -13.781 0.6000000238
13357  13.992  -57.589  -13.456 0.6000000238
13379  12.905  -57.886  -14.425 0.6000000238
13381  11.309  -58.254  -14.713 0.6000000238
13395  16.411  -57.705  -15.745 0.5000000000
13397  11.941  -57.220  -15.812 0.6000000238
13398  11.034  -57.647  -15.546 0.6000000238
13399  9.934  -57.858  -15.662 0.6000000238
13400  8.901  -57.958  -15.752 0.6000000238
13401  7.892  -58.107  -15.999 0.5000000000
13414  15.143  -57.872  -16.702 0.5000000000
13417  8.360  -57.348  -16.300 0.6000000238
13419  6.567  -57.665  -16.833 0.6000000238
13439  6.720  -57.536  -18.340 0.6000000238
13450  8.106  -57.518  -19.518 0.6000000238
13451  7.280  -57.141  -19.079 0.6000000238
13452  6.627  -56.709  -18.548 0.6000000238
13462  8.663  -57.279  -20.173 0.6000000238
13473  9.642  -57.563  -21.129 0.5000000000
13477  16.333  -56.798  -24.032 0.6999999881
13479  12.193  -56.969  -22.882 0.5000000000
13480  11.489  -57.582  -22.552 0.5000000000
13481  10.857  -57.519  -21.993 0.5000000000
13488  16.441  -57.143  -24.504 0.6999999881
13489  15.788  -57.060  -24.491 0.6000000238
14011  11.436  -56.909  -8.560 0.5000000000
14018  12.358  -56.825  -9.570 0.6999999881
14020  10.767  -56.236  -8.986 0.5000000000
14021  10.004  -56.131  -8.753 0.5000000000
14027  13.428  -56.951  -10.756 0.6000000238
14037  13.913  -56.730  -11.603 0.6999999881
14044  14.389  -56.641  -12.729 0.6000000238
14073  14.250  -56.563  -14.396 0.6000000238
14084  13.784  -56.627  -15.092 0.6000000238
14085  13.291  -56.200  -15.813 0.6000000238
14086  12.363  -56.553  -16.175 0.6000000238
14101  11.921  -55.891  -16.726 0.6999999881
14104  7.716  -56.662  -16.765 0.6999999881
14106  6.441  -57.016  -17.353 0.6000000238
14121  7.148  -55.957  -17.292 0.6999999881
14122  6.584  -56.215  -17.456 0.6999999881
14123  6.374  -56.474  -17.724 0.6999999881
14133  6.338  -56.235  -18.070 0.6999999881
14143  7.133  -56.357  -19.200 0.6000000238
14154  9.174  -57.134  -20.766 0.5000000000
14155  8.529  -56.608  -20.230 0.6999999881
14163  11.158  -56.297  -21.768 0.5000000000
14164  10.507  -57.010  -21.705 0.5000000000
14165  9.763  -57.036  -21.283 0.5000000000
14171  12.553  -56.157  -22.699 0.5000000000
14177  14.757  -56.114  -23.424 0.5000000000
14178  14.014  -56.048  -23.414 0.5000000000
14756  9.227  -55.832  -9.058 0.5000000000
14764  8.230  -55.636  -9.537 0.5000000000
14774  7.480  -55.479  -11.590 0.5000000000
14778  13.688  -56.187  -11.915 0.6999999881
14780  10.748  -55.501  -12.289 0.6999999881
14781  9.241  -55.619  -12.154 0.6000000238
14782  7.682  -55.363  -12.588 0.6000000238
14784  6.243  -55.046  -11.955 0.6000000238
14789  14.335  -56.148  -13.205 0.6000000238
14791  13.240  -55.561  -12.349 0.6999999881
14792  11.039  -55.143  -13.047 0.6000000238
14794  9.115  -55.414  -13.253 0.6999999881
14795  7.735  -55.067  -13.399 0.6000000238
14797  6.490  -54.961  -12.309 0.6000000238
14807  11.613  -54.618  -13.491 0.6999999881
14810  8.370  -54.879  -13.933 0.6999999881
14825  14.376  -56.057  -13.907 0.6000000238
14852  12.775  -54.986  -16.685 0.8000000119
14869  7.445  -54.944  -17.587 0.6999999881
14870  6.780  -55.315  -17.744 0.6999999881
14885  6.518  -55.511  -18.043 0.6999999881
14901  8.511  -54.983  -19.737 0.6999999881
14903  7.044  -55.561  -19.067 0.6999999881
14915  10.328  -55.328  -20.676 0.6000000238
14918  7.729  -56.065  -19.709 0.6999999881
14928  12.334  -55.013  -21.852 0.5000000000
14941  12.040  -55.799  -22.166 0.5000000000
15539  5.816  -55.036  -10.117 0.4000000060
15548  6.492  -54.733  -12.231 0.8000000119
15562  12.470  -54.150  -13.952 0.8000000119
15564  10.366  -53.935  -13.906 0.6999999881
15587  13.614  -53.985  -15.833 0.8000000119
15593  13.196  -53.991  -16.477 0.8000000119
15594  12.247  -54.127  -17.084 0.8000000119
15601  11.321  -54.070  -17.405 0.8000000119
15602  10.413  -54.251  -17.526 0.8000000119
15603  9.141  -54.068  -17.480 0.6999999881
15605  7.086  -54.185  -17.866 0.6999999881
15615  7.103  -53.799  -18.043 0.8000000119
15632  7.025  -54.727  -18.543 0.8000000119
15648  9.548  -54.782  -19.980 0.6000000238
15658  11.262  -54.937  -21.038 0.5000000000
16308  12.098  -53.294  -10.615 0.3000000119
16309  11.291  -53.366  -10.564 0.3000000119
16310  10.360  -53.406  -10.519 0.6000000238
16311  9.392  -53.430  -10.511 0.6000000238
16317  12.306  -53.243  -11.173 0.4000000060
16328  7.191  -54.530  -12.673 0.6999999881
16340  13.345  -53.535  -15.700 0.8000000119
16343  11.277  -53.083  -14.087 0.8000000119
16351  12.819  -52.823  -15.756 0.8000000119
16365  10.568  -53.398  -17.363 0.8000000119
16367  8.012  -52.720  -17.868 0.6999999881
16375  8.162  -52.565  -18.176 0.6000000238
16376  7.676  -53.005  -17.969 0.6999999881
16385  11.516  -53.001  -19.574 0.6000000238
16386  9.970  -53.287  -19.314 0.6000000238
16400  11.963  -53.570  -20.102 0.5000000000
16410  13.279  -53.875  -21.001 0.5000000000
17102  13.302  -52.742  -10.304 0.3000000119
17103  12.553  -53.028  -10.132 0.3000000119
17105  8.369  -53.022  -9.908 0.5000000000
17114  13.880  -52.931  -11.346 0.4000000060
17116  11.902  -52.871  -11.940 0.4000000060
17130  11.021  -52.772  -13.413 0.6999999881
17140  14.638  -51.917  -13.846 0.4000000060
17142  12.739  -51.807  -13.148 0.5000000000
17161  11.818  -52.285  -14.198 0.8000000119
17186  12.497  -52.593  -16.185 0.6999999881
17187  11.737  -51.668  -16.278 0.6999999881
17188  10.857  -51.677  -16.838 0.8000000119
17202  8.405  -52.136  -17.956 0.8000000119
17211  9.068  -51.599  -18.104 0.6000000238
17221  9.158  -52.279  -18.598 0.6999999881
17938  12.041  -52.090  -9.554 0.3000000119
17939  11.178  -51.985  -9.482 0.4000000060
17940  10.321  -51.960  -9.466 0.5000000000
17941  9.488  -51.988  -9.521 0.5000000000
17958  7.945  -52.374  -10.009 0.6000000238
17982  3.183  -51.107  -11.431 0.5000000000
17994  5.449  -51.428  -12.110 0.6000000238
17995  4.702  -51.519  -12.137 0.5000000000
18006  13.563  -51.592  -13.549 0.5000000000
18051  10.316  -51.224  -17.223 0.6999999881
18062  9.604  -51.453  -17.615 0.8000000119
18063  9.010  -51.639  -17.937 0.8000000119
18073  9.644  -51.202  -18.088 0.6999999881
18083  10.366  -50.958  -18.506 0.6000000238
18817  10.409  -50.403  -9.956 0.3000000119
18880  13.485  -50.782  -14.731 0.4000000060
18895  14.348  -50.646  -15.738 0.4000000060
18897  12.244  -50.716  -15.715 0.6999999881
18916  13.135  -50.212  -16.303 0.5000000000
18918  11.542  -50.545  -16.625 0.6999999881
18937  15.488  -50.445  -17.144 0.4000000060
18939  11.840  -49.957  -17.176 0.6000000238
18941  10.524  -50.483  -17.829 0.8000000119
18942  9.823  -51.081  -17.868 0.6999999881
18959  11.519  -49.759  -18.530 0.5000000000
19714  7.520  -49.846  -12.135 0.5000000000
19725  8.841  -48.891  -12.256 0.5000000000
19729  5.636  -49.584  -12.918 0.5000000000
19745  7.555  -48.661  -13.368 0.5000000000
19779  12.646  -49.850  -17.066 0.6000000238
19795  13.883  -49.328  -17.801 0.5000000000
19797  11.549  -49.660  -17.943 0.6000000238
19816  13.363  -48.707  -18.504 0.6000000238
19817  12.236  -49.119  -18.538 0.5000000000
19829  12.819  -48.829  -19.690 0.5000000000
19830  12.306  -49.061  -19.200 0.5000000000
20600  9.776  -48.637  -11.793 0.3000000119
20603  4.454  -48.876  -11.547 0.6000000238
20619  6.203  -48.573  -13.117 0.4000000060
20620  5.445  -48.997  -12.869 0.6000000238
20634  7.317  -48.325  -13.468 0.4000000060
20635  6.625  -48.798  -13.268 0.4000000060
20688  12.704  -48.533  -19.251 0.5000000000
20707  13.266  -48.425  -19.700 0.5000000000
21437  8.275  -47.234  -10.808 0.4000000060
21439  7.107  -48.089  -10.021 0.4000000060
21455  7.410  -47.458  -11.443 0.4000000060
21456  6.506  -47.776  -11.914 0.5000000000
21491  9.932  -47.164  -13.917 0.3000000119
21492  9.123  -47.307  -14.263 0.4000000060
21493  8.405  -47.281  -14.297 0.4000000060
22335  8.103  -47.026  -9.055 0.4000000060
22364  7.623  -47.036  -13.385 0.3000000119
22382  11.086  -46.363  -14.003 0.3000000119
22383  10.206  -46.664  -14.365 0.3000000119
22412  9.888  -45.733  -15.128 0.3000000119
23231  9.772  -45.757  -10.138 0.4000000060
23245  9.891  -45.841  -11.051 0.3000000119
23280  9.426  -45.639  -14.914 0.3000000119
24093  11.474  -44.243  -12.111 0.3000000119
121856  20.309  -72.593  -15.781 0.4000000060
122132  13.691  -65.607  -20.697 0.6000000238
122688  12.064  -51.968  -13.320 0.6999999881
122841  21.500  -64.499  -24.037 0.6000000238
123124  17.738  -73.896  -22.754 0.6000000238
124187  15.010  -52.747  -12.050 0.4000000060
124971  15.104  -60.462  -16.896 0.5000000000
125059  14.780  -59.461  -18.105 0.5000000000
125202  14.457  -57.942  -18.959 0.5000000000
125536  13.598  -62.668  -25.031 0.5000000000
125606  22.771  -80.034  -15.336 0.3000000119
125851  13.731  -55.364  -13.165 0.6000000238
125866  21.398  -76.002  -11.927 0.3000000119
125941  20.873  -74.616  -22.391 0.5000000000
126150  13.818  -68.201  -16.850 0.6000000238
126732  12.023  -54.569  -21.280 0.5000000000
127259  11.579  -55.429  -21.628 0.5000000000
127312  21.401  -75.832  -22.838 0.4000000060
127516  20.422  -72.600  -20.838 0.5000000000
127595  21.083  -76.716  -21.898 0.5000000000
127628  8.136  -52.468  -17.939 0.6000000238
127714  9.549  -52.539  -17.357 0.8000000119
127909  15.602  -58.393  -21.052 0.5000000000
128546  23.985  -81.197  -11.786 0.4000000060
128615  20.983  -64.913  -27.554 0.4000000060
128834  15.576  -62.827  -26.190 0.6000000238
129465  14.004  -55.617  -15.277 0.6999999881
129831  14.360  -67.957  -16.870 0.6000000238
129944  17.807  -60.475  -25.518 0.6000000238
130376  20.351  -67.061  -21.966 0.6999999881
130432  22.121  -67.311  -27.423 0.4000000060
130539  11.845  -50.500  -19.225 0.5000000000
130738  6.566  -58.543  -16.809 0.5000000000
131011  22.100  -69.493  -27.222 0.4000000060
131023  23.156  -82.303  -1.745 0.5000000000
131162  20.963  -70.299  -20.754 0.4000000060
131250  19.695  -82.035  -15.164 0.4000000060
131359  23.170  -82.699  -2.581 0.4000000060
131941  24.701  -79.965  -11.869 0.5000000000
132053  8.335  -51.558  -9.998 0.6000000238
132188  8.449  -55.157  -13.731 0.6999999881
132423  3.791  -50.349  -12.237 0.5000000000
132438  18.195  -61.191  -23.961 0.6000000238
132832  5.893  -50.016  -12.855 0.5000000000
132853  13.875  -54.709  -15.456 0.6999999881
134686  7.558  -54.253  -18.920 0.8000000119
135858  21.989  -65.484  -20.807 0.5000000000
136325  12.001  -58.086  -22.994 0.5000000000
136704  17.774  -63.516  -21.333 0.6000000238
137181  27.685  -77.195  -15.903 0.3000000119
137214  11.734  -49.742  -19.036 0.5000000000
137281  12.504  -45.474  -14.577 0.3000000119
137957  14.641  -64.844  -24.450 0.6000000238
138700  5.642  -53.061  -11.126 0.6000000238
138841  13.494  -57.908  -11.179 0.6000000238
139646  10.857  -50.167  -18.190 0.6000000238
140017  15.626  -62.107  -17.080 0.6000000238
140431  11.710  -67.340  -20.420 0.6000000238
140664  6.754  -55.254  -18.399 0.8000000119
140734  5.859  -55.063  -11.148 0.5000000000
140798  7.938  -55.573  -8.850 0.5000000000
141141  17.635  -62.035  -22.745 0.6000000238
141157  15.774  -67.556  -24.915 0.6999999881
141542  12.183  -49.505  -17.730 0.6000000238
141835  23.944  -80.764  -2.307 0.4000000060
141915  15.334  -72.416  -22.502 0.6000000238
142137  16.833  -68.410  -20.734 0.8999999762
142297  13.174  -57.390  -14.996 0.6000000238
142654  12.200  -52.833  -9.768 0.3000000119
142948  20.245  -80.399  -4.844 0.4000000060
142971  21.216  -71.711  -26.382 0.6999999881
143056  16.622  -60.609  -21.183 0.6000000238
143474  17.638  -66.824  -17.471 0.5000000000
143543  14.743  -59.020  -18.637 0.5000000000
143824  19.872  -77.129  -22.220 0.4000000060
144067  16.880  -57.269  -23.820 0.6999999881
144271  10.377  -53.883  -19.683 0.6000000238
144664  16.424  -63.059  -17.594 0.6000000238
144982  4.605  -48.572  -10.803 0.5000000000
145084  16.562  -72.094  -21.464 0.6000000238
145171  21.875  -65.651  -20.113 0.6000000238
145304  19.443  -72.966  -16.660 0.3000000119
145398  9.669  -50.484  -10.067 0.4000000060
145442  16.170  -58.309  -15.469 0.5000000000
146175  10.659  -51.652  -18.901 0.6999999881
146331  21.379  -77.694  -16.115 0.3000000119
146342  15.541  -51.038  -16.379 0.4000000060
146478  21.894  -80.599  -15.421 0.3000000119
