#!ascii label  , from subject sub-v1s19x0051298_ses-1 vox2ras=TkReg
566
16766  -17.541  -56.709  17.134 0.6999999881
17618  -17.736  -55.783  16.749 0.6000000238
17632  -17.233  -55.232  16.037 0.6000000238
142394  -17.813  -55.165  15.744 0.4000000060
15087  -22.128  -59.317  23.805 0.6999999881
15882  -23.082  -58.241  23.911 0.6999999881
140697  -21.752  -59.514  22.943 0.6999999881
15881  -22.922  -58.259  23.149 0.6000000238
161964  -21.420  -59.647  22.267 0.6999999881
15893  -22.623  -58.310  22.314 0.6000000238
15108  -21.244  -59.481  21.539 0.6000000238
15892  -21.902  -59.010  22.061 0.6000000238
15141  -20.667  -58.853  19.913 0.6000000238
156970  -21.561  -58.814  21.076 0.6000000238
16735  -22.442  -57.624  20.664 0.5000000000
15931  -21.004  -58.251  19.689 0.5000000000
16744  -22.166  -57.358  19.769 0.5000000000
17607  -21.373  -56.578  18.296 0.6000000238
16768  -19.619  -56.774  17.738 0.6000000238
158683  -20.526  -56.711  17.983 0.6000000238
160693  -19.786  -55.781  17.469 0.6000000238
18459  -18.921  -54.680  16.730 0.6000000238
15875  -23.099  -58.248  24.579 0.6000000238
16714  -23.552  -56.879  24.077 0.6000000238
16713  -23.344  -57.503  23.422 0.6000000238
16721  -23.129  -57.737  22.625 0.6000000238
16722  -23.423  -56.916  22.548 0.6000000238
16725  -22.975  -57.556  21.703 0.6000000238
15903  -22.246  -58.286  21.381 0.6000000238
157943  -23.113  -57.049  20.994 0.6000000238
156189  -22.973  -56.698  20.163 0.6000000238
17597  -21.798  -57.082  19.005 0.6000000238
158262  -22.439  -56.788  19.367 0.6999999881
17608  -22.195  -56.422  18.657 0.6000000238
18454  -21.728  -55.792  17.921 0.6000000238
18470  -18.345  -53.956  16.052 0.5000000000
19351  -18.311  -53.970  15.980 0.5000000000
16695  -23.428  -57.277  25.511 0.6000000238
16704  -23.545  -57.080  24.896 0.6000000238
18426  -23.596  -55.450  24.509 0.6000000238
17573  -23.584  -56.030  23.787 0.6000000238
17578  -23.517  -56.130  22.922 0.6000000238
18433  -23.435  -55.455  23.139 0.6000000238
18436  -23.483  -55.610  22.514 0.6000000238
139095  -23.540  -56.112  22.143 0.6000000238
17580  -23.378  -56.657  21.624 0.6000000238
18439  -23.537  -55.909  21.280 0.6000000238
17588  -23.436  -56.098  20.561 0.6999999881
18461  -20.978  -54.730  17.421 0.6000000238
18460  -19.913  -54.641  17.133 0.6000000238
19364  -18.886  -53.497  15.944 0.4000000060
18407  -23.643  -55.664  26.359 0.6000000238
17560  -23.624  -56.507  25.668 0.6000000238
19276  -23.643  -54.767  25.091 0.6000000238
159644  -23.468  -55.285  23.794 0.6000000238
19301  -23.285  -54.755  23.317 0.5000000000
19300  -22.909  -54.133  22.693 0.6000000238
152887  -23.397  -54.753  21.728 0.6999999881
19317  -23.952  -54.867  20.118 0.6000000238
18450  -23.491  -55.700  19.817 0.6000000238
18449  -22.942  -56.202  19.179 0.6000000238
18455  -22.595  -55.691  18.331 0.6000000238
18462  -22.045  -54.880  17.634 0.6000000238
19339  -21.200  -53.617  17.095 0.6000000238
19338  -20.176  -53.647  16.697 0.6000000238
20319  -19.448  -53.295  15.970 0.4000000060
19353  -19.677  -53.197  16.071 0.5000000000
141194  -23.678  -54.904  26.644 0.5000000000
19263  -23.683  -54.285  26.480 0.6000000238
142278  -23.790  -54.900  25.981 0.6000000238
155696  -23.425  -53.822  24.682 0.6000000238
19289  -23.427  -54.693  24.179 0.5000000000
20221  -22.752  -53.210  23.787 0.5000000000
19288  -23.093  -54.012  23.585 0.5000000000
21173  -21.935  -52.862  22.268 0.6000000238
22181  -21.622  -52.201  21.871 0.6000000238
20247  -22.442  -53.466  22.138 0.6999999881
20264  -23.421  -54.233  21.309 0.6999999881
19312  -23.624  -55.051  21.077 0.6999999881
149874  -23.968  -52.930  21.181 0.6000000238
18443  -23.602  -55.521  20.601 0.6999999881
20282  -24.232  -53.921  20.080 0.6000000238
19324  -23.889  -54.911  19.199 0.6000000238
19330  -23.647  -54.697  18.357 0.6000000238
19341  -23.230  -54.168  17.714 0.6000000238
20311  -20.664  -52.968  16.321 0.5000000000
20320  -21.485  -52.423  16.034 0.4000000060
156741  -23.650  -53.641  26.296 0.6000000238
151188  -23.548  -53.255  25.637 0.6000000238
20210  -23.668  -54.111  25.703 0.5000000000
21148  -23.210  -52.773  24.777 0.6000000238
155408  -22.447  -52.233  23.954 0.5000000000
21157  -21.685  -52.049  23.181 0.6000000238
22142  -20.963  -51.139  22.949 0.5000000000
20235  -22.429  -53.442  22.861 0.6000000238
22143  -21.156  -51.632  22.562 0.5000000000
22161  -21.241  -51.925  22.009 0.5000000000
23131  -21.520  -50.984  21.643 0.5000000000
21187  -22.119  -52.887  21.864 0.6000000238
24053  -21.419  -50.145  21.503 0.5000000000
23114  -22.407  -51.096  21.809 0.5000000000
22182  -22.440  -52.465  21.640 0.6000000238
24034  -22.496  -50.272  21.971 0.4000000060
163793  -23.383  -53.599  21.281 0.6999999881
23115  -23.367  -50.708  22.226 0.4000000060
154773  -24.623  -52.236  21.319 0.5000000000
136479  -24.901  -51.539  21.793 0.5000000000
21207  -24.599  -52.980  20.192 0.6000000238
21190  -25.457  -51.867  21.065 0.5000000000
20302  -24.466  -53.353  18.410 0.6000000238
20294  -24.608  -53.291  19.451 0.6000000238
20301  -23.825  -53.798  17.875 0.6000000238
20312  -21.731  -52.868  16.688 0.6000000238
20200  -23.603  -52.868  26.604 0.5000000000
22128  -23.049  -51.869  24.915 0.5000000000
22127  -22.419  -51.303  24.303 0.5000000000
23092  -21.234  -50.607  23.364 0.4000000060
159793  -20.409  -50.826  22.079 0.4000000060
156028  -20.468  -50.767  21.725 0.5000000000
22180  -21.065  -51.424  21.798 0.5000000000
152723  -20.102  -50.336  21.310 0.5000000000
24994  -22.481  -48.404  21.335 0.4000000060
151974  -22.677  -49.255  21.980 0.4000000060
24975  -23.883  -48.881  22.446 0.5000000000
23116  -24.278  -50.392  22.428 0.5000000000
24036  -24.577  -49.548  22.524 0.5000000000
22165  -24.805  -50.852  22.252 0.5000000000
23132  -25.557  -50.865  22.103 0.5000000000
21244  -24.603  -51.632  17.267 0.5000000000
21242  -23.446  -51.986  16.683 0.5000000000
21217  -24.878  -52.551  18.703 0.6000000238
156926  -23.614  -52.351  17.290 0.5000000000
24033  -19.955  -50.237  21.526 0.4000000060
24068  -19.502  -49.395  20.335 0.5000000000
24069  -20.225  -49.380  20.356 0.5000000000
157016  -20.750  -48.795  20.130 0.5000000000
24995  -23.377  -48.285  21.934 0.4000000060
24037  -25.573  -49.484  22.520 0.5000000000
22212  -25.882  -51.769  19.214 0.5000000000
22234  -25.112  -51.534  17.233 0.3000000119
24976  -24.986  -48.599  22.527 0.5000000000
22184  -25.770  -51.329  21.587 0.5000000000
21218  -25.375  -52.096  18.922 0.5000000000
25008  -19.770  -48.847  19.624 0.4000000060
25010  -21.704  -48.306  20.446 0.4000000060
25009  -20.846  -48.077  19.416 0.4000000060
26007  -22.929  -47.222  20.456 0.4000000060
25987  -22.482  -47.796  20.739 0.4000000060
146957  -23.807  -47.597  21.690 0.4000000060
26008  -23.740  -46.982  21.030 0.4000000060
25968  -24.959  -47.763  22.345 0.5000000000
22213  -26.572  -51.669  19.474 0.4000000060
22225  -26.253  -51.739  18.424 0.4000000060
23118  -26.062  -50.227  22.345 0.5000000000
22203  -26.883  -51.450  20.406 0.5000000000
24977  -26.023  -48.699  22.533 0.5000000000
23133  -26.469  -50.839  21.768 0.5000000000
136358  -26.328  -51.410  21.101 0.5000000000
27126  -24.179  -46.139  20.255 0.4000000060
25989  -24.542  -47.197  21.755 0.4000000060
22186  -27.973  -51.025  21.151 0.4000000060
23134  -27.409  -50.572  21.625 0.5000000000
25969  -25.667  -47.910  22.461 0.5000000000
24038  -26.467  -49.467  22.449 0.5000000000
27103  -24.456  -46.529  20.961 0.4000000060
24054  -27.732  -49.886  22.001 0.4000000060
23135  -28.279  -50.391  21.524 0.3000000119
25990  -25.410  -47.172  22.187 0.5000000000
25970  -26.554  -47.954  22.483 0.5000000000
24039  -27.254  -49.358  22.337 0.5000000000
28136  -24.408  -45.491  19.589 0.4000000060
24040  -27.913  -49.207  22.208 0.3000000119
24055  -28.579  -49.495  21.807 0.3000000119
27104  -25.240  -46.550  21.507 0.4000000060
152891  -27.066  -48.263  22.473 0.5000000000
27127  -25.936  -45.984  21.253 0.4000000060
25991  -26.101  -47.302  22.381 0.5000000000
27083  -26.873  -46.976  22.343 0.5000000000
29130  -24.972  -44.826  19.220 0.4000000060
24980  -28.378  -48.613  22.122 0.3000000119
24997  -29.099  -48.684  21.747 0.3000000119
28137  -25.199  -45.243  19.901 0.4000000060
27106  -27.685  -46.351  21.831 0.4000000060
28124  -25.916  -45.378  20.443 0.4000000060
27105  -26.749  -46.153  21.709 0.4000000060
29148  -25.603  -43.834  18.191 0.5000000000
144570  -28.531  -46.983  21.873 0.3000000119
25993  -29.350  -47.349  21.515 0.4000000060
26009  -29.943  -46.960  21.038 0.4000000060
25994  -29.982  -47.777  21.227 0.4000000060
28138  -25.825  -44.794  19.690 0.4000000060
28107  -27.333  -45.769  21.406 0.5000000000
27107  -28.533  -46.098  21.438 0.4000000060
29118  -26.839  -44.869  20.240 0.5000000000
28106  -26.714  -45.529  21.035 0.5000000000
28125  -27.548  -45.311  20.907 0.5000000000
29119  -27.964  -44.792  20.291 0.4000000060
28139  -28.911  -44.858  20.111 0.4000000060
27128  -29.385  -45.522  20.466 0.4000000060
26010  -30.481  -47.533  20.597 0.3000000119
29131  -25.660  -44.347  18.875 0.5000000000
29132  -26.535  -44.358  19.348 0.5000000000
29161  -28.828  -43.756  17.901 0.4000000060
29151  -29.284  -44.338  18.381 0.3000000119
152348  -26.056  -42.399  17.551 0.5000000000
29150  -28.597  -44.083  18.769 0.4000000060
29134  -28.363  -44.410  19.553 0.4000000060
29135  -29.159  -44.550  19.288 0.4000000060
28152  -29.820  -44.908  18.760 0.4000000060
28141  -30.285  -45.618  19.094 0.3000000119
29133  -27.450  -44.376  19.598 0.5000000000
30057  -26.471  -43.415  18.029 0.5000000000
31011  -28.782  -42.760  17.368 0.4000000060
30073  -29.129  -43.412  17.383 0.4000000060
31917  -25.940  -41.716  17.409 0.5000000000
28161  -29.824  -44.732  17.917 0.3000000119
30070  -26.582  -42.785  17.676 0.5000000000
153625  -27.270  -42.352  17.540 0.5000000000
30071  -27.395  -43.144  17.786 0.5000000000
29149  -27.829  -43.975  18.971 0.5000000000
30058  -27.209  -43.670  18.373 0.5000000000
150332  -29.280  -42.199  17.311 0.4000000060
33697  -26.592  -39.353  17.358 0.5000000000
33699  -28.169  -39.909  17.896 0.5000000000
31022  -29.578  -42.989  16.970 0.3000000119
29162  -29.538  -44.156  17.432 0.3000000119
150554  -26.861  -40.011  17.400 0.5000000000
33698  -27.310  -39.610  17.571 0.5000000000
31918  -27.217  -41.456  17.441 0.5000000000
17619  -18.738  -55.727  17.187 0.6000000238
18485  -17.775  -54.400  15.897 0.5000000000
15916  -21.264  -58.568  20.338 0.6000000238
19308  -23.011  -54.154  21.966 0.6999999881
19340  -22.308  -53.854  17.392 0.6000000238
20263  -22.808  -53.553  21.728 0.6999999881
20313  -22.810  -53.025  17.228 0.6000000238
164136  -23.802  -54.391  20.630 0.6999999881
22183  -23.744  -52.180  21.624 0.5000000000
19331  -24.136  -54.283  18.637 0.6000000238
23130  -20.660  -50.667  21.521 0.5000000000
24993  -21.328  -49.226  21.046 0.5000000000
22163  -23.002  -51.636  21.782 0.4000000060
21208  -25.372  -52.201  20.126 0.5000000000
21230  -24.535  -52.218  17.728 0.5000000000
25988  -23.133  -47.671  21.259 0.4000000060
24996  -24.239  -48.027  22.276 0.5000000000
26006  -22.054  -47.584  19.938 0.4000000060
25972  -28.071  -47.803  22.257 0.4000000060
27108  -29.235  -46.536  21.335 0.4000000060
27141  -30.152  -45.840  20.042 0.3000000119
32827  -26.696  -40.665  17.381 0.5000000000
31010  -27.811  -41.966  17.474 0.5000000000
9030  -17.384  -67.750  17.901 0.5000000000
9738  -16.644  -66.451  16.376 0.5000000000
9730  -17.014  -66.786  17.373 0.5000000000
10486  -15.511  -64.694  15.836 0.5000000000
146776  -16.310  -65.957  15.396 0.5000000000
9048  -16.887  -67.043  15.745 0.4000000060
9718  -17.006  -66.242  18.901 0.5000000000
10474  -15.819  -65.317  17.134 0.6000000238
9729  -16.673  -66.086  17.815 0.6000000238
10487  -15.727  -65.361  16.051 0.5000000000
10473  -15.211  -64.593  16.603 0.5000000000
12158  -16.352  -63.504  16.664 0.4000000060
10425  -17.309  -65.634  21.381 0.6999999881
10434  -17.065  -65.327  20.400 0.6999999881
10447  -16.468  -64.882  19.401 0.6999999881
11292  -15.127  -64.175  18.059 0.5000000000
10460  -15.858  -64.760  18.508 0.6999999881
11324  -14.988  -64.124  16.449 0.5000000000
12170  -14.402  -63.300  16.842 0.5000000000
11308  -14.581  -63.947  17.126 0.5000000000
12953  -15.962  -62.023  16.509 0.5000000000
12157  -15.127  -63.734  16.409 0.5000000000
11235  -17.350  -65.028  23.371 0.5000000000
10415  -17.280  -65.535  22.807 0.6999999881
12093  -17.881  -64.066  22.207 0.6999999881
162012  -17.373  -65.368  22.118 0.6999999881
12106  -17.559  -64.019  21.403 0.6999999881
10448  -17.037  -65.917  19.870 0.6000000238
12143  -15.313  -63.177  18.500 0.6999999881
11293  -15.397  -63.902  18.635 0.6000000238
12951  -14.198  -62.466  16.842 0.5000000000
12169  -14.075  -62.723  16.981 0.6000000238
12142  -14.599  -63.487  17.694 0.6000000238
12952  -14.734  -62.140  16.537 0.5000000000
13695  -16.474  -61.105  16.437 0.5000000000
12080  -17.845  -64.325  23.231 0.5000000000
11248  -17.511  -64.805  22.545 0.6999999881
11272  -17.237  -64.357  20.785 0.6999999881
12900  -17.935  -62.859  20.499 0.6999999881
12107  -18.118  -63.390  21.495 0.6999999881
12130  -16.123  -63.616  19.252 0.8000000119
12910  -17.349  -62.491  19.526 0.6999999881
13683  -14.518  -61.865  17.435 0.6000000238
12925  -15.368  -62.325  18.275 0.6999999881
148503  -14.424  -60.759  16.741 0.6999999881
156719  -14.211  -61.434  16.903 0.6000000238
149116  -14.862  -61.028  16.378 0.6000000238
143958  -17.144  -60.316  16.276 0.6000000238
12066  -18.304  -63.462  24.449 0.5000000000
12858  -18.804  -63.020  23.885 0.6000000238
12065  -17.844  -64.106  24.168 0.5000000000
12871  -18.764  -63.123  22.956 0.6000000238
146092  -18.296  -63.750  22.846 0.6000000238
144397  -18.731  -62.874  22.079 0.6999999881
157133  -18.588  -62.291  20.630 0.6999999881
13633  -19.025  -62.106  21.073 0.6000000238
12911  -18.245  -62.156  19.923 0.6999999881
12926  -16.610  -61.895  18.727 0.6999999881
14429  -14.679  -59.984  16.710 0.6999999881
154320  -15.546  -60.112  16.045 0.6999999881
15179  -15.268  -59.213  15.913 0.6999999881
12838  -18.762  -62.838  24.730 0.5000000000
13599  -19.695  -61.946  23.106 0.6000000238
12872  -19.241  -62.433  22.591 0.6000000238
12887  -19.175  -62.252  21.760 0.6000000238
13662  -17.629  -61.821  19.318 0.8000000119
14402  -18.219  -60.627  18.975 0.5000000000
13646  -19.514  -61.008  20.506 0.6000000238
137073  -16.393  -61.068  18.290 0.6999999881
158997  -16.884  -60.287  18.160 0.6999999881
15957  -14.903  -58.432  16.299 0.6999999881
15168  -15.390  -58.444  16.695 0.6999999881
15190  -17.479  -58.965  15.610 0.5000000000
15189  -16.091  -58.619  15.638 0.6999999881
15979  -17.000  -57.982  15.473 0.5000000000
12821  -18.598  -62.511  25.463 0.5000000000
13581  -19.772  -61.858  24.467 0.5000000000
14342  -20.781  -60.714  24.052 0.6000000238
144404  -19.674  -62.089  23.792 0.6000000238
143580  -20.535  -60.952  23.303 0.6000000238
13619  -20.147  -61.338  22.827 0.6000000238
14359  -21.199  -60.091  22.804 0.6000000238
13635  -20.108  -61.090  21.966 0.6000000238
14370  -20.974  -60.086  22.020 0.6000000238
15139  -19.044  -59.340  18.767 0.6000000238
143754  -19.683  -59.502  19.445 0.5000000000
15107  -20.679  -59.985  21.263 0.5000000000
15944  -17.843  -58.418  17.734 0.6000000238
15155  -18.276  -59.071  18.237 0.6000000238
16764  -15.913  -57.353  16.482 0.6000000238
15958  -16.580  -58.137  17.262 0.6000000238
17648  -16.320  -56.073  15.922 0.5000000000
13567  -19.749  -61.507  25.370 0.5000000000
14327  -20.822  -60.646  25.001 0.6000000238
14343  -21.415  -60.017  23.706 0.6000000238
14383  -19.775  -60.237  20.042 0.5000000000
15124  -20.866  -59.283  20.651 0.5000000000
15945  -19.004  -58.502  18.332 0.4000000060
15946  -19.946  -58.200  18.679 0.5000000000
163659  -20.164  -59.049  19.534 0.5000000000
17617  -16.813  -55.985  16.367 0.6000000238
14314  -19.960  -60.845  25.974 0.5000000000
14315  -20.621  -60.337  25.796 0.6000000238
15062  -21.795  -59.643  25.098 0.6000000238
14328  -21.332  -60.179  24.604 0.6000000238
16755  -20.220  -57.465  18.371 0.5000000000
16742  -20.659  -57.908  19.045 0.4000000060
14301  -19.457  -60.534  26.584 0.5000000000
15049  -20.470  -59.753  26.514 0.5000000000
15050  -21.286  -59.570  25.956 0.6000000238
15078  -22.154  -59.352  24.554 0.6000000238
15036  -19.708  -59.886  26.917 0.5000000000
15848  -20.854  -59.018  26.783 0.5000000000
15849  -21.660  -58.722  26.402 0.6000000238
15863  -22.752  -58.497  25.242 0.6000000238
160868  -19.599  -58.609  27.562 0.5000000000
15835  -20.324  -58.419  27.416 0.5000000000
15836  -21.149  -58.211  27.124 0.5000000000
16680  -22.707  -57.554  26.475 0.6000000238
15850  -22.431  -58.322  26.083 0.6000000238
16663  -20.543  -57.573  27.715 0.5000000000
16664  -21.416  -57.401  27.445 0.5000000000
16648  -19.975  -56.921  28.172 0.5000000000
16681  -23.338  -57.109  26.150 0.5000000000
17513  -20.807  -56.768  27.977 0.5000000000
16665  -22.261  -57.162  27.151 0.5000000000
17512  -19.416  -56.290  28.272 0.5000000000
148672  -20.221  -56.162  28.313 0.5000000000
17527  -21.687  -56.617  27.684 0.5000000000
17548  -22.981  -56.806  26.796 0.4000000060
159901  -20.404  -54.855  28.441 0.5000000000
18368  -21.916  -55.204  28.191 0.5000000000
18388  -22.740  -55.584  27.607 0.4000000060
17528  -22.532  -56.388  27.377 0.4000000060
19234  -21.268  -54.726  28.409 0.4000000060
19235  -22.010  -54.161  28.364 0.4000000060
19250  -23.282  -53.777  27.687 0.4000000060
16753  -18.361  -57.676  17.676 0.6000000238
17631  -16.490  -55.864  15.962 0.5000000000
142851  -18.405  -56.368  15.449 0.4000000060
14384  -20.363  -59.934  20.587 0.6000000238
150026  -23.539  -54.427  27.180 0.4000000060
141046  -23.631  -53.680  27.011 0.4000000060
12120  -16.746  -64.000  20.007 0.6999999881
14401  -17.425  -61.200  18.814 0.6999999881
14430  -14.583  -60.089  16.927 0.6999999881
14415  -15.458  -60.558  17.565 0.6999999881
13664  -19.024  -60.859  19.771 0.6000000238
13634  -19.544  -61.536  21.287 0.6000000238
15188  -15.147  -58.279  15.934 0.6999999881
14416  -18.141  -59.782  18.512 0.6999999881
15154  -17.001  -59.152  17.665 0.6999999881
16790  -15.691  -56.789  15.949 0.6000000238
16791  -16.439  -56.809  15.658 0.6000000238
9037  -17.207  -67.570  16.827 0.5000000000
9719  -17.215  -67.011  18.344 0.5000000000
10459  -15.370  -64.667  17.571 0.5000000000
11260  -17.420  -64.731  21.629 0.6999999881
11271  -16.821  -64.609  20.102 0.6999999881
11283  -16.177  -64.236  19.353 0.8000000119
11309  -15.973  -63.983  16.118 0.4000000060
12081  -18.350  -63.656  23.584 0.5000000000
12094  -18.395  -63.458  22.313 0.6999999881
12121  -17.422  -63.656  20.684 0.6999999881
12131  -17.048  -63.274  19.807 0.6999999881
12155  -14.164  -62.921  17.206 0.6000000238
12156  -14.233  -63.241  17.117 0.6000000238
12822  -19.263  -62.251  25.035 0.5000000000
12839  -19.300  -62.474  24.233 0.6000000238
12859  -19.271  -62.534  23.423 0.6000000238
12886  -18.612  -62.633  21.279 0.6999999881
12909  -16.325  -62.821  19.019 0.6999999881
12924  -14.512  -62.723  17.677 0.6000000238
12938  -14.092  -62.328  17.059 0.6000000238
12939  -15.520  -62.874  16.585 0.5000000000
12950  -14.106  -62.119  16.937 0.6000000238
13568  -20.319  -60.932  25.376 0.5000000000
13582  -20.313  -61.230  24.684 0.5000000000
13600  -20.153  -61.468  23.748 0.6000000238
13618  -19.662  -61.778  22.260 0.6000000238
13645  -18.946  -61.649  20.395 0.6999999881
13663  -18.320  -61.402  19.532 0.6999999881
13675  -15.419  -61.451  17.889 0.6999999881
13684  -14.446  -60.929  17.153 0.6000000238
13694  -14.266  -61.613  16.791 0.6999999881
14302  -20.087  -60.307  26.371 0.5000000000
14316  -21.209  -60.118  25.316 0.6000000238
14358  -20.636  -60.668  22.572 0.6000000238
14369  -20.107  -60.639  21.045 0.6000000238
14403  -19.013  -60.056  19.265 0.5000000000
14440  -14.843  -59.991  16.349 0.6999999881
15037  -20.047  -59.203  27.184 0.5000000000
15063  -22.335  -59.127  25.019 0.6000000238
15077  -21.774  -59.720  24.360 0.6000000238
15095  -22.364  -58.884  22.986 0.6000000238
15123  -20.285  -59.483  19.997 0.6000000238
15140  -19.740  -58.877  19.010 0.5000000000
15153  -15.370  -59.533  17.256 0.6999999881
15167  -14.888  -59.204  16.587 0.6999999881
15178  -14.960  -58.940  16.345 0.6999999881
15180  -16.438  -59.483  15.786 0.6999999881
15187  -15.048  -58.129  16.255 0.6999999881
15862  -22.094  -59.035  25.642 0.6000000238
15864  -23.300  -57.809  25.054 0.6000000238
15874  -22.612  -58.805  24.399 0.6000000238
15917  -21.838  -58.263  20.685 0.6000000238
15930  -20.374  -58.527  19.320 0.5000000000
15959  -17.158  -57.504  17.271 0.6999999881
15967  -15.300  -57.830  16.247 0.6999999881
15977  -15.239  -57.549  16.082 0.6000000238
15978  -15.728  -57.594  15.743 0.6000000238
16679  -21.954  -57.929  26.796 0.6000000238
16694  -23.067  -57.812  25.774 0.6000000238
16734  -21.671  -57.963  20.094 0.6000000238
16743  -21.380  -57.664  19.395 0.6000000238
16754  -19.362  -57.632  18.049 0.4000000060
16756  -21.021  -57.291  18.659 0.6000000238
16765  -16.666  -56.751  16.659 0.6000000238
16767  -18.624  -56.776  17.484 0.6000000238
16776  -15.615  -57.034  16.029 0.6000000238
16777  -16.054  -56.416  16.083 0.5000000000
16792  -17.809  -57.244  15.431 0.5000000000
17514  -21.133  -55.953  28.189 0.5000000000
17529  -23.261  -56.057  27.034 0.4000000060
17549  -23.429  -56.430  26.418 0.5000000000
17567  -23.651  -56.271  24.735 0.6000000238
17587  -23.343  -56.508  20.919 0.6000000238
17620  -20.779  -55.805  17.684 0.6000000238
17630  -15.993  -56.435  15.970 0.6000000238
17649  -17.084  -55.930  15.659 0.5000000000
18367  -20.453  -55.554  28.385 0.5000000000
18387  -22.003  -55.956  27.831 0.5000000000
18389  -23.440  -55.233  27.179 0.5000000000
18417  -23.718  -55.600  25.415 0.6000000238
18456  -23.350  -55.438  18.802 0.6000000238
18458  -18.053  -54.879  16.344 0.6000000238
18468  -17.190  -55.242  15.990 0.5000000000
18469  -17.832  -54.499  15.918 0.6000000238
18486  -18.464  -54.368  15.750 0.4000000060
19249  -22.936  -54.615  27.847 0.4000000060
19309  -23.328  -54.893  22.460 0.6000000238
19325  -24.291  -54.179  19.332 0.6000000238
19329  -22.978  -54.938  17.938 0.6000000238
19337  -19.189  -53.746  16.334 0.5000000000
19352  -18.918  -53.563  15.931 0.5000000000
19365  -19.741  -53.291  15.841 0.4000000060
20265  -24.003  -53.552  20.735 0.6000000238
20328  -20.353  -52.936  16.032 0.4000000060
21158  -22.012  -52.736  23.033 0.6000000238
21172  -21.555  -52.288  22.405 0.6000000238
21188  -22.902  -53.109  21.455 0.6000000238
21189  -24.681  -52.569  20.811 0.5000000000
21231  -25.068  -51.912  17.922 0.5000000000
21241  -22.588  -52.306  16.481 0.6000000238
21243  -24.006  -51.690  17.075 0.5000000000
22126  -21.585  -51.295  23.467 0.4000000060
22160  -20.756  -51.355  22.027 0.5000000000
22162  -21.898  -51.751  21.674 0.6000000238
22164  -24.053  -51.218  22.194 0.5000000000
22185  -27.137  -51.141  21.155 0.5000000000
22202  -26.115  -51.670  20.267 0.5000000000
22224  -25.609  -51.766  18.133 0.5000000000
22233  -24.419  -51.546  16.980 0.3000000119
23117  -25.171  -50.245  22.405 0.5000000000
23119  -26.919  -50.106  22.168 0.5000000000
24035  -23.558  -49.781  22.400 0.4000000060
24051  -19.642  -49.828  20.873 0.5000000000
24052  -20.255  -50.041  20.920 0.5000000000
24978  -26.830  -48.730  22.485 0.5000000000
24979  -27.560  -48.549  22.378 0.5000000000
25971  -27.311  -47.774  22.417 0.5000000000
25992  -28.838  -47.907  21.905 0.3000000119
27084  -27.705  -47.141  22.263 0.4000000060
27125  -23.448  -46.531  20.135 0.4000000060
27129  -29.738  -46.209  20.750 0.4000000060
27130  -30.355  -46.655  20.331 0.3000000119
28108  -27.943  -45.733  21.354 0.5000000000
28123  -25.034  -45.877  20.567 0.4000000060
28126  -28.503  -45.406  20.871 0.4000000060
28140  -29.679  -45.168  19.661 0.4000000060
30080  -29.651  -43.705  16.994 0.3000000119
31009  -26.593  -42.020  17.463 0.5000000000
31919  -28.103  -41.376  17.532 0.5000000000
32828  -27.574  -40.537  17.535 0.5000000000
137673  -17.207  -64.945  20.868 0.6999999881
139400  -15.754  -64.348  18.796 0.6999999881
140275  -26.040  -46.629  22.051 0.4000000060
140671  -26.189  -39.952  17.276 0.5000000000
141815  -16.421  -65.980  16.945 0.6000000238
143642  -20.919  -60.502  23.297 0.6000000238
144543  -21.008  -55.282  28.372 0.4000000060
145707  -16.190  -65.379  18.153 0.6000000238
145881  -23.513  -56.690  23.350 0.6000000238
147120  -24.990  -52.564  19.577 0.6000000238
147212  -23.370  -57.651  24.316 0.6000000238
147703  -26.410  -43.921  18.584 0.5000000000
149160  -26.461  -41.323  17.394 0.5000000000
150643  -23.495  -55.402  21.869 0.6000000238
153274  -15.766  -65.139  15.141 0.5000000000
156890  -14.644  -62.925  16.631 0.5000000000
157312  -27.103  -44.037  18.985 0.5000000000
157419  -19.109  -59.265  27.455 0.5000000000
157585  -17.032  -65.625  23.460 0.5000000000
158267  -29.124  -45.892  21.069 0.4000000060
158867  -29.435  -48.058  21.577 0.3000000119
158986  -22.628  -58.708  23.650 0.6000000238
159742  -16.525  -65.381  18.969 0.6999999881
160663  -18.764  -55.568  15.496 0.4000000060
161569  -21.621  -52.422  21.999 0.6000000238
162346  -20.516  -60.508  21.767 0.5000000000
163072  -22.050  -51.699  23.718 0.5000000000
164310  -20.750  -51.169  22.432 0.4000000060
164610  -23.965  -46.526  20.615 0.4000000060
164797  -14.396  -60.642  16.857 0.6000000238
