#!ascii label  , from subject sub-v1s19x0051298_ses-1 vox2ras=TkReg
792
64413  17.795  -4.110  87.652 0.0000000000
62447  3.946  -7.210  80.104 0.0000000000
65500  12.722  -3.645  92.227 0.0000000000
63432  11.928  -5.787  83.792 0.0000000000
69089  6.010  -0.621  78.559 0.0000000000
67813  15.691  -1.894  90.467 0.0000000000
66677  14.717  -1.397  87.835 0.0000000000
62314  20.031  -7.330  90.219 0.0000000000
62271  17.695  -6.494  91.853 0.0000000000
62248  14.313  -5.908  93.928 0.0000000000
66713  7.879  -2.177  85.673 0.0000000000
66778  9.761  -1.869  81.341 0.0000000000
69025  4.950  0.308  83.913 0.0000000000
63357  8.387  -5.549  92.009 0.0000000000
60128  9.132  -8.183  86.985 0.0000000000
62349  13.348  -5.950  87.589 0.0000000000
66709  11.453  -2.316  85.534 0.0000000000
61317  9.115  -7.198  81.594 0.0000000000
63509  9.663  -5.220  76.523 0.0000000000
65670  4.969  -3.111  73.321 0.0000000000
71206  4.162  1.378  76.360 0.0000000000
66647  16.818  -2.452  88.969 0.0000000000
67849  16.080  -0.873  87.909 0.0000000000
62334  19.214  -6.195  88.692 0.0000000000
62283  19.207  -7.246  91.663 0.0000000000
64391  18.121  -5.102  90.288 0.0000000000
65487  17.028  -4.119  92.317 0.0000000000
67899  6.505  -0.873  84.837 0.0000000000
63354  11.120  -4.806  92.077 0.0000000000
62297  10.899  -6.216  90.177 0.0000000000
64394  12.873  -4.663  89.945 0.0000000000
68991  12.912  -0.856  85.205 0.0000000000
66707  13.342  -1.949  85.646 0.0000000000
65482  13.541  -3.657  93.510 0.0000000000
156452  12.561  -5.691  94.928 0.0000000000
64355  11.321  -4.356  93.810 0.0000000000
64352  9.515  -5.195  93.725 0.0000000000
61251  12.035  -7.597  85.218 0.0000000000
60204  9.248  -8.190  83.843 0.0000000000
62397  11.412  -6.711  82.617 0.0000000000
157930  8.512  -0.816  80.188 0.0000000000
65630  11.112  -3.444  78.281 0.0000000000
136724  8.841  -1.942  77.174 0.0000000000
64525  8.000  -4.577  74.626 0.0000000000
68026  5.823  -1.525  76.353 0.0000000000
66633  14.053  -2.961  92.119 0.0000000000
65515  14.407  -2.736  89.740 0.0000000000
67823  15.088  -1.519  89.479 0.0000000000
68976  14.960  -0.683  86.462 0.0000000000
144374  21.407  -7.984  90.893 0.0000000000
60104  20.468  -8.543  89.618 0.0000000000
60064  20.260  -8.211  90.931 0.0000000000
60049  18.188  -7.958  91.622 0.0000000000
63335  16.259  -5.682  93.120 0.0000000000
65480  14.911  -3.732  93.313 0.0000000000
65567  9.882  -3.311  84.755 0.0000000000
65589  10.883  -3.654  82.736 0.0000000000
66747  8.702  -2.297  84.077 0.0000000000
138095  7.666  -0.858  82.259 0.0000000000
69071  5.291  0.264  80.785 0.0000000000
64436  19.166  -4.834  85.909 0.0000000000
61205  23.972  -8.107  88.922 0.0000000000
159297  23.596  -5.789  91.363 0.0000000000
62330  21.749  -6.370  89.108 0.0000000000
62347  20.806  -6.158  87.853 0.0000000000
62302  6.216  -6.438  90.600 0.0000000000
61211  6.585  -7.272  88.115 0.0000000000
61195  9.124  -7.487  89.205 0.0000000000
61221  11.747  -7.515  87.960 0.0000000000
62366  13.038  -6.244  85.429 0.0000000000
152848  14.153  -4.125  88.429 0.0000000000
64437  13.367  -4.699  85.607 0.0000000000
64439  11.875  -4.327  84.933 0.0000000000
66710  9.828  -2.477  85.920 0.0000000000
61252  7.085  -7.787  85.643 0.0000000000
61304  6.673  -7.238  83.182 0.0000000000
62431  6.838  -6.569  80.455 0.0000000000
63464  11.338  -5.236  80.916 0.0000000000
63474  9.979  -5.712  79.125 0.0000000000
62455  7.397  -6.511  78.479 0.0000000000
62491  6.773  -7.083  76.279 0.0000000000
62541  5.005  -6.767  73.090 0.0000000000
72150  4.163  2.100  82.902 0.0000000000
70091  4.596  1.020  80.526 0.0000000000
73256  4.267  3.040  79.062 0.0000000000
70114  4.489  0.100  77.387 0.0000000000
68041  4.156  -1.127  74.868 0.0000000000
65522  17.355  -3.349  88.215 0.0000000000
66660  17.034  -2.369  87.912 0.0000000000
65540  17.555  -3.373  86.455 0.0000000000
64412  18.225  -4.842  87.964 0.0000000000
63386  18.661  -5.800  89.289 0.0000000000
64392  17.624  -4.211  89.456 0.0000000000
147832  17.505  -4.103  90.375 0.0000000000
137372  3.770  -9.411  80.016 0.0000000000
61363  4.136  -7.924  78.998 0.0000000000
64373  11.871  -4.252  92.162 0.0000000000
64385  11.786  -4.718  91.322 0.0000000000
155290  12.374  -4.016  91.597 0.0000000000
60122  20.570  -8.617  88.425 0.0000000000
65492  12.802  -3.731  92.966 0.0000000000
65478  12.430  -3.979  93.990 0.0000000000
65493  12.013  -4.050  92.885 0.0000000000
64362  11.320  -4.400  93.354 0.0000000000
62375  12.157  -6.538  84.151 0.0000000000
61266  11.817  -7.172  83.955 0.0000000000
62385  11.763  -6.606  83.446 0.0000000000
69079  7.045  -0.634  79.233 0.0000000000
67991  8.621  -1.208  78.524 0.0000000000
68006  8.284  -1.390  77.719 0.0000000000
66850  8.135  -2.234  76.420 0.0000000000
68008  6.118  -1.271  77.196 0.0000000000
66631  15.343  -2.282  91.078 0.0000000000
160351  14.975  -1.844  90.146 0.0000000000
67822  15.664  -1.455  89.653 0.0000000000
68960  15.697  -0.701  87.467 0.0000000000
69005  14.614  -0.647  85.038 0.0000000000
61192  21.346  -7.881  90.942 0.0000000000
60063  20.886  -8.154  90.927 0.0000000000
61181  20.198  -7.829  91.248 0.0000000000
140915  18.857  -6.856  91.764 0.0000000000
61166  19.193  -7.573  91.628 0.0000000000
62270  18.570  -7.064  91.828 0.0000000000
62262  16.952  -6.047  92.536 0.0000000000
65498  16.488  -3.211  91.687 0.0000000000
65488  16.121  -3.589  92.501 0.0000000000
66622  15.515  -2.758  91.939 0.0000000000
66623  14.835  -2.942  92.316 0.0000000000
65556  9.259  -2.845  85.362 0.0000000000
66728  9.243  -2.894  84.515 0.0000000000
66729  8.565  -2.550  85.081 0.0000000000
69011  5.354  -0.093  84.632 0.0000000000
67911  6.774  -0.805  83.861 0.0000000000
69023  5.984  -0.309  83.266 0.0000000000
69036  6.892  -0.457  81.821 0.0000000000
69038  5.268  0.167  82.647 0.0000000000
62295  22.401  -7.579  90.844 0.0000000000
63375  7.730  -6.029  91.327 0.0000000000
62321  7.657  -7.002  89.837 0.0000000000
62299  9.135  -6.524  90.498 0.0000000000
62316  12.414  -6.340  88.920 0.0000000000
62336  11.660  -6.862  89.109 0.0000000000
62335  12.766  -6.515  88.046 0.0000000000
61236  12.440  -7.318  86.784 0.0000000000
62357  13.437  -6.021  86.655 0.0000000000
65532  14.574  -2.448  88.190 0.0000000000
64402  14.061  -3.768  89.242 0.0000000000
65541  14.458  -2.644  87.232 0.0000000000
66708  12.477  -2.223  85.445 0.0000000000
65551  13.549  -3.081  85.754 0.0000000000
151693  12.951  -3.113  85.436 0.0000000000
64438  12.793  -4.761  85.163 0.0000000000
65553  11.885  -3.310  85.288 0.0000000000
65554  10.996  -3.693  85.179 0.0000000000
142008  10.695  -2.940  85.560 0.0000000000
157528  18.907  -8.566  89.385 0.0000000000
144440  18.990  -8.578  88.947 0.0000000000
61135  14.662  -6.980  93.539 0.0000000000
60024  13.389  -7.738  93.412 0.0000000000
61137  13.397  -7.276  94.294 0.0000000000
63323  11.392  -5.939  95.158 0.0000000000
143035  11.558  -7.108  94.893 0.0000000000
64365  9.156  -5.256  93.041 0.0000000000
63343  7.468  -5.594  92.728 0.0000000000
61224  8.442  -7.964  87.636 0.0000000000
61226  6.503  -7.524  87.132 0.0000000000
61238  8.212  -8.008  86.752 0.0000000000
61301  9.308  -7.620  82.511 0.0000000000
61268  8.450  -7.976  83.678 0.0000000000
61302  8.347  -7.336  82.163 0.0000000000
61319  7.467  -6.990  81.804 0.0000000000
61318  8.255  -7.009  81.454 0.0000000000
65590  10.581  -2.976  82.160 0.0000000000
64476  11.417  -4.552  81.371 0.0000000000
65600  11.314  -3.733  80.769 0.0000000000
64505  10.593  -4.431  77.294 0.0000000000
161760  11.199  -4.448  78.774 0.0000000000
63485  9.812  -5.600  78.199 0.0000000000
143040  8.287  -6.334  78.680 0.0000000000
62454  8.137  -6.397  77.717 0.0000000000
62471  6.443  -6.933  77.288 0.0000000000
62469  8.283  -6.236  76.706 0.0000000000
65668  7.044  -4.201  74.163 0.0000000000
63548  6.644  -5.904  73.867 0.0000000000
64553  5.214  -5.015  72.764 0.0000000000
72165  4.055  2.693  82.213 0.0000000000
71143  4.279  1.232  81.079 0.0000000000
141033  3.826  2.511  80.826 0.0000000000
73292  4.495  3.092  77.598 0.0000000000
73275  4.305  2.847  78.168 0.0000000000
71168  4.456  1.388  78.488 0.0000000000
71191  4.114  0.769  76.714 0.0000000000
69109  4.265  -0.503  75.918 0.0000000000
70137  3.869  0.270  75.533 0.0000000000
65514  16.515  -2.236  89.848 0.0000000000
66648  16.248  -1.589  89.360 0.0000000000
66661  16.487  -1.492  88.413 0.0000000000
62333  19.884  -6.732  89.062 0.0000000000
143949  18.785  -6.115  90.276 0.0000000000
63369  18.564  -6.040  91.217 0.0000000000
64371  18.023  -5.313  91.372 0.0000000000
64360  17.233  -5.082  92.346 0.0000000000
64382  17.620  -4.468  91.206 0.0000000000
65502  17.034  -3.629  90.936 0.0000000000
67869  7.263  -1.518  86.920 0.0000000000
67885  7.133  -1.446  85.395 0.0000000000
67886  6.065  -0.750  85.999 0.0000000000
68997  5.076  -0.057  85.865 0.0000000000
70037  4.770  0.418  85.238 0.0000000000
64375  9.780  -5.142  92.462 0.0000000000
63373  9.643  -5.818  91.129 0.0000000000
163916  11.035  -5.232  91.436 0.0000000000
63370  12.202  -5.152  90.337 0.0000000000
154032  13.254  -5.033  89.274 0.0000000000
67866  14.105  -1.335  86.048 0.0000000000
66690  13.869  -2.202  86.026 0.0000000000
67881  13.617  -1.000  85.619 0.0000000000
67882  12.700  -1.182  85.429 0.0000000000
67883  11.141  -1.479  85.571 0.0000000000
138265  10.481  -2.135  85.815 0.0000000000
64346  14.081  -4.728  94.206 0.0000000000
63321  13.222  -5.678  94.734 0.0000000000
64341  12.694  -5.020  94.738 0.0000000000
64342  11.956  -4.863  94.698 0.0000000000
64344  10.621  -5.162  94.500 0.0000000000
63325  9.918  -5.442  94.511 0.0000000000
64356  10.613  -4.693  93.629 0.0000000000
64364  9.875  -5.060  92.956 0.0000000000
60144  10.553  -8.361  86.463 0.0000000000
60164  9.616  -8.466  85.486 0.0000000000
61267  10.915  -8.102  84.271 0.0000000000
61284  10.730  -7.801  83.398 0.0000000000
62398  10.870  -7.080  82.106 0.0000000000
67957  9.729  -1.605  80.629 0.0000000000
66810  10.693  -2.404  79.532 0.0000000000
66811  10.269  -2.017  78.948 0.0000000000
66838  10.555  -2.868  77.761 0.0000000000
64516  10.268  -4.006  76.746 0.0000000000
63528  9.236  -5.101  75.797 0.0000000000
65648  8.787  -2.876  76.008 0.0000000000
66862  7.926  -2.805  75.601 0.0000000000
140843  5.962  -2.512  75.033 0.0000000000
72253  4.990  2.387  76.603 0.0000000000
71220  4.753  1.136  75.461 0.0000000000
71219  6.056  1.125  75.553 0.0000000000
137727  13.591  -3.167  91.888 0.0000000000
65505  13.776  -3.263  91.068 0.0000000000
65504  14.355  -2.717  90.650 0.0000000000
66649  14.730  -2.001  90.045 0.0000000000
67837  15.338  -1.078  88.897 0.0000000000
67851  14.967  -0.808  87.834 0.0000000000
154786  14.747  -0.964  86.873 0.0000000000
67880  14.388  -0.907  86.024 0.0000000000
60083  21.409  -8.471  90.347 0.0000000000
154428  20.772  -8.598  89.254 0.0000000000
60084  20.696  -8.475  90.263 0.0000000000
61165  19.659  -7.710  91.391 0.0000000000
60048  19.054  -8.020  91.614 0.0000000000
156717  17.614  -8.225  90.877 0.0000000000
61143  15.360  -6.870  92.970 0.0000000000
62258  14.883  -6.329  93.589 0.0000000000
63334  16.775  -5.381  92.734 0.0000000000
64353  16.074  -4.887  93.248 0.0000000000
64345  14.840  -4.919  93.896 0.0000000000
65481  14.181  -3.623  93.435 0.0000000000
66625  13.871  -3.216  92.577 0.0000000000
64451  11.164  -4.340  84.150 0.0000000000
64458  11.637  -5.031  83.497 0.0000000000
65579  10.517  -3.696  83.864 0.0000000000
65580  10.159  -3.083  83.149 0.0000000000
66762  9.778  -2.365  82.538 0.0000000000
67898  7.147  -1.253  84.541 0.0000000000
67925  8.367  -1.391  82.670 0.0000000000
67940  8.439  -1.151  81.746 0.0000000000
67941  7.727  -0.697  81.361 0.0000000000
69051  6.911  -0.429  80.928 0.0000000000
69080  6.010  -0.353  79.537 0.0000000000
138385  18.295  -4.652  87.056 0.0000000000
60102  22.510  -8.709  89.117 0.0000000000
63366  24.408  -5.177  90.696 0.0000000000
63349  23.798  -5.125  91.485 0.0000000000
154110  24.334  -6.862  90.109 0.0000000000
61176  23.838  -7.180  90.514 0.0000000000
60060  23.289  -8.288  90.226 0.0000000000
60082  22.217  -8.589  90.036 0.0000000000
62312  21.706  -7.297  90.066 0.0000000000
62313  20.806  -7.297  89.682 0.0000000000
62331  21.169  -6.607  88.761 0.0000000000
62332  20.379  -6.573  88.492 0.0000000000
159544  19.707  -6.312  88.341 0.0000000000
63406  18.778  -5.334  87.483 0.0000000000
61196  8.158  -7.454  89.137 0.0000000000
61208  9.652  -7.809  88.598 0.0000000000
62318  10.432  -6.815  89.711 0.0000000000
61207  10.536  -7.708  88.626 0.0000000000
138882  11.005  -8.039  87.889 0.0000000000
61237  11.791  -7.825  86.483 0.0000000000
61250  12.655  -6.985  85.328 0.0000000000
62374  12.593  -6.413  84.790 0.0000000000
64383  13.266  -3.868  90.483 0.0000000000
64403  13.729  -4.733  88.752 0.0000000000
144753  13.742  -5.223  87.992 0.0000000000
65542  14.059  -2.959  86.308 0.0000000000
146066  13.913  -4.606  86.690 0.0000000000
63407  13.714  -5.301  87.119 0.0000000000
63423  13.249  -5.445  85.497 0.0000000000
63424  12.754  -5.609  84.953 0.0000000000
64449  12.342  -5.030  84.665 0.0000000000
64440  11.269  -4.152  84.677 0.0000000000
65555  10.045  -3.120  85.443 0.0000000000
66712  8.580  -2.436  85.885 0.0000000000
66691  9.750  -1.829  86.203 0.0000000000
66692  8.616  -2.016  86.518 0.0000000000
153415  7.934  -1.622  86.877 0.0000000000
59019  12.157  -8.228  93.015 0.0000000000
61129  13.052  -6.876  94.685 0.0000000000
60166  7.876  -8.025  85.008 0.0000000000
135705  6.986  -7.719  84.769 0.0000000000
136327  5.774  -6.476  80.613 0.0000000000
64467  11.579  -5.113  82.538 0.0000000000
63455  11.440  -5.456  81.675 0.0000000000
62427  10.464  -6.226  80.644 0.0000000000
65616  11.377  -3.831  79.801 0.0000000000
63465  11.023  -5.478  80.217 0.0000000000
62428  9.557  -6.425  80.322 0.0000000000
62429  8.784  -6.477  80.062 0.0000000000
62444  7.049  -6.503  79.774 0.0000000000
62445  5.587  -6.649  79.151 0.0000000000
62472  5.493  -7.417  77.804 0.0000000000
62514  7.819  -6.197  75.130 0.0000000000
154080  6.361  -7.166  74.793 0.0000000000
71096  4.313  1.088  84.575 0.0000000000
72136  4.312  2.611  83.616 0.0000000000
70065  4.239  1.081  82.850 0.0000000000
70076  4.462  0.831  81.842 0.0000000000
69072  4.991  0.602  80.327 0.0000000000
160845  5.116  0.149  79.068 0.0000000000
72203  4.140  2.203  79.839 0.0000000000
70105  4.828  0.487  78.753 0.0000000000
69090  5.086  -0.248  78.032 0.0000000000
68009  5.189  -0.946  76.775 0.0000000000
68040  4.546  -1.361  75.141 0.0000000000
66876  4.557  -2.212  73.891 0.0000000000
68068  4.098  -1.487  73.557 0.0000000000
65531  17.454  -3.325  87.357 0.0000000000
64400  18.139  -4.993  88.924 0.0000000000
64401  17.708  -4.210  88.501 0.0000000000
61333  3.540  -7.386  80.744 0.0000000000
61347  3.895  -7.658  79.862 0.0000000000
60252  3.819  -8.417  79.656 0.0000000000
61346  4.187  -7.498  79.342 0.0000000000
65506  13.031  -3.607  91.369 0.0000000000
144442  21.938  -8.703  88.508 0.0000000000
60139  21.262  -8.659  87.757 0.0000000000
60121  21.251  -8.647  88.936 0.0000000000
67992  7.379  -0.963  78.339 0.0000000000
68007  7.220  -1.302  77.476 0.0000000000
67993  6.415  -0.999  77.867 0.0000000000
152643  15.267  -1.825  90.285 0.0000000000
61193  20.713  -7.811  90.945 0.0000000000
61180  20.846  -7.996  91.084 0.0000000000
63339  18.191  -6.360  91.685 0.0000000000
61155  17.810  -7.201  91.838 0.0000000000
61141  16.934  -6.653  92.117 0.0000000000
63340  17.427  -5.855  92.088 0.0000000000
66630  15.901  -2.327  91.062 0.0000000000
69024  5.265  0.088  83.667 0.0000000000
69039  4.697  0.589  82.878 0.0000000000
63374  8.720  -5.965  91.246 0.0000000000
62350  12.948  -6.665  87.145 0.0000000000
62259  14.231  -6.598  94.034 0.0000000000
61136  14.001  -7.110  94.091 0.0000000000
61128  13.645  -6.775  94.424 0.0000000000
63316  10.711  -6.068  95.137 0.0000000000
62243  10.881  -6.539  95.096 0.0000000000
63341  9.146  -5.290  92.570 0.0000000000
63342  8.309  -5.456  92.654 0.0000000000
63358  7.364  -5.678  92.134 0.0000000000
146285  10.239  -2.373  81.626 0.0000000000
136422  10.893  -2.960  81.173 0.0000000000
63496  10.535  -4.913  77.900 0.0000000000
63497  10.125  -5.177  77.230 0.0000000000
63486  8.925  -6.134  78.160 0.0000000000
63498  9.158  -5.833  77.252 0.0000000000
63510  8.905  -5.701  76.264 0.0000000000
65669  5.870  -3.747  73.801 0.0000000000
64538  6.163  -4.875  73.474 0.0000000000
65684  5.201  -4.186  73.011 0.0000000000
73223  3.897  3.770  82.249 0.0000000000
149758  3.757  3.341  81.503 0.0000000000
164070  3.917  2.313  81.615 0.0000000000
163476  4.484  2.667  77.242 0.0000000000
161072  4.363  2.985  77.776 0.0000000000
72231  4.386  2.422  77.353 0.0000000000
156917  4.254  1.554  77.169 0.0000000000
72255  4.218  1.507  76.710 0.0000000000
70123  3.997  0.207  76.117 0.0000000000
71207  3.961  0.818  76.155 0.0000000000
66675  17.157  -2.585  87.057 0.0000000000
62315  19.309  -6.538  89.671 0.0000000000
63352  18.198  -6.092  91.693 0.0000000000
64372  17.616  -4.932  91.943 0.0000000000
65513  17.024  -3.247  89.894 0.0000000000
65503  16.482  -2.704  90.641 0.0000000000
67854  6.350  -1.057  86.940 0.0000000000
68980  5.192  -0.189  86.750 0.0000000000
70023  4.798  0.355  86.332 0.0000000000
64374  10.448  -4.918  92.619 0.0000000000
63355  10.250  -5.232  91.840 0.0000000000
64384  12.543  -4.248  90.825 0.0000000000
63387  12.658  -5.519  89.463 0.0000000000
158118  11.923  -1.503  85.455 0.0000000000
65476  13.728  -4.033  94.056 0.0000000000
64340  13.446  -4.936  94.509 0.0000000000
64347  13.154  -4.405  94.376 0.0000000000
64349  11.760  -4.363  94.210 0.0000000000
64348  12.488  -4.367  94.370 0.0000000000
64343  11.297  -4.947  94.569 0.0000000000
64350  10.932  -4.644  94.159 0.0000000000
135587  11.249  -4.563  92.739 0.0000000000
64363  10.608  -4.766  93.130 0.0000000000
60162  11.200  -8.275  86.097 0.0000000000
60163  10.486  -8.469  85.740 0.0000000000
60183  11.253  -8.220  85.207 0.0000000000
61283  11.400  -7.283  83.286 0.0000000000
162101  11.326  -7.621  83.874 0.0000000000
61299  11.037  -7.362  82.734 0.0000000000
61300  10.339  -7.578  82.612 0.0000000000
67958  9.181  -1.138  80.338 0.0000000000
67975  9.929  -1.595  79.742 0.0000000000
67976  8.892  -1.037  79.475 0.0000000000
68005  9.298  -1.646  77.912 0.0000000000
66827  10.132  -2.084  78.181 0.0000000000
66839  9.763  -2.359  77.412 0.0000000000
65641  10.140  -3.186  76.969 0.0000000000
66849  9.280  -2.646  76.636 0.0000000000
65647  9.482  -3.556  76.234 0.0000000000
68025  7.043  -1.617  76.679 0.0000000000
66851  6.800  -2.141  75.795 0.0000000000
161759  7.058  -2.785  75.129 0.0000000000
72229  5.604  2.913  77.152 0.0000000000
71204  5.503  1.757  76.073 0.0000000000
72252  6.207  2.304  76.659 0.0000000000
66640  14.282  -2.777  91.494 0.0000000000
66662  14.717  -1.770  89.053 0.0000000000
67838  14.980  -1.035  88.589 0.0000000000
67836  15.864  -1.044  88.756 0.0000000000
68961  15.178  -0.667  87.307 0.0000000000
68990  14.666  -0.745  85.786 0.0000000000
62296  19.347  -6.980  91.024 0.0000000000
61154  18.578  -7.688  91.717 0.0000000000
60066  18.492  -8.252  91.200 0.0000000000
136500  17.529  -8.102  91.417 0.0000000000
60050  17.139  -7.870  91.657 0.0000000000
62263  16.266  -6.326  92.854 0.0000000000
61134  15.482  -6.606  93.109 0.0000000000
62257  15.615  -6.010  93.366 0.0000000000
65479  15.740  -4.000  93.166 0.0000000000
64354  15.291  -4.476  93.568 0.0000000000
65475  14.501  -4.218  93.782 0.0000000000
66632  14.730  -2.666  91.750 0.0000000000
66624  14.324  -3.056  92.386 0.0000000000
65566  10.647  -3.710  84.762 0.0000000000
136490  9.418  -2.675  83.575 0.0000000000
66763  9.003  -1.930  83.124 0.0000000000
139960  6.452  -0.937  85.552 0.0000000000
67926  7.571  -1.108  83.186 0.0000000000
69052  5.990  -0.185  81.318 0.0000000000
69070  5.995  -0.211  80.421 0.0000000000
162300  18.571  -4.654  86.357 0.0000000000
60118  23.602  -8.199  88.152 0.0000000000
60101  23.325  -8.550  88.946 0.0000000000
63350  23.321  -5.416  91.526 0.0000000000
64369  23.568  -4.502  91.625 0.0000000000
63367  24.112  -5.740  91.023 0.0000000000
62292  24.134  -6.511  90.587 0.0000000000
62281  23.675  -6.423  91.011 0.0000000000
61177  23.172  -7.764  90.739 0.0000000000
60081  23.013  -8.612  89.798 0.0000000000
60061  22.702  -8.241  90.527 0.0000000000
62311  22.290  -6.825  90.234 0.0000000000
61179  21.967  -7.916  90.934 0.0000000000
63392  21.486  -5.843  88.070 0.0000000000
62348  19.988  -6.146  87.744 0.0000000000
162535  19.555  -5.226  86.400 0.0000000000
63405  19.553  -5.598  87.106 0.0000000000
64424  18.926  -5.104  86.707 0.0000000000
62303  5.554  -6.876  90.345 0.0000000000
164081  5.924  -6.703  89.832 0.0000000000
62320  8.632  -7.091  89.852 0.0000000000
61209  8.739  -7.796  88.462 0.0000000000
63372  10.522  -5.692  90.936 0.0000000000
62298  10.035  -6.379  90.380 0.0000000000
61206  11.362  -7.450  88.567 0.0000000000
147325  10.911  -7.227  89.195 0.0000000000
60126  11.097  -8.108  86.916 0.0000000000
142227  11.779  -7.714  87.286 0.0000000000
62358  12.997  -6.722  86.164 0.0000000000
65516  13.903  -3.427  90.164 0.0000000000
162979  13.957  -4.717  88.199 0.0000000000
64427  13.770  -4.058  85.957 0.0000000000
63416  13.626  -5.187  86.138 0.0000000000
66711  9.243  -2.566  85.973 0.0000000000
144441  19.919  -8.604  88.918 0.0000000000
60011  13.100  -7.650  94.066 0.0000000000
60025  12.673  -7.903  93.657 0.0000000000
62250  12.779  -6.254  94.926 0.0000000000
152040  13.303  -6.357  94.694 0.0000000000
62284  5.924  -6.320  91.434 0.0000000000
61239  7.291  -7.779  86.518 0.0000000000
147036  6.300  -7.572  86.296 0.0000000000
61253  5.965  -7.364  85.345 0.0000000000
60185  9.440  -8.379  84.606 0.0000000000
60165  8.738  -8.305  85.236 0.0000000000
60186  8.585  -8.194  84.412 0.0000000000
61287  7.628  -7.651  83.436 0.0000000000
61269  7.745  -7.930  84.205 0.0000000000
137424  6.878  -7.571  83.986 0.0000000000
61270  6.189  -7.381  84.514 0.0000000000
62416  6.489  -6.631  81.376 0.0000000000
136328  5.752  -6.591  82.076 0.0000000000
62417  5.273  -6.554  81.384 0.0000000000
64459  11.240  -4.347  83.208 0.0000000000
64468  11.362  -4.353  82.243 0.0000000000
63456  11.123  -5.972  81.058 0.0000000000
65617  11.187  -3.196  79.195 0.0000000000
65608  11.146  -2.992  80.169 0.0000000000
63473  10.711  -5.369  79.466 0.0000000000
63466  10.183  -5.917  79.879 0.0000000000
62441  9.339  -6.196  79.615 0.0000000000
62443  7.632  -6.441  79.285 0.0000000000
143836  6.674  -6.488  79.128 0.0000000000
137561  6.145  -6.435  79.824 0.0000000000
62457  5.133  -7.236  78.626 0.0000000000
62456  6.255  -6.703  78.309 0.0000000000
62516  6.005  -7.547  75.651 0.0000000000
150877  8.666  -4.892  75.188 0.0000000000
63529  8.558  -5.578  75.465 0.0000000000
63546  8.090  -5.430  74.736 0.0000000000
62531  6.977  -6.523  74.546 0.0000000000
62532  5.924  -6.863  73.905 0.0000000000
62533  5.464  -7.623  74.034 0.0000000000
73205  4.302  3.538  83.553 0.0000000000
71095  4.364  1.640  83.837 0.0000000000
71111  4.218  1.305  82.846 0.0000000000
157250  4.354  0.906  82.580 0.0000000000
159133  4.248  1.014  82.093 0.0000000000
70090  4.671  0.839  80.882 0.0000000000
70097  4.898  0.772  79.905 0.0000000000
74342  4.270  3.471  78.602 0.0000000000
74323  4.021  3.811  79.216 0.0000000000
73248  3.984  3.234  79.954 0.0000000000
72214  4.289  2.193  78.772 0.0000000000
70115  4.322  0.457  77.201 0.0000000000
70106  4.590  0.671  78.087 0.0000000000
69091  4.877  0.188  78.425 0.0000000000
156884  4.667  -0.105  77.486 0.0000000000
69099  4.789  -0.449  77.133 0.0000000000
69100  4.457  -0.302  76.682 0.0000000000
69116  4.046  -0.654  75.342 0.0000000000
68028  4.336  -0.882  75.553 0.0000000000
66863  4.965  -1.965  74.668 0.0000000000
163171  4.404  -1.611  74.541 0.0000000000
70151  3.891  0.134  74.692 0.0000000000
143622  17.238  -3.526  88.994 0.0000000000
63394  18.679  -5.546  88.335 0.0000000000
60260  4.195  -8.612  78.626 0.0000000000
61380  4.454  -8.075  78.214 0.0000000000
65491  13.443  -3.494  92.998 0.0000000000
65477  13.027  -3.885  94.065 0.0000000000
65483  12.892  -3.765  93.522 0.0000000000
65484  12.075  -4.042  93.561 0.0000000000
61265  12.268  -7.130  84.610 0.0000000000
157712  11.636  -7.672  84.509 0.0000000000
69068  7.908  -0.710  79.765 0.0000000000
67977  7.977  -0.888  79.061 0.0000000000
68024  7.957  -1.663  77.080 0.0000000000
66639  14.836  -2.299  90.823 0.0000000000
68975  15.653  -0.737  86.646 0.0000000000
68989  15.253  -0.731  85.676 0.0000000000
60046  20.328  -7.916  91.178 0.0000000000
158376  18.900  -6.689  91.758 0.0000000000
61142  16.134  -6.888  92.516 0.0000000000
65489  15.229  -3.327  92.686 0.0000000000
67900  5.888  -0.562  85.168 0.0000000000
69010  5.874  -0.441  84.294 0.0000000000
67927  6.841  -0.586  82.782 0.0000000000
69037  5.993  -0.269  82.265 0.0000000000
69053  5.261  0.190  81.699 0.0000000000
61204  24.415  -7.486  89.102 0.0000000000
62282  23.227  -6.272  91.281 0.0000000000
61178  22.552  -7.719  90.794 0.0000000000
63404  20.452  -5.763  87.180 0.0000000000
63376  6.742  -6.084  91.402 0.0000000000
62301  7.179  -6.482  90.594 0.0000000000
62300  8.181  -6.555  90.538 0.0000000000
62317  11.779  -6.042  89.731 0.0000000000
158470  11.140  -6.639  89.573 0.0000000000
154083  12.102  -7.035  88.403 0.0000000000
61220  12.351  -7.179  87.616 0.0000000000
62365  13.402  -5.980  85.944 0.0000000000
65523  14.398  -3.094  88.781 0.0000000000
64414  14.363  -3.488  87.859 0.0000000000
65552  13.239  -3.994  85.516 0.0000000000
162085  12.542  -3.984  85.288 0.0000000000
60105  19.550  -8.565  89.532 0.0000000000
60010  13.893  -7.404  93.698 0.0000000000
62251  12.086  -6.096  95.072 0.0000000000
64358  9.195  -5.281  93.391 0.0000000000
63331  8.870  -5.385  93.721 0.0000000000
63336  8.355  -5.433  93.215 0.0000000000
143272  6.948  -5.711  92.430 0.0000000000
63359  6.537  -5.853  92.074 0.0000000000
61210  7.752  -7.604  88.300 0.0000000000
61225  7.472  -7.702  87.397 0.0000000000
60147  8.028  -8.038  85.883 0.0000000000
61285  9.804  -7.969  83.248 0.0000000000
163263  9.046  -7.941  83.242 0.0000000000
61286  8.386  -7.686  82.944 0.0000000000
61303  7.519  -7.338  82.633 0.0000000000
62415  7.611  -6.747  80.994 0.0000000000
65601  11.170  -3.672  81.738 0.0000000000
64486  11.357  -3.979  78.890 0.0000000000
64494  11.119  -4.279  78.112 0.0000000000
63484  10.758  -5.029  78.700 0.0000000000
63475  9.120  -6.076  78.889 0.0000000000
152083  7.180  -6.653  77.742 0.0000000000
62470  7.455  -6.651  76.959 0.0000000000
62490  7.647  -6.537  76.034 0.0000000000
64537  7.343  -5.164  74.113 0.0000000000
63564  5.344  -5.888  73.135 0.0000000000
73206  4.128  3.113  82.895 0.0000000000
154148  4.100  1.751  82.140 0.0000000000
71126  4.183  1.177  81.958 0.0000000000
158590  4.044  1.648  81.403 0.0000000000
72190  4.094  1.685  80.709 0.0000000000
73274  4.377  3.378  78.114 0.0000000000
149560  4.372  1.934  77.878 0.0000000000
71178  4.342  1.089  77.548 0.0000000000
159924  4.165  0.186  76.667 0.0000000000
69101  4.207  -0.160  76.335 0.0000000000
69110  3.980  -0.250  75.693 0.0000000000
69117  3.762  -0.283  75.169 0.0000000000
66638  16.071  -1.865  90.223 0.0000000000
145928  16.176  -0.911  87.090 0.0000000000
63353  17.694  -5.710  91.883 0.0000000000
65497  17.304  -3.939  91.854 0.0000000000
66694  7.410  -1.739  86.219 0.0000000000
67870  6.760  -1.313  86.266 0.0000000000
68979  5.599  -0.515  86.401 0.0000000000
68996  5.443  -0.313  85.517 0.0000000000
69012  5.046  0.193  84.935 0.0000000000
70050  4.655  0.555  84.301 0.0000000000
63356  9.299  -5.426  91.893 0.0000000000
63371  11.393  -5.511  90.659 0.0000000000
63395  13.177  -5.662  88.582 0.0000000000
66689  14.418  -1.825  86.621 0.0000000000
63320  13.879  -5.434  94.333 0.0000000000
62249  13.759  -6.142  94.382 0.0000000000
63322  12.031  -5.497  94.927 0.0000000000
157177  11.542  -5.367  94.863 0.0000000000
63324  11.008  -5.530  94.902 0.0000000000
64351  10.107  -4.958  94.039 0.0000000000
161657  10.225  -4.902  93.286 0.0000000000
64357  9.844  -5.060  93.421 0.0000000000
60145  9.796  -8.428  86.344 0.0000000000
60184  10.329  -8.419  84.843 0.0000000000
60203  10.102  -8.253  83.992 0.0000000000
61316  10.070  -7.286  81.824 0.0000000000
66792  10.425  -2.206  80.596 0.0000000000
66826  10.738  -2.633  78.617 0.0000000000
67990  9.587  -1.543  78.773 0.0000000000
65640  10.755  -3.700  77.459 0.0000000000
64506  10.173  -4.696  76.744 0.0000000000
64517  9.735  -4.511  76.233 0.0000000000
64524  9.108  -4.313  75.666 0.0000000000
65656  8.634  -3.522  75.590 0.0000000000
65657  7.738  -3.589  74.944 0.0000000000
65658  6.557  -3.262  74.538 0.0000000000
66875  5.450  -2.780  74.178 0.0000000000
72230  4.648  2.861  77.153 0.0000000000
72254  4.395  2.173  76.824 0.0000000000
71205  4.484  1.672  76.189 0.0000000000
71203  6.775  1.623  76.209 0.0000000000
62434  3.705  -6.904  80.756 0.0000000000
67850  15.382  -0.724  88.147 0.0000000000
135981  13.919  -0.745  85.328 0.0000000000
60103  21.680  -8.673  89.423 0.0000000000
147767  21.054  -8.631  89.604 0.0000000000
60085  19.837  -8.441  90.272 0.0000000000
60086  18.086  -8.377  90.409 0.0000000000
60047  19.726  -7.941  91.373 0.0000000000
60065  19.482  -8.266  91.093 0.0000000000
138779  18.988  -8.488  90.620 0.0000000000
60022  15.320  -7.393  92.546 0.0000000000
64361  16.531  -4.508  92.784 0.0000000000
63328  15.541  -5.277  93.532 0.0000000000
63329  14.949  -5.627  93.709 0.0000000000
63319  14.429  -5.305  94.035 0.0000000000
65490  14.540  -3.291  92.822 0.0000000000
66617  13.970  -3.327  92.949 0.0000000000
65499  13.450  -3.342  92.491 0.0000000000
64450  11.816  -4.895  84.276 0.0000000000
156025  9.793  -3.209  84.015 0.0000000000
163052  9.763  -2.035  81.928 0.0000000000
66730  7.851  -1.886  84.631 0.0000000000
67909  8.195  -1.638  83.607 0.0000000000
67910  7.502  -1.346  83.970 0.0000000000
67924  9.216  -1.677  82.096 0.0000000000
138553  9.161  -1.367  81.179 0.0000000000
143679  8.505  -0.897  80.897 0.0000000000
67959  7.795  -0.645  80.528 0.0000000000
69069  6.946  -0.505  80.080 0.0000000000
151066  17.837  -3.980  86.960 0.0000000000
64425  18.089  -4.203  86.349 0.0000000000
154370  18.524  -4.391  85.701 0.0000000000
64380  24.165  -4.943  91.246 0.0000000000
61190  24.317  -7.429  89.805 0.0000000000
163918  24.113  -7.954  89.521 0.0000000000
60080  23.647  -8.364  89.625 0.0000000000
63391  22.026  -5.644  88.678 0.0000000000
63393  19.287  -5.867  87.925 0.0000000000
62322  6.652  -6.761  89.845 0.0000000000
62337  7.147  -7.290  89.083 0.0000000000
61223  9.382  -8.168  87.892 0.0000000000
62319  9.571  -7.003  89.827 0.0000000000
61194  10.048  -7.385  89.224 0.0000000000
61222  10.146  -8.149  88.098 0.0000000000
60127  10.148  -8.265  87.232 0.0000000000
158664  11.733  -7.901  85.801 0.0000000000
152000  12.334  -7.428  85.962 0.0000000000
63431  12.313  -5.705  84.379 0.0000000000
64393  13.502  -4.261  89.604 0.0000000000
64426  14.194  -3.760  86.848 0.0000000000
64415  14.069  -4.533  87.600 0.0000000000
156870  9.296  -2.122  86.310 0.0000000000
67867  9.043  -1.529  86.543 0.0000000000
66693  7.935  -1.972  86.406 0.0000000000
137582  19.640  -8.542  87.895 0.0000000000
60123  19.079  -8.559  88.323 0.0000000000
61138  12.718  -7.380  94.484 0.0000000000
60012  12.367  -7.671  94.168 0.0000000000
60146  8.915  -8.328  86.121 0.0000000000
61271  5.195  -7.167  84.583 0.0000000000
62399  6.578  -6.875  82.312 0.0000000000
62433  4.154  -6.858  80.363 0.0000000000
63440  11.675  -5.873  83.019 0.0000000000
63447  11.531  -5.932  82.292 0.0000000000
160502  11.500  -4.863  81.941 0.0000000000
62411  11.237  -6.352  81.815 0.0000000000
62412  10.648  -6.657  81.400 0.0000000000
62413  9.792  -6.796  81.069 0.0000000000
147942  11.383  -4.585  80.409 0.0000000000
64487  11.233  -4.674  79.444 0.0000000000
62414  8.717  -6.753  80.796 0.0000000000
62430  7.874  -6.548  80.131 0.0000000000
62442  8.491  -6.368  79.451 0.0000000000
62432  5.012  -6.743  79.919 0.0000000000
62446  4.291  -7.198  79.626 0.0000000000
62458  4.424  -7.541  78.991 0.0000000000
61362  4.408  -7.794  78.642 0.0000000000
61361  4.665  -7.818  78.283 0.0000000000
62489  8.269  -6.054  75.918 0.0000000000
62515  7.030  -6.924  75.325 0.0000000000
63547  7.468  -5.888  74.439 0.0000000000
150054  5.717  -7.677  74.673 0.0000000000
70024  4.469  0.834  85.451 0.0000000000
70038  4.524  0.697  84.616 0.0000000000
70051  4.342  0.886  83.721 0.0000000000
70064  4.486  0.761  83.372 0.0000000000
148939  4.878  0.452  81.920 0.0000000000
69054  4.816  0.607  81.219 0.0000000000
70077  4.373  1.006  81.407 0.0000000000
69081  5.289  0.187  79.785 0.0000000000
141044  5.300  -0.089  78.935 0.0000000000
71161  4.410  1.394  80.188 0.0000000000
70098  4.613  1.191  79.403 0.0000000000
67994  5.511  -0.754  77.623 0.0000000000
68010  4.556  -0.637  76.281 0.0000000000
68027  4.843  -1.127  75.924 0.0000000000
66852  5.426  -1.760  75.491 0.0000000000
71221  4.039  0.976  75.800 0.0000000000
70152  3.682  0.068  75.015 0.0000000000
66877  4.192  -1.591  74.146 0.0000000000
65685  4.738  -3.632  72.725 0.0000000000
61379  4.691  -8.092  77.899 0.0000000000
69082  5.000  0.456  79.386 0.0000000000
70136  3.974  0.488  75.230 0.0000000000
156511  4.782  -7.014  79.264 0.0000000000
156544  13.596  -4.500  94.311 0.0000000000
158426  4.392  1.606  79.342 0.0000000000
158642  8.488  -4.178  75.174 0.0000000000
