#!ascii label  , from subject sub-v1s19x0051298_ses-1 vox2ras=TkReg
1592
2624  30.663  -76.143  17.734 0.5000000000
10469  13.898  -61.136  16.289 0.6000000238
10470  13.070  -61.527  16.172 0.6000000238
138632  12.120  -61.899  16.089 0.6000000238
11169  12.625  -61.007  16.705 0.6999999881
10454  11.704  -61.299  16.724 0.6000000238
11901  13.516  -59.236  17.423 0.6999999881
11902  12.650  -59.759  17.931 0.6000000238
5249  22.807  -69.407  20.618 0.5000000000
3893  23.237  -72.772  17.407 0.6000000238
4336  22.813  -71.394  18.279 0.6000000238
4776  23.005  -70.376  19.452 0.5000000000
3436  23.944  -74.387  15.302 0.5000000000
3424  23.760  -73.702  16.639 0.4000000060
4335  23.359  -72.067  18.940 0.5000000000
4327  23.109  -71.108  18.952 0.6000000238
9111  16.334  -63.506  20.386 0.5000000000
3419  30.043  -73.657  15.858 0.4000000060
9147  15.263  -63.319  18.633 0.5000000000
9132  15.263  -62.980  19.402 0.5000000000
9163  15.078  -63.718  17.815 0.6000000238
8487  13.336  -64.322  15.392 0.6000000238
10484  13.686  -61.980  15.665 0.6000000238
10483  14.591  -61.087  16.038 0.6999999881
9842  12.258  -63.455  15.299 0.6000000238
11167  14.531  -60.222  16.393 0.6999999881
158914  15.598  -59.079  16.751 0.6000000238
11913  14.875  -59.232  16.630 0.6999999881
12658  15.449  -58.007  18.449 0.6000000238
13415  15.011  -57.683  17.719 0.6000000238
12692  14.374  -58.720  17.025 0.6999999881
13401  14.982  -57.425  18.688 0.6999999881
11903  11.726  -60.058  18.177 0.6000000238
5794  21.350  -67.807  20.385 0.5000000000
162603  22.329  -69.368  19.139 0.6000000238
5257  22.150  -68.928  19.403 0.5000000000
3425  23.110  -73.163  16.553 0.6000000238
3894  22.751  -72.324  16.967 0.6999999881
4787  22.672  -70.614  18.605 0.6000000238
3435  25.436  -74.028  15.612 0.4000000060
8453  16.333  -64.750  18.218 0.5000000000
145132  16.386  -64.279  18.950 0.5000000000
3007  31.148  -74.904  17.125 0.5000000000
8454  15.786  -64.038  18.364 0.5000000000
8513  14.147  -64.178  14.857 0.6999999881
8474  14.714  -64.153  16.895 0.6000000238
9853  14.744  -63.049  15.031 0.6999999881
9185  13.784  -63.750  14.843 0.6000000238
8486  14.288  -64.506  15.908 0.6000000238
9840  14.185  -62.635  15.257 0.6999999881
9841  13.105  -63.209  15.083 0.6000000238
140638  14.637  -61.728  15.608 0.6999999881
11912  16.196  -59.453  16.643 0.6000000238
11174  15.864  -60.083  15.934 0.6000000238
12657  15.813  -58.639  18.237 0.6000000238
11166  15.449  -59.705  16.290 0.6000000238
12642  15.825  -58.596  19.426 0.6000000238
12619  15.858  -58.107  20.341 0.6999999881
13403  13.114  -56.991  18.184 0.6999999881
11886  11.106  -59.407  18.663 0.5000000000
13402  14.471  -57.130  18.203 0.6999999881
13416  14.363  -57.450  17.767 0.6999999881
11885  12.071  -59.238  18.541 0.6000000238
5267  21.122  -68.920  18.155 0.5000000000
5812  21.505  -68.538  18.998 0.5000000000
5804  21.053  -67.943  19.525 0.5000000000
4797  21.830  -70.554  17.356 0.6999999881
140191  21.928  -69.317  18.620 0.6000000238
138756  23.179  -73.850  15.546 0.5000000000
3902  22.435  -72.550  16.073 0.6999999881
4355  22.160  -71.769  16.463 0.6999999881
4796  22.365  -70.837  17.964 0.6000000238
4788  22.169  -70.121  18.168 0.6000000238
3022  26.009  -74.746  14.273 0.4000000060
3023  24.779  -74.844  14.227 0.4000000060
7748  16.879  -65.422  18.139 0.5000000000
7780  15.478  -65.194  15.675 0.5000000000
7765  15.836  -65.231  16.592 0.5000000000
8473  15.614  -64.559  17.402 0.5000000000
9195  15.891  -63.361  14.654 0.6000000238
7781  14.830  -64.736  15.570 0.5000000000
10494  16.123  -62.093  15.055 0.6999999881
11164  17.124  -60.681  15.736 0.6000000238
10482  16.329  -61.305  15.345 0.6999999881
9839  15.293  -62.087  15.305 0.6999999881
142080  16.999  -60.729  17.663 0.6000000238
11165  16.630  -60.068  16.166 0.6000000238
11173  16.508  -60.425  15.767 0.6999999881
159302  16.780  -60.137  20.170 0.6999999881
11139  16.547  -60.052  18.034 0.6000000238
12590  17.724  -58.467  21.581 0.6000000238
11869  16.297  -59.332  19.839 0.6999999881
14115  18.879  -56.736  21.084 0.6000000238
13356  17.252  -57.681  21.404 0.6000000238
145262  16.195  -58.764  20.306 0.6999999881
14167  11.555  -56.285  18.839 0.6000000238
13372  16.325  -57.489  20.965 0.6999999881
14164  13.935  -56.839  18.127 0.6999999881
13404  12.247  -57.238  18.672 0.6000000238
14134  18.572  -56.131  20.902 0.6999999881
14117  17.543  -56.752  21.372 0.6000000238
14118  16.899  -56.876  21.273 0.8000000119
14135  16.223  -56.598  20.908 0.6999999881
13388  15.045  -57.006  19.599 0.6999999881
14154  14.138  -56.467  18.661 0.6999999881
5813  20.588  -68.156  18.634 0.6000000238
4803  21.372  -70.734  16.601 0.6999999881
4798  21.074  -70.106  16.928 0.6999999881
5274  21.493  -69.706  17.745 0.6000000238
151151  22.653  -73.551  14.681 0.5000000000
154974  21.940  -72.006  15.623 0.6999999881
3031  25.540  -75.286  13.248 0.4000000060
3024  23.858  -74.959  14.054 0.5000000000
7747  17.312  -65.961  18.025 0.5000000000
7080  18.012  -66.280  18.912 0.5000000000
162471  16.434  -65.649  16.721 0.5000000000
7806  15.687  -65.094  14.832 0.6000000238
9850  17.553  -62.348  14.575 0.6000000238
148667  15.860  -64.204  14.568 0.6999999881
8512  15.036  -64.528  14.875 0.6999999881
10492  17.720  -61.633  14.965 0.6999999881
9851  16.468  -62.578  14.740 0.6999999881
10453  17.525  -61.498  17.196 0.6000000238
10468  17.582  -61.216  15.964 0.6000000238
10493  16.978  -61.711  14.957 0.6999999881
10414  17.791  -61.147  20.950 0.6999999881
10427  17.347  -60.995  20.066 0.6999999881
10444  17.408  -61.436  18.381 0.6999999881
16538  12.480  -53.317  18.985 0.6000000238
11832  18.361  -59.583  21.976 0.6000000238
11104  17.820  -60.335  21.550 0.6999999881
11138  16.938  -60.716  18.983 0.6999999881
14151  20.190  -56.579  18.907 0.6000000238
13371  19.436  -57.070  20.844 0.6000000238
12617  19.544  -57.732  21.233 0.6000000238
12589  18.544  -58.641  21.787 0.6000000238
11850  17.208  -59.854  21.124 0.6999999881
15001  12.316  -54.852  18.705 0.6000000238
14152  19.518  -56.131  19.469 0.6000000238
13355  18.197  -57.720  21.568 0.6000000238
15737  15.133  -54.604  20.123 0.6999999881
15738  14.354  -54.830  19.608 0.6000000238
14999  13.538  -55.948  18.624 0.6999999881
14166  12.548  -56.383  18.487 0.6000000238
14162  20.126  -55.987  17.901 0.5000000000
14163  19.729  -55.879  18.598 0.6000000238
14983  19.143  -55.235  18.866 0.8000000119
15719  17.922  -54.695  20.211 0.8000000119
15720  17.376  -54.182  20.071 0.8000000119
14967  16.528  -55.156  20.711 0.8000000119
14985  14.835  -55.497  20.030 0.6999999881
14986  14.138  -55.669  19.279 0.6999999881
14944  17.826  -56.001  21.201 0.8000000119
147021  16.994  -55.974  21.188 0.8000000119
5275  20.702  -69.380  17.348 0.6999999881
5821  20.299  -68.655  17.745 0.6999999881
5814  19.787  -68.041  18.081 0.6999999881
6424  19.801  -67.605  18.791 0.6000000238
4364  21.521  -71.751  14.710 0.6999999881
6426  18.709  -67.349  18.098 0.6000000238
156538  22.164  -72.636  14.940 0.6000000238
7089  18.350  -66.790  18.555 0.5000000000
7102  17.510  -66.451  17.561 0.5000000000
17309  16.239  -52.137  23.278 0.6000000238
7103  17.283  -66.483  16.837 0.5000000000
18116  16.078  -51.800  22.837 0.5000000000
7130  16.626  -66.201  15.323 0.5000000000
18134  16.142  -51.315  21.412 0.6000000238
7818  16.905  -65.263  14.252 0.6999999881
7805  16.406  -65.555  14.665 0.6000000238
9856  18.420  -62.719  14.341 0.6999999881
8511  16.983  -64.273  14.278 0.6999999881
18971  14.480  -50.819  20.041 0.6000000238
9816  18.107  -62.340  17.381 0.6999999881
151843  18.374  -62.276  15.830 0.6000000238
9762  18.469  -61.795  21.104 0.6999999881
9792  18.463  -62.558  19.369 0.6999999881
10435  17.859  -62.059  18.928 0.6999999881
147894  13.357  -52.368  19.296 0.6000000238
18165  13.718  -51.189  19.790 0.6000000238
11103  18.553  -60.396  22.099 0.6000000238
162745  18.018  -61.818  20.015 0.6999999881
141650  14.927  -52.274  19.407 0.6000000238
17357  13.027  -52.082  19.486 0.6000000238
12587  20.179  -58.904  21.828 0.6000000238
12588  19.491  -58.410  21.688 0.6000000238
148136  15.653  -52.660  19.486 0.6999999881
16521  14.128  -53.021  19.337 0.6000000238
16522  13.091  -53.181  19.006 0.6000000238
13386  20.469  -57.333  19.542 0.6000000238
16518  17.814  -52.904  18.114 0.6000000238
16519  17.078  -52.193  18.576 0.6000000238
16504  16.134  -53.506  19.943 0.6999999881
16505  15.278  -53.541  19.787 0.6000000238
15000  13.032  -55.156  18.685 0.6000000238
15755  18.764  -53.689  16.975 0.6000000238
15736  17.343  -53.406  19.202 0.8000000119
14998  18.478  -54.094  18.311 0.6000000238
15735  17.900  -54.071  19.323 0.6999999881
15722  15.964  -54.398  20.376 0.8000000119
5282  20.357  -69.781  16.525 0.6999999881
5276  19.952  -69.092  16.946 0.6999999881
5822  19.576  -68.417  17.336 0.6999999881
4365  20.811  -71.139  14.868 0.6999999881
4357  20.683  -70.589  15.965 0.6999999881
6440  18.508  -67.559  17.178 0.6000000238
6427  18.059  -66.967  17.809 0.6000000238
160249  18.724  -52.195  24.494 0.6000000238
18104  17.557  -51.727  24.651 0.6000000238
154146  17.885  -51.824  23.576 0.6000000238
17308  16.744  -51.917  23.886 0.6000000238
6441  17.772  -67.013  16.968 0.6000000238
18123  17.242  -51.579  23.308 0.5000000000
7817  17.639  -65.539  13.870 0.6999999881
7147  16.778  -66.162  14.735 0.6999999881
17318  17.200  -51.685  22.232 0.4000000060
18124  16.697  -51.516  22.377 0.5000000000
9855  19.013  -63.174  14.153 0.6999999881
8522  18.068  -64.048  13.861 0.8000000119
17331  16.914  -51.521  20.981 0.5000000000
9828  18.776  -62.920  15.737 0.6000000238
9202  17.793  -63.242  14.138 0.6999999881
150906  16.333  -51.123  20.292 0.6000000238
9804  18.336  -62.648  18.366 0.6999999881
9829  18.467  -62.658  16.628 0.6999999881
152383  16.832  -50.832  18.775 0.6999999881
18149  16.086  -50.923  19.408 0.6000000238
10412  18.937  -61.621  21.971 0.6999999881
9777  18.761  -62.517  20.325 0.6999999881
18161  17.648  -51.065  18.262 0.5000000000
141954  15.219  -51.032  19.323 0.6000000238
11811  20.408  -59.957  22.446 0.6000000238
11812  19.642  -59.955  22.398 0.6000000238
10398  18.827  -60.989  22.242 0.6999999881
17355  15.686  -51.443  19.165 0.6999999881
11830  20.058  -59.458  22.235 0.6000000238
11831  19.304  -59.228  22.133 0.6000000238
17368  18.183  -51.429  17.600 0.5000000000
17354  16.691  -51.204  18.623 0.6000000238
12641  20.731  -58.042  20.019 0.6000000238
16566  19.090  -52.349  16.295 0.6000000238
17382  18.823  -51.964  16.813 0.5000000000
16520  16.270  -52.363  19.216 0.6999999881
16564  19.916  -53.072  15.982 0.6000000238
5850  19.163  -69.187  15.487 0.6999999881
139292  18.759  -68.634  15.724 0.6999999881
5836  18.632  -68.141  16.371 0.6000000238
6455  18.059  -67.551  16.204 0.6000000238
16451  19.319  -52.657  24.695 0.4000000060
17283  18.004  -51.765  25.182 0.5000000000
150742  17.767  -67.510  15.098 0.6000000238
16463  19.769  -53.444  23.865 0.5000000000
16452  17.378  -52.635  24.722 0.6000000238
6482  17.907  -67.271  14.030 0.6999999881
7816  18.484  -65.634  13.548 0.6999999881
163970  17.002  -66.529  15.620 0.6000000238
17317  17.803  -52.099  22.652 0.5000000000
9193  19.461  -63.684  14.054 0.6999999881
16489  19.291  -53.553  21.689 0.4000000060
9130  19.718  -63.638  19.721 0.6999999881
9161  19.161  -63.732  17.775 0.6999999881
145457  19.380  -64.053  16.922 0.6999999881
149763  18.332  -52.412  20.765 0.6000000238
159122  20.594  -62.854  22.144 0.6999999881
9110  20.322  -63.607  20.576 0.6999999881
9146  18.802  -63.253  18.291 0.6999999881
9173  18.877  -63.402  16.784 0.6999999881
17340  18.580  -52.193  19.770 0.5000000000
17341  17.766  -51.626  19.920 0.5000000000
148903  20.210  -61.539  22.592 0.6000000238
9742  19.681  -62.044  22.257 0.6999999881
152806  19.475  -63.103  20.453 0.6999999881
9791  19.033  -63.136  19.622 0.6999999881
143417  18.253  -51.306  18.874 0.5000000000
11849  21.770  -59.179  20.644 0.5000000000
11810  21.225  -59.950  22.424 0.6000000238
11093  20.025  -60.682  22.595 0.6000000238
146262  18.721  -68.808  14.699 0.6999999881
6481  18.328  -68.086  14.324 0.6999999881
17280  20.112  -52.944  25.295 0.4000000060
6490  18.825  -68.069  13.431 0.6999999881
17281  19.641  -52.232  26.063 0.4000000060
16433  17.918  -52.308  25.351 0.6000000238
140791  19.698  -65.241  13.696 0.8000000119
7157  18.942  -66.340  13.384 0.6999999881
8498  19.769  -64.605  15.356 0.6000000238
8510  19.722  -64.225  14.064 0.6000000238
150356  18.411  -54.741  25.875 0.6000000238
8452  19.763  -64.206  18.356 0.6999999881
8484  19.602  -64.370  16.195 0.6999999881
158480  19.487  -63.978  15.393 0.6000000238
8427  20.448  -64.125  19.692 0.6000000238
9740  21.493  -62.436  22.553 0.6000000238
14068  18.440  -56.474  26.565 0.5000000000
11091  21.468  -60.821  22.672 0.6000000238
139214  21.062  -61.675  22.687 0.6999999881
11809  22.111  -60.048  22.441 0.5000000000
7156  19.539  -66.999  13.285 0.6999999881
7814  20.013  -65.777  13.740 0.8000000119
17282  18.800  -52.172  25.808 0.5000000000
7791  20.201  -65.515  15.507 0.8000000119
17262  18.964  -52.322  26.760 0.4000000060
17261  19.384  -52.087  26.736 0.4000000060
8509  19.844  -64.755  14.479 0.6999999881
15645  18.469  -54.126  26.719 0.4000000060
15650  18.366  -53.307  26.003 0.5000000000
9109  21.895  -64.095  21.020 0.6000000238
141442  20.236  -64.715  17.908 0.6999999881
17249  18.523  -52.655  27.648 0.4000000060
9064  21.945  -63.138  22.369 0.6000000238
9084  20.645  -63.255  21.648 0.6000000238
14870  18.178  -55.808  27.368 0.4000000060
14892  18.514  -55.769  26.236 0.6000000238
10395  21.928  -61.706  22.703 0.6000000238
144880  22.991  -60.226  22.418 0.5000000000
11828  23.431  -59.408  21.488 0.5000000000
17260  20.166  -52.017  26.560 0.4000000060
7155  20.009  -66.760  13.486 0.8000000119
18076  19.767  -51.670  27.184 0.4000000060
7804  20.142  -65.590  14.334 0.6999999881
17248  19.059  -51.961  27.425 0.4000000060
7763  20.608  -65.339  17.302 0.6000000238
8483  20.084  -65.045  16.340 0.6999999881
8426  21.209  -64.549  19.586 0.6000000238
8451  20.567  -64.544  18.828 0.6000000238
18048  18.687  -51.422  28.258 0.4000000060
16405  18.061  -53.354  27.985 0.4000000060
9739  22.371  -62.490  22.573 0.6000000238
15639  17.759  -54.248  27.972 0.4000000060
149146  23.141  -60.979  22.580 0.4000000060
18917  21.866  -50.663  27.167 0.4000000060
7128  20.570  -66.406  15.214 0.6999999881
142178  20.047  -51.105  27.536 0.4000000060
7762  21.521  -65.756  17.776 0.6999999881
7778  20.587  -65.655  16.505 0.6000000238
18060  19.267  -51.473  27.798 0.4000000060
153255  22.508  -64.421  20.543 0.6000000238
151841  21.893  -64.794  19.518 0.6000000238
157755  18.204  -51.965  28.332 0.4000000060
9063  22.850  -63.176  22.313 0.6000000238
18049  17.557  -52.099  28.546 0.3000000119
10393  23.672  -61.610  22.560 0.4000000060
11089  23.909  -60.593  22.466 0.4000000060
148510  24.524  -61.463  22.465 0.4000000060
18878  19.397  -50.741  28.174 0.4000000060
146795  18.939  -49.995  28.464 0.4000000060
9107  23.597  -64.031  21.005 0.6000000238
9062  23.823  -63.116  22.093 0.6000000238
9080  24.666  -63.272  21.528 0.6000000238
162891  25.007  -62.050  22.359 0.4000000060
9736  25.682  -62.073  22.263 0.5000000000
11087  25.568  -60.777  22.413 0.4000000060
20537  15.752  -48.128  28.164 0.3000000119
10391  26.010  -61.376  22.364 0.4000000060
21455  21.688  -47.214  27.267 0.4000000060
21459  17.568  -47.311  27.970 0.3000000119
22378  14.491  -46.338  27.062 0.4000000060
22383  22.480  -46.660  26.004 0.4000000060
22375  20.930  -46.206  26.806 0.4000000060
23259  18.418  -45.638  27.148 0.3000000119
23258  19.424  -45.863  27.117 0.3000000119
22363  16.020  -46.415  27.455 0.3000000119
21460  16.450  -47.282  27.826 0.3000000119
155545  15.178  -46.601  27.371 0.3000000119
22385  21.186  -46.091  25.051 0.4000000060
23279  20.616  -45.556  25.689 0.4000000060
22376  20.221  -45.857  26.830 0.4000000060
23260  17.493  -45.783  27.302 0.3000000119
23261  16.723  -45.875  27.317 0.3000000119
25050  12.840  -43.458  24.627 0.4000000060
25059  11.958  -43.008  24.193 0.3000000119
26880  11.820  -41.518  23.762 0.3000000119
23262  16.093  -45.449  27.088 0.3000000119
23274  15.353  -45.322  26.838 0.3000000119
149679  19.983  -46.072  23.429 0.4000000060
23270  19.878  -45.375  26.362 0.4000000060
24096  19.158  -44.763  26.044 0.3000000119
23271  18.418  -44.918  26.589 0.3000000119
24098  17.594  -44.441  26.436 0.3000000119
23282  13.254  -45.139  25.680 0.3000000119
24099  16.531  -44.646  26.657 0.3000000119
25978  12.867  -42.686  24.271 0.3000000119
24100  15.791  -44.860  26.715 0.3000000119
25994  13.334  -41.939  23.786 0.4000000060
26879  12.974  -41.384  23.303 0.3000000119
26899  13.532  -41.094  22.887 0.3000000119
27809  12.992  -40.245  22.875 0.3000000119
23287  19.702  -45.277  24.359 0.4000000060
24114  18.996  -44.452  24.481 0.4000000060
141989  18.154  -44.000  25.824 0.3000000119
25040  13.604  -43.595  25.147 0.4000000060
24105  17.527  -43.676  25.753 0.3000000119
25039  14.635  -43.432  25.441 0.3000000119
25977  13.837  -42.384  24.323 0.4000000060
25049  14.278  -42.845  24.886 0.4000000060
28775  13.587  -39.608  22.547 0.3000000119
23298  19.351  -45.674  23.148 0.4000000060
24124  18.676  -44.596  23.382 0.4000000060
25045  18.385  -43.767  24.273 0.4000000060
25046  17.685  -43.181  24.422 0.4000000060
24106  16.751  -43.905  26.199 0.3000000119
149541  16.158  -42.828  25.177 0.3000000119
25048  15.295  -42.780  25.057 0.3000000119
25992  14.951  -41.819  23.706 0.3000000119
26897  15.072  -41.387  22.451 0.5000000000
25993  14.235  -41.871  23.784 0.4000000060
26898  14.251  -41.103  22.663 0.4000000060
29794  13.455  -38.656  22.484 0.3000000119
24134  18.177  -44.548  22.515 0.4000000060
25057  18.078  -43.655  23.557 0.4000000060
25058  17.506  -43.069  23.628 0.3000000119
26018  16.313  -42.318  22.420 0.3000000119
152353  15.941  -41.859  21.529 0.3000000119
26921  15.979  -41.347  21.406 0.3000000119
25047  16.897  -42.786  24.854 0.3000000119
25990  17.003  -42.743  23.086 0.3000000119
26037  15.734  -41.853  22.029 0.3000000119
26922  15.496  -41.438  21.857 0.3000000119
27830  15.524  -40.833  21.683 0.3000000119
25991  16.276  -42.229  23.539 0.3000000119
27806  14.899  -40.998  22.096 0.3000000119
27807  14.451  -40.537  22.342 0.3000000119
30751  13.339  -37.605  22.417 0.3000000119
25104  20.363  -43.470  21.572 0.3000000119
150963  18.828  -45.454  21.614 0.3000000119
24158  18.098  -45.358  21.177 0.3000000119
25120  17.280  -44.374  19.932 0.3000000119
26068  16.968  -43.100  19.675 0.3000000119
27848  17.125  -40.751  20.352 0.3000000119
146525  17.589  -45.045  20.876 0.3000000119
25121  16.754  -43.958  19.934 0.3000000119
26053  16.579  -42.992  20.327 0.3000000119
26940  16.793  -42.020  20.167 0.3000000119
28799  16.291  -39.593  21.201 0.3000000119
28800  15.667  -39.276  21.516 0.3000000119
27831  15.084  -40.106  21.957 0.3000000119
29817  14.740  -38.272  21.857 0.3000000119
29793  14.198  -38.920  22.221 0.3000000119
30750  14.141  -37.938  22.143 0.3000000119
26036  20.810  -42.765  21.364 0.3000000119
25118  19.037  -43.758  20.474 0.3000000119
25119  18.012  -44.235  19.846 0.3000000119
26067  17.669  -42.863  19.209 0.3000000119
149240  17.423  -41.305  19.783 0.3000000119
29815  16.337  -38.448  21.068 0.3000000119
29816  15.561  -38.072  21.444 0.3000000119
30775  14.932  -37.186  21.615 0.3000000119
31715  13.250  -36.445  22.291 0.3000000119
27862  17.698  -40.334  19.728 0.3000000119
28817  17.352  -39.599  20.274 0.3000000119
30774  15.895  -36.837  21.163 0.3000000119
31738  14.678  -36.068  21.639 0.3000000119
30776  14.068  -36.827  21.988 0.3000000119
32645  14.416  -35.114  21.739 0.3000000119
143336  17.542  -38.221  19.961 0.3000000119
29833  17.086  -37.485  20.481 0.3000000119
156876  16.346  -37.337  20.900 0.3000000119
28829  18.557  -38.864  19.136 0.3000000119
136138  17.852  -37.154  19.846 0.3000000119
30795  17.398  -36.979  20.432 0.3000000119
31751  16.779  -36.669  20.896 0.3000000119
30797  15.979  -36.307  21.299 0.3000000119
32644  15.122  -35.126  21.871 0.3000000119
33509  14.354  -34.519  22.168 0.3000000119
2623  30.999  -75.512  17.337 0.5000000000
3008  30.530  -75.060  16.775 0.5000000000
3015  30.741  -74.326  16.502 0.4000000060
11914  14.031  -59.676  16.854 0.6999999881
12682  12.951  -58.749  18.008 0.6999999881
3021  27.087  -74.462  14.324 0.4000000060
3014  31.139  -74.339  16.762 0.5000000000
137193  16.319  -59.435  17.287 0.6000000238
7779  16.189  -65.692  15.902 0.5000000000
11127  16.448  -59.826  19.062 0.6000000238
147200  19.114  -64.916  13.540 0.8000000119
7146  17.348  -66.568  14.303 0.6999999881
9184  19.233  -63.356  15.061 0.6000000238
156742  21.731  -59.512  21.790 0.5000000000
150768  18.482  -55.116  26.638 0.4000000060
11847  23.243  -59.252  20.490 0.5000000000
9082  22.380  -63.659  21.796 0.6000000238
11808  23.658  -59.790  22.206 0.4000000060
8450  21.476  -64.938  18.954 0.6000000238
8403  23.201  -64.455  20.464 0.6000000238
144465  18.106  -49.941  28.581 0.3000000119
9737  24.295  -62.389  22.356 0.4000000060
160487  24.470  -62.873  22.026 0.4000000060
22374  21.800  -46.517  26.589 0.4000000060
146326  18.714  -45.533  22.297 0.3000000119
25117  19.968  -43.177  20.964 0.3000000119
7100  22.968  -66.368  17.483 0.5000000000
7113  21.732  -66.730  16.743 0.5000000000
6454  21.283  -67.054  15.966 0.6999999881
6467  20.864  -67.270  14.910 0.6999999881
141861  19.670  -68.380  13.065 0.6000000238
7101  22.102  -66.375  17.413 0.5000000000
7777  21.221  -66.071  17.049 0.6000000238
7145  20.335  -66.490  14.073 0.6000000238
4817  20.555  -70.777  13.922 0.6000000238
4809  20.207  -70.544  14.940 0.6000000238
5849  21.969  -68.651  15.297 0.6999999881
5865  20.495  -69.411  13.335 0.6000000238
4818  20.193  -70.175  13.422 0.6000000238
5861  20.454  -68.424  13.403 0.6999999881
5866  20.084  -68.726  13.052 0.6000000238
5305  19.606  -69.835  13.871 0.6000000238
139817  23.303  -65.757  17.967 0.5000000000
5303  22.672  -70.264  14.676 0.6999999881
4816  21.530  -70.578  13.875 0.6999999881
145686  21.284  -70.910  13.725 0.6000000238
4381  21.078  -71.068  13.726 0.6000000238
163137  22.692  -68.874  15.454 0.6000000238
5860  21.280  -69.061  14.179 0.6999999881
4825  20.734  -70.441  13.496 0.6000000238
6464  23.597  -67.826  15.613 0.6000000238
7742  24.235  -65.113  18.465 0.5000000000
7744  22.786  -65.505  18.573 0.5000000000
5291  23.065  -69.471  15.245 0.6999999881
4815  22.317  -71.142  14.085 0.6000000238
4373  21.545  -71.603  14.001 0.6000000238
8446  25.432  -64.640  18.432 0.5000000000
7732  23.148  -65.114  19.173 0.5000000000
8421  26.277  -64.328  19.283 0.5000000000
8448  23.924  -64.911  19.052 0.5000000000
9104  26.957  -63.505  20.596 0.4000000060
10471  11.238  -62.249  16.154 0.4000000060
10485  12.593  -62.504  15.554 0.4000000060
10486  11.670  -62.865  15.590 0.4000000060
9187  12.170  -63.871  15.370 0.5000000000
8488  12.638  -64.147  15.175 0.5000000000
9175  12.120  -63.890  15.599 0.5000000000
8401  24.846  -64.179  20.128 0.5000000000
138045  12.608  -64.040  15.964 0.5000000000
9779  14.397  -62.458  20.577 0.6000000238
9129  25.747  -64.064  20.021 0.4000000060
9174  13.754  -64.073  16.413 0.5000000000
9817  13.823  -62.807  17.913 0.5000000000
9793  14.485  -62.556  19.571 0.5000000000
9189  10.841  -63.517  15.978 0.5000000000
135633  11.640  -63.785  16.072 0.5000000000
9166  11.036  -63.542  16.761 0.5000000000
9819  12.166  -63.441  17.017 0.5000000000
9808  11.507  -62.865  17.883 0.5000000000
9818  13.086  -62.804  17.731 0.5000000000
9807  12.518  -62.606  18.160 0.5000000000
152154  13.851  -62.365  20.000 0.5000000000
9105  25.233  -63.663  20.727 0.5000000000
9805  14.155  -62.571  18.686 0.5000000000
9103  27.772  -63.496  20.611 0.4000000060
142957  26.123  -63.574  20.638 0.4000000060
9077  27.354  -63.070  21.211 0.4000000060
12660  11.398  -58.586  18.906 0.5000000000
9149  10.449  -63.331  17.629 0.5000000000
8402  23.998  -64.363  20.321 0.5000000000
9079  25.635  -63.174  21.338 0.4000000060
15002  11.408  -54.651  19.014 0.5000000000
163154  10.474  -56.140  19.257 0.5000000000
13390  9.493  -55.979  19.576 0.5000000000
147805  11.138  -57.077  19.123 0.5000000000
9757  26.903  -62.537  21.698 0.4000000060
15759  11.172  -54.033  19.507 0.5000000000
15003  10.372  -54.594  19.713 0.5000000000
16523  11.919  -53.161  19.711 0.5000000000
16508  10.875  -54.045  20.003 0.5000000000
14987  9.524  -54.993  20.008 0.5000000000
14156  8.418  -56.232  19.916 0.4000000060
17344  12.262  -52.751  19.906 0.5000000000
15725  10.317  -54.393  20.022 0.6000000238
14971  8.940  -55.687  20.029 0.6000000238
18166  13.222  -51.577  19.834 0.5000000000
149911  13.516  -52.466  20.747 0.5000000000
16492  12.216  -53.237  20.272 0.5000000000
14969  10.971  -54.589  20.384 0.6000000238
138877  9.989  -55.582  20.417 0.6000000238
153412  8.281  -56.380  20.119 0.6000000238
13377  7.548  -57.302  20.040 0.5000000000
11855  6.819  -58.941  20.211 0.5000000000
11117  7.456  -59.945  20.632 0.5000000000
18137  13.839  -51.281  20.353 0.5000000000
149570  14.305  -51.602  20.898 0.5000000000
153264  14.294  -52.308  21.337 0.5000000000
15706  12.744  -54.215  20.861 0.5000000000
15705  13.502  -53.970  21.269 0.6000000238
14947  10.818  -55.519  20.582 0.6000000238
147468  8.936  -56.798  20.457 0.6000000238
12623  7.609  -57.665  20.226 0.6000000238
11853  8.459  -58.534  20.539 0.5000000000
11077  11.940  -61.255  23.431 0.5000000000
11107  8.675  -60.847  21.154 0.5000000000
163368  14.996  -50.987  20.467 0.5000000000
18126  15.555  -51.716  22.211 0.5000000000
16476  14.590  -53.271  21.855 0.6000000238
15704  14.134  -54.115  21.708 0.6000000238
146352  14.297  -54.959  22.060 0.6000000238
14119  12.477  -56.246  21.331 0.6000000238
160261  13.226  -56.110  21.627 0.6000000238
13374  11.248  -57.119  20.861 0.6000000238
13358  12.230  -57.209  21.376 0.6000000238
12621  9.759  -57.689  20.604 0.6000000238
11852  9.575  -58.533  20.631 0.5000000000
11116  8.531  -59.661  20.711 0.5000000000
11838  9.538  -59.502  20.783 0.5000000000
11105  11.058  -60.486  21.632 0.5000000000
10416  9.562  -61.373  21.753 0.5000000000
11097  10.784  -61.273  22.209 0.5000000000
16475  15.298  -53.238  22.422 0.6000000238
15690  14.832  -54.182  22.252 0.6000000238
143850  15.122  -55.135  22.521 0.6000000238
14106  14.414  -56.714  22.421 0.6000000238
14107  13.819  -56.416  22.050 0.6000000238
13357  13.146  -56.874  21.729 0.6000000238
13344  13.885  -57.390  22.292 0.6000000238
160226  11.702  -57.809  21.202 0.5000000000
12592  13.084  -57.843  21.828 0.5000000000
12595  11.077  -58.784  20.966 0.5000000000
12571  12.949  -58.839  22.035 0.5000000000
11814  13.414  -59.391  22.658 0.6000000238
11816  11.954  -60.207  22.026 0.5000000000
11095  12.326  -60.690  22.862 0.5000000000
11797  13.075  -60.260  23.118 0.5000000000
11065  13.427  -60.861  25.018 0.5000000000
14918  15.677  -55.777  22.850 0.6000000238
14105  15.198  -56.533  22.716 0.6000000238
13343  14.772  -57.413  22.711 0.6000000238
12570  13.652  -58.447  22.414 0.6000000238
11796  14.495  -59.435  23.674 0.6000000238
161362  14.028  -60.101  23.983 0.5000000000
14917  16.481  -55.432  23.401 0.6000000238
12569  14.382  -58.197  22.748 0.6000000238
11787  15.134  -59.492  24.309 0.6000000238
11772  15.049  -60.092  25.039 0.5000000000
14904  17.962  -54.991  24.953 0.6000000238
14905  17.354  -55.243  24.132 0.6000000238
156297  16.895  -56.969  23.944 0.6000000238
13333  16.377  -57.540  23.772 0.6000000238
11795  15.164  -58.826  23.690 0.6000000238
12548  15.701  -59.541  24.997 0.5000000000
14893  18.295  -55.822  25.483 0.6000000238
13325  17.069  -57.607  24.438 0.6000000238
13318  17.950  -57.704  25.769 0.6000000238
12556  16.500  -58.307  24.376 0.6000000238
12531  17.569  -58.422  26.297 0.6000000238
12519  17.574  -58.306  27.114 0.5000000000
13287  18.276  -56.497  27.171 0.4000000060
5314  19.388  -68.827  13.329 0.6000000238
6480  20.380  -67.472  13.731 0.6999999881
8449  22.303  -65.128  19.103 0.5000000000
8424  23.554  -64.699  19.739 0.5000000000
160449  25.837  -64.494  18.845 0.5000000000
8422  25.320  -64.457  19.304 0.5000000000
9781  13.125  -62.337  19.873 0.6000000238
146701  12.048  -54.741  20.716 0.6000000238
14945  13.562  -54.733  21.520 0.6000000238
12620  10.931  -57.931  20.801 0.6000000238
11835  12.233  -59.225  21.709 0.5000000000
14096  16.189  -56.559  23.362 0.6000000238
13334  15.554  -57.402  23.216 0.6000000238
13319  17.259  -58.303  25.272 0.6000000238
149196  16.952  -59.084  26.030 0.6000000238
2615  29.819  -75.514  18.777 0.4000000060
3379  29.401  -73.097  21.575 0.5000000000
3859  29.307  -72.594  21.754 0.5000000000
2982  29.324  -73.810  20.058 0.4000000060
2991  29.220  -74.628  19.657 0.4000000060
3392  30.033  -73.195  19.421 0.4000000060
2990  30.104  -74.173  18.811 0.4000000060
3842  28.685  -71.693  22.258 0.5000000000
3841  29.162  -72.301  22.332 0.5000000000
3871  29.630  -72.647  19.932 0.5000000000
3877  30.423  -72.977  18.858 0.5000000000
2989  31.113  -74.160  17.851 0.4000000060
4297  28.447  -71.487  21.463 0.5000000000
157608  29.044  -71.882  20.650 0.5000000000
4323  29.678  -72.461  19.090 0.5000000000
3884  30.439  -72.787  18.096 0.5000000000
3883  30.914  -73.562  17.909 0.4000000060
3891  30.998  -73.500  17.220 0.4000000060
4298  27.626  -70.912  21.424 0.5000000000
150620  28.481  -71.542  19.944 0.5000000000
4325  27.957  -71.369  19.359 0.5000000000
4324  28.838  -71.755  19.100 0.5000000000
145931  29.504  -72.282  17.667 0.5000000000
3019  30.577  -73.758  16.198 0.4000000060
3446  22.766  -73.773  13.740 0.5000000000
3445  23.214  -74.368  13.414 0.4000000060
3041  24.143  -75.084  12.793 0.4000000060
3047  25.764  -74.996  12.568 0.4000000060
3039  26.161  -75.189  12.846 0.4000000060
3030  26.616  -74.995  13.330 0.4000000060
4333  28.732  -71.764  18.213 0.5000000000
3028  28.022  -74.180  13.475 0.4000000060
3443  28.794  -73.786  13.951 0.4000000060
3432  29.301  -73.491  14.832 0.4000000060
4343  27.927  -71.495  17.795 0.4000000060
4342  28.761  -71.836  17.462 0.5000000000
3907  29.995  -73.249  15.481 0.4000000060
3900  30.321  -73.017  16.094 0.4000000060
3042  23.546  -74.558  12.942 0.4000000060
3045  27.086  -74.069  12.604 0.4000000060
3451  27.540  -74.273  12.978 0.4000000060
153000  26.512  -70.647  18.874 0.4000000060
159082  29.104  -73.029  14.049 0.4000000060
161688  29.588  -73.006  14.684 0.4000000060
4344  27.186  -71.245  17.184 0.4000000060
137121  28.256  -71.667  16.887 0.4000000060
4352  28.658  -72.067  15.843 0.4000000060
3901  29.678  -72.759  15.394 0.4000000060
3922  22.653  -73.168  13.553 0.5000000000
3921  23.174  -73.317  13.216 0.4000000060
3455  24.438  -74.104  12.582 0.4000000060
4382  25.963  -72.181  12.365 0.4000000060
4377  27.600  -72.350  13.045 0.4000000060
3918  27.581  -73.350  12.857 0.4000000060
4362  27.837  -71.748  14.449 0.4000000060
3912  28.394  -73.161  13.481 0.4000000060
145665  28.021  -71.742  15.318 0.4000000060
4361  28.842  -72.423  14.716 0.4000000060
4372  22.053  -71.707  13.847 0.5000000000
138211  22.674  -72.568  13.668 0.5000000000
4371  23.176  -71.763  13.985 0.6000000238
3920  24.278  -73.052  12.932 0.5000000000
3919  26.871  -72.189  12.484 0.4000000060
138672  26.991  -70.783  13.140 0.4000000060
154695  27.210  -71.179  14.144 0.4000000060
5272  26.041  -70.203  16.309 0.4000000060
4824  25.088  -70.918  12.545 0.4000000060
4814  23.696  -70.775  14.359 0.5000000000
155057  25.574  -71.161  12.296 0.4000000060
144739  26.534  -70.150  12.895 0.4000000060
5310  24.925  -69.697  12.284 0.5000000000
4823  25.514  -70.110  12.243 0.4000000060
4822  26.348  -70.430  12.421 0.4000000060
5299  26.316  -69.669  13.417 0.4000000060
5301  24.353  -69.979  13.967 0.6000000238
5302  23.560  -69.961  14.743 0.6000000238
5309  25.188  -68.898  11.881 0.5000000000
5857  25.688  -68.329  12.066 0.4000000060
6466  21.646  -67.827  15.604 0.5000000000
16465  15.968  -53.059  22.982 0.5000000000
15680  16.244  -54.609  23.202 0.5000000000
15651  17.933  -53.687  25.273 0.5000000000
149613  16.914  -52.330  24.178 0.5000000000
15666  17.439  -54.117  24.441 0.5000000000
15689  15.681  -54.182  22.761 0.5000000000
152591  29.371  -72.552  21.015 0.5000000000
3385  29.551  -73.099  20.595 0.5000000000
146319  25.389  -74.235  12.467 0.4000000060
3924  26.721  -73.209  12.475 0.4000000060
4383  25.203  -71.977  12.548 0.4000000060
4826  26.141  -71.157  12.309 0.4000000060
4369  27.470  -71.630  13.457 0.4000000060
4363  27.120  -71.209  15.286 0.4000000060
4370  24.209  -71.432  13.735 0.5000000000
153527  26.672  -70.532  14.268 0.4000000060
4813  24.522  -70.632  13.459 0.5000000000
162349  24.988  -68.989  11.926 0.6000000238
5300  26.068  -68.944  12.577 0.5000000000
5858  24.751  -68.412  12.968 0.5000000000
8463  30.956  -65.077  17.453 0.3000000119
8464  30.402  -65.027  16.525 0.3000000119
139461  29.165  -64.573  17.605 0.3000000119
8441  30.461  -64.744  18.093 0.3000000119
146469  31.147  -64.782  18.385 0.3000000119
7740  33.170  -64.908  18.292 0.3000000119
8439  32.776  -64.617  18.711 0.3000000119
8477  30.026  -65.027  15.424 0.3000000119
151564  29.158  -64.712  15.367 0.4000000060
8479  27.839  -64.522  16.354 0.4000000060
7759  31.131  -65.326  16.543 0.3000000119
8480  26.882  -64.523  16.414 0.4000000060
8466  28.456  -64.530  17.125 0.4000000060
138604  24.569  -65.336  17.298 0.4000000060
7776  23.899  -65.906  17.203 0.4000000060
7758  31.778  -65.462  17.019 0.3000000119
155368  28.609  -64.507  17.767 0.3000000119
139629  27.230  -64.469  18.073 0.4000000060
9124  31.073  -63.928  20.092 0.3000000119
8418  29.431  -64.398  19.092 0.3000000119
8506  27.576  -64.651  13.468 0.4000000060
8508  26.097  -65.032  13.140 0.4000000060
6463  24.351  -67.223  14.633 0.4000000060
7127  23.841  -66.998  15.840 0.4000000060
8493  29.663  -64.986  14.217 0.4000000060
8495  27.916  -64.578  14.364 0.4000000060
8497  26.013  -64.825  14.083 0.4000000060
7790  24.769  -65.528  15.278 0.4000000060
7110  24.196  -66.196  16.165 0.4000000060
7774  30.880  -65.340  15.575 0.3000000119
137675  26.243  -64.628  15.385 0.4000000060
8481  25.363  -64.950  15.703 0.4000000060
7112  22.605  -66.857  16.920 0.4000000060
7773  31.696  -65.591  15.908 0.3000000119
8482  25.184  -64.940  16.888 0.4000000060
7111  23.384  -66.674  16.761 0.4000000060
7772  32.516  -65.812  16.445 0.3000000119
8469  25.674  -64.677  17.549 0.4000000060
8420  27.058  -64.356  18.880 0.4000000060
7160  26.758  -66.045  12.345 0.4000000060
7154  25.171  -66.925  12.393 0.4000000060
7809  28.124  -65.262  12.722 0.4000000060
8518  26.804  -65.061  12.658 0.4000000060
7812  25.745  -65.693  12.566 0.4000000060
6479  24.778  -67.438  13.078 0.4000000060
7799  31.127  -65.897  13.798 0.3000000119
8504  29.237  -65.003  13.272 0.4000000060
157455  33.375  -66.368  15.745 0.3000000119
7786  32.302  -66.046  15.184 0.3000000119
6452  23.035  -67.448  16.411 0.4000000060
7770  34.150  -66.121  16.563 0.3000000119
6487  25.024  -67.932  11.967 0.4000000060
155145  25.531  -66.843  12.427 0.4000000060
9127  27.363  -63.887  19.992 0.3000000119
9102  28.644  -63.535  20.653 0.3000000119
8419  28.491  -64.304  19.237 0.3000000119
6465  22.627  -68.154  15.862 0.4000000060
5846  24.231  -68.141  14.502 0.4000000060
5859  24.099  -69.188  14.487 0.4000000060
6486  25.237  -67.665  12.135 0.4000000060
145437  29.415  -64.700  16.566 0.3000000119
8417  30.387  -64.517  18.844 0.3000000119
157017  31.282  -64.396  19.321 0.3000000119
8494  28.858  -64.664  14.158 0.4000000060
8467  27.504  -64.480  17.225 0.4000000060
135850  25.918  -64.651  16.540 0.4000000060
8468  26.566  -64.521  17.359 0.4000000060
7775  24.691  -65.422  16.447 0.4000000060
8444  27.878  -64.396  18.660 0.4000000060
8505  28.413  -64.773  13.205 0.4000000060
7813  25.142  -66.002  12.733 0.4000000060
7803  24.870  -65.721  13.895 0.4000000060
7788  30.537  -65.403  14.254 0.3000000119
162988  25.674  -64.839  14.920 0.4000000060
7787  31.462  -65.681  14.694 0.3000000119
7801  29.444  -65.493  13.160 0.4000000060
141988  30.397  -65.706  13.528 0.3000000119
7121  32.730  -66.620  14.403 0.3000000119
1852  29.712  -77.880  23.588 0.3000000119
1517  28.570  -79.008  23.610 0.3000000119
2198  30.876  -77.148  23.660 0.3000000119
1516  29.373  -78.660  23.942 0.3000000119
1863  29.181  -77.290  23.218 0.3000000119
1853  28.825  -78.087  23.306 0.3000000119
2582  31.129  -76.439  23.471 0.3000000119
1850  31.334  -77.326  24.095 0.3000000119
1851  30.675  -77.771  24.160 0.3000000119
152660  30.999  -75.656  23.422 0.3000000119
2206  30.480  -76.739  23.415 0.3000000119
1864  28.144  -77.414  22.819 0.3000000119
2975  28.354  -74.775  21.372 0.3000000119
159252  33.171  -76.191  24.184 0.3000000119
2187  32.013  -76.921  24.221 0.3000000119
2581  32.053  -76.034  23.452 0.3000000119
142815  32.570  -76.283  23.742 0.3000000119
1840  30.991  -77.875  24.994 0.3000000119
2589  29.227  -75.647  22.755 0.3000000119
142368  29.437  -73.033  22.455 0.3000000119
2968  28.559  -74.655  21.899 0.3000000119
155271  31.686  -75.193  23.593 0.3000000119
2588  30.292  -76.051  23.220 0.3000000119
2962  30.811  -74.822  23.527 0.3000000119
3357  30.421  -73.263  24.162 0.3000000119
3358  29.767  -73.057  23.517 0.3000000119
2967  29.096  -74.680  22.428 0.3000000119
158016  29.292  -72.517  23.054 0.3000000119
4286  27.340  -70.427  22.109 0.4000000060
150307  28.309  -71.267  22.967 0.4000000060
1833  27.835  -78.147  25.527 0.3000000119
1842  26.128  -78.087  24.360 0.3000000119
150951  30.374  -78.472  25.048 0.3000000119
1505  29.691  -79.012  24.984 0.3000000119
2155  32.231  -76.813  27.109 0.3000000119
138360  30.907  -77.777  27.337 0.3000000119
1825  29.334  -77.875  26.667 0.3000000119
1832  28.577  -78.071  26.101 0.3000000119
1506  27.233  -78.251  25.134 0.3000000119
2167  33.244  -76.121  26.153 0.3000000119
1815  31.526  -77.556  27.098 0.3000000119
140623  29.918  -78.527  27.129 0.3000000119
1195  27.997  -80.033  26.237 0.3000000119
1500  27.565  -79.151  25.737 0.3000000119
1830  32.089  -77.100  25.304 0.3000000119
1497  30.666  -78.527  26.064 0.3000000119
1190  29.199  -79.534  26.454 0.3000000119
1194  28.456  -80.108  26.187 0.3000000119
1498  29.908  -79.166  26.252 0.3000000119
1202  29.151  -79.755  25.839 0.3000000119
2207  29.654  -76.591  23.170 0.3000000119
2208  28.423  -76.417  22.681 0.3000000119
2175  32.732  -76.636  25.731 0.3000000119
2963  30.337  -74.014  23.510 0.3000000119
2177  28.048  -77.103  25.348 0.3000000119
874  27.976  -80.536  25.849 0.3000000119
1823  32.120  -77.097  26.439 0.3000000119
1816  30.486  -77.264  27.377 0.3000000119
140620  30.400  -78.796  26.887 0.3000000119
1493  29.226  -79.033  26.631 0.3000000119
875  27.704  -80.503  25.894 0.3000000119
4284  28.888  -71.896  23.032 0.3000000119
145181  28.148  -66.568  20.012 0.3000000119
155408  27.952  -66.508  20.903 0.3000000119
7067  26.708  -66.956  21.180 0.3000000119
137481  26.284  -67.591  21.273 0.4000000060
5790  25.913  -68.480  21.043 0.4000000060
4775  26.543  -70.558  19.580 0.3000000119
4774  27.174  -71.063  19.112 0.3000000119
140001  27.052  -66.705  19.805 0.3000000119
6407  26.208  -67.152  19.546 0.4000000060
5802  25.619  -68.209  19.507 0.4000000060
5811  25.540  -68.506  18.530 0.4000000060
4785  26.081  -70.365  18.321 0.3000000119
154891  25.577  -68.953  16.999 0.4000000060
5273  25.718  -69.721  17.078 0.4000000060
4354  26.693  -70.905  16.385 0.3000000119
5289  26.182  -69.892  15.076 0.3000000119
7716  30.628  -65.528  21.975 0.3000000119
7053  30.169  -66.106  21.344 0.3000000119
7055  28.279  -66.412  21.675 0.4000000060
6388  26.831  -67.151  21.846 0.4000000060
5781  26.394  -68.353  21.790 0.3000000119
5248  26.096  -69.546  20.783 0.3000000119
4756  26.791  -70.216  21.330 0.3000000119
7063  30.665  -66.522  20.515 0.3000000119
7074  30.412  -67.019  19.787 0.3000000119
146554  29.393  -66.772  19.876 0.3000000119
7076  27.752  -66.578  18.981 0.3000000119
7077  26.820  -66.714  19.084 0.3000000119
6408  25.787  -67.602  18.978 0.4000000060
7086  28.587  -66.595  18.315 0.3000000119
7087  27.687  -66.531  18.030 0.3000000119
141086  27.048  -66.606  18.481 0.3000000119
6422  26.340  -66.956  18.510 0.4000000060
5820  25.540  -68.312  17.501 0.4000000060
7098  27.496  -66.555  17.170 0.3000000119
157972  26.251  -67.042  16.734 0.4000000060
140809  25.660  -68.287  16.474 0.4000000060
7125  26.807  -66.776  14.696 0.3000000119
145595  26.375  -67.063  14.999 0.4000000060
6451  26.015  -67.454  15.859 0.4000000060
5290  26.065  -69.068  14.308 0.4000000060
7143  26.787  -66.715  13.308 0.3000000119
5845  26.052  -68.337  13.322 0.4000000060
6478  25.988  -67.656  12.662 0.3000000119
7027  34.986  -66.484  23.285 0.3000000119
7680  34.024  -65.872  23.360 0.3000000119
162410  32.858  -66.635  23.633 0.3000000119
6365  31.714  -66.785  23.892 0.3000000119
8388  32.384  -64.754  21.891 0.3000000119
7701  31.991  -65.077  22.826 0.3000000119
7683  30.795  -65.642  23.248 0.3000000119
7017  30.254  -66.868  24.066 0.3000000119
7724  33.186  -65.375  20.360 0.3000000119
7714  32.199  -65.176  21.372 0.3000000119
7702  31.250  -65.301  22.588 0.3000000119
7704  29.500  -65.913  22.780 0.3000000119
7034  28.447  -66.601  23.235 0.3000000119
6367  27.533  -67.557  23.273 0.3000000119
138521  27.218  -68.082  23.135 0.3000000119
5225  27.046  -69.290  22.659 0.3000000119
4724  27.481  -69.765  23.242 0.3000000119
163375  27.805  -70.264  23.436 0.3000000119
7061  31.959  -66.304  20.213 0.3000000119
142053  28.119  -66.497  16.213 0.3000000119
6450  26.642  -66.823  15.970 0.3000000119
146374  29.048  -66.539  15.286 0.3000000119
7109  27.354  -66.589  15.474 0.3000000119
7141  28.174  -66.188  13.581 0.3000000119
7142  27.373  -66.337  13.026 0.3000000119
6477  26.002  -66.948  12.458 0.3000000119
7699  35.799  -65.927  23.091 0.3000000119
156134  34.825  -65.581  23.185 0.3000000119
8357  33.337  -65.117  23.099 0.3000000119
7030  32.201  -66.140  23.613 0.3000000119
8387  33.262  -64.360  21.861 0.3000000119
7681  32.480  -65.334  23.192 0.3000000119
4260  28.885  -71.166  24.093 0.3000000119
7043  36.715  -66.807  22.695 0.3000000119
138295  35.095  -64.877  22.886 0.3000000119
7700  34.221  -64.947  23.014 0.3000000119
8374  33.662  -64.509  22.529 0.3000000119
8399  33.541  -64.504  21.033 0.3000000119
7698  36.847  -65.852  22.752 0.3000000119
141881  36.072  -64.961  22.755 0.3000000119
8373  34.523  -64.270  22.487 0.3000000119
9061  34.132  -64.009  22.066 0.3000000119
4285  27.981  -71.087  22.202 0.3000000119
142916  27.287  -70.779  20.761 0.3000000119
4763  26.590  -70.392  20.412 0.3000000119
5265  25.957  -70.118  19.115 0.3000000119
156140  25.731  -69.954  17.826 0.4000000060
7140  29.050  -66.046  13.176 0.3000000119
7064  29.811  -66.576  20.576 0.3000000119
7066  27.223  -66.675  20.650 0.3000000119
7054  29.287  -66.273  21.468 0.3000000119
154369  26.440  -67.079  20.488 0.4000000060
5801  25.703  -68.834  20.183 0.4000000060
5255  25.648  -69.217  19.318 0.4000000060
6438  25.800  -67.549  17.061 0.4000000060
7726  31.730  -65.681  20.969 0.3000000119
7717  29.773  -65.827  22.131 0.3000000119
7056  27.509  -66.763  22.260 0.3000000119
7045  28.987  -66.201  22.278 0.3000000119
6378  27.104  -67.465  22.640 0.4000000060
5226  26.678  -68.991  22.149 0.3000000119
7073  31.328  -66.893  19.863 0.3000000119
7075  29.933  -67.049  19.178 0.3000000119
7088  26.877  -66.652  17.799 0.4000000060
7124  27.430  -66.515  14.196 0.3000000119
7031  31.303  -66.089  23.677 0.3000000119
147187  29.858  -66.335  23.646 0.3000000119
157273  28.803  -66.814  23.691 0.3000000119
146111  29.024  -66.383  13.978 0.3000000119
9133  14.775  -62.793  18.888 0.4000000060
1485  30.369  -78.544  27.100 0.3000000119
1492  29.869  -79.107  26.946 0.3000000119
1499  28.325  -79.165  26.236 0.3000000119
1515  30.069  -78.245  24.143 0.3000000119
1824  29.941  -77.587  27.171 0.3000000119
1831  31.350  -77.855  26.147 0.3000000119
1841  26.764  -77.892  24.673 0.3000000119
2156  31.586  -76.968  27.385 0.3000000119
2168  32.670  -76.540  26.602 0.3000000119
2176  28.760  -76.918  25.859 0.3000000119
2185  33.245  -75.770  23.780 0.3000000119
2186  32.694  -76.601  24.629 0.3000000119
2197  31.687  -76.671  23.704 0.3000000119
2199  30.105  -77.251  23.496 0.3000000119
2639  30.951  -75.123  16.924 0.5000000000
2966  30.035  -74.958  23.055 0.3000000119
2974  28.973  -73.904  21.266 0.5000000000
2983  28.615  -74.556  20.606 0.3000000119
2998  31.177  -74.735  17.404 0.5000000000
2999  30.849  -75.071  17.850 0.5000000000
3009  29.952  -74.326  16.308 0.4000000060
3032  24.434  -75.229  13.273 0.4000000060
3033  23.643  -74.923  13.367 0.4000000060
3038  27.100  -74.723  13.075 0.4000000060
3040  25.115  -75.263  12.785 0.4000000060
3046  26.719  -74.739  12.745 0.4000000060
3048  24.736  -74.886  12.578 0.4000000060
3356  31.146  -74.107  24.114 0.3000000119
3391  30.588  -73.485  18.482 0.5000000000
3408  31.348  -74.161  17.210 0.4000000060
3418  31.108  -73.860  16.634 0.5000000000
3426  22.683  -73.224  15.613 0.6999999881
3431  29.772  -73.397  15.435 0.4000000060
3437  23.211  -74.425  14.283 0.4000000060
3442  29.332  -73.274  14.550 0.4000000060
3444  28.569  -74.039  14.048 0.4000000060
3450  28.315  -73.811  13.414 0.4000000060
3452  23.612  -74.041  12.834 0.4000000060
3453  23.080  -73.895  13.165 0.5000000000
3454  26.358  -74.228  12.476 0.4000000060
3860  29.089  -72.044  21.554 0.5000000000
3886  23.024  -72.173  17.853 0.6000000238
3892  30.448  -72.811  17.023 0.4000000060
3899  30.756  -73.399  16.604 0.4000000060
3906  30.554  -73.568  16.192 0.4000000060
3911  28.847  -73.480  13.877 0.4000000060
3913  22.281  -72.977  13.980 0.6000000238
3914  21.909  -72.224  14.171 0.6000000238
3923  22.122  -72.235  13.902 0.5000000000
3925  25.184  -73.121  12.548 0.4000000060
4273  28.232  -70.728  23.613 0.3000000119
4310  29.249  -71.983  19.789 0.5000000000
4311  28.050  -71.282  20.698 0.5000000000
4332  29.426  -72.201  18.464 0.5000000000
4334  27.909  -71.417  18.644 0.5000000000
4345  22.424  -71.429  17.374 0.6000000238
4346  21.861  -71.135  16.750 0.6999999881
4351  29.395  -72.350  16.601 0.5000000000
4353  27.583  -71.473  16.209 0.4000000060
4356  21.412  -71.350  15.873 0.6999999881
4368  28.268  -72.399  13.817 0.4000000060
4374  21.056  -71.310  14.089 0.6000000238
4378  24.602  -71.997  13.133 0.4000000060
4379  23.724  -72.395  13.521 0.5000000000
4380  21.530  -71.424  13.932 0.5000000000
4723  27.938  -69.961  23.826 0.3000000119
4740  27.702  -70.547  22.926 0.3000000119
4741  27.245  -69.982  22.632 0.4000000060
4786  25.673  -69.608  18.494 0.4000000060
4794  26.942  -71.032  18.206 0.4000000060
4795  26.262  -70.528  17.360 0.4000000060
4808  26.513  -70.550  15.580 0.4000000060
4810  19.956  -70.348  14.086 0.6000000238
5238  26.872  -69.722  22.088 0.3000000119
5239  26.374  -69.236  21.568 0.3000000119
5254  25.905  -69.880  19.938 0.3000000119
5256  22.632  -69.497  19.698 0.6000000238
5266  22.491  -69.858  18.918 0.6000000238
5281  25.787  -69.222  15.994 0.4000000060
5283  19.667  -69.511  16.102 0.6999999881
5292  20.077  -70.077  15.758 0.6000000238
5293  19.629  -69.886  15.017 0.6000000238
5294  19.202  -69.418  14.574 0.6999999881
5304  21.386  -69.949  13.955 0.6999999881
5306  19.195  -69.225  13.789 0.6000000238
5308  25.978  -69.508  12.128 0.4000000060
5311  20.836  -70.228  13.437 0.6000000238
5312  20.348  -69.855  13.254 0.6000000238
5313  19.862  -69.494  13.246 0.6000000238
5315  25.005  -68.623  11.837 0.4000000060
5771  26.842  -68.364  22.556 0.3000000119
5791  25.839  -67.772  20.276 0.4000000060
5792  22.371  -68.836  20.253 0.5000000000
5803  21.757  -68.376  19.899 0.5000000000
5823  19.022  -68.132  17.019 0.6999999881
5834  25.885  -68.339  15.097 0.4000000060
5835  19.242  -68.729  16.460 0.6999999881
5847  23.319  -68.672  15.437 0.6999999881
5848  22.311  -69.437  15.012 0.6000000238
5862  18.818  -68.645  13.790 0.6999999881
5864  25.170  -68.448  11.788 0.5000000000
5867  19.887  -68.977  13.088 0.6000000238
6364  32.358  -67.258  23.857 0.3000000119
6389  26.630  -67.743  22.040 0.4000000060
6396  20.553  -67.380  20.045 0.5000000000
6405  31.056  -67.271  19.370 0.3000000119
6409  20.363  -67.620  19.297 0.5000000000
6410  19.027  -67.176  18.919 0.6000000238
6423  25.770  -67.573  18.043 0.4000000060
6425  19.289  -67.599  18.315 0.6000000238
6437  26.255  -67.010  17.546 0.4000000060
6439  19.157  -67.838  17.675 0.6000000238
6453  22.220  -67.403  16.366 0.4000000060
6456  17.390  -66.890  16.006 0.6000000238
6461  26.418  -67.109  13.696 0.3000000119
6462  26.112  -67.624  14.285 0.4000000060
6468  18.332  -68.138  15.428 0.6999999881
6485  26.203  -66.340  12.363 0.4000000060
6488  20.013  -67.776  13.006 0.6000000238
6489  19.415  -67.729  13.136 0.6999999881
7016  31.047  -66.860  24.033 0.3000000119
7018  29.457  -66.803  23.909 0.3000000119
7029  33.520  -66.675  23.525 0.3000000119
7032  30.517  -66.191  23.689 0.3000000119
7033  29.237  -66.295  23.325 0.3000000119
7046  28.252  -66.471  22.600 0.3000000119
7047  27.713  -66.889  23.049 0.3000000119
7062  31.329  -66.294  20.531 0.3000000119
7065  28.818  -66.498  20.741 0.3000000119
7090  17.762  -66.380  18.298 0.5000000000
7099  26.753  -66.719  16.984 0.3000000119
7114  20.912  -66.254  16.204 0.6000000238
7115  16.802  -66.222  16.237 0.5000000000
7123  28.173  -66.446  14.828 0.3000000119
7126  24.470  -66.364  14.917 0.4000000060
7129  17.192  -66.777  14.935 0.6999999881
7144  24.783  -66.508  13.385 0.4000000060
7150  28.908  -65.578  12.966 0.4000000060
7151  27.960  -65.777  12.934 0.3000000119
7152  27.005  -66.100  12.468 0.3000000119
7153  25.612  -66.301  12.379 0.4000000060
7158  17.953  -66.418  13.795 0.6999999881
7159  17.129  -65.988  14.273 0.6999999881
7161  26.228  -65.914  12.285 0.4000000060
7682  31.664  -65.524  23.260 0.3000000119
7684  29.973  -65.839  23.236 0.3000000119
7703  30.287  -65.602  22.671 0.3000000119
7715  31.570  -65.228  21.800 0.3000000119
7725  32.438  -65.586  20.636 0.3000000119
7727  30.984  -65.836  21.225 0.3000000119
7743  23.581  -65.334  18.542 0.5000000000
7745  21.906  -65.468  18.480 0.5000000000
7746  21.017  -65.177  18.243 0.6000000238
7757  32.519  -65.493  17.416 0.3000000119
7760  24.084  -65.444  17.931 0.5000000000
7761  22.423  -65.896  17.975 0.5000000000
7764  16.941  -65.903  17.298 0.5000000000
7771  33.298  -65.842  16.986 0.3000000119
7789  25.306  -65.171  14.520 0.4000000060
7792  16.024  -65.566  15.101 0.5000000000
7793  15.192  -64.843  15.158 0.6999999881
7798  31.918  -66.177  14.174 0.3000000119
7800  29.893  -65.400  13.475 0.4000000060
7802  25.434  -65.383  13.378 0.4000000060
7810  27.385  -65.593  12.536 0.4000000060
7811  26.345  -65.434  12.532 0.4000000060
7815  19.250  -65.635  13.439 0.8000000119
7819  26.845  -65.453  12.430 0.4000000060
8372  35.372  -64.086  22.503 0.3000000119
8375  32.684  -64.751  22.542 0.3000000119
8376  31.951  -64.947  22.287 0.3000000119
8400  32.816  -64.843  21.251 0.3000000119
8404  21.882  -64.516  20.166 0.6000000238
8405  21.103  -64.179  20.362 0.6000000238
8416  32.291  -64.322  19.308 0.3000000119
8423  24.385  -64.570  19.566 0.5000000000
8425  22.655  -64.742  19.819 0.6000000238
8430  15.878  -63.605  19.153 0.5000000000
8438  33.548  -64.378  18.598 0.3000000119
8443  28.762  -64.469  18.372 0.3000000119
8445  26.292  -64.496  18.345 0.5000000000
8447  24.690  -64.767  18.790 0.5000000000
8465  30.040  -64.735  17.430 0.3000000119
8470  24.859  -64.976  17.905 0.4000000060
8471  19.894  -64.667  17.064 0.6999999881
8472  16.347  -65.249  17.420 0.5000000000
8478  28.625  -64.589  16.223 0.3000000119
8485  15.119  -64.761  16.346 0.5000000000
8496  27.337  -64.532  15.447 0.4000000060
8499  13.147  -64.260  14.941 0.6000000238
8507  26.845  -64.741  13.225 0.4000000060
8514  13.440  -64.206  14.885 0.6000000238
8516  28.668  -65.127  12.899 0.4000000060
8517  27.629  -64.967  12.661 0.4000000060
8519  19.848  -64.910  13.961 0.6999999881
8520  19.562  -64.297  13.834 0.6000000238
8521  18.932  -64.080  13.619 0.8000000119
9065  21.110  -62.999  22.280 0.6000000238
9078  26.519  -63.118  21.225 0.4000000060
9081  23.240  -63.645  21.702 0.6000000238
9083  21.503  -63.531  21.781 0.6000000238
9106  24.382  -63.835  20.844 0.6000000238
9108  22.818  -64.134  21.151 0.6000000238
9126  28.159  -63.933  19.954 0.3000000119
9128  26.600  -63.941  19.995 0.4000000060
9131  15.841  -63.277  19.937 0.5000000000
9144  19.931  -64.052  19.092 0.6999999881
9145  19.311  -63.585  18.824 0.6999999881
9148  14.601  -63.006  18.199 0.4000000060
9162  18.608  -63.034  17.551 0.6999999881
9164  14.250  -63.487  17.394 0.5000000000
9165  13.291  -63.482  17.057 0.5000000000
9172  19.191  -63.710  16.012 0.6999999881
9176  10.840  -63.608  16.147 0.5000000000
9183  19.578  -63.908  14.540 0.6000000238
9186  12.817  -64.058  14.894 0.6000000238
9188  11.516  -63.685  15.765 0.5000000000
9194  16.747  -63.311  14.475 0.6999999881
9196  14.951  -63.788  14.759 0.6999999881
9200  19.246  -63.643  13.870 0.6999999881
9201  18.706  -63.374  13.895 0.8000000119
9738  23.307  -62.481  22.492 0.6000000238
9741  20.579  -62.356  22.420 0.6999999881
9758  26.063  -62.588  21.746 0.4000000060
9759  25.127  -62.642  21.963 0.4000000060
9760  20.080  -62.715  21.937 0.6999999881
9761  19.299  -62.440  21.322 0.6999999881
9776  19.953  -63.032  21.161 0.6999999881
9778  15.181  -62.744  20.220 0.5000000000
9794  13.666  -62.378  19.268 0.5000000000
9795  11.974  -62.498  18.846 0.5000000000
9796  10.985  -62.735  18.821 0.5000000000
9803  18.771  -63.061  18.902 0.6999999881
9806  13.381  -62.509  18.462 0.5000000000
9830  10.902  -63.145  15.831 0.4000000060
9837  18.882  -62.787  14.886 0.6000000238
9838  18.527  -62.225  15.107 0.6000000238
9843  11.516  -63.525  15.613 0.4000000060
9848  19.139  -63.220  14.451 0.6999999881
9849  18.609  -62.573  14.655 0.6999999881
9852  15.559  -62.840  14.889 0.6999999881
10392  25.294  -61.422  22.404 0.4000000060
10394  22.793  -61.708  22.646 0.4000000060
10396  20.704  -61.059  22.694 0.6000000238
10397  19.433  -61.250  22.431 0.6999999881
10400  10.162  -61.560  22.325 0.5000000000
10413  18.347  -61.059  21.715 0.6999999881
10415  10.292  -61.024  21.650 0.5000000000
10436  17.489  -61.428  19.295 0.6999999881
10443  17.763  -62.060  18.076 0.6999999881
10467  18.008  -61.955  16.387 0.6999999881
10479  18.072  -61.735  15.449 0.6000000238
10480  17.587  -61.393  15.347 0.6000000238
10481  17.134  -61.100  15.348 0.6999999881
10491  18.196  -61.833  14.951 0.6999999881
11064  14.314  -60.531  25.151 0.5000000000
11076  12.582  -61.013  23.672 0.5000000000
11088  24.871  -60.650  22.419 0.4000000060
11090  22.408  -60.896  22.633 0.5000000000
11092  20.759  -60.481  22.601 0.6000000238
11094  19.214  -60.526  22.401 0.6000000238
11106  9.533  -60.489  21.163 0.5000000000
11115  17.350  -60.515  20.801 0.6999999881
11118  6.601  -59.835  20.384 0.5000000000
11153  17.116  -60.564  16.455 0.6000000238
11154  16.634  -60.001  16.963 0.6000000238
11155  13.145  -60.207  17.264 0.6999999881
11156  12.201  -60.513  17.386 0.6000000238
11157  11.243  -60.742  17.421 0.6000000238
11168  13.552  -60.650  16.646 0.6000000238
11175  15.242  -60.340  16.062 0.6000000238
11788  14.516  -60.064  24.401 0.5000000000
11806  25.406  -59.967  22.342 0.4000000060
11807  24.511  -59.894  22.307 0.4000000060
11813  18.983  -59.915  22.304 0.6000000238
11815  12.704  -59.807  22.347 0.5000000000
11829  22.761  -59.681  22.049 0.5000000000
11833  17.703  -59.602  21.597 0.6999999881
11834  17.354  -59.141  21.412 0.6000000238
11836  11.477  -59.473  21.389 0.5000000000
11837  10.559  -59.396  20.939 0.5000000000
11848  22.573  -59.390  21.069 0.5000000000
11851  16.703  -59.210  20.790 0.6999999881
11854  7.442  -58.667  20.365 0.5000000000
11884  16.201  -59.305  18.122 0.6000000238
11924  16.111  -59.759  16.217 0.6000000238
12532  17.130  -59.052  26.882 0.5000000000
12547  16.447  -59.004  25.105 0.5000000000
12557  15.805  -58.921  24.312 0.6000000238
12564  15.772  -58.216  23.696 0.6000000238
12565  14.639  -58.713  23.241 0.6000000238
12566  14.094  -59.013  22.973 0.6000000238
12586  20.757  -59.444  22.054 0.6000000238
12591  17.061  -58.588  21.304 0.6000000238
12593  12.346  -58.251  21.557 0.5000000000
12594  11.661  -58.574  21.271 0.5000000000
12615  20.978  -59.040  21.287 0.6000000238
12616  20.340  -58.285  21.055 0.6000000238
12618  16.487  -58.350  20.944 0.6999999881
12622  8.508  -57.521  20.466 0.6000000238
12624  7.032  -58.124  20.047 0.5000000000
12643  15.405  -57.773  19.498 0.6999999881
12659  12.275  -58.294  18.631 0.6000000238
12678  15.885  -58.807  17.251 0.6000000238
12679  15.286  -58.323  17.188 0.6000000238
12680  14.591  -57.948  17.287 0.6999999881
12681  13.786  -58.188  17.455 0.6999999881
12691  15.022  -58.528  16.881 0.6999999881
13304  18.314  -57.085  26.166 0.5000000000
13305  18.060  -57.714  26.617 0.4000000060
13324  17.594  -57.476  25.064 0.6000000238
13335  15.063  -58.141  23.174 0.6000000238
13354  18.873  -57.326  21.360 0.6000000238
13370  20.060  -57.555  20.475 0.6000000238
13373  15.634  -57.242  20.343 0.6999999881
13375  10.167  -56.976  20.632 0.6000000238
13376  7.987  -56.860  20.188 0.6000000238
13387  19.831  -56.851  19.983 0.6000000238
13389  14.595  -56.898  18.952 0.6999999881
13391  8.696  -56.437  19.716 0.5000000000
13417  13.822  -57.334  17.777 0.6999999881
13418  13.139  -57.743  18.088 0.6999999881
14077  18.427  -56.424  25.936 0.6000000238
14078  18.049  -56.796  25.356 0.6000000238
14086  17.445  -56.847  24.535 0.6000000238
14087  17.147  -56.208  23.896 0.6000000238
14116  18.246  -56.830  21.356 0.6000000238
14120  11.569  -56.344  20.907 0.6000000238
14133  19.219  -56.429  20.432 0.6000000238
14136  15.389  -56.260  20.364 0.6999999881
14137  10.574  -56.280  20.631 0.6000000238
14138  9.513  -56.074  20.413 0.6000000238
14139  8.728  -56.012  20.132 0.6000000238
14153  14.622  -56.305  19.540 0.6999999881
14155  8.993  -55.662  19.964 0.5000000000
14165  13.346  -56.557  18.264 0.6999999881
14168  9.833  -55.315  19.663 0.5000000000
14884  18.455  -55.813  26.942 0.5000000000
14929  14.503  -55.880  22.322 0.6000000238
14930  13.730  -55.590  21.800 0.6000000238
14946  11.822  -55.497  20.837 0.6000000238
14964  18.897  -55.687  20.019 0.6999999881
14965  18.196  -55.399  20.573 0.8000000119
14966  17.380  -55.122  20.695 0.8000000119
14968  15.673  -55.280  20.502 0.6999999881
14970  9.336  -55.431  20.138 0.6000000238
14972  8.410  -56.201  20.080 0.6000000238
14984  18.462  -54.862  19.654 0.8000000119
15638  18.249  -54.928  27.292 0.4000000060
15679  16.864  -54.453  23.678 0.5000000000
15721  16.714  -54.336  20.357 0.8000000119
15723  11.612  -53.927  20.328 0.5000000000
15724  10.956  -54.028  20.045 0.5000000000
15726  9.666  -54.963  20.029 0.6000000238
15739  13.563  -55.004  19.113 0.6000000238
15740  10.579  -54.199  19.992 0.5000000000
15756  18.348  -53.053  17.228 0.6000000238
15757  12.813  -54.171  18.846 0.6000000238
15758  11.910  -53.818  18.931 0.6000000238
15773  19.184  -53.442  16.322 0.6000000238
16406  17.547  -53.377  28.337 0.4000000060
16420  18.612  -52.925  26.808 0.4000000060
16432  18.581  -52.340  25.801 0.5000000000
16453  16.953  -53.348  23.940 0.6000000238
16462  20.554  -54.004  24.025 0.5000000000
16464  16.502  -52.702  23.611 0.5000000000
16474  18.546  -52.827  21.916 0.4000000060
16490  13.863  -53.265  21.323 0.5000000000
16491  13.111  -53.285  20.766 0.5000000000
16503  16.765  -53.428  19.646 0.6999999881
16506  12.708  -52.407  20.222 0.5000000000
16507  11.459  -53.494  19.997 0.5000000000
16524  11.243  -53.722  19.888 0.5000000000
16536  18.362  -52.158  17.203 0.5000000000
16537  17.798  -51.767  17.735 0.5000000000
16539  12.166  -53.073  19.240 0.6000000238
16540  11.644  -53.489  19.420 0.5000000000
16552  18.801  -52.676  16.502 0.6000000238
16565  19.416  -53.027  16.096 0.6000000238
17240  18.017  -52.637  28.263 0.4000000060
17241  17.342  -52.741  28.534 0.3000000119
17294  18.457  -51.899  25.026 0.5000000000
17295  17.590  -51.845  24.923 0.5000000000
17296  17.227  -51.863  24.431 0.6000000238
17306  18.978  -52.693  23.895 0.6000000238
17307  18.286  -51.852  24.250 0.6000000238
17319  15.695  -52.296  22.656 0.5000000000
17320  15.046  -52.324  22.041 0.6000000238
17330  17.708  -52.110  21.407 0.5000000000
17332  13.830  -51.820  20.707 0.5000000000
17342  13.258  -51.674  20.173 0.5000000000
17343  12.767  -52.067  19.917 0.5000000000
17353  18.201  -51.187  18.158 0.5000000000
17356  14.125  -51.892  19.367 0.6000000238
17358  12.563  -52.427  19.599 0.5000000000
17369  17.519  -51.225  18.182 0.6000000238
17370  17.101  -50.910  18.527 0.6999999881
17371  12.728  -52.684  19.205 0.6000000238
17381  19.611  -52.548  16.522 0.6000000238
17391  19.348  -52.577  16.244 0.6000000238
18059  20.967  -50.923  27.344 0.4000000060
18061  18.644  -52.031  28.025 0.4000000060
18075  20.613  -51.561  26.975 0.4000000060
18103  17.920  -51.648  24.782 0.6000000238
18105  17.084  -51.619  23.973 0.6000000238
18114  17.614  -51.688  24.194 0.6000000238
18115  16.566  -51.707  23.330 0.6000000238
18125  16.192  -51.542  22.467 0.5000000000
18127  14.868  -51.654  21.480 0.5000000000
18135  15.405  -51.345  21.366 0.6000000238
18136  14.550  -51.202  20.629 0.5000000000
18147  17.690  -50.980  18.678 0.6999999881
18148  17.005  -50.874  19.333 0.5000000000
18150  15.637  -51.051  20.477 0.5000000000
18151  13.914  -50.936  20.069 0.6000000238
18152  13.538  -51.192  20.010 0.5000000000
18162  17.244  -50.869  18.580 0.6999999881
18163  16.262  -50.978  18.950 0.6999999881
18164  14.293  -51.179  19.541 0.6000000238
18879  18.471  -50.713  28.483 0.3000000119
18969  15.480  -50.941  19.346 0.6000000238
18970  15.177  -50.826  19.850 0.6000000238
18979  14.763  -50.912  19.633 0.6000000238
18980  14.061  -50.914  19.841 0.6000000238
18981  13.671  -51.105  19.931 0.5000000000
21476  13.780  -46.865  26.992 0.4000000060
22361  17.962  -46.435  27.559 0.3000000119
22362  17.028  -46.546  27.552 0.3000000119
22364  14.634  -47.088  27.392 0.3000000119
22377  15.263  -45.933  27.143 0.3000000119
22384  21.867  -46.363  25.581 0.4000000060
23268  21.281  -45.881  26.100 0.4000000060
23269  20.620  -45.709  26.403 0.4000000060
23272  17.792  -45.172  26.926 0.3000000119
23273  17.037  -45.191  27.025 0.3000000119
23280  19.905  -45.158  25.382 0.4000000060
23321  18.795  -45.598  21.736 0.3000000119
24097  18.433  -44.421  26.110 0.3000000119
24103  19.337  -44.694  25.198 0.4000000060
24104  18.716  -44.299  25.484 0.3000000119
24109  13.422  -44.430  25.454 0.3000000119
24115  12.772  -44.185  24.920 0.4000000060
24135  17.583  -44.520  21.627 0.4000000060
24160  16.852  -44.187  20.252 0.3000000119
24178  18.377  -44.910  20.743 0.3000000119
24179  17.681  -44.835  20.471 0.3000000119
24180  17.165  -44.507  20.340 0.3000000119
25035  18.232  -43.652  25.092 0.3000000119
25036  17.472  -43.236  25.163 0.3000000119
25080  17.603  -43.546  22.759 0.3000000119
25105  19.505  -44.249  21.324 0.3000000119
25107  16.729  -43.642  20.512 0.3000000119
25132  17.386  -43.728  19.547 0.3000000119
25974  17.006  -42.570  24.058 0.3000000119
25975  16.047  -42.406  24.465 0.3000000119
25976  14.890  -42.274  24.328 0.4000000060
25995  12.408  -42.029  23.791 0.3000000119
26019  15.502  -41.759  23.057 0.3000000119
26877  14.614  -41.540  23.181 0.5000000000
26878  13.797  -41.466  23.245 0.4000000060
26900  13.108  -40.875  22.915 0.3000000119
26941  16.511  -41.142  20.874 0.3000000119
27792  12.456  -40.880  23.299 0.3000000119
27808  13.748  -40.512  22.629 0.3000000119
27829  16.169  -40.527  21.300 0.3000000119
27849  16.717  -40.106  20.802 0.3000000119
28774  14.345  -39.810  22.306 0.3000000119
28801  14.917  -39.103  21.879 0.3000000119
28818  16.902  -38.932  20.685 0.3000000119
28830  17.906  -39.141  19.596 0.3000000119
30794  18.073  -37.102  19.872 0.3000000119
30796  16.697  -36.734  20.823 0.3000000119
31737  16.157  -36.310  21.457 0.3000000119
31739  13.902  -35.678  21.829 0.3000000119
32625  13.221  -35.298  22.171 0.3000000119
32643  15.566  -35.866  21.661 0.3000000119
32665  14.659  -34.717  21.954 0.3000000119
33508  14.881  -34.743  22.023 0.3000000119
33527  14.155  -34.489  21.987 0.3000000119
136668  15.416  -36.331  21.472 0.3000000119
136763  12.302  -62.418  19.671 0.6000000238
137932  20.117  -69.303  13.119 0.6000000238
138434  33.056  -65.872  23.435 0.3000000119
139601  11.938  -55.549  18.662 0.6000000238
139602  18.266  -64.833  13.661 0.6999999881
139656  15.525  -60.936  15.706 0.6999999881
139711  25.556  -69.196  17.762 0.4000000060
139780  26.932  -71.341  12.660 0.4000000060
139811  28.071  -64.472  17.888 0.3000000119
139812  31.963  -64.758  18.635 0.3000000119
140218  16.134  -64.974  14.506 0.6999999881
140656  28.861  -66.249  22.861 0.3000000119
140730  12.820  -55.747  18.493 0.6000000238
140974  26.960  -64.579  14.364 0.4000000060
141296  26.603  -66.444  12.580 0.3000000119
142110  24.800  -69.175  12.633 0.6000000238
142477  10.701  -57.789  19.136 0.5000000000
142615  17.778  -56.004  24.682 0.6000000238
142686  29.683  -73.899  22.833 0.3000000119
142772  30.018  -65.754  13.269 0.3000000119
142782  16.170  -55.828  20.828 0.8000000119
142926  18.262  -53.718  27.461 0.4000000060
143208  37.023  -64.932  22.629 0.3000000119
143247  15.503  -58.206  17.625 0.6000000238
143616  12.844  -62.354  19.038 0.5000000000
143687  15.171  -35.604  21.668 0.3000000119
143741  19.051  -45.302  26.666 0.3000000119
143873  17.925  -59.079  21.729 0.6000000238
143962  27.357  -66.695  21.440 0.3000000119
144130  28.953  -66.754  19.138 0.3000000119
144255  18.741  -67.189  13.478 0.6999999881
145010  16.331  -42.502  21.256 0.3000000119
145036  13.745  -54.065  19.301 0.6000000238
145143  12.817  -55.331  21.298 0.6000000238
145169  17.921  -51.406  28.516 0.3000000119
145308  16.092  -59.178  18.983 0.6999999881
145551  28.286  -64.572  15.391 0.4000000060
146096  10.435  -58.479  20.732 0.6000000238
146654  27.418  -71.038  19.981 0.5000000000
147756  29.208  -73.815  22.128 0.3000000119
147992  27.660  -64.215  19.378 0.3000000119
148436  10.021  -54.928  20.181 0.6000000238
148831  16.757  -51.543  23.211 0.5000000000
149061  16.204  -42.062  20.897 0.3000000119
149064  15.494  -47.223  27.643 0.3000000119
149579  19.708  -66.097  13.448 0.8000000119
150513  18.208  -62.114  14.717 0.6999999881
150628  10.025  -54.590  20.018 0.5000000000
150854  7.854  -61.181  21.252 0.5000000000
150899  15.762  -40.092  21.542 0.3000000119
151453  14.840  -51.423  19.373 0.6000000238
151480  16.365  -53.760  23.343 0.5000000000
151588  11.597  -57.852  18.959 0.5000000000
151696  32.263  -74.497  23.944 0.3000000119
151829  28.669  -79.684  26.328 0.3000000119
152043  25.945  -73.352  12.425 0.4000000060
152229  27.228  -66.596  16.420 0.3000000119
152235  13.564  -51.651  19.568 0.6000000238
152459  26.504  -74.031  15.250 0.4000000060
152543  13.465  -42.972  24.670 0.4000000060
152697  19.209  -52.249  25.477 0.5000000000
152785  25.570  -68.792  11.810 0.4000000060
153691  15.542  -42.010  23.879 0.3000000119
154101  21.094  -68.144  14.531 0.6999999881
154169  18.921  -57.956  21.602 0.6000000238
154743  28.032  -80.366  26.132 0.3000000119
154817  23.942  -63.584  21.458 0.6000000238
155018  21.072  -63.761  21.064 0.6000000238
155258  14.710  -34.918  21.806 0.3000000119
155572  10.911  -55.391  19.148 0.5000000000
155689  31.563  -77.428  24.875 0.3000000119
155985  30.317  -77.640  23.772 0.3000000119
156352  32.692  -75.432  23.576 0.3000000119
156904  27.123  -80.670  25.622 0.3000000119
157869  23.047  -69.949  20.202 0.5000000000
157938  23.996  -74.649  12.687 0.4000000060
158126  10.247  -60.215  21.209 0.5000000000
158279  28.716  -71.401  23.553 0.3000000119
158366  19.161  -52.237  16.451 0.6000000238
158473  13.773  -59.811  23.374 0.5000000000
158630  14.121  -44.068  25.628 0.3000000119
158705  14.569  -54.049  19.658 0.6000000238
158726  18.313  -57.064  26.834 0.4000000060
158879  18.156  -45.325  21.541 0.4000000060
159100  30.882  -78.335  27.050 0.3000000119
159389  13.931  -60.479  24.519 0.5000000000
159939  30.346  -78.054  27.288 0.3000000119
160510  12.404  -41.444  23.528 0.3000000119
160633  15.120  -55.838  22.574 0.6000000238
160653  17.830  -57.237  21.487 0.6000000238
161748  19.661  -64.307  17.622 0.6999999881
161842  25.797  -67.659  19.591 0.4000000060
162020  19.540  -44.961  21.742 0.3000000119
162738  18.745  -46.313  27.465 0.3000000119
163020  27.004  -64.159  19.502 0.3000000119
163290  15.857  -55.054  22.899 0.6000000238
163581  14.103  -64.452  15.089 0.6000000238
163660  15.628  -64.782  14.703 0.6000000238
163814  17.530  -64.804  13.932 0.6999999881
163817  30.788  -78.483  26.727 0.3000000119
