#!ascii label  , from subject sub-v1s19x0051298_ses-1 vox2ras=TkReg
1809
4276  20.406  -71.239  23.375 0.6999999881
4291  19.486  -71.411  22.944 0.8000000119
4729  18.858  -70.375  23.456 0.8000000119
4730  18.024  -69.955  23.355 0.6999999881
3847  19.849  -72.810  22.341 0.6000000238
136100  20.131  -72.031  22.810 0.6000000238
4745  18.349  -70.635  22.813 0.6000000238
3372  20.415  -73.503  22.358 0.6000000238
5214  19.585  -70.014  23.937 0.8000000119
5215  18.738  -69.795  23.885 0.6999999881
5746  18.621  -68.651  24.898 0.6999999881
5747  17.635  -68.292  24.661 0.6999999881
4290  21.052  -72.000  23.149 0.6000000238
153073  20.209  -70.492  23.696 0.6999999881
5204  18.077  -69.225  24.193 0.6999999881
2979  20.499  -74.630  21.773 0.6000000238
2600  21.615  -75.471  21.704 0.6000000238
2602  20.135  -75.037  21.134 0.6000000238
2238  20.660  -77.204  20.210 0.6000000238
2228  20.428  -76.341  20.555 0.6000000238
6335  19.685  -67.349  25.359 0.8000000119
7004  19.689  -66.597  25.457 0.8000000119
149569  18.288  -66.460  26.188 0.6999999881
6987  17.957  -65.707  26.607 0.6999999881
6988  17.194  -65.690  27.028 0.6999999881
5744  20.372  -68.595  24.634 0.8000000119
6336  18.886  -67.166  25.759 0.6999999881
6337  17.777  -67.172  25.823 0.6999999881
5213  20.503  -69.891  23.967 0.6999999881
5745  19.563  -68.701  24.898 0.8000000119
6352  18.219  -67.878  25.360 0.6999999881
4727  20.974  -70.537  23.690 0.6999999881
3846  20.720  -72.767  22.748 0.6999999881
2969  22.271  -74.742  22.154 0.6000000238
3371  21.356  -73.503  22.630 0.6000000238
139842  21.256  -76.713  20.762 0.6000000238
2217  21.045  -75.985  21.202 0.6000000238
1888  20.904  -77.815  19.682 0.6000000238
1557  21.683  -78.032  18.044 0.6999999881
1558  20.707  -78.223  18.257 0.6000000238
1575  22.316  -78.585  15.461 0.5000000000
1576  21.200  -78.329  16.207 0.6000000238
161246  22.278  -79.067  14.935 0.5000000000
7020  19.609  -65.615  25.403 0.8999999762
7660  19.021  -65.295  25.993 0.8000000119
8309  18.057  -64.401  26.573 0.6999999881
150419  20.710  -67.766  24.533 0.6999999881
7019  20.179  -66.163  24.952 0.8999999762
7643  17.738  -65.021  26.953 0.6999999881
5212  21.427  -69.668  23.699 0.8000000119
5743  21.050  -68.407  24.171 0.8000000119
4726  21.870  -70.468  23.433 0.8000000119
4288  22.712  -71.773  22.762 0.6999999881
4275  21.429  -71.243  23.406 0.6999999881
158010  22.101  -73.154  22.718 0.8000000119
3370  22.248  -73.827  22.503 0.8000000119
2599  22.486  -75.622  21.676 0.6999999881
2216  21.845  -76.234  21.309 0.6999999881
159210  21.493  -77.420  20.292 0.6000000238
1549  22.188  -77.973  18.854 0.6999999881
155161  22.288  -78.015  16.571 0.6999999881
7670  19.923  -65.420  24.680 0.8999999762
8331  18.665  -64.556  26.063 0.8000000119
8311  17.007  -63.803  27.066 0.6999999881
6350  21.298  -67.600  23.860 0.8000000119
158013  20.539  -66.506  24.465 0.8000000119
5759  21.616  -68.228  23.569 0.6999999881
4743  22.994  -70.931  22.567 0.6999999881
4725  22.518  -70.478  23.022 0.6000000238
4274  22.293  -71.150  23.152 0.8000000119
3843  23.074  -72.394  22.382 0.8000000119
3381  23.134  -73.962  22.070 0.8000000119
2598  23.317  -75.751  21.471 0.6999999881
2225  23.661  -77.200  20.729 0.8000000119
2215  22.696  -76.422  21.293 0.6999999881
1876  24.110  -77.429  20.129 0.8000000119
1555  23.772  -77.765  17.394 0.6999999881
1896  23.191  -77.758  18.612 0.6999999881
1877  23.258  -77.551  20.232 0.6999999881
1567  23.458  -78.016  16.412 0.6999999881
1556  22.742  -77.782  17.656 0.6999999881
7690  6.319  -65.338  23.505 0.6000000238
7710  6.257  -65.131  22.789 0.6000000238
8354  5.450  -64.158  23.884 0.6000000238
9724  5.256  -62.956  23.745 0.6999999881
8349  18.808  -64.123  24.871 0.8999999762
9012  18.227  -63.891  26.058 0.6999999881
5773  22.069  -68.120  22.864 0.6000000238
4758  23.173  -70.274  21.902 0.6000000238
5772  22.428  -68.862  22.585 0.6000000238
4287  23.270  -71.694  22.227 0.6999999881
138590  23.781  -73.038  20.618 0.6999999881
150408  23.526  -72.665  21.382 0.6999999881
9720  14.133  -62.753  22.983 0.6999999881
9047  14.055  -63.059  23.954 0.6999999881
2985  23.745  -74.380  21.392 0.8000000119
3369  23.320  -72.998  21.997 0.8000000119
9745  13.416  -62.791  22.435 0.6000000238
9048  13.278  -63.139  23.234 0.6000000238
9049  12.488  -63.531  23.584 0.6999999881
2977  23.184  -74.946  21.773 0.6999999881
8360  11.847  -63.983  24.008 0.6999999881
2224  24.329  -76.710  20.707 0.8000000119
2597  24.096  -75.815  21.196 0.8000000119
9068  12.468  -63.225  22.644 0.5000000000
9069  11.476  -63.434  22.351 0.5000000000
1895  24.179  -77.688  18.377 0.6999999881
9089  11.255  -63.176  21.574 0.5000000000
9134  10.093  -63.079  19.889 0.6000000238
143274  10.085  -63.356  20.743 0.5000000000
8392  9.967  -63.835  22.032 0.6000000238
8379  9.484  -64.576  22.714 0.6999999881
7708  8.649  -65.318  23.179 0.6999999881
9091  9.589  -63.714  21.237 0.5000000000
8393  9.022  -64.268  21.777 0.6000000238
8380  8.368  -64.856  22.363 0.6000000238
7709  6.853  -65.199  22.395 0.6000000238
9135  9.111  -63.482  19.394 0.6000000238
8394  7.915  -64.575  21.435 0.6000000238
8410  7.084  -64.519  20.856 0.6000000238
9114  8.411  -63.781  20.013 0.5000000000
8408  8.674  -64.022  20.901 0.5000000000
8395  6.427  -64.476  21.252 0.6000000238
9071  5.559  -63.640  22.592 0.6000000238
141921  5.508  -62.992  22.987 0.6999999881
9722  7.183  -62.477  23.276 0.6000000238
9715  6.539  -62.315  23.956 0.6999999881
159311  7.107  -64.229  20.215 0.6000000238
8411  6.602  -64.202  20.470 0.6000000238
9116  5.812  -62.873  21.019 0.6000000238
9768  5.659  -62.238  21.725 0.6999999881
10418  7.518  -61.838  21.838 0.5000000000
9034  18.231  -63.665  25.312 0.8999999762
154593  21.647  -67.606  23.194 0.6000000238
7036  20.745  -66.401  23.795 0.6999999881
9035  17.599  -63.248  24.942 0.8000000119
8993  16.297  -63.761  27.153 0.6999999881
9037  16.106  -62.988  25.026 0.6999999881
9036  16.842  -62.973  24.515 0.8000000119
4757  23.406  -70.840  21.213 0.6999999881
9719  15.025  -62.733  23.407 0.8000000119
9046  15.186  -62.956  24.405 0.6000000238
146296  14.836  -62.596  22.655 0.6999999881
9765  13.604  -62.542  21.575 0.6000000238
2607  24.728  -75.765  20.667 0.8000000119
2994  24.873  -74.366  20.209 0.8000000119
2617  25.976  -75.666  19.526 0.8000000119
9766  12.734  -62.610  21.272 0.5000000000
2236  25.560  -76.539  19.666 0.8000000119
9767  11.858  -62.726  21.026 0.5000000000
158909  11.591  -62.535  19.478 0.5000000000
163074  10.502  -62.848  19.307 0.6000000238
9782  11.680  -62.563  20.212 0.6000000238
9150  9.865  -63.220  18.666 0.6000000238
9151  8.966  -63.461  18.281 0.6000000238
164087  9.531  -61.816  22.458 0.5000000000
8431  7.539  -63.906  19.735 0.5000000000
10417  8.718  -61.841  22.063 0.5000000000
10375  8.432  -62.145  23.556 0.6000000238
9797  6.949  -63.126  18.906 0.6000000238
9784  5.953  -62.460  20.382 0.6999999881
9785  5.633  -61.922  21.084 0.6999999881
10403  5.804  -62.027  21.904 0.6999999881
9809  7.322  -62.661  18.370 0.6000000238
11109  6.205  -60.702  20.681 0.6000000238
10446  7.063  -61.579  18.623 0.6999999881
10437  6.012  -61.150  19.956 0.6000000238
11119  6.347  -59.933  20.221 0.5000000000
7685  19.954  -65.257  23.865 0.6999999881
8348  19.453  -64.731  24.491 0.6999999881
141105  18.799  -64.187  23.965 0.6999999881
9043  18.224  -63.605  24.408 0.8000000119
9044  17.483  -63.226  23.917 0.6999999881
9743  15.568  -62.619  22.714 0.6999999881
9045  16.683  -62.889  23.549 0.6999999881
11096  11.497  -61.150  22.653 0.5000000000
144109  10.237  -63.487  16.720 0.5000000000
137715  9.623  -63.421  17.479 0.6000000238
10399  10.669  -61.620  22.993 0.5000000000
9178  9.593  -63.353  16.808 0.5000000000
9831  10.250  -63.265  16.234 0.5000000000
9167  8.943  -63.371  17.375 0.6000000238
9152  8.283  -63.345  18.135 0.6000000238
11108  6.778  -60.788  20.940 0.5000000000
10456  9.864  -61.806  16.860 0.5000000000
142018  8.953  -62.150  17.091 0.6000000238
9821  7.926  -62.755  17.665 0.6000000238
11160  8.387  -61.147  17.789 0.6000000238
7706  19.727  -65.318  22.929 0.6999999881
150719  18.695  -64.382  23.189 0.6999999881
8359  18.116  -63.779  23.313 0.6999999881
11890  7.054  -59.382  19.208 0.5000000000
10455  10.788  -61.550  16.775 0.5000000000
11871  6.480  -59.292  19.984 0.5000000000
11159  9.295  -61.042  17.518 0.5000000000
11142  8.686  -60.232  18.279 0.5000000000
10445  7.615  -61.234  18.206 0.5000000000
10447  6.510  -61.029  19.326 0.5000000000
12645  7.430  -57.567  19.917 0.5000000000
14140  8.076  -56.543  20.056 0.5000000000
12661  10.355  -58.566  18.983 0.5000000000
12644  8.220  -57.360  19.561 0.5000000000
11870  6.756  -58.810  19.849 0.5000000000
11887  10.061  -59.399  18.629 0.5000000000
11888  8.931  -59.326  18.659 0.5000000000
11889  7.833  -59.282  18.869 0.5000000000
11158  10.281  -60.886  17.480 0.5000000000
11141  9.740  -60.214  18.223 0.5000000000
13406  9.494  -57.554  19.266 0.5000000000
11066  12.638  -61.128  24.465 0.6000000238
11067  11.181  -61.164  24.804 0.6000000238
163826  13.381  -60.619  24.007 0.5000000000
144584  13.145  -60.816  25.865 0.6999999881
11048  11.634  -60.813  25.468 0.6000000238
11049  10.735  -60.513  25.293 0.6000000238
11753  11.248  -59.727  26.544 0.6999999881
11034  14.484  -60.591  26.801 0.6000000238
154675  12.866  -60.611  26.534 0.6999999881
11036  11.656  -60.332  26.148 0.6999999881
12549  9.770  -59.069  25.413 0.6999999881
11741  11.637  -59.563  27.400 0.8000000119
11033  15.353  -60.367  26.990 0.5000000000
11045  14.952  -60.439  25.974 0.5000000000
157583  12.169  -60.244  26.832 0.8000000119
11024  13.977  -60.570  27.549 0.6000000238
12507  12.414  -59.036  29.228 0.6999999881
11751  16.455  -59.571  26.642 0.5000000000
11771  15.534  -59.981  25.616 0.5000000000
11729  12.866  -59.751  28.773 0.6999999881
12521  11.206  -58.864  27.933 0.6999999881
11739  13.405  -60.270  28.194 0.6999999881
11023  14.875  -60.412  27.720 0.6999999881
12493  11.994  -58.248  29.599 0.6999999881
11711  13.240  -59.289  29.480 0.6999999881
154911  16.388  -59.427  27.472 0.6000000238
11013  14.302  -60.256  28.376 0.8000000119
17285  10.763  -53.161  24.673 0.6999999881
16436  11.188  -53.953  25.112 0.8000000119
14871  17.728  -55.344  27.820 0.4000000060
157524  13.123  -57.245  30.265 0.6999999881
13288  17.866  -57.309  27.353 0.5000000000
12492  12.776  -58.547  29.863 0.6999999881
12520  17.000  -58.802  27.469 0.6000000238
11725  16.439  -58.832  28.061 0.6000000238
11728  13.740  -59.856  28.945 0.6999999881
11726  15.756  -59.444  28.300 0.8000000119
12506  15.045  -59.274  29.064 0.8000000119
25953  8.127  -42.450  28.422 0.5000000000
25025  8.812  -43.151  28.515 0.5000000000
25024  9.534  -43.898  28.250 0.5000000000
21494  10.539  -47.618  23.606 0.5000000000
19749  10.599  -49.005  23.537 0.6000000238
20576  10.786  -48.219  23.435 0.6000000238
21490  10.006  -47.514  23.973 0.6000000238
150863  9.991  -48.012  26.533 0.6000000238
155182  9.759  -50.884  23.584 0.6999999881
147448  10.380  -48.753  23.407 0.6999999881
18941  10.369  -51.356  24.061 0.6999999881
160990  9.235  -51.314  23.562 0.6999999881
14842  13.744  -55.916  29.096 0.6999999881
14874  12.893  -55.509  26.943 0.6999999881
15646  11.961  -55.466  25.412 0.8000000119
14042  17.230  -55.779  28.195 0.5000000000
13255  13.740  -57.223  29.944 0.6999999881
14043  16.921  -56.470  28.240 0.6000000238
13254  14.232  -57.729  29.702 0.8000000119
12505  15.729  -58.767  28.653 0.6999999881
14022  14.389  -57.075  29.289 0.8000000119
12490  14.411  -58.513  29.588 0.8000000119
25954  7.618  -41.883  28.538 0.5000000000
25964  7.445  -41.463  28.001 0.6000000238
26848  7.409  -40.775  27.570 0.5000000000
26847  7.864  -41.638  27.307 0.6000000238
25030  8.516  -42.729  27.549 0.6000000238
24093  9.728  -44.316  27.219 0.6000000238
25032  8.918  -43.101  26.631 0.6000000238
23277  10.095  -45.087  26.758 0.5000000000
22402  10.991  -46.595  23.880 0.5000000000
22403  10.600  -46.274  24.250 0.5000000000
21488  11.522  -46.981  24.271 0.6000000238
137010  10.125  -46.161  24.799 0.6000000238
21484  9.682  -47.708  24.467 0.6999999881
22366  10.430  -46.039  27.139 0.6000000238
20564  11.478  -48.762  25.109 0.6000000238
19742  11.010  -49.405  24.262 0.6999999881
18946  9.106  -50.655  23.389 0.6999999881
20571  9.223  -49.106  23.554 0.6999999881
159137  8.701  -49.223  23.871 0.8000000119
144706  9.824  -47.563  25.380 0.6999999881
19737  11.451  -49.745  25.295 0.6999999881
18092  11.065  -51.950  24.546 0.6999999881
18931  11.517  -50.805  25.348 0.6999999881
151666  11.434  -52.966  24.823 0.8000000119
17264  12.292  -54.270  25.412 0.8000000119
17284  11.602  -54.131  25.128 0.8000000119
14855  16.492  -55.833  28.367 0.5000000000
17242  15.246  -53.081  28.448 0.6000000238
14873  13.384  -55.495  27.187 0.8000000119
16421  13.069  -54.838  26.186 0.8000000119
13269  16.534  -57.255  28.270 0.6000000238
157728  15.718  -54.426  28.438 0.6999999881
14872  13.933  -55.505  27.452 0.8000000119
14856  15.404  -56.053  28.337 0.6999999881
162123  14.761  -56.252  28.405 0.6999999881
13271  14.969  -57.733  29.146 0.8000000119
27721  6.550  -39.856  28.646 0.4000000060
160065  6.868  -40.181  28.000 0.5000000000
161571  8.087  -40.511  26.656 0.4000000060
159802  8.398  -42.344  26.940 0.5000000000
25041  9.098  -43.177  25.963 0.5000000000
22394  11.282  -46.423  24.146 0.5000000000
23290  10.090  -45.209  24.793 0.6000000238
24102  9.613  -44.576  26.023 0.6000000238
143372  12.164  -46.906  25.228 0.6000000238
22388  10.043  -46.457  25.400 0.6999999881
142120  10.045  -45.615  26.001 0.6999999881
139344  11.993  -48.324  25.748 0.6000000238
147472  12.049  -53.087  25.314 0.8000000119
145306  14.552  -52.695  28.180 0.6999999881
16414  14.254  -54.654  27.410 0.6999999881
16415  13.572  -54.808  26.788 0.8000000119
17251  13.404  -53.598  26.789 0.8000000119
15633  15.113  -55.303  28.178 0.6999999881
28688  6.679  -39.216  28.200 0.4000000060
28677  6.218  -38.640  29.093 0.4000000060
141629  6.217  -39.398  29.539 0.4000000060
28700  7.583  -39.142  26.997 0.5000000000
27730  7.186  -39.732  27.549 0.4000000060
27703  5.980  -39.243  30.542 0.5000000000
25970  8.664  -42.168  26.333 0.5000000000
25980  9.884  -42.353  25.083 0.5000000000
163353  9.464  -43.017  25.471 0.5000000000
26866  10.185  -41.276  24.892 0.5000000000
24111  9.718  -44.462  25.440 0.6999999881
20563  11.927  -49.127  26.125 0.6000000238
18077  12.355  -51.807  26.233 0.8000000119
18053  14.340  -51.728  28.254 0.6000000238
18062  13.610  -51.558  27.773 0.6000000238
151772  13.728  -50.048  27.899 0.6999999881
18900  12.605  -50.720  26.957 0.6999999881
17250  14.116  -53.650  27.435 0.6999999881
29638  6.283  -38.401  31.350 0.3000000119
29719  7.473  -37.737  27.194 0.4000000060
29708  6.934  -36.848  28.015 0.3000000119
29709  6.580  -37.875  28.522 0.4000000060
29699  6.408  -37.387  29.484 0.4000000060
28659  6.069  -38.167  30.115 0.4000000060
147916  6.402  -37.726  30.638 0.5000000000
27743  8.319  -39.822  26.368 0.4000000060
29637  6.771  -38.071  31.285 0.3000000119
142510  8.425  -40.845  26.399 0.4000000060
26865  10.571  -41.936  24.599 0.5000000000
27757  8.925  -40.464  25.857 0.4000000060
26864  11.187  -42.113  24.257 0.6000000238
156753  8.937  -39.670  25.761 0.4000000060
26881  11.017  -41.173  24.231 0.4000000060
27756  9.528  -40.870  25.414 0.5000000000
18918  12.033  -50.811  26.163 0.6999999881
147865  13.323  -52.371  27.182 0.6999999881
27687  5.737  -39.446  31.529 0.4000000060
30613  6.827  -36.886  29.924 0.4000000060
29658  7.420  -37.926  30.837 0.3000000119
29740  8.411  -37.840  26.062 0.3000000119
144795  9.475  -39.978  25.410 0.4000000060
28754  10.955  -39.227  24.117 0.4000000060
29757  10.315  -38.839  24.523 0.4000000060
30672  7.186  -35.643  28.448 0.3000000119
30663  7.002  -35.442  29.171 0.3000000119
30664  6.876  -36.354  29.556 0.4000000060
149873  7.520  -36.586  29.739 0.3000000119
29679  7.177  -36.837  29.918 0.3000000119
30689  7.481  -36.141  27.527 0.3000000119
29739  8.978  -38.014  25.535 0.3000000119
144326  10.130  -37.872  24.561 0.3000000119
30719  9.403  -37.053  25.136 0.3000000119
29771  10.781  -38.190  24.097 0.3000000119
30636  7.253  -35.659  29.392 0.3000000119
29698  8.385  -37.963  29.322 0.3000000119
31635  7.557  -35.468  28.578 0.3000000119
30662  8.041  -36.542  28.992 0.3000000119
30718  10.124  -36.851  24.499 0.3000000119
30732  10.818  -37.020  23.908 0.3000000119
29611  7.390  -38.494  31.839 0.3000000119
31649  7.958  -35.282  27.663 0.3000000119
30661  8.579  -36.447  28.042 0.3000000119
149443  9.966  -34.945  24.965 0.3000000119
9050  11.652  -63.713  23.196 0.6000000238
8378  10.648  -63.980  22.788 0.6999999881
8362  10.148  -64.694  23.477 0.6999999881
155146  9.416  -65.164  23.429 0.6999999881
25969  9.152  -42.393  25.777 0.4000000060
25052  9.916  -43.290  25.016 0.6000000238
29678  7.751  -37.722  30.207 0.3000000119
4292  18.733  -71.230  22.456 0.6999999881
6353  17.123  -67.504  25.026 0.6999999881
4289  21.942  -71.926  23.155 0.8000000119
1550  21.218  -78.153  19.036 0.6000000238
1886  22.737  -77.783  19.559 0.6999999881
5758  21.980  -68.883  23.350 0.6000000238
9000  16.834  -63.390  26.480 0.6999999881
159209  24.405  -74.874  20.909 0.8000000119
1885  23.688  -77.666  19.419 0.6999999881
1884  24.715  -77.519  19.165 0.8000000119
9747  6.195  -62.519  22.675 0.6999999881
9070  10.746  -63.542  22.047 0.5000000000
8381  7.486  -65.006  22.146 0.6000000238
139938  8.054  -61.814  24.113 0.6000000238
9798  6.458  -62.901  19.605 0.6999999881
159368  16.062  -62.797  24.088 0.8000000119
9780  13.472  -62.406  20.701 0.5000000000
148075  12.533  -62.476  20.481 0.6000000238
9168  8.390  -63.170  17.430 0.6000000238
14044  14.372  -56.327  28.647 0.8000000119
428  20.402  -82.345  20.317 0.4000000060
416  21.052  -82.493  21.754 0.4000000060
645  21.778  -81.269  18.913 0.3000000119
433  19.849  -82.341  19.639 0.4000000060
143918  19.746  -82.478  20.506 0.4000000060
423  19.791  -82.505  21.141 0.4000000060
913  25.779  -80.249  20.119 0.4000000060
915  24.670  -80.845  20.737 0.5000000000
138755  23.983  -81.385  21.341 0.5000000000
923  24.830  -80.586  19.774 0.3000000119
632  24.008  -81.006  20.333 0.4000000060
634  22.350  -81.784  20.859 0.4000000060
924  24.181  -80.623  19.241 0.3000000119
639  22.107  -81.520  19.806 0.3000000119
422  21.280  -82.156  20.648 0.3000000119
644  22.612  -80.971  18.881 0.3000000119
922  25.568  -80.293  19.380 0.4000000060
1241  26.384  -79.793  20.129 0.4000000060
1233  26.478  -79.557  21.297 0.5000000000
930  25.883  -79.889  18.375 0.3000000119
932  23.506  -80.615  18.569 0.3000000119
942  22.679  -80.385  16.939 0.4000000060
941  23.673  -80.219  17.277 0.3000000119
1273  23.046  -79.298  15.422 0.4000000060
950  22.801  -79.977  15.883 0.4000000060
1278  22.262  -79.390  14.992 0.4000000060
1247  27.178  -79.323  19.328 0.4000000060
1548  27.877  -78.841  18.744 0.4000000060
929  26.509  -79.654  18.359 0.4000000060
145396  26.991  -79.444  17.867 0.4000000060
1547  28.678  -78.383  18.163 0.5000000000
939  25.236  -79.945  17.732 0.4000000060
161519  26.617  -79.080  16.849 0.4000000060
949  23.398  -79.768  16.166 0.4000000060
1272  23.798  -79.144  15.792 0.5000000000
160218  25.734  -78.965  16.474 0.4000000060
1277  23.434  -79.022  15.424 0.4000000060
1568  20.351  -78.261  17.325 0.6000000238
1901  29.887  -77.241  17.420 0.6000000238
1902  29.341  -77.523  17.338 0.6000000238
157475  26.891  -78.762  16.929 0.6000000238
1904  27.588  -78.174  17.088 0.6000000238
144183  26.541  -78.229  16.997 0.6000000238
1892  26.957  -77.422  17.568 0.6999999881
1565  25.094  -78.623  16.434 0.5000000000
1566  24.704  -77.919  17.139 0.6000000238
1893  25.789  -77.541  18.113 0.6999999881
150188  29.877  -75.387  16.783 0.6999999881
2625  28.734  -75.235  17.459 0.6999999881
2633  29.708  -76.458  17.001 0.6000000238
2634  28.603  -76.185  17.519 0.6999999881
2992  26.293  -74.909  19.268 0.6999999881
2993  25.582  -74.810  19.774 0.6999999881
3386  24.143  -73.876  20.651 0.6999999881
2245  26.985  -76.525  18.398 0.6999999881
2627  26.792  -75.609  18.844 0.6999999881
1883  26.180  -76.953  18.844 0.6999999881
3410  27.765  -73.872  17.390 0.5000000000
3411  26.880  -73.529  17.375 0.6000000238
2626  27.733  -75.273  18.227 0.6999999881
154872  26.396  -73.771  18.532 0.6000000238
3393  25.303  -73.942  19.505 0.6999999881
3401  25.596  -73.567  18.660 0.6999999881
147360  27.662  -76.064  18.176 0.6999999881
3394  24.582  -73.669  19.867 0.6999999881
139140  26.264  -73.413  18.022 0.6000000238
146972  25.736  -73.420  17.067 0.6000000238
142910  24.167  -73.265  19.349 0.6000000238
139745  24.637  -73.340  18.226 0.6000000238
147309  22.887  -69.480  21.471 0.5000000000
5748  16.662  -67.733  24.247 0.6000000238
5760  17.141  -68.586  23.927 0.6000000238
3395  24.038  -73.235  19.929 0.6000000238
3872  23.577  -72.237  20.606 0.6000000238
4764  23.291  -70.616  20.330 0.5000000000
4765  23.176  -70.059  20.963 0.5000000000
7007  16.526  -66.948  25.960 0.6000000238
6338  16.705  -67.145  25.451 0.6000000238
6354  16.237  -67.352  24.571 0.6000000238
3403  23.971  -73.205  18.457 0.6000000238
158666  23.511  -71.903  19.890 0.5000000000
4312  23.473  -71.410  20.521 0.5000000000
154451  14.958  -66.000  28.258 0.6000000238
7633  15.377  -65.264  28.004 0.6000000238
6973  15.684  -66.105  27.931 0.6000000238
6989  16.297  -66.816  27.017 0.6000000238
147081  16.808  -66.359  26.761 0.6000000238
8299  16.652  -64.359  27.353 0.6000000238
160571  16.752  -65.435  27.391 0.6000000238
7048  20.169  -65.997  22.392 0.6000000238
139546  23.738  -72.974  19.106 0.6000000238
7634  14.580  -65.401  28.059 0.6000000238
8313  13.698  -64.363  26.816 0.6000000238
8300  15.832  -64.440  27.595 0.6000000238
9016  14.403  -63.408  25.868 0.6000000238
8994  15.409  -63.866  27.220 0.6000000238
9038  14.318  -63.248  25.028 0.5000000000
9001  15.858  -63.388  26.574 0.6000000238
9015  15.289  -63.178  25.654 0.5000000000
6307  14.505  -67.679  28.175 0.6999999881
148022  14.244  -66.394  28.226 0.6000000238
8302  14.154  -64.777  27.528 0.6000000238
9017  13.684  -63.569  25.592 0.6000000238
9039  13.440  -63.462  24.712 0.6000000238
6326  10.110  -67.440  26.932 0.6000000238
7635  13.782  -65.603  27.765 0.6000000238
145508  13.483  -65.013  27.183 0.6000000238
8333  12.522  -64.412  25.696 0.5000000000
7645  12.399  -65.675  26.446 0.6000000238
7662  11.362  -65.684  25.415 0.6000000238
6993  10.534  -67.290  26.125 0.6000000238
6341  10.041  -67.292  26.285 0.6000000238
6990  13.228  -66.638  27.711 0.6000000238
8350  11.975  -64.212  24.638 0.6000000238
7661  12.061  -65.134  25.921 0.6000000238
8334  11.744  -64.686  25.202 0.5000000000
7671  10.949  -65.231  24.820 0.6000000238
7010  10.153  -66.951  25.626 0.5000000000
7011  9.335  -66.932  25.708 0.5000000000
8361  11.038  -64.283  23.694 0.6000000238
8352  10.536  -64.922  24.201 0.6000000238
7672  10.173  -65.853  24.519 0.6000000238
7022  8.921  -66.727  24.937 0.6000000238
7023  8.302  -66.587  24.841 0.6999999881
152818  8.774  -65.287  26.482 0.6999999881
8316  8.685  -64.365  26.293 0.6999999881
9004  9.038  -63.577  26.569 0.6999999881
7686  9.768  -65.488  23.949 0.6000000238
7674  8.522  -66.462  24.367 0.6999999881
7675  7.108  -65.790  24.482 0.6999999881
7013  7.774  -66.173  25.128 0.6999999881
7649  7.793  -65.320  25.550 0.6999999881
8335  7.301  -64.468  25.355 0.6000000238
7689  7.103  -65.824  23.754 0.6000000238
5793  22.035  -68.253  20.804 0.5000000000
5783  22.207  -68.247  21.853 0.5000000000
138815  20.981  -67.339  20.778 0.5000000000
6390  21.576  -67.660  21.280 0.5000000000
6391  21.002  -67.041  21.506 0.6000000238
7078  19.087  -66.794  19.594 0.6000000238
163381  20.016  -67.004  20.115 0.6000000238
7068  20.316  -66.880  20.717 0.6000000238
7057  20.302  -66.490  21.558 0.6000000238
7718  19.340  -65.477  22.026 0.6000000238
7070  18.753  -66.315  19.978 0.5000000000
7728  18.423  -65.715  20.451 0.6000000238
7707  18.951  -64.820  22.538 0.6000000238
7729  17.725  -65.245  20.197 0.6000000238
8406  17.459  -64.567  20.661 0.5000000000
8389  18.300  -64.578  21.938 0.6000000238
154578  18.367  -64.313  22.654 0.6000000238
8429  16.489  -63.943  19.703 0.5000000000
9085  17.196  -63.607  21.785 0.6000000238
138452  15.195  -62.558  21.958 0.5000000000
9763  15.195  -62.600  21.068 0.5000000000
9067  16.359  -62.796  22.751 0.6000000238
139532  16.566  -63.044  22.019 0.6000000238
1894  25.016  -77.726  17.999 0.6999999881
6379  21.596  -67.438  22.364 0.5000000000
8351  11.336  -64.518  24.454 0.6000000238
7037  7.792  -66.278  24.400 0.6999999881
6380  20.907  -66.683  22.384 0.6000000238
9066  17.211  -63.256  22.793 0.6000000238
9087  15.923  -62.810  21.509 0.6000000238
159609  21.388  -81.671  19.597 0.3000000119
638  23.164  -81.200  19.816 0.3000000119
633  23.219  -81.543  21.063 0.4000000060
933  22.923  -80.578  17.967 0.3000000119
148602  24.411  -80.311  18.092 0.4000000060
940  24.566  -79.809  17.049 0.4000000060
1256  25.866  -79.591  17.481 0.3000000119
1554  28.048  -78.686  17.774 0.5000000000
1553  28.727  -78.136  17.403 0.6000000238
1263  25.360  -79.382  16.773 0.5000000000
1564  26.042  -78.700  16.642 0.5000000000
1573  24.103  -78.831  16.015 0.5000000000
2244  28.122  -77.215  17.336 0.6000000238
3000  27.802  -74.360  17.934 0.6999999881
8314  12.886  -64.837  26.484 0.6000000238
146517  8.616  -62.977  26.448 0.6000000238
7069  19.508  -66.672  20.216 0.6000000238
137231  17.438  -65.306  19.479 0.5000000000
157694  19.558  -66.038  21.468 0.6000000238
7059  18.847  -65.622  21.228 0.6000000238
7733  18.039  -65.884  19.586 0.5000000000
7720  18.156  -65.040  21.070 0.6000000238
7735  16.913  -64.947  18.966 0.5000000000
8391  17.198  -63.951  21.063 0.5000000000
9112  15.845  -63.019  20.718 0.5000000000
1796  18.424  -77.227  31.262 0.4000000060
1802  19.628  -77.113  30.618 0.4000000060
141274  18.748  -77.417  30.549 0.5000000000
1148  18.169  -79.540  32.980 0.5000000000
814  18.316  -80.654  33.176 0.5000000000
149839  17.920  -82.918  32.973 0.5000000000
1455  17.622  -78.583  32.233 0.5000000000
1454  18.134  -77.850  32.464 0.5000000000
1801  20.666  -77.405  30.698 0.4000000060
150626  21.011  -78.364  30.436 0.4000000060
161285  20.467  -78.550  30.084 0.5000000000
902  18.966  -80.403  22.308 0.3000000119
1228  18.373  -79.581  22.197 0.3000000119
909  17.770  -80.825  21.208 0.3000000119
627  19.162  -82.115  21.444 0.3000000119
151809  18.737  -79.084  33.565 0.4000000060
1141  18.830  -79.975  33.431 0.5000000000
542  19.716  -81.734  33.703 0.5000000000
1449  18.500  -77.938  33.313 0.4000000060
1780  18.513  -77.024  32.609 0.4000000060
2132  19.556  -76.487  31.383 0.3000000119
2493  19.697  -75.884  32.567 0.3000000119
139995  21.900  -81.232  30.072 0.4000000060
1461  21.524  -77.825  31.105 0.3000000119
1468  21.904  -78.880  30.825 0.4000000060
160406  21.417  -79.048  30.406 0.5000000000
1460  22.303  -78.525  31.478 0.3000000119
1227  19.702  -80.111  22.661 0.3000000119
1229  17.616  -78.786  22.145 0.3000000119
618  19.033  -81.350  21.895 0.3000000119
617  19.859  -81.966  22.036 0.3000000119
424  19.306  -82.411  21.119 0.3000000119
1448  18.920  -78.580  34.154 0.3000000119
1140  19.244  -79.774  33.967 0.4000000060
153453  18.755  -77.476  33.996 0.3000000119
1785  22.129  -77.564  32.320 0.3000000119
834  22.828  -80.709  30.652 0.4000000060
562  22.926  -81.973  30.119 0.4000000060
152841  22.638  -79.208  31.222 0.4000000060
1453  22.616  -78.360  32.143 0.3000000119
140188  21.085  -79.278  23.177 0.4000000060
1219  20.218  -79.425  23.041 0.4000000060
1220  19.386  -78.834  23.097 0.4000000060
1526  18.627  -77.930  23.566 0.4000000060
1859  18.020  -77.443  24.270 0.4000000060
1847  17.777  -77.375  25.108 0.5000000000
893  20.770  -80.408  22.737 0.3000000119
901  19.527  -81.058  22.317 0.3000000119
899  20.977  -81.460  22.519 0.3000000119
410  20.546  -82.423  21.975 0.3000000119
421  21.858  -82.270  21.721 0.3000000119
1442  19.008  -77.620  34.770 0.3000000119
824  24.524  -80.790  31.039 0.3000000119
561  24.493  -81.640  30.310 0.3000000119
570  23.998  -82.002  29.405 0.4000000060
580  23.434  -82.476  29.007 0.4000000060
1447  22.809  -78.127  32.989 0.3000000119
1156  23.911  -80.019  31.540 0.3000000119
1452  23.363  -79.001  32.599 0.3000000119
1459  23.153  -79.200  31.757 0.3000000119
150636  19.888  -78.966  27.544 0.5000000000
1185  20.650  -79.611  27.674 0.5000000000
1855  24.378  -77.807  23.450 0.3000000119
1521  23.595  -78.462  23.319 0.3000000119
1523  21.658  -78.526  23.467 0.3000000119
1524  20.235  -78.584  23.431 0.4000000060
1835  19.033  -76.845  25.477 0.5000000000
1494  18.290  -77.796  26.671 0.5000000000
146586  22.142  -79.453  23.117 0.3000000119
1525  19.495  -77.915  23.732 0.4000000060
1858  18.801  -77.493  24.219 0.4000000060
1846  18.513  -77.175  24.899 0.5000000000
1836  18.367  -77.116  25.675 0.5000000000
606  22.411  -81.571  22.749 0.3000000119
616  20.772  -82.073  22.296 0.3000000119
142983  22.074  -81.999  22.396 0.3000000119
414  22.431  -82.034  22.386 0.3000000119
625  23.310  -81.867  22.114 0.4000000060
560  25.007  -81.648  30.033 0.3000000119
843  24.284  -81.397  29.424 0.4000000060
161894  23.101  -78.315  33.674 0.3000000119
150966  24.036  -79.632  32.217 0.3000000119
823  25.319  -80.510  31.467 0.3000000119
854  23.608  -81.636  28.910 0.4000000060
1147  24.138  -79.577  33.105 0.3000000119
861  21.931  -81.163  28.149 0.4000000060
862  21.362  -80.385  27.879 0.5000000000
1486  21.292  -78.207  28.107 0.4000000060
1182  21.504  -79.237  28.128 0.5000000000
142378  25.751  -76.112  23.965 0.3000000119
1488  19.485  -78.082  27.444 0.5000000000
1487  20.531  -78.418  27.762 0.5000000000
1856  23.637  -77.346  23.489 0.3000000119
2172  19.879  -76.330  26.818 0.4000000060
1819  19.976  -77.137  27.546 0.5000000000
1854  25.276  -78.274  23.822 0.3000000119
143792  22.874  -77.711  23.543 0.4000000060
1843  22.339  -77.231  23.956 0.4000000060
2180  20.173  -76.255  26.193 0.5000000000
1820  19.049  -77.280  27.083 0.5000000000
1217  23.081  -79.547  23.202 0.3000000119
1857  21.211  -77.795  23.925 0.4000000060
1509  20.343  -77.792  23.906 0.5000000000
158649  20.634  -77.086  24.582 0.5000000000
891  23.305  -81.674  23.241 0.3000000119
890  24.032  -81.859  23.934 0.4000000060
603  24.261  -81.991  24.026 0.3000000119
401  23.270  -81.955  23.115 0.4000000060
407  23.206  -82.018  22.876 0.4000000060
3404  18.168  -74.344  18.141 0.5000000000
157136  24.045  -81.690  22.169 0.3000000119
1133  23.914  -79.469  34.560 0.3000000119
147130  24.538  -80.617  29.487 0.3000000119
1139  24.244  -79.688  33.980 0.3000000119
1480  23.821  -78.532  29.055 0.3000000119
1482  22.079  -78.352  28.363 0.5000000000
1812  21.552  -77.322  28.108 0.4000000060
1811  22.703  -77.449  28.394 0.3000000119
2571  27.157  -75.362  24.628 0.3000000119
140166  21.264  -76.401  27.600 0.5000000000
2583  24.963  -76.491  23.627 0.3000000119
2171  20.730  -75.877  26.798 0.4000000060
151885  21.098  -75.879  27.207 0.4000000060
2203  22.972  -76.891  23.817 0.4000000060
2192  22.232  -76.510  24.468 0.4000000060
2193  21.292  -76.527  24.942 0.4000000060
2179  20.979  -76.075  25.832 0.4000000060
1520  24.518  -78.907  23.574 0.3000000119
1519  25.199  -79.688  24.326 0.3000000119
2194  20.580  -76.488  25.340 0.5000000000
884  24.838  -81.848  24.490 0.3000000119
598  25.362  -81.797  24.636 0.4000000060
602  25.254  -82.031  24.159 0.4000000060
2996  18.677  -74.513  18.893 0.5000000000
144292  24.525  -81.699  22.640 0.4000000060
610  25.807  -81.469  23.517 0.5000000000
3003  18.590  -75.024  18.006 0.5000000000
1138  24.822  -79.880  33.643 0.3000000119
6323  15.296  -67.860  26.024 0.5000000000
1817  22.212  -76.589  27.956 0.3000000119
2150  23.061  -76.650  28.204 0.3000000119
6355  15.481  -67.281  24.700 0.5000000000
5735  14.707  -68.500  25.703 0.6000000238
2560  27.942  -75.447  25.111 0.3000000119
2572  26.260  -75.274  24.287 0.3000000119
146717  27.578  -76.220  24.861 0.3000000119
2573  24.941  -75.726  23.747 0.3000000119
2574  24.463  -75.140  23.988 0.3000000119
2551  21.798  -75.642  26.835 0.4000000060
2160  21.930  -75.960  27.402 0.4000000060
161296  17.420  -69.320  23.532 0.5000000000
4688  13.530  -70.300  27.475 0.5000000000
2202  23.687  -76.477  23.720 0.3000000119
2191  23.113  -76.119  24.204 0.3000000119
2575  22.630  -75.738  24.877 0.3000000119
2561  23.134  -75.083  25.135 0.3000000119
4746  17.700  -70.344  22.599 0.5000000000
1508  25.974  -79.336  24.678 0.3000000119
1205  25.810  -80.642  25.050 0.3000000119
4301  18.386  -71.531  21.661 0.5000000000
158254  26.430  -81.128  25.274 0.3000000119
3388  18.670  -73.248  20.257 0.5000000000
882  27.311  -80.843  25.415 0.4000000060
3396  18.973  -73.935  20.135 0.6000000238
888  27.328  -81.005  24.815 0.4000000060
896  26.921  -80.889  23.960 0.5000000000
2618  19.184  -75.026  19.448 0.5000000000
1225  26.954  -79.978  23.006 0.4000000060
897  26.302  -80.639  22.938 0.3000000119
623  25.054  -81.219  22.117 0.4000000060
2628  19.221  -75.983  19.230 0.6000000238
2209  27.552  -76.788  22.352 0.3000000119
141413  26.789  -78.108  22.020 0.4000000060
1226  26.426  -79.916  22.185 0.4000000060
898  25.622  -80.807  22.186 0.3000000119
2246  18.818  -77.002  18.747 0.6000000238
2629  18.730  -75.943  18.096 0.5000000000
2591  27.626  -76.087  22.144 0.3000000119
1870  26.902  -77.650  21.648 0.5000000000
1541  26.773  -78.677  21.368 0.4000000060
162901  26.799  -79.306  20.410 0.4000000060
1899  18.796  -77.617  18.140 0.6000000238
2595  27.955  -75.381  21.772 0.3000000119
2596  27.489  -76.073  21.511 0.5000000000
1875  27.227  -78.049  20.518 0.4000000060
1545  27.328  -78.858  19.856 0.4000000060
2605  27.975  -75.294  20.990 0.4000000060
1874  28.016  -77.549  19.695 0.5000000000
1882  28.100  -78.402  19.169 0.4000000060
1881  28.987  -77.920  18.513 0.5000000000
5728  15.049  -68.481  26.833 0.6000000238
5187  14.520  -69.184  26.524 0.6000000238
2927  29.026  -74.751  26.278 0.3000000119
2939  27.540  -74.650  24.940 0.3000000119
2948  26.727  -74.588  24.552 0.3000000119
140772  25.347  -75.125  24.003 0.3000000119
5714  14.804  -68.244  27.707 0.6000000238
5178  13.782  -69.676  27.754 0.6000000238
2559  28.782  -75.721  25.767 0.3000000119
2950  24.981  -74.347  24.237 0.3000000119
2951  24.300  -74.364  24.399 0.3000000119
5179  13.221  -69.337  28.300 0.6000000238
2169  29.969  -76.529  27.056 0.3000000119
148509  23.900  -74.979  24.263 0.3000000119
148459  23.383  -75.347  24.494 0.3000000119
5167  12.691  -69.640  28.637 0.6000000238
1204  26.596  -80.285  25.405 0.3000000119
6293  11.450  -67.931  29.698 0.6000000238
5699  11.693  -68.804  29.447 0.6000000238
5696  11.549  -68.499  30.497 0.6000000238
138616  11.547  -67.981  31.336 0.5000000000
1518  27.680  -79.377  23.210 0.4000000060
141768  27.089  -78.665  22.420 0.4000000060
2616  28.628  -75.346  19.936 0.4000000060
146785  29.133  -76.301  19.208 0.5000000000
143761  29.764  -74.071  27.394 0.3000000119
3322  29.000  -73.855  26.950 0.3000000119
155821  28.548  -74.070  26.068 0.3000000119
3331  27.800  -73.861  25.429 0.3000000119
3343  26.375  -73.823  24.569 0.3000000119
3344  25.504  -73.628  24.442 0.3000000119
3345  24.594  -73.077  24.742 0.3000000119
6306  15.142  -67.622  27.838 0.5000000000
2548  29.505  -75.650  26.590 0.3000000119
2170  29.400  -76.686  26.482 0.3000000119
6308  13.789  -67.951  28.272 0.5000000000
5715  13.773  -68.858  28.104 0.6000000238
2535  30.071  -75.668  27.183 0.3000000119
2952  23.704  -74.495  24.708 0.3000000119
140044  12.976  -68.549  28.257 0.6000000238
2158  30.490  -76.443  27.393 0.3000000119
5706  12.078  -68.903  28.790 0.6000000238
1213  28.302  -79.951  24.296 0.3000000119
1203  28.488  -80.230  25.456 0.3000000119
7599  11.859  -65.436  30.965 0.6000000238
6309  12.030  -68.202  27.820 0.6000000238
6324  11.692  -67.620  27.154 0.5000000000
6310  11.370  -67.714  27.420 0.6000000238
161430  11.224  -67.519  29.020 0.6000000238
6959  11.509  -66.882  29.893 0.6000000238
6953  11.921  -66.437  30.931 0.6000000238
149555  11.878  -64.825  29.795 0.6000000238
137681  11.928  -65.704  30.274 0.6000000238
8287  11.694  -63.911  29.935 0.5000000000
6976  12.778  -67.732  27.870 0.5000000000
6991  12.249  -66.663  26.829 0.5000000000
6294  10.835  -67.431  28.181 0.5000000000
138763  11.350  -65.966  29.199 0.6000000238
9682  10.275  -62.128  28.599 0.5000000000
9688  9.239  -61.880  27.287 0.6000000238
10332  9.772  -61.754  28.073 0.6000000238
10326  9.889  -61.355  28.911 0.5000000000
10333  9.280  -60.959  28.004 0.6000000238
11002  9.446  -60.520  29.267 0.6000000238
6325  10.711  -67.541  26.740 0.5000000000
145435  10.634  -65.484  28.367 0.5000000000
8303  10.486  -64.466  28.057 0.5000000000
8294  11.102  -64.446  28.685 0.6000000238
8304  9.872  -64.416  27.358 0.6000000238
8995  10.336  -63.542  27.808 0.5000000000
163428  10.976  -63.009  28.877 0.5000000000
8996  9.710  -63.514  27.077 0.6000000238
162688  6.543  -65.217  24.537 0.6000000238
9692  9.242  -62.746  26.851 0.6000000238
11026  8.488  -60.307  27.428 0.5000000000
158774  11.347  -55.998  31.121 0.5000000000
7646  11.717  -66.208  26.057 0.5000000000
6967  9.929  -66.290  27.752 0.5000000000
141258  9.330  -65.338  27.036 0.6000000238
14808  11.449  -55.018  31.954 0.5000000000
14809  11.117  -55.508  32.561 0.6000000238
13995  11.472  -55.359  31.257 0.6000000238
14009  11.632  -55.735  30.740 0.6000000238
13996  11.170  -56.990  31.764 0.5000000000
14025  10.321  -56.048  29.849 0.5000000000
14026  9.523  -56.019  29.377 0.5000000000
152389  7.415  -58.679  26.929 0.5000000000
11744  7.870  -59.531  27.097 0.5000000000
16435  11.906  -55.048  25.251 0.6000000238
16423  11.431  -54.474  25.619 0.6999999881
16411  12.228  -53.933  27.722 0.6000000238
143053  11.497  -53.677  26.957 0.6999999881
18054  11.443  -51.971  28.577 0.6000000238
17233  11.231  -52.138  30.988 0.6000000238
17236  12.395  -53.047  28.888 0.6000000238
17244  11.828  -52.771  28.221 0.6000000238
16416  12.566  -55.230  27.098 0.6000000238
16410  12.698  -54.236  28.501 0.6000000238
16397  12.261  -53.248  30.217 0.6000000238
17232  11.792  -52.648  30.546 0.5000000000
16393  11.093  -53.501  32.069 0.6000000238
15635  12.986  -55.209  28.025 0.6000000238
15623  12.632  -53.980  29.994 0.6000000238
144133  11.788  -53.922  31.014 0.5000000000
16392  11.462  -53.372  31.444 0.6000000238
14843  13.103  -55.021  29.759 0.6000000238
15624  12.367  -54.438  30.459 0.6000000238
14008  12.632  -55.915  30.388 0.6000000238
14833  12.814  -55.179  30.239 0.6000000238
14024  11.134  -56.234  30.268 0.6000000238
13258  10.725  -56.546  29.583 0.5000000000
14844  8.830  -55.712  28.872 0.5000000000
14069  8.826  -56.352  27.236 0.5000000000
14070  8.037  -56.046  26.286 0.5000000000
14071  7.018  -55.586  25.521 0.5000000000
18064  11.193  -52.356  27.623 0.6000000238
18055  10.873  -51.429  28.297 0.6999999881
14832  13.340  -55.795  29.950 0.5000000000
13257  11.614  -57.268  29.913 0.6000000238
13273  10.463  -57.193  28.776 0.6000000238
14046  9.319  -56.097  28.488 0.5000000000
13291  9.580  -56.968  27.670 0.6000000238
138983  9.338  -57.141  26.751 0.5000000000
12534  9.517  -57.749  25.998 0.6000000238
13307  8.703  -56.921  25.859 0.6000000238
20556  13.010  -48.201  27.059 0.4000000060
18093  8.883  -51.905  24.353 0.6999999881
18933  6.745  -51.082  24.693 0.5000000000
18919  6.706  -51.141  25.577 0.5000000000
20540  13.226  -48.927  27.391 0.6000000238
20557  12.622  -49.021  26.902 0.5000000000
18901  8.433  -50.869  26.423 0.6000000238
150978  9.264  -50.711  27.488 0.5000000000
19711  13.909  -49.275  27.846 0.5000000000
17298  9.624  -52.405  24.278 0.6000000238
18079  9.189  -51.548  25.582 0.8000000119
17265  10.647  -53.428  25.192 0.6999999881
18065  10.478  -51.715  27.194 0.8000000119
18056  10.085  -50.817  28.028 0.6999999881
12509  10.837  -58.098  28.381 0.6000000238
13306  9.887  -57.699  27.040 0.6000000238
18920  5.859  -51.028  25.547 0.5000000000
145702  12.409  -48.448  26.422 0.5000000000
18109  7.854  -51.416  23.828 0.6999999881
18902  7.080  -50.776  26.705 0.5000000000
21461  14.903  -47.741  27.705 0.4000000060
21462  13.968  -47.748  27.396 0.4000000060
19696  14.787  -49.389  28.237 0.4000000060
18883  15.038  -50.302  28.449 0.5000000000
18052  15.282  -52.005  28.581 0.4000000060
19739  6.982  -50.502  24.697 0.5000000000
18921  5.539  -50.861  25.768 0.5000000000
21477  13.194  -47.404  26.834 0.3000000119
21478  12.465  -47.653  26.101 0.3000000119
18095  7.309  -51.286  24.009 0.6000000238
20520  15.925  -48.947  28.430 0.4000000060
18882  15.970  -50.354  28.690 0.4000000060
16408  15.865  -53.586  28.602 0.4000000060
19744  7.903  -49.837  24.068 0.6000000238
19753  7.970  -50.525  23.554 0.6000000238
18051  16.222  -51.763  28.757 0.4000000060
19738  7.936  -49.629  24.841 0.5000000000
19731  6.165  -50.320  25.639 0.5000000000
24101  15.090  -44.764  26.493 0.3000000119
23276  13.708  -45.462  26.221 0.3000000119
22387  12.529  -46.233  25.452 0.3000000119
22393  11.932  -46.277  24.717 0.4000000060
148419  16.823  -52.320  28.714 0.3000000119
16407  16.750  -53.248  28.641 0.4000000060
141158  17.155  -53.997  28.444 0.4000000060
24110  12.779  -44.813  25.216 0.4000000060
20566  8.687  -49.095  24.523 0.6000000238
19730  7.376  -49.657  25.525 0.4000000060
24116  12.141  -44.819  24.719 0.4000000060
161050  16.244  -43.628  25.977 0.3000000119
25038  15.685  -43.412  25.677 0.3000000119
20559  8.752  -49.064  25.625 0.5000000000
24117  11.311  -44.859  24.427 0.4000000060
147742  10.690  -45.390  24.411 0.4000000060
24119  9.952  -44.169  24.976 0.5000000000
147391  11.265  -43.812  24.430 0.4000000060
24118  10.566  -44.522  24.568 0.4000000060
28776  12.843  -39.340  22.838 0.3000000119
29769  12.138  -39.026  23.280 0.3000000119
28752  12.296  -39.957  23.306 0.3000000119
28753  11.569  -39.628  23.668 0.3000000119
29770  11.431  -38.696  23.665 0.3000000119
157008  6.391  -40.148  29.978 0.4000000060
29795  12.686  -38.341  22.818 0.3000000119
2940  23.459  -74.341  25.357 0.3000000119
1214  27.605  -80.408  24.017 0.4000000060
25996  11.730  -42.330  24.027 0.3000000119
12533  10.153  -58.396  26.541 0.6000000238
26773  5.446  -40.327  31.805 0.4000000060
18884  14.114  -50.739  28.213 0.5000000000
27793  11.685  -40.579  23.686 0.3000000119
141730  25.810  -80.273  20.982 0.3000000119
6966  10.420  -66.779  28.129 0.5000000000
2125  18.813  -76.626  31.807 0.4000000060
1462  17.899  -77.749  31.633 0.5000000000
543  18.949  -81.775  33.305 0.5000000000
835  21.183  -80.269  29.971 0.5000000000
149736  18.966  -79.488  22.613 0.4000000060
1779  18.756  -76.789  33.443 0.4000000060
1164  22.512  -79.685  30.842 0.4000000060
563  22.078  -82.348  29.722 0.4000000060
1221  18.322  -78.556  22.784 0.4000000060
1527  17.688  -77.844  23.490 0.4000000060
805  19.801  -80.607  34.381 0.3000000119
1777  22.180  -77.132  33.002 0.3000000119
825  23.677  -80.533  30.983 0.3000000119
146556  23.803  -82.069  30.077 0.4000000060
344  23.398  -82.346  29.555 0.4000000060
1218  21.763  -80.401  22.841 0.3000000119
147399  22.705  -80.585  23.022 0.4000000060
569  24.413  -81.860  29.721 0.4000000060
855  22.711  -81.234  28.476 0.4000000060
1826  19.231  -76.788  26.679 0.5000000000
3879  18.139  -72.877  19.678 0.5000000000
605  23.018  -81.981  23.027 0.4000000060
813  25.236  -79.955  32.494 0.3000000119
149397  23.838  -80.516  29.136 0.4000000060
143906  23.064  -80.395  28.633 0.4000000060
856  22.159  -80.255  28.300 0.5000000000
148555  20.803  -77.565  27.871 0.5000000000
2584  24.332  -76.030  23.708 0.3000000119
141172  23.535  -80.819  23.465 0.3000000119
149370  24.334  -81.022  24.060 0.3000000119
2619  18.915  -75.260  18.733 0.6000000238
1481  23.004  -78.492  28.620 0.3000000119
1180  23.413  -79.454  28.860 0.4000000060
2562  22.382  -75.521  25.853 0.3000000119
3873  18.873  -72.930  21.001 0.5000000000
154706  25.857  -81.687  24.507 0.4000000060
156934  23.571  -75.693  28.055 0.3000000119
2549  23.101  -74.966  25.951 0.3000000119
1533  27.910  -78.346  22.922 0.4000000060
161850  27.118  -79.334  22.674 0.4000000060
2590  28.302  -75.420  22.264 0.3000000119
3332  26.997  -73.344  24.973 0.3000000119
5717  11.716  -68.145  28.052 0.6000000238
3818  26.110  -72.998  24.674 0.3000000119
3819  25.230  -72.784  24.634 0.3000000119
2157  31.047  -76.858  27.572 0.3000000119
8990  11.001  -63.604  28.612 0.5000000000
9687  9.962  -62.585  27.662 0.6000000238
17253  10.810  -53.081  26.325 0.6999999881
18066  9.658  -51.142  26.847 0.6999999881
17266  9.862  -52.559  24.788 0.6999999881
18094  7.778  -51.521  24.083 0.6000000238
23275  14.520  -45.531  26.647 0.3000000119
23281  14.109  -44.755  26.082 0.3000000119
2980  19.824  -74.306  21.406 0.5000000000
3383  19.674  -73.529  21.811 0.5000000000
7637  9.463  -66.307  27.199 0.4000000060
6995  8.817  -66.725  26.110 0.5000000000
10339  8.437  -61.237  26.956 0.5000000000
8336  6.395  -64.481  24.803 0.5000000000
9700  6.953  -62.844  25.716 0.5000000000
9694  7.212  -62.148  26.143 0.5000000000
11037  7.350  -60.639  26.554 0.5000000000
10341  6.499  -61.442  26.054 0.5000000000
7677  5.862  -65.006  23.884 0.5000000000
11755  6.453  -59.691  26.194 0.4000000060
9020  5.874  -63.485  24.771 0.5000000000
9695  6.239  -62.077  25.642 0.5000000000
11038  5.927  -60.728  25.864 0.5000000000
11756  5.635  -59.414  25.490 0.5000000000
9702  5.550  -62.750  24.696 0.6000000238
10349  5.760  -61.411  25.501 0.5000000000
147489  5.667  -60.146  25.551 0.5000000000
14079  7.725  -56.332  25.024 0.5000000000
10370  5.703  -61.324  25.024 0.6000000238
12553  5.446  -57.378  23.831 0.5000000000
14088  6.218  -56.437  23.482 0.5000000000
11050  5.591  -60.696  25.332 0.6000000238
139854  5.471  -59.008  24.758 0.6000000238
160037  5.574  -58.612  25.199 0.5000000000
9716  5.602  -62.546  24.339 0.6000000238
10369  6.147  -61.704  24.669 0.6000000238
11051  5.607  -60.235  25.064 0.6000000238
12560  6.746  -57.927  23.711 0.6000000238
11071  7.139  -61.060  24.488 0.6000000238
13326  7.602  -57.413  23.887 0.5000000000
135887  8.906  -57.588  25.173 0.5000000000
155973  6.878  -59.808  24.442 0.6000000238
12561  5.767  -58.278  23.878 0.6000000238
162928  10.591  -51.683  30.987 0.5000000000
18028  10.148  -51.270  30.560 0.5000000000
18027  10.950  -51.493  30.375 0.5000000000
155660  9.821  -58.493  25.830 0.6000000238
161396  7.692  -60.338  24.457 0.6000000238
12550  9.293  -58.254  25.200 0.6000000238
157212  7.196  -58.854  24.092 0.6000000238
12559  7.932  -58.324  24.130 0.6000000238
11789  9.026  -60.068  24.631 0.6000000238
145033  12.068  -43.926  24.506 0.3000000119
26819  7.403  -41.700  29.584 0.3000000119
2233  30.000  -76.728  18.267 0.4000000060
2251  30.300  -76.772  17.228 0.5000000000
1906  18.942  -78.069  17.664 0.5000000000
163662  19.126  -77.964  18.265 0.5000000000
2632  30.555  -76.174  16.967 0.4000000060
1889  20.091  -77.515  19.604 0.4000000060
3009  29.952  -74.326  16.308 0.4000000060
3387  19.231  -73.706  20.935 0.4000000060
2609  19.944  -75.579  20.517 0.4000000060
2986  19.463  -74.684  20.402 0.4000000060
154082  19.513  -75.503  19.935 0.4000000060
2239  19.447  -76.971  19.507 0.4000000060
3020  27.956  -74.039  14.474 0.4000000060
3434  27.416  -73.774  15.491 0.4000000060
3422  26.615  -73.585  16.299 0.4000000060
4300  19.181  -72.010  22.193 0.4000000060
3433  28.556  -73.713  15.396 0.4000000060
3421  27.643  -73.652  16.526 0.4000000060
3423  24.620  -73.796  16.441 0.4000000060
160811  24.007  -73.403  17.617 0.5000000000
10367  9.053  -61.675  24.100 0.5000000000
10374  9.481  -61.913  23.648 0.5000000000
11069  9.497  -60.991  24.554 0.5000000000
10366  9.962  -61.573  24.211 0.5000000000
10372  11.250  -61.545  23.706 0.5000000000
11775  9.814  -60.054  25.034 0.5000000000
10364  11.985  -61.398  24.074 0.5000000000
18866  9.838  -50.647  29.052 0.4000000060
162897  8.334  -50.530  28.341 0.4000000060
10365  10.784  -61.495  24.298 0.5000000000
12558  8.973  -58.969  24.698 0.5000000000
3010  28.823  -74.348  17.161 0.5000000000
3420  29.508  -73.692  15.665 0.4000000060
152459  26.504  -74.031  15.250 0.4000000060
815  17.373  -80.639  32.910 0.4000000060
546  17.069  -81.768  32.859 0.4000000060
578  12.949  -81.319  29.862 0.4000000060
1149  17.532  -79.617  32.689 0.4000000060
142770  13.850  -81.815  29.242 0.4000000060
816  16.299  -80.308  32.596 0.4000000060
219  15.473  -83.006  28.732 0.4000000060
577  14.579  -81.476  29.396 0.4000000060
564  13.756  -80.913  30.094 0.4000000060
1463  17.421  -78.270  31.192 0.5000000000
1158  16.908  -78.942  31.655 0.5000000000
1167  17.089  -78.680  30.655 0.4000000060
826  16.223  -79.427  31.720 0.4000000060
850  14.677  -80.727  29.898 0.4000000060
1797  17.984  -77.740  30.767 0.5000000000
1470  18.398  -78.083  30.050 0.5000000000
1471  17.650  -78.339  30.263 0.5000000000
1168  16.525  -79.173  30.572 0.4000000060
1159  15.868  -79.534  30.937 0.4000000060
1477  18.020  -78.729  29.635 0.4000000060
1176  17.275  -78.927  29.868 0.4000000060
138354  17.997  -82.231  28.648 0.4000000060
574  17.166  -81.300  28.853 0.4000000060
575  16.108  -81.433  29.102 0.4000000060
849  15.514  -80.451  29.752 0.4000000060
837  15.344  -79.896  30.646 0.4000000060
357  16.203  -82.645  28.774 0.4000000060
576  15.224  -81.148  29.412 0.4000000060
846  18.259  -80.199  29.081 0.5000000000
137342  17.681  -79.461  29.401 0.4000000060
1177  16.865  -79.614  29.624 0.4000000060
836  16.036  -79.745  30.004 0.4000000060
573  18.931  -82.130  28.885 0.5000000000
140388  18.120  -81.143  28.788 0.4000000060
847  17.407  -80.305  29.120 0.4000000060
848  16.487  -80.418  29.370 0.4000000060
227  20.077  -83.889  28.273 0.3000000119
135  19.725  -84.125  27.404 0.3000000119
125  20.324  -83.946  27.880 0.4000000060
354  19.692  -82.961  28.974 0.3000000119
225  21.633  -83.243  28.486 0.4000000060
226  20.932  -83.533  28.398 0.4000000060
149454  18.608  -82.245  26.276 0.3000000119
379  19.520  -82.777  26.700 0.4000000060
378  20.166  -83.464  27.208 0.4000000060
373  20.776  -83.387  27.617 0.4000000060
589  19.658  -81.716  27.002 0.4000000060
588  20.385  -82.582  27.250 0.4000000060
585  20.917  -81.952  27.471 0.4000000060
163025  21.834  -81.938  28.060 0.3000000119
355  18.820  -83.122  28.665 0.3000000119
224  22.346  -83.103  28.854 0.3000000119
216  21.209  -83.245  29.042 0.4000000060
590  18.898  -81.580  26.567 0.4000000060
583  22.070  -82.715  28.317 0.3000000119
586  20.272  -81.567  27.302 0.4000000060
863  20.608  -80.774  27.500 0.4000000060
150446  21.355  -81.405  27.756 0.4000000060
572  19.797  -82.025  29.256 0.4000000060
353  20.532  -82.842  29.266 0.4000000060
591  17.894  -81.288  26.171 0.4000000060
581  22.764  -82.719  28.740 0.3000000119
146794  18.058  -79.646  26.615 0.4000000060
870  17.549  -80.144  26.245 0.4000000060
1495  17.723  -78.224  26.369 0.4000000060
1187  18.248  -78.758  26.831 0.4000000060
864  19.718  -80.785  27.220 0.4000000060
137475  19.016  -81.087  29.097 0.4000000060
845  19.889  -80.835  29.432 0.4000000060
352  22.123  -83.052  29.219 0.3000000119
571  20.646  -81.958  29.551 0.4000000060
351  22.926  -82.830  29.114 0.3000000119
1197  17.432  -79.061  26.280 0.4000000060
1502  16.800  -78.345  25.189 0.4000000060
1837  17.785  -77.575  25.966 0.4000000060
1489  18.734  -78.082  27.159 0.4000000060
1186  19.781  -79.804  27.403 0.4000000060
1476  18.885  -78.684  29.638 0.4000000060
156928  21.411  -81.952  29.743 0.3000000119
150327  20.136  -77.967  30.217 0.4000000060
1175  18.497  -79.407  29.378 0.4000000060
1475  19.904  -78.768  29.776 0.4000000060
1174  19.407  -79.585  29.488 0.4000000060
844  20.907  -81.035  29.731 0.4000000060
3885  23.492  -72.810  18.194 0.4000000060
1191  18.859  -79.895  27.058 0.4000000060
215  21.723  -83.269  28.785 0.4000000060
217  20.355  -83.397  28.759 0.4000000060
237  20.927  -83.635  27.998 0.4000000060
241  20.263  -83.838  27.555 0.4000000060
343  24.177  -82.042  29.763 0.4000000060
345  22.683  -82.560  29.547 0.3000000119
350  23.581  -82.303  29.311 0.4000000060
358  15.369  -81.998  29.043 0.4000000060
364  22.923  -82.872  28.972 0.3000000119
371  22.236  -83.057  28.668 0.3000000119
372  21.511  -83.208  28.078 0.3000000119
400  23.749  -81.999  23.419 0.4000000060
408  22.744  -81.873  22.804 0.4000000060
409  21.315  -82.298  22.164 0.3000000119
415  21.689  -82.246  22.178 0.3000000119
417  19.875  -82.391  21.545 0.3000000119
429  19.018  -82.461  19.792 0.4000000060
545  18.095  -81.799  33.066 0.5000000000
553  25.764  -80.888  30.497 0.3000000119
568  25.167  -81.492  29.981 0.4000000060
584  21.487  -82.412  27.815 0.3000000119
597  25.909  -81.539  24.914 0.4000000060
601  26.383  -81.375  24.011 0.5000000000
604  23.674  -81.942  23.428 0.4000000060
611  25.134  -81.630  23.102 0.5000000000
612  24.468  -82.064  23.710 0.4000000060
613  23.842  -82.048  22.932 0.4000000060
614  22.438  -82.029  22.703 0.4000000060
615  21.696  -81.965  22.434 0.3000000119
624  24.614  -81.261  21.659 0.5000000000
626  22.605  -81.973  21.707 0.4000000060
628  18.412  -81.636  21.391 0.3000000119
640  20.660  -81.968  19.533 0.3000000119
652  22.149  -80.825  18.029 0.3000000119
793  20.117  -80.559  35.160 0.3000000119
810  19.098  -80.982  33.463 0.5000000000
833  23.711  -81.375  30.571 0.3000000119
868  19.113  -80.918  26.875 0.4000000060
869  18.381  -80.547  26.582 0.4000000060
881  27.919  -80.670  25.002 0.4000000060
883  25.623  -81.502  24.891 0.3000000119
889  26.569  -81.328  24.854 0.4000000060
892  21.516  -81.208  22.628 0.3000000119
900  20.216  -81.231  22.468 0.3000000119
906  26.100  -80.119  21.579 0.3000000119
907  25.272  -80.686  21.122 0.5000000000
908  18.359  -80.649  21.810 0.3000000119
914  25.262  -80.509  20.210 0.4000000060
921  26.208  -79.939  19.153 0.3000000119
931  25.074  -80.352  18.748 0.4000000060
948  24.018  -79.628  16.432 0.5000000000
1146  24.679  -79.807  32.709 0.3000000119
1150  16.826  -79.657  32.433 0.4000000060
1155  24.737  -80.098  31.881 0.3000000119
1157  23.189  -79.813  31.165 0.4000000060
1165  21.809  -79.890  30.421 0.5000000000
1166  20.894  -79.242  30.050 0.5000000000
1172  24.326  -79.559  29.378 0.3000000119
1173  20.356  -79.917  29.696 0.4000000060
1181  22.524  -79.346  28.485 0.5000000000
1196  27.286  -79.950  25.761 0.3000000119
1212  29.023  -79.521  24.674 0.3000000119
1215  25.056  -80.910  24.632 0.3000000119
1216  23.952  -79.704  23.459 0.3000000119
1248  26.816  -79.564  18.808 0.4000000060
1254  27.395  -79.002  17.392 0.5000000000
1255  26.450  -79.516  17.661 0.3000000119
1262  26.261  -79.255  16.903 0.4000000060
1269  26.348  -78.988  16.666 0.4000000060
1270  25.012  -78.941  16.252 0.4000000060
1271  24.511  -79.221  16.271 0.5000000000
1446  23.513  -79.058  33.635 0.3000000119
1469  19.267  -77.952  30.060 0.5000000000
1501  17.273  -78.297  25.848 0.4000000060
1507  26.765  -79.007  25.166 0.3000000119
1522  22.575  -78.563  23.351 0.3000000119
1534  26.684  -79.310  22.170 0.4000000060
1559  19.657  -78.179  18.210 0.5000000000
1563  27.818  -78.399  17.250 0.6000000238
1569  19.443  -78.268  17.313 0.5000000000
1574  23.161  -78.566  15.659 0.6000000238
1581  22.865  -78.990  15.134 0.5000000000
1787  18.309  -77.247  31.948 0.4000000060
1792  22.018  -77.879  31.748 0.3000000119
1793  21.584  -77.220  31.698 0.3000000119
1795  18.925  -76.814  31.049 0.4000000060
1818  20.737  -76.853  27.708 0.5000000000
1827  18.568  -77.205  26.383 0.5000000000
1834  19.861  -76.665  25.362 0.5000000000
1844  21.625  -77.167  24.271 0.4000000060
1845  19.520  -77.244  24.565 0.4000000060
1865  27.217  -77.612  22.300 0.3000000119
1878  22.376  -77.520  20.313 0.6999999881
1880  29.769  -77.382  18.012 0.6000000238
1887  21.800  -77.849  19.669 0.6000000238
1891  29.349  -77.834  17.726 0.6000000238
1897  20.287  -78.090  19.038 0.6000000238
1898  19.357  -77.723  18.872 0.5000000000
1903  28.569  -77.902  17.211 0.6000000238
1905  25.570  -78.140  17.010 0.6000000238
2118  19.102  -76.247  32.782 0.3000000119
2124  19.418  -76.190  32.089 0.4000000060
2161  20.387  -76.289  27.259 0.4000000060
2162  19.651  -76.649  27.122 0.4000000060
2178  21.813  -76.008  25.355 0.4000000060
2181  19.434  -76.557  26.178 0.5000000000
2182  18.861  -76.834  26.124 0.5000000000
2200  24.909  -77.281  23.564 0.3000000119
2201  24.303  -76.871  23.527 0.3000000119
2213  27.166  -76.785  21.933 0.5000000000
2214  23.532  -76.573  21.159 0.8000000119
2221  28.041  -76.342  20.238 0.4000000060
2222  27.162  -76.976  21.052 0.5000000000
2223  24.994  -76.426  20.309 0.8000000119
2226  22.947  -77.156  20.890 0.8000000119
2227  22.090  -76.977  20.876 0.6000000238
2229  19.746  -76.230  19.995 0.4000000060
2234  29.105  -77.161  18.874 0.5000000000
2235  26.271  -76.309  19.142 0.6999999881
2237  24.869  -77.112  19.975 0.8000000119
2242  30.672  -76.245  17.302 0.5000000000
2243  30.322  -76.825  17.596 0.5000000000
2247  18.492  -77.077  17.914 0.6000000238
2252  29.984  -77.066  17.075 0.5000000000
2253  29.243  -77.282  17.216 0.6000000238
2534  30.786  -75.883  27.538 0.3000000119
2550  22.721  -75.334  26.534 0.3000000119
2563  21.501  -75.756  26.208 0.3000000119
2585  23.793  -75.658  23.975 0.3000000119
2601  20.815  -75.287  21.519 0.6000000238
2606  25.370  -75.729  20.160 0.8000000119
2608  20.458  -75.654  21.004 0.6000000238
2631  30.932  -75.650  17.142 0.4000000060
2938  28.305  -74.716  25.526 0.3000000119
2949  25.842  -74.441  24.315 0.3000000119
2970  21.601  -74.240  22.394 0.6000000238
2971  20.870  -74.156  22.268 0.6000000238
2976  23.799  -75.136  21.402 0.6999999881
2978  21.270  -74.805  22.067 0.6000000238
2984  25.034  -75.077  20.396 0.8000000119
2995  18.956  -74.370  19.665 0.5000000000
3001  26.873  -74.472  18.628 0.6999999881
3002  26.063  -74.173  19.130 0.6999999881
3029  27.608  -74.446  13.590 0.4000000060
3342  27.108  -74.048  24.834 0.3000000119
3346  24.182  -73.718  24.744 0.3000000119
3380  23.627  -73.518  21.391 0.8000000119
3382  20.228  -74.053  21.984 0.6000000238
3397  18.536  -73.701  19.464 0.5000000000
3400  27.031  -73.736  18.076 0.6000000238
3402  24.755  -73.431  19.086 0.6000000238
3409  28.743  -73.861  16.504 0.5000000000
3412  25.417  -73.359  17.909 0.6999999881
3413  23.624  -73.180  17.461 0.4000000060
3804  25.279  -72.076  25.028 0.3000000119
3844  22.392  -72.519  22.770 0.6999999881
3845  21.599  -72.658  22.901 0.8000000119
3861  19.229  -72.800  21.714 0.4000000060
3862  18.626  -72.216  21.298 0.5000000000
3878  23.695  -72.613  19.817 0.6000000238
4299  23.467  -71.741  21.446 0.5000000000
4326  23.330  -71.226  19.657 0.5000000000
4673  13.192  -70.161  28.192 0.5000000000
4728  19.584  -70.748  23.426 0.8000000119
4742  23.369  -71.078  21.924 0.6999999881
4744  18.982  -70.918  23.072 0.8000000119
5177  14.436  -69.068  27.462 0.6000000238
5200  21.378  -68.899  23.837 0.8000000119
5201  20.776  -69.187  24.193 0.8000000119
5202  20.002  -69.355  24.470 0.8000000119
5203  19.099  -69.355  24.478 0.6999999881
5211  22.367  -69.701  23.093 0.6000000238
5227  17.138  -69.706  22.808 0.5000000000
5240  22.745  -69.554  22.273 0.6000000238
5707  11.445  -68.074  28.599 0.6000000238
5716  12.495  -68.812  28.444 0.6000000238
5718  10.847  -67.611  27.520 0.6000000238
5734  19.191  -67.990  25.302 0.6999999881
5782  22.541  -68.819  21.147 0.5000000000
6287  11.720  -67.446  30.741 0.5000000000
6301  14.231  -67.192  28.296 0.6999999881
6311  10.308  -67.320  27.521 0.6000000238
6322  15.604  -67.676  26.978 0.6000000238
6334  20.364  -67.022  24.963 0.6999999881
6339  15.806  -67.274  25.660 0.5000000000
6351  20.050  -67.920  25.059 0.8000000119
6368  20.957  -66.976  24.221 0.8000000119
6397  19.730  -67.184  19.571 0.6000000238
6960  11.035  -67.011  28.846 0.6000000238
6972  16.531  -65.920  27.404 0.6000000238
6974  14.872  -66.834  28.217 0.6000000238
6975  13.713  -67.177  28.216 0.6000000238
6977  9.844  -66.995  27.334 0.5000000000
6992  11.238  -67.183  26.351 0.5000000000
6994  9.430  -66.998  26.587 0.6000000238
7005  19.071  -66.189  25.941 0.8000000119
7006  17.298  -66.489  26.332 0.6999999881
7008  16.014  -67.183  24.973 0.6000000238
7009  10.930  -66.686  25.720 0.6000000238
7012  8.518  -66.671  25.473 0.6999999881
7021  9.729  -66.633  25.001 0.6000000238
7035  21.241  -66.944  23.301 0.6999999881
7058  19.710  -66.456  20.927 0.6000000238
7079  18.536  -66.549  19.265 0.5000000000
7626  11.425  -64.897  29.073 0.6000000238
7631  17.046  -64.990  27.362 0.6999999881
7632  16.263  -65.196  27.640 0.6000000238
7636  9.897  -65.392  27.654 0.5000000000
7642  18.401  -65.108  26.472 0.6999999881
7644  13.019  -65.706  27.075 0.6000000238
7647  8.950  -66.239  26.590 0.5000000000
7648  8.354  -66.047  25.960 0.6999999881
7663  10.583  -66.213  25.113 0.5000000000
7664  7.122  -65.300  25.020 0.6000000238
7669  20.348  -65.914  24.229 0.8000000119
7673  9.325  -66.323  24.398 0.6000000238
7676  6.409  -65.409  24.103 0.6000000238
7687  8.962  -65.873  23.813 0.6999999881
7688  8.048  -65.979  23.778 0.6999999881
7691  5.775  -64.821  23.327 0.5000000000
7705  20.325  -65.852  23.379 0.6999999881
7719  18.716  -65.117  21.722 0.6000000238
7721  6.957  -64.833  21.649 0.6000000238
7722  6.330  -64.824  22.038 0.6000000238
7734  17.468  -65.741  18.784 0.5000000000
8293  11.530  -64.095  29.274 0.6000000238
8301  14.980  -64.546  27.736 0.6000000238
8310  17.389  -64.354  27.077 0.6999999881
8312  14.530  -64.062  27.122 0.6000000238
8315  9.279  -64.392  26.774 0.6000000238
8317  8.071  -64.382  25.817 0.6999999881
8330  19.203  -64.748  25.395 0.8999999762
8332  13.229  -64.022  26.101 0.6000000238
8337  5.722  -64.086  24.417 0.5000000000
8353  5.943  -64.827  24.300 0.5000000000
8358  19.328  -64.728  23.480 0.6999999881
8363  5.483  -64.185  23.167 0.6000000238
8377  17.807  -63.977  22.321 0.6000000238
8382  5.802  -64.570  22.591 0.6000000238
8390  17.684  -64.310  21.451 0.6000000238
8396  5.918  -64.181  21.827 0.6000000238
8407  16.891  -63.993  20.440 0.5000000000
8409  7.736  -64.236  20.482 0.6000000238
8428  17.103  -64.651  19.823 0.6000000238
8432  6.937  -63.932  19.778 0.6000000238
8986  11.217  -63.235  29.414 0.5000000000
8999  17.568  -63.786  26.566 0.6999999881
9002  14.913  -63.549  26.526 0.6000000238
9003  14.027  -63.751  26.379 0.6000000238
9005  8.373  -63.609  26.146 0.6999999881
9006  7.621  -63.616  25.712 0.6000000238
9013  17.608  -63.427  25.851 0.6999999881
9014  16.910  -63.109  25.503 0.6999999881
9018  12.938  -63.848  25.297 0.6000000238
9019  6.695  -63.616  25.281 0.5000000000
9021  5.341  -63.326  24.273 0.5000000000
9040  12.583  -63.762  24.474 0.6000000238
9041  5.199  -63.182  23.905 0.6999999881
9051  5.355  -63.476  23.405 0.6000000238
9086  16.581  -63.396  21.126 0.5000000000
9088  12.097  -62.969  21.830 0.5000000000
9090  10.428  -63.422  21.404 0.5000000000
9092  6.028  -63.883  20.993 0.6000000238
9093  5.695  -63.244  21.773 0.6000000238
9113  9.336  -63.554  20.395 0.5000000000
9115  6.360  -63.531  20.163 0.6000000238
9136  8.232  -63.591  19.055 0.6000000238
9137  6.831  -63.528  19.421 0.6000000238
9153  7.765  -63.155  18.105 0.6000000238
9177  10.250  -63.390  16.376 0.5000000000
9179  8.982  -63.230  16.895 0.6000000238
9681  10.770  -62.578  29.110 0.5000000000
9686  10.637  -62.846  28.420 0.5000000000
9693  8.330  -62.190  26.612 0.5000000000
9701  6.036  -62.765  25.236 0.5000000000
9717  5.298  -62.855  24.221 0.6000000238
9721  8.097  -62.312  22.751 0.5000000000
9723  5.780  -62.681  23.317 0.6000000238
9744  14.271  -62.561  22.176 0.6999999881
9746  12.852  -62.794  21.964 0.5000000000
9748  5.752  -62.650  22.446 0.6999999881
9764  14.464  -62.478  21.401 0.5000000000
9783  10.958  -62.683  19.751 0.6000000238
9810  6.629  -62.075  19.222 0.6999999881
9820  8.522  -62.841  17.106 0.6000000238
9832  9.629  -63.219  16.600 0.5000000000
10317  10.339  -61.910  29.470 0.5000000000
10340  7.538  -61.549  26.483 0.5000000000
10350  5.670  -61.528  25.200 0.5000000000
10368  7.167  -61.957  24.227 0.6000000238
10373  10.345  -61.737  23.748 0.5000000000
10376  7.565  -62.183  23.851 0.6999999881
10401  9.096  -62.175  22.995 0.5000000000
10402  6.921  -62.266  22.375 0.5000000000
10419  6.241  -61.523  21.394 0.6999999881
10420  5.794  -61.442  21.144 0.6000000238
10428  5.796  -61.508  20.591 0.6999999881
10457  7.589  -62.110  18.015 0.6000000238
10472  10.416  -62.530  16.336 0.5000000000
10473  9.645  -62.769  16.568 0.5000000000
10474  9.072  -62.964  16.755 0.6000000238
11012  15.111  -59.960  28.477 0.8000000119
11025  13.083  -60.460  27.286 0.6000000238
11035  13.611  -60.656  26.649 0.6000000238
11046  14.012  -60.721  25.897 0.6999999881
11047  12.531  -61.048  25.249 0.6000000238
11068  10.364  -61.043  24.737 0.5000000000
11070  8.446  -60.887  24.445 0.5000000000
11072  5.931  -60.484  24.741 0.6000000238
11128  6.218  -60.179  19.838 0.6000000238
11140  10.744  -60.171  18.230 0.5000000000
11143  7.694  -60.260  18.507 0.5000000000
11144  6.836  -60.383  18.987 0.5000000000
11710  14.127  -59.298  29.439 0.6999999881
11727  14.490  -59.777  28.920 0.6999999881
11730  12.017  -59.368  28.378 0.6999999881
11738  15.634  -60.008  27.737 0.6000000238
11740  12.520  -60.000  27.843 0.6999999881
11742  10.834  -59.011  26.984 0.6000000238
11752  15.977  -59.961  27.090 0.6000000238
11754  10.420  -59.171  26.103 0.6999999881
11773  10.965  -60.038  25.884 0.6999999881
11774  10.323  -59.716  25.569 0.6000000238
11776  5.526  -59.846  25.153 0.5000000000
11790  6.335  -58.877  23.926 0.6000000238
11791  5.808  -59.457  24.545 0.6000000238
11856  6.583  -59.211  20.102 0.5000000000
11891  6.604  -59.536  19.620 0.5000000000
12480  12.990  -57.894  30.228 0.6999999881
12491  13.534  -58.622  29.855 0.6999999881
12508  11.603  -58.606  28.816 0.6999999881
12522  10.508  -58.292  27.478 0.6000000238
12551  8.558  -57.900  24.480 0.6000000238
12552  5.412  -58.005  24.478 0.5000000000
12625  6.758  -58.655  20.020 0.5000000000
12646  7.030  -58.105  20.046 0.5000000000
12662  9.152  -58.429  19.077 0.5000000000
12663  7.989  -58.339  19.286 0.5000000000
12664  7.194  -58.484  19.611 0.5000000000
13241  12.298  -56.823  30.391 0.6000000238
13256  12.377  -57.823  30.083 0.6999999881
13270  15.690  -57.415  28.561 0.6999999881
13272  11.199  -57.720  29.187 0.6000000238
13274  9.917  -56.809  28.414 0.6000000238
13289  17.041  -57.977  27.824 0.6000000238
13290  10.197  -57.545  27.957 0.6000000238
13320  8.242  -57.103  24.525 0.5000000000
13327  6.713  -57.038  23.380 0.6000000238
13328  5.876  -57.141  23.394 0.5000000000
13329  5.264  -56.770  23.755 0.5000000000
13392  7.880  -56.722  20.000 0.5000000000
13405  9.984  -56.828  19.310 0.5000000000
13981  11.439  -56.042  31.893 0.5000000000
14007  13.269  -56.568  30.173 0.5000000000
14023  13.852  -56.523  29.545 0.6999999881
14045  10.012  -56.244  29.169 0.5000000000
14056  17.698  -56.326  27.736 0.4000000060
14057  17.262  -57.068  27.911 0.6000000238
14058  8.566  -55.677  28.058 0.5000000000
14089  5.541  -56.401  23.669 0.5000000000
14834  12.070  -55.134  30.636 0.6000000238
14857  14.359  -55.816  28.054 0.8000000119
14858  13.808  -55.786  27.969 0.8000000119
14859  13.374  -55.564  27.641 0.6999999881
15604  11.115  -54.398  32.339 0.6000000238
15619  11.648  -54.665  31.132 0.5000000000
15627  13.492  -55.497  28.622 0.6000000238
15628  12.987  -54.571  29.264 0.6000000238
15631  17.042  -54.928  28.353 0.5000000000
15632  16.082  -55.115  28.417 0.6999999881
15634  14.317  -55.345  27.612 0.6999999881
15640  13.626  -55.427  27.077 0.8000000119
15641  12.773  -55.424  26.362 0.8000000119
15642  12.297  -55.443  26.081 0.6000000238
15647  11.979  -55.401  25.431 0.6000000238
15652  11.856  -55.402  25.262 0.8000000119
16398  11.830  -53.272  30.827 0.5000000000
16401  12.548  -53.540  29.530 0.6000000238
16409  15.048  -54.263  28.188 0.6999999881
16417  11.931  -55.071  26.343 0.6000000238
16422  12.412  -55.128  25.661 0.8000000119
16434  11.966  -55.183  25.264 0.8000000119
17221  11.496  -52.799  31.132 0.6000000238
17231  12.181  -52.688  29.786 0.5000000000
17237  11.895  -52.201  29.207 0.6000000238
17243  13.881  -52.517  27.688 0.6999999881
17252  12.756  -52.935  26.300 0.8000000119
17263  12.839  -54.189  25.999 0.8000000119
17286  10.407  -53.043  24.693 0.6999999881
17297  10.057  -52.667  24.396 0.6000000238
18015  10.499  -52.170  31.504 0.5000000000
18037  11.211  -51.444  29.365 0.5000000000
18038  10.431  -50.947  29.777 0.5000000000
18050  17.037  -51.415  28.731 0.3000000119
18063  12.923  -51.632  27.126 0.6999999881
18078  10.108  -52.251  25.919 0.8000000119
18080  7.887  -51.352  24.954 0.6000000238
18091  11.731  -51.924  25.326 0.8000000119
18106  10.267  -52.375  24.267 0.6999999881
18107  9.513  -51.987  23.906 0.6999999881
18108  8.676  -51.891  23.974 0.6999999881
18110  7.442  -51.110  23.764 0.6000000238
18117  8.605  -51.400  23.614 0.6999999881
18118  7.901  -51.160  23.587 0.6999999881
18119  7.710  -50.922  23.578 0.6000000238
18885  9.218  -50.570  28.278 0.4000000060
18899  13.292  -50.697  27.619 0.6999999881
18903  5.789  -51.115  26.027 0.5000000000
18932  10.978  -50.555  24.569 0.6999999881
18934  7.040  -51.050  24.182 0.6000000238
18935  5.956  -50.976  25.390 0.5000000000
18936  5.466  -50.899  25.766 0.5000000000
18942  7.438  -50.939  23.715 0.6000000238
18947  8.303  -50.776  23.460 0.6999999881
19695  15.582  -49.562  28.472 0.4000000060
19697  14.303  -49.930  28.179 0.5000000000
19712  13.038  -49.756  27.406 0.6000000238
19729  12.324  -49.872  26.653 0.5000000000
19732  5.430  -50.739  25.920 0.5000000000
19736  11.793  -50.023  26.020 0.6000000238
19743  10.479  -50.128  23.797 0.6999999881
19745  7.494  -50.584  23.848 0.6000000238
19750  9.881  -49.675  23.359 0.6999999881
19751  8.942  -49.903  23.361 0.6999999881
19752  8.327  -49.834  23.634 0.6000000238
20521  15.327  -48.885  28.281 0.4000000060
20538  14.626  -48.511  27.906 0.4000000060
20539  13.736  -48.517  27.534 0.4000000060
20565  9.335  -48.386  24.953 0.6000000238
20569  11.147  -48.420  23.907 0.6000000238
20570  9.320  -48.387  23.939 0.8000000119
20577  10.518  -48.236  23.442 0.5000000000
20578  9.940  -48.281  23.551 0.6000000238
21479  10.164  -47.228  26.157 0.6000000238
21483  11.668  -47.763  24.825 0.6000000238
21489  11.146  -47.627  23.694 0.6000000238
21493  10.872  -47.627  23.499 0.6000000238
22379  13.725  -46.111  26.548 0.3000000119
22380  12.931  -46.682  26.246 0.3000000119
22381  10.287  -46.526  26.337 0.6000000238
22386  13.079  -45.844  25.924 0.3000000119
22395  10.280  -46.813  24.363 0.6000000238
22404  10.504  -47.042  23.924 0.5000000000
23283  12.480  -45.528  25.158 0.4000000060
23284  9.887  -45.361  25.304 0.6999999881
23288  11.636  -45.630  24.501 0.5000000000
23289  11.064  -45.906  24.205 0.5000000000
24107  15.868  -44.124  26.333 0.3000000119
24108  14.896  -44.059  26.000 0.3000000119
25029  9.120  -43.431  27.391 0.6000000238
25037  16.679  -43.309  25.561 0.3000000119
25042  8.807  -42.682  26.344 0.5000000000
25051  10.535  -43.592  24.630 0.5000000000
25060  11.223  -42.944  24.336 0.3000000119
25937  8.301  -42.743  29.543 0.5000000000
25963  7.925  -42.126  27.741 0.6000000238
25979  10.545  -42.719  24.624 0.6000000238
26820  6.839  -40.957  29.774 0.3000000119
26837  7.156  -41.211  28.795 0.5000000000
26838  6.622  -40.458  29.073 0.4000000060
26854  8.314  -41.649  26.641 0.5000000000
26855  7.931  -40.996  26.913 0.4000000060
26858  9.530  -41.688  25.419 0.5000000000
26859  8.897  -41.474  25.948 0.5000000000
27720  6.992  -40.719  28.309 0.5000000000
27744  7.707  -40.223  26.969 0.4000000060
27774  10.566  -40.540  24.532 0.5000000000
27775  10.060  -40.304  24.975 0.5000000000
27794  11.056  -40.160  24.123 0.4000000060
28616  5.797  -39.066  31.974 0.3000000119
28638  6.012  -38.568  31.073 0.5000000000
28687  6.987  -38.420  27.700 0.4000000060
28699  8.050  -38.490  26.477 0.3000000119
28717  9.270  -39.095  25.390 0.4000000060
28718  8.659  -38.870  25.888 0.4000000060
28737  10.479  -39.753  24.527 0.4000000060
28738  9.885  -39.408  24.949 0.4000000060
29612  6.521  -38.709  31.975 0.3000000119
29636  7.293  -38.117  31.297 0.3000000119
29659  6.899  -37.535  30.644 0.3000000119
29680  6.482  -37.224  30.023 0.4000000060
29718  7.932  -37.051  26.650 0.3000000119
29758  9.661  -38.420  24.982 0.4000000060
30637  7.135  -35.806  29.380 0.4000000060
30673  6.764  -36.453  28.907 0.3000000119
31612  7.088  -35.390  29.163 0.3000000119
31634  8.243  -35.379  27.700 0.3000000119
31650  7.355  -35.563  28.656 0.3000000119
31665  7.706  -35.391  27.744 0.3000000119
31686  9.617  -35.783  24.974 0.3000000119
136806  16.173  -59.581  25.777 0.5000000000
138076  7.242  -56.658  23.828 0.5000000000
138125  26.837  -79.217  17.168 0.4000000060
138752  18.354  -78.867  32.999 0.5000000000
138781  22.047  -77.831  23.748 0.4000000060
139507  15.056  -56.836  28.588 0.6999999881
139617  11.941  -61.291  24.723 0.6000000238
139624  8.148  -62.089  17.591 0.6000000238
140444  19.003  -80.188  29.267 0.4000000060
140542  26.743  -76.174  24.412 0.3000000119
140606  16.033  -56.639  28.416 0.6000000238
140653  15.555  -67.003  27.734 0.5000000000
140732  9.516  -43.698  25.516 0.6000000238
141419  8.369  -50.597  27.542 0.4000000060
141925  8.352  -49.104  26.577 0.4000000060
142004  5.706  -62.280  24.764 0.6000000238
142308  13.159  -63.391  23.976 0.6999999881
142335  6.797  -65.451  23.065 0.6000000238
142420  27.455  -79.210  18.272 0.4000000060
142742  10.015  -47.006  24.679 0.6000000238
143043  6.080  -61.987  19.947 0.6999999881
143697  11.093  -52.764  31.619 0.6000000238
144036  16.231  -63.144  25.904 0.6999999881
144139  21.362  -82.696  29.475 0.4000000060
144278  7.892  -62.874  26.125 0.6000000238
144558  9.292  -43.791  25.975 0.5000000000
145176  20.431  -82.488  21.084 0.4000000060
145561  15.644  -51.106  28.663 0.4000000060
145574  10.953  -56.222  30.406 0.5000000000
145769  14.648  -53.601  28.037 0.6999999881
145925  9.874  -48.960  23.340 0.6999999881
145932  20.358  -82.457  21.552 0.3000000119
146168  24.760  -73.608  24.499 0.3000000119
146377  11.309  -37.860  23.640 0.3000000119
146932  9.894  -61.876  23.078 0.5000000000
147328  16.441  -54.166  28.549 0.4000000060
147550  20.732  -66.354  23.069 0.6000000238
147964  19.106  -78.905  27.303 0.5000000000
148044  23.787  -73.815  25.053 0.3000000119
148243  14.873  -51.150  28.483 0.6000000238
148546  5.609  -62.870  22.353 0.6999999881
148889  12.216  -53.721  30.496 0.6000000238
149107  28.227  -76.252  25.336 0.3000000119
149342  16.037  -52.653  28.734 0.4000000060
149487  7.367  -63.155  18.537 0.6000000238
149913  7.452  -63.469  18.946 0.5000000000
150128  8.106  -59.577  24.426 0.6000000238
150157  14.891  -80.295  30.409 0.4000000060
150178  22.767  -73.144  22.438 0.8000000119
150396  24.607  -73.485  17.343 0.6000000238
150452  17.312  -77.805  25.310 0.5000000000
150607  11.628  -52.012  30.119 0.6000000238
150703  24.589  -81.701  29.717 0.4000000060
150840  5.733  -62.103  25.163 0.6000000238
150981  6.025  -60.769  20.475 0.5000000000
151194  13.644  -57.933  30.051 0.8000000119
151262  10.858  -47.041  23.696 0.5000000000
151420  11.068  -47.043  23.697 0.6000000238
151795  15.764  -60.041  26.368 0.5000000000
151878  16.861  -78.901  25.727 0.4000000060
151945  21.137  -81.542  18.950 0.3000000119
152012  20.909  -78.382  23.590 0.4000000060
152855  12.328  -60.680  26.009 0.6999999881
153051  11.601  -67.112  31.449 0.5000000000
153107  18.649  -64.166  25.547 0.8000000119
154097  9.291  -43.780  26.549 0.5000000000
154100  10.888  -62.912  20.691 0.5000000000
154759  15.177  -58.556  29.133 0.8000000119
154847  22.478  -79.778  15.347 0.4000000060
155210  24.280  -78.204  16.464 0.6999999881
155246  12.393  -43.277  24.399 0.3000000119
155638  25.416  -77.215  19.270 0.8000000119
155749  11.457  -61.427  24.320 0.5000000000
156193  16.189  -58.052  28.387 0.6999999881
156221  22.777  -70.181  22.584 0.6000000238
156454  14.282  -68.362  28.064 0.6000000238
156707  15.900  -62.684  23.364 0.6999999881
156748  8.179  -55.742  27.224 0.5000000000
156916  11.984  -65.123  30.369 0.6000000238
157833  22.421  -81.983  28.366 0.3000000119
158032  19.247  -73.247  21.387 0.5000000000
158144  21.249  -78.104  17.281 0.6999999881
158615  19.090  -66.158  20.711 0.6000000238
158755  8.337  -65.075  26.020 0.6999999881
159277  11.445  -54.116  31.748 0.6000000238
159509  7.252  -36.055  29.591 0.3000000119
159768  10.566  -50.910  28.902 0.6999999881
159789  15.961  -62.698  22.182 0.6000000238
160158  24.845  -82.006  24.361 0.3000000119
160543  19.629  -65.073  25.026 0.8999999762
160591  9.519  -48.377  25.894 0.5000000000
160904  24.592  -79.983  23.972 0.3000000119
160922  12.353  -64.171  25.058 0.6000000238
161201  7.590  -65.455  22.937 0.6000000238
161217  20.015  -76.923  20.052 0.4000000060
161473  15.554  -58.088  28.768 0.6999999881
161977  16.734  -64.465  19.357 0.5000000000
162256  23.086  -82.120  28.660 0.4000000060
162315  15.194  -68.049  27.360 0.6000000238
162481  21.086  -82.802  27.577 0.4000000060
162608  23.391  -72.295  21.959 0.6999999881
162700  10.480  -37.549  24.260 0.3000000119
162952  13.998  -62.403  21.067 0.6000000238
162986  22.630  -68.941  21.872 0.6000000238
163296  19.149  -78.535  34.797 0.3000000119
163376  15.540  -62.772  23.795 0.8000000119
163463  12.470  -67.225  27.365 0.5000000000
163557  12.854  -56.657  30.343 0.6000000238
163731  18.582  -65.757  26.267 0.8000000119
