#!ascii label  , from subject sub-v1s19x0051293_ses-1 vox2ras=TkReg
555
17563  -36.382  -49.037  -21.339 0.6999999881
19439  -36.310  -47.105  -21.079 0.6000000238
118794  -35.931  -46.959  -20.066 0.6000000238
20418  -35.883  -45.204  -18.661 0.4000000060
17535  -31.249  -48.389  -19.409 0.6999999881
17509  -31.251  -48.306  -18.512 0.6999999881
17551  -31.651  -48.491  -20.301 0.6999999881
17536  -32.114  -48.053  -19.765 0.6000000238
16660  -32.047  -48.897  -21.244 0.6999999881
17561  -32.881  -48.766  -21.614 0.6000000238
17553  -33.262  -48.149  -21.036 0.6000000238
17569  -33.988  -49.227  -23.259 0.6000000238
17562  -33.557  -48.609  -22.050 0.6000000238
18519  -34.178  -47.593  -22.435 0.5000000000
127281  -34.565  -48.938  -23.772 0.5000000000
18532  -34.691  -48.027  -23.674 0.5000000000
18559  -35.777  -47.752  -24.539 0.6000000238
17571  -36.638  -48.610  -23.567 0.6000000238
19479  -36.255  -47.359  -24.361 0.6000000238
124947  -36.498  -46.881  -23.332 0.6000000238
19451  -36.376  -46.743  -22.161 0.6000000238
17492  -31.273  -48.268  -17.667 0.6000000238
128726  -32.106  -47.470  -17.837 0.6000000238
18455  -32.441  -47.289  -18.368 0.6000000238
18479  -32.659  -47.442  -19.308 0.6000000238
18480  -33.321  -47.019  -19.809 0.6000000238
18503  -33.521  -47.383  -20.707 0.6000000238
18518  -33.788  -47.892  -21.610 0.6000000238
18504  -33.935  -47.043  -21.445 0.6000000238
19449  -34.131  -46.708  -22.453 0.6000000238
18546  -35.259  -47.949  -24.355 0.6000000238
19461  -34.245  -46.273  -23.551 0.6999999881
19477  -35.165  -46.426  -24.451 0.6000000238
20470  -35.713  -46.087  -24.505 0.6000000238
19450  -35.922  -45.927  -21.543 0.5000000000
127156  -35.593  -44.992  -20.043 0.5000000000
16578  -30.701  -48.686  -17.153 0.6000000238
18437  -31.789  -47.685  -17.403 0.6000000238
18438  -32.363  -47.033  -17.462 0.6000000238
19413  -32.838  -46.482  -18.151 0.6000000238
18456  -33.070  -46.729  -18.971 0.6000000238
20417  -33.132  -45.905  -18.882 0.6000000238
20427  -33.323  -45.736  -19.971 0.6000000238
20434  -33.400  -45.578  -21.065 0.6000000238
19437  -33.652  -46.431  -20.520 0.6000000238
19448  -33.849  -46.137  -21.638 0.6000000238
20442  -33.767  -45.790  -22.798 0.6999999881
20454  -36.339  -45.853  -24.000 0.6000000238
20444  -36.122  -45.863  -22.833 0.6000000238
21400  -35.812  -44.698  -19.434 0.4000000060
18417  -31.171  -47.742  -15.917 0.6000000238
18418  -31.807  -47.290  -16.584 0.6000000238
18419  -32.226  -46.590  -16.853 0.6000000238
129411  -32.851  -45.863  -18.030 0.6000000238
20416  -32.582  -45.325  -18.445 0.5000000000
20426  -32.716  -45.235  -19.536 0.6000000238
20459  -33.787  -44.844  -23.541 0.6000000238
20452  -33.982  -45.460  -23.563 0.6000000238
19466  -34.571  -45.911  -24.168 0.6000000238
20469  -35.067  -45.582  -24.423 0.6000000238
21442  -35.664  -45.337  -24.332 0.6000000238
20443  -35.730  -44.875  -22.268 0.6000000238
21411  -35.786  -44.169  -20.424 0.4000000060
20435  -35.623  -44.917  -20.961 0.5000000000
119398  -30.234  -47.344  -14.816 0.5000000000
18403  -31.256  -46.390  -15.652 0.6000000238
19390  -31.812  -46.492  -16.251 0.6000000238
20391  -32.181  -45.945  -16.803 0.6000000238
20404  -32.401  -45.571  -17.542 0.5000000000
21383  -31.677  -44.736  -17.909 0.5000000000
21398  -30.966  -44.216  -19.988 0.6000000238
21408  -31.054  -43.862  -20.733 0.6000000238
21399  -31.850  -44.519  -20.404 0.6999999881
21417  -32.501  -44.235  -22.100 0.6999999881
20441  -33.317  -45.331  -22.156 0.6999999881
22388  -32.894  -43.632  -22.325 0.6000000238
20451  -33.391  -45.061  -23.017 0.6999999881
21429  -33.372  -44.388  -23.146 0.6000000238
115761  -33.656  -43.574  -23.129 0.6000000238
21439  -34.215  -44.250  -23.737 0.6000000238
117096  -35.001  -43.897  -23.812 0.6000000238
112391  -35.377  -43.570  -23.491 0.6000000238
21419  -35.696  -44.015  -21.767 0.5000000000
22381  -36.756  -42.893  -21.141 0.4000000060
19379  -30.712  -46.286  -15.193 0.6000000238
20374  -30.794  -45.631  -15.531 0.6000000238
20390  -31.430  -45.590  -16.233 0.5000000000
21365  -31.040  -44.667  -16.879 0.6000000238
21382  -30.400  -44.113  -17.957 0.5000000000
21389  -30.795  -44.261  -18.936 0.6000000238
21388  -29.945  -43.814  -19.125 0.5000000000
21390  -31.921  -44.665  -19.143 0.6000000238
125482  -30.190  -43.983  -19.735 0.5000000000
23358  -30.560  -42.953  -20.809 0.5000000000
118435  -30.963  -43.492  -20.675 0.5000000000
22379  -31.974  -43.878  -21.286 0.6000000238
23359  -31.996  -42.599  -20.062 0.4000000060
23379  -32.503  -43.423  -21.548 0.6999999881
23369  -32.679  -42.911  -20.591 0.4000000060
129287  -33.189  -42.905  -21.287 0.5000000000
23391  -33.957  -42.769  -22.683 0.6000000238
23381  -34.078  -42.410  -21.862 0.5000000000
24402  -34.719  -42.068  -22.590 0.6000000238
24392  -35.147  -41.624  -22.195 0.5000000000
22407  -35.066  -43.039  -23.507 0.6000000238
22390  -36.573  -42.414  -22.187 0.5000000000
118943  -34.812  -42.206  -22.930 0.6000000238
22401  -35.602  -42.816  -23.244 0.6000000238
22389  -35.934  -43.055  -22.722 0.6000000238
20362  -30.214  -45.669  -14.932 0.5000000000
22367  -29.901  -43.593  -18.624 0.4000000060
22371  -29.703  -43.549  -20.001 0.4000000060
22377  -29.732  -43.193  -20.559 0.5000000000
22378  -30.275  -43.379  -20.643 0.5000000000
24381  -29.611  -42.189  -21.012 0.5000000000
24349  -32.961  -41.562  -18.870 0.4000000060
24369  -32.139  -41.819  -19.575 0.4000000060
23347  -32.883  -42.138  -19.221 0.4000000060
122322  -33.408  -42.462  -19.548 0.5000000000
23348  -34.297  -42.247  -18.954 0.5000000000
23370  -33.756  -42.573  -20.613 0.5000000000
121899  -34.672  -42.070  -21.200 0.5000000000
24405  -37.366  -40.674  -22.369 0.5000000000
23382  -36.986  -41.516  -22.468 0.5000000000
24393  -36.190  -40.945  -22.404 0.6000000238
22402  -36.145  -41.905  -22.853 0.5000000000
22370  -29.342  -42.863  -20.345 0.4000000060
24380  -29.330  -41.424  -21.001 0.5000000000
116258  -30.043  -41.314  -21.084 0.5000000000
25364  -31.229  -41.161  -20.204 0.5000000000
23360  -34.660  -42.207  -19.950 0.5000000000
24394  -36.962  -40.528  -22.270 0.5000000000
23395  -37.874  -40.841  -22.313 0.3000000119
24351  -34.570  -41.981  -18.266 0.5000000000
24382  -35.662  -41.331  -21.324 0.5000000000
127911  -36.539  -40.629  -21.891 0.5000000000
25372  -30.437  -40.427  -20.922 0.4000000060
25365  -32.267  -40.943  -19.340 0.4000000060
26327  -31.526  -39.781  -20.377 0.4000000060
26314  -33.452  -39.382  -18.708 0.4000000060
26313  -32.772  -40.057  -19.174 0.4000000060
24350  -33.598  -41.256  -18.325 0.4000000060
26296  -34.052  -39.838  -17.901 0.4000000060
24329  -34.157  -41.560  -18.011 0.5000000000
108127  -37.977  -40.680  -21.612 0.4000000060
24395  -37.574  -40.656  -22.291 0.4000000060
24370  -35.825  -41.497  -20.045 0.5000000000
24383  -37.168  -40.520  -21.568 0.5000000000
122290  -35.363  -41.864  -18.014 0.5000000000
125857  -36.432  -40.877  -21.095 0.5000000000
26315  -34.094  -38.843  -18.253 0.4000000060
129072  -34.605  -40.186  -17.284 0.4000000060
24372  -37.624  -40.924  -20.479 0.4000000060
24371  -36.756  -41.070  -20.257 0.5000000000
24330  -34.829  -41.463  -17.492 0.5000000000
24352  -36.146  -41.604  -18.861 0.5000000000
26297  -34.573  -39.309  -17.442 0.4000000060
24354  -37.654  -41.506  -18.187 0.4000000060
24355  -38.530  -41.553  -18.250 0.3000000119
26279  -34.958  -40.773  -17.024 0.5000000000
112445  -36.040  -41.634  -17.848 0.5000000000
24353  -36.759  -41.516  -18.085 0.5000000000
27219  -34.579  -38.366  -17.758 0.4000000060
26280  -35.252  -39.874  -16.653 0.4000000060
25305  -35.995  -40.170  -15.989 0.4000000060
25319  -35.658  -40.704  -16.529 0.5000000000
24314  -36.789  -41.189  -16.592 0.5000000000
27220  -35.062  -37.960  -17.275 0.4000000060
25322  -38.433  -40.841  -16.481 0.3000000119
25338  -39.007  -41.115  -17.069 0.3000000119
26298  -35.037  -38.817  -17.005 0.4000000060
25307  -37.757  -40.388  -15.840 0.4000000060
121089  -35.493  -39.141  -16.416 0.4000000060
25306  -36.806  -40.237  -15.733 0.4000000060
28177  -35.095  -37.160  -17.448 0.5000000000
120842  -38.580  -40.192  -16.081 0.3000000119
25323  -39.130  -40.407  -16.571 0.4000000060
27204  -39.975  -38.360  -16.908 0.4000000060
26299  -39.776  -39.602  -16.818 0.4000000060
27202  -35.479  -38.439  -16.526 0.4000000060
26267  -37.323  -39.423  -15.484 0.5000000000
26281  -38.280  -39.537  -15.708 0.4000000060
28150  -36.726  -37.954  -15.464 0.5000000000
26266  -36.369  -39.542  -15.713 0.5000000000
27190  -37.247  -38.545  -15.378 0.5000000000
27191  -37.968  -38.692  -15.471 0.4000000060
117763  -39.235  -38.109  -16.221 0.4000000060
28164  -39.687  -37.526  -16.641 0.4000000060
110899  -40.508  -39.065  -17.435 0.3000000119
29162  -36.145  -36.465  -15.839 0.5000000000
28163  -36.130  -37.351  -15.861 0.5000000000
30218  -39.529  -35.819  -16.602 0.4000000060
30230  -40.065  -35.882  -17.388 0.3000000119
115397  -35.944  -34.904  -15.802 0.5000000000
30217  -38.890  -35.693  -15.938 0.4000000060
120527  -39.026  -37.140  -15.955 0.4000000060
29164  -39.787  -36.663  -16.798 0.4000000060
29175  -40.360  -36.568  -17.671 0.4000000060
29176  -40.676  -36.396  -18.451 0.3000000119
30216  -36.052  -35.609  -15.824 0.5000000000
29149  -36.952  -36.987  -15.344 0.5000000000
28152  -38.003  -37.077  -15.391 0.5000000000
112015  -36.747  -35.960  -15.415 0.5000000000
121656  -39.290  -35.183  -16.315 0.4000000060
118240  -39.830  -35.099  -17.006 0.4000000060
32191  -35.570  -33.661  -15.954 0.5000000000
30231  -40.395  -35.943  -18.093 0.3000000119
30202  -36.559  -35.103  -15.424 0.5000000000
30203  -37.261  -35.348  -15.275 0.5000000000
30204  -38.104  -35.538  -15.474 0.5000000000
29150  -37.569  -36.205  -15.364 0.5000000000
31243  -39.909  -34.228  -17.481 0.4000000060
33173  -35.603  -32.797  -15.581 0.5000000000
33162  -37.979  -32.657  -15.303 0.5000000000
31256  -40.145  -34.162  -18.507 0.3000000119
30244  -40.259  -35.127  -18.042 0.3000000119
33160  -36.495  -32.913  -14.990 0.5000000000
32181  -37.380  -33.125  -15.063 0.5000000000
31222  -36.999  -34.522  -15.132 0.5000000000
18520  -36.642  -47.747  -22.332 0.6000000238
20428  -35.661  -45.543  -19.379 0.5000000000
17570  -34.106  -48.409  -22.691 0.6000000238
20433  -32.669  -45.048  -20.741 0.6999999881
20453  -35.946  -45.010  -23.635 0.6000000238
21409  -32.020  -44.280  -21.325 0.6999999881
126740  -35.638  -43.336  -23.202 0.6000000238
21418  -32.914  -44.604  -22.541 0.6999999881
22400  -34.524  -42.781  -23.230 0.6000000238
24368  -30.889  -42.105  -20.409 0.5000000000
23368  -31.632  -43.421  -20.834 0.4000000060
109398  -36.160  -41.310  -22.708 0.5000000000
25350  -33.019  -40.886  -18.721 0.4000000060
119006  -33.689  -42.009  -18.628 0.5000000000
24315  -37.609  -41.093  -16.492 0.4000000060
26282  -39.036  -39.588  -16.188 0.4000000060
28178  -40.240  -37.376  -17.285 0.3000000119
31221  -36.208  -34.247  -15.480 0.5000000000
31223  -37.813  -34.731  -15.338 0.5000000000
128597  -28.635  -52.392  -18.694 0.5000000000
124011  -30.498  -52.087  -17.704 0.5000000000
13928  -29.003  -52.429  -18.201 0.5000000000
14902  -33.117  -51.546  -16.925 0.5000000000
12951  -31.867  -52.935  -17.458 0.5000000000
117012  -30.861  -52.602  -17.505 0.4000000060
13945  -29.142  -52.259  -19.841 0.5000000000
14923  -30.307  -51.861  -18.281 0.6000000238
14936  -29.723  -52.038  -19.073 0.6000000238
116336  -32.602  -51.374  -17.119 0.5000000000
14901  -31.100  -51.692  -17.763 0.5000000000
14885  -35.755  -50.753  -16.633 0.4000000060
116409  -29.235  -51.547  -23.359 0.6999999881
13996  -29.510  -52.177  -22.214 0.6999999881
14959  -30.804  -52.079  -20.302 0.6999999881
14924  -31.107  -51.534  -18.432 0.5000000000
14938  -31.342  -51.657  -19.482 0.6999999881
14882  -33.127  -50.851  -16.878 0.5000000000
15765  -32.477  -50.986  -17.361 0.5000000000
15764  -31.788  -51.233  -17.845 0.5000000000
119626  -35.124  -49.897  -16.370 0.5000000000
14883  -34.223  -50.823  -16.606 0.5000000000
17583  -28.807  -48.324  -24.933 0.5000000000
16687  -29.144  -49.149  -24.804 0.6999999881
15848  -29.864  -50.257  -24.608 0.6999999881
15006  -29.374  -50.766  -24.304 0.6999999881
15007  -29.965  -51.182  -24.358 0.6999999881
13967  -30.299  -52.368  -21.358 0.6000000238
14939  -32.241  -51.561  -19.869 0.6999999881
14960  -31.676  -52.054  -20.644 0.6000000238
129376  -33.469  -50.245  -16.888 0.5000000000
15766  -33.083  -50.394  -17.363 0.6000000238
15812  -32.694  -50.905  -19.067 0.6000000238
121451  -34.330  -50.201  -16.564 0.5000000000
16582  -36.562  -49.205  -16.028 0.5000000000
17568  -29.293  -48.669  -24.691 0.5000000000
16688  -29.649  -49.356  -24.655 0.6999999881
14995  -30.084  -51.877  -23.520 0.6999999881
15009  -31.457  -51.494  -24.459 0.6999999881
15849  -30.476  -50.639  -24.458 0.6999999881
13968  -31.133  -52.332  -21.276 0.8000000119
127803  -32.498  -52.351  -22.235 0.6999999881
15813  -33.611  -50.653  -19.516 0.6000000238
14940  -33.150  -51.392  -20.251 0.6999999881
16621  -34.210  -49.332  -17.825 0.6999999881
16647  -33.976  -49.961  -18.758 0.6000000238
16581  -35.705  -49.124  -16.088 0.6000000238
16601  -34.237  -49.328  -16.904 0.6000000238
18421  -36.402  -47.713  -15.937 0.6000000238
17559  -27.805  -48.026  -22.167 0.5000000000
16663  -28.997  -48.998  -21.803 0.6000000238
17560  -28.601  -48.384  -22.612 0.5000000000
16674  -29.327  -48.745  -23.244 0.6000000238
16675  -29.877  -49.181  -23.891 0.6000000238
16676  -30.349  -50.008  -24.469 0.6999999881
117203  -32.269  -51.261  -24.784 0.6999999881
15838  -31.418  -50.695  -24.514 0.6000000238
14996  -31.701  -52.178  -24.049 0.6999999881
115291  -32.296  -51.868  -24.516 0.6999999881
14961  -32.601  -52.034  -21.207 0.6999999881
17511  -34.977  -48.675  -18.359 0.6999999881
17494  -35.195  -48.093  -16.726 0.6999999881
17493  -34.619  -48.633  -17.169 0.6999999881
17550  -28.234  -48.700  -21.387 0.5000000000
16664  -29.852  -49.243  -22.377 0.6000000238
16665  -30.642  -49.386  -22.256 0.6000000238
108477  -31.068  -49.899  -23.478 0.6000000238
109689  -33.079  -52.134  -24.109 0.8000000119
15011  -33.669  -51.608  -24.512 0.5000000000
15839  -32.244  -50.719  -24.590 0.6000000238
14962  -34.153  -51.177  -20.784 0.6999999881
14985  -34.759  -51.352  -21.784 0.6999999881
16648  -34.871  -49.427  -19.224 0.6999999881
16661  -35.362  -49.799  -20.255 0.6999999881
115464  -36.238  -47.080  -16.284 0.5000000000
18439  -35.485  -47.267  -17.273 0.6999999881
19404  -36.259  -46.025  -17.078 0.5000000000
17534  -27.206  -48.870  -20.186 0.5000000000
16643  -28.641  -49.153  -19.795 0.5000000000
110981  -29.210  -49.005  -20.110 0.6000000238
16656  -28.764  -49.040  -20.678 0.6000000238
16658  -30.396  -48.853  -20.533 0.6000000238
111355  -30.778  -49.084  -21.347 0.6000000238
16659  -31.201  -48.867  -20.870 0.6000000238
16666  -31.472  -49.414  -22.118 0.6000000238
15012  -34.471  -51.536  -24.173 0.6000000238
109668  -34.186  -50.764  -24.593 0.5000000000
16667  -32.517  -49.483  -22.460 0.5000000000
15832  -35.855  -50.438  -22.014 0.6000000238
15841  -35.911  -50.604  -23.242 0.6000000238
126216  -35.822  -48.046  -19.675 0.6000000238
16649  -35.840  -49.186  -20.450 0.6000000238
19414  -35.682  -46.156  -18.555 0.5000000000
16642  -27.828  -49.294  -19.412 0.5000000000
16644  -29.421  -49.067  -19.341 0.6000000238
16646  -30.934  -48.595  -20.100 0.6000000238
16690  -33.428  -50.763  -24.678 0.5000000000
16668  -33.360  -49.414  -22.778 0.5000000000
16681  -36.155  -49.934  -23.805 0.4000000060
16691  -35.007  -50.274  -24.606 0.5000000000
16680  -34.704  -49.808  -24.460 0.5000000000
18505  -36.105  -47.706  -20.312 0.6000000238
16616  -27.327  -49.503  -18.682 0.5000000000
114742  -28.623  -49.318  -18.929 0.6000000238
16618  -29.278  -49.293  -18.359 0.6000000238
16645  -30.350  -48.725  -19.543 0.6000000238
17578  -35.739  -48.777  -24.530 0.5000000000
17577  -35.157  -48.909  -24.415 0.4000000060
16596  -27.265  -49.799  -17.830 0.5000000000
16597  -28.100  -49.764  -17.408 0.5000000000
16598  -29.008  -49.491  -17.466 0.6000000238
17508  -30.700  -48.614  -18.838 0.6000000238
120896  -26.290  -50.101  -17.219 0.5000000000
16575  -27.251  -50.036  -16.825 0.5000000000
16576  -28.640  -49.589  -16.576 0.6000000238
16599  -29.945  -49.203  -17.579 0.6000000238
16573  -25.574  -50.004  -16.351 0.5000000000
16574  -26.501  -49.998  -16.192 0.5000000000
126772  -27.915  -49.798  -16.486 0.5000000000
16557  -29.050  -49.158  -15.817 0.6000000238
130494  -30.176  -48.998  -16.677 0.6000000238
16555  -26.666  -49.372  -15.536 0.5000000000
17451  -27.481  -48.959  -15.214 0.5000000000
18401  -26.051  -48.237  -15.017 0.5000000000
17469  -30.661  -48.475  -16.224 0.5000000000
124991  -26.657  -48.734  -15.111 0.5000000000
17452  -28.503  -48.756  -15.176 0.5000000000
18383  -25.541  -47.296  -14.947 0.5000000000
18384  -26.499  -47.274  -14.558 0.5000000000
17438  -27.965  -48.196  -14.647 0.5000000000
17454  -30.353  -48.055  -15.322 0.4000000060
129068  -25.955  -46.818  -14.665 0.5000000000
18385  -27.500  -47.449  -14.318 0.5000000000
113386  -29.121  -47.440  -14.425 0.4000000060
18387  -29.656  -47.782  -14.733 0.4000000060
19364  -27.134  -46.640  -14.042 0.4000000060
110367  -27.994  -46.813  -13.888 0.4000000060
123586  -28.899  -46.718  -14.100 0.4000000060
16669  -36.401  -49.770  -22.455 0.6000000238
18481  -35.697  -47.240  -19.160 0.5000000000
20405  -36.056  -45.632  -17.863 0.4000000060
16678  -32.885  -50.281  -24.052 0.6000000238
19366  -29.696  -47.021  -14.473 0.4000000060
113248  -29.608  -46.144  -14.432 0.4000000060
13997  -31.014  -52.430  -22.339 0.6999999881
111931  -33.177  -52.246  -22.549 0.6999999881
15814  -34.570  -50.291  -19.904 0.6999999881
15850  -32.844  -51.010  -24.951 0.6000000238
16677  -31.921  -50.081  -23.697 0.6000000238
17512  -35.161  -48.000  -17.684 0.6999999881
14997  -33.937  -52.030  -23.497 0.6999999881
15826  -35.213  -50.622  -21.099 0.6999999881
110716  -35.502  -48.055  -18.752 0.6000000238
116461  -35.603  -46.886  -18.101 0.6000000238
13909  -29.308  -52.727  -17.725 0.5000000000
13910  -30.073  -52.671  -17.584 0.5000000000
13911  -31.467  -52.211  -17.395 0.4000000060
13912  -32.387  -52.080  -17.185 0.5000000000
13944  -28.357  -52.324  -19.391 0.5000000000
13946  -29.946  -52.167  -20.113 0.5000000000
13998  -31.841  -52.399  -21.980 0.6999999881
13999  -32.310  -52.385  -23.329 0.8000000119
14019  -30.936  -52.179  -23.726 0.6999999881
14020  -31.552  -52.418  -23.147 0.6999999881
14884  -34.896  -50.803  -16.573 0.5000000000
14900  -29.785  -52.238  -17.915 0.5000000000
14922  -29.573  -52.162  -18.423 0.5000000000
14925  -31.882  -51.205  -18.680 0.5000000000
14937  -30.492  -51.812  -19.211 0.6000000238
14984  -34.090  -51.838  -22.093 0.6999999881
14998  -34.715  -51.628  -22.970 0.6999999881
15008  -30.599  -51.515  -24.297 0.6999999881
15010  -32.930  -51.471  -24.819 0.6000000238
15751  -33.738  -50.477  -16.706 0.5000000000
15788  -32.417  -50.726  -17.953 0.6000000238
15789  -33.174  -50.364  -18.372 0.6000000238
15827  -35.959  -49.840  -21.200 0.6000000238
15831  -35.362  -51.062  -22.439 0.6000000238
15840  -35.254  -51.203  -23.829 0.6000000238
15847  -29.340  -50.090  -24.642 0.6999999881
15851  -33.475  -51.151  -24.799 0.5000000000
15852  -34.765  -50.966  -24.548 0.6000000238
15853  -35.491  -50.529  -24.333 0.4000000060
15857  -29.648  -49.451  -24.631 0.6999999881
16554  -25.869  -49.557  -15.706 0.5000000000
16556  -28.180  -49.432  -15.800 0.5000000000
16558  -29.902  -48.838  -15.909 0.6000000238
16577  -29.487  -49.305  -16.640 0.6000000238
16579  -33.899  -49.881  -16.766 0.5000000000
16580  -34.448  -49.609  -16.628 0.5000000000
16600  -33.665  -49.801  -17.106 0.5000000000
16617  -27.964  -49.551  -18.419 0.5000000000
16619  -30.062  -48.989  -18.621 0.6000000238
16620  -33.548  -49.922  -17.769 0.6999999881
16655  -28.009  -49.013  -20.412 0.5000000000
16657  -29.594  -49.049  -20.912 0.6000000238
16670  -36.570  -49.303  -23.309 0.6000000238
16679  -33.848  -50.122  -24.067 0.5000000000
16682  -36.290  -49.220  -24.143 0.5000000000
16689  -29.940  -49.851  -24.572 0.6999999881
16692  -35.627  -49.733  -24.508 0.5000000000
17437  -27.018  -48.166  -14.728 0.5000000000
17439  -28.860  -48.073  -14.673 0.4000000060
17450  -26.126  -48.978  -15.308 0.5000000000
17453  -29.416  -48.502  -15.201 0.4000000060
17470  -34.928  -48.967  -16.491 0.6000000238
17471  -35.691  -48.362  -16.162 0.6999999881
17472  -36.223  -48.542  -15.899 0.5000000000
17491  -30.659  -48.718  -18.073 0.6000000238
17510  -31.902  -47.917  -18.913 0.6999999881
17537  -35.537  -48.735  -19.548 0.6000000238
17552  -32.499  -48.354  -20.631 0.6000000238
17554  -36.107  -48.471  -20.451 0.6000000238
17555  -36.526  -48.171  -21.276 0.6999999881
17564  -36.698  -48.745  -22.419 0.6000000238
17567  -28.999  -48.183  -23.860 0.5000000000
17579  -36.355  -48.583  -24.233 0.5000000000
17584  -29.286  -48.961  -24.757 0.6999999881
17585  -36.213  -48.143  -24.411 0.6000000238
18386  -28.396  -47.487  -14.290 0.4000000060
18402  -30.860  -47.103  -15.276 0.6000000238
18404  -36.703  -46.970  -15.984 0.5000000000
18420  -35.759  -47.522  -16.438 0.5000000000
18454  -31.788  -47.842  -18.130 0.6000000238
18457  -35.465  -47.481  -18.176 0.6000000238
18502  -32.904  -47.720  -20.184 0.6000000238
18533  -36.664  -47.875  -23.434 0.6000000238
18547  -36.528  -48.030  -24.099 0.6000000238
18558  -35.312  -47.211  -24.429 0.6000000238
19367  -30.292  -46.600  -14.772 0.6000000238
19391  -35.912  -46.747  -16.803 0.5000000000
19402  -32.567  -46.212  -17.423 0.5000000000
19403  -35.801  -46.422  -17.569 0.6000000238
19425  -33.363  -46.321  -19.588 0.6000000238
19426  -35.721  -46.398  -19.478 0.5000000000
19438  -35.735  -45.994  -20.320 0.6000000238
19467  -36.366  -46.627  -24.217 0.6000000238
19478  -35.768  -46.894  -24.535 0.6000000238
20403  -31.806  -45.292  -17.011 0.6000000238
20460  -34.410  -45.096  -24.089 0.6000000238
20461  -36.012  -45.305  -24.181 0.6000000238
20462  -36.119  -45.918  -24.343 0.6000000238
20471  -36.118  -46.542  -24.442 0.6000000238
21410  -32.627  -44.765  -21.838 0.6999999881
21412  -36.367  -43.559  -20.437 0.4000000060
21428  -32.968  -44.104  -22.674 0.6000000238
21430  -35.631  -43.987  -23.145 0.6000000238
21440  -35.010  -44.739  -24.250 0.6000000238
21441  -35.537  -44.534  -23.953 0.6000000238
22372  -30.201  -43.706  -20.373 0.5000000000
22380  -36.162  -43.330  -21.414 0.4000000060
22406  -34.479  -43.466  -23.530 0.6000000238
23349  -35.120  -42.060  -18.887 0.5000000000
23367  -29.397  -42.505  -20.805 0.5000000000
23380  -33.241  -43.022  -22.048 0.5000000000
23392  -35.378  -42.155  -23.100 0.6000000238
23393  -36.837  -41.014  -22.591 0.5000000000
23394  -37.510  -41.047  -22.482 0.3000000119
24312  -35.383  -41.164  -16.947 0.5000000000
24313  -35.996  -41.211  -16.695 0.5000000000
24331  -35.626  -41.483  -17.311 0.5000000000
24332  -36.396  -41.467  -17.252 0.5000000000
24333  -37.243  -41.412  -17.286 0.4000000060
24334  -38.220  -41.361  -17.283 0.3000000119
24384  -37.517  -40.567  -22.249 0.5000000000
24403  -35.468  -41.669  -22.727 0.6000000238
24404  -36.866  -40.718  -22.447 0.5000000000
25320  -36.377  -40.755  -16.178 0.4000000060
25321  -37.081  -40.802  -16.041 0.4000000060
25337  -34.208  -40.852  -17.675 0.4000000060
25339  -39.661  -40.663  -17.151 0.3000000119
25351  -33.519  -40.409  -18.361 0.4000000060
25378  -37.287  -40.591  -22.318 0.5000000000
26265  -35.794  -39.561  -16.072 0.4000000060
27188  -35.897  -38.950  -15.929 0.4000000060
27189  -36.572  -38.768  -15.565 0.5000000000
27203  -38.756  -38.801  -15.871 0.4000000060
28149  -36.012  -38.189  -15.901 0.5000000000
28151  -37.563  -37.865  -15.370 0.5000000000
28162  -35.512  -37.645  -16.613 0.4000000060
28179  -40.744  -37.158  -18.019 0.3000000119
29151  -38.444  -36.331  -15.641 0.4000000060
29161  -35.543  -36.827  -16.654 0.5000000000
29163  -39.160  -36.331  -16.160 0.4000000060
31230  -35.551  -34.401  -16.232 0.5000000000
32180  -36.753  -33.701  -15.080 0.5000000000
32182  -38.221  -33.309  -15.427 0.5000000000
32192  -36.094  -33.465  -15.331 0.5000000000
108814  -37.158  -41.334  -19.175 0.5000000000
108841  -31.314  -48.102  -16.771 0.6000000238
109022  -35.265  -49.536  -24.585 0.4000000060
109487  -31.940  -51.539  -17.404 0.5000000000
110052  -30.407  -49.582  -23.359 0.6000000238
110444  -38.049  -41.409  -19.275 0.3000000119
111558  -36.541  -47.388  -24.004 0.6000000238
111933  -29.780  -48.864  -20.044 0.6000000238
113422  -34.808  -46.949  -24.152 0.6999999881
113601  -34.099  -51.205  -24.614 0.5000000000
116045  -40.669  -38.045  -17.649 0.3000000119
116570  -30.242  -49.113  -21.381 0.6000000238
117160  -33.718  -51.158  -16.711 0.5000000000
117641  -38.436  -37.945  -15.630 0.4000000060
120489  -29.061  -52.254  -18.908 0.5000000000
121147  -37.572  -33.921  -15.218 0.5000000000
121823  -30.354  -52.301  -22.636 0.6999999881
122172  -33.458  -51.794  -21.309 0.6999999881
122272  -27.349  -49.722  -15.958 0.5000000000
123787  -31.477  -47.053  -15.847 0.6000000238
124806  -29.167  -41.925  -21.002 0.5000000000
125647  -28.588  -49.487  -18.136 0.6000000238
127716  -36.728  -48.289  -22.930 0.6000000238
128264  -30.037  -42.936  -20.999 0.5000000000
128409  -35.442  -49.308  -19.859 0.6999999881
129152  -39.392  -38.894  -16.381 0.4000000060
130109  -31.334  -52.722  -17.448 0.4000000060
130289  -30.973  -52.122  -17.524 0.5000000000
130715  -34.429  -47.135  -23.316 0.6999999881
