#!ascii label  , from subject sub-v1s19x0051293_ses-1 vox2ras=TkReg
1707
26313  -32.772  -40.057  -19.174 0.5000000000
26329  -32.624  -38.891  -19.686 0.4000000060
26328  -31.784  -38.696  -20.550 0.6000000238
27240  -32.265  -38.162  -20.419 0.6000000238
27231  -33.525  -38.375  -19.048 0.6000000238
112460  -34.623  -36.712  -18.212 0.6000000238
27249  -31.534  -38.087  -20.819 0.6999999881
26338  -31.073  -38.868  -21.003 0.6999999881
28201  -33.096  -37.007  -20.087 0.6999999881
28188  -33.658  -37.447  -19.338 0.6999999881
28189  -34.218  -37.062  -18.824 0.6999999881
29174  -35.062  -36.353  -17.508 0.5000000000
29173  -34.566  -35.953  -18.288 0.6999999881
28176  -34.628  -37.503  -18.030 0.5000000000
25270  -27.036  -40.458  -14.083 0.5000000000
27248  -30.751  -38.068  -20.957 0.6999999881
29209  -32.410  -36.627  -20.491 0.6999999881
29198  -33.705  -36.618  -19.537 0.6999999881
126897  -32.253  -35.737  -20.337 0.6999999881
30256  -33.657  -35.865  -19.608 0.6999999881
29197  -33.141  -36.203  -20.144 0.6999999881
121371  -33.062  -35.563  -19.999 0.6999999881
30229  -34.959  -35.434  -17.497 0.6000000238
26276  -32.107  -40.005  -17.336 0.6999999881
26295  -32.134  -39.013  -17.519 0.6999999881
123901  -30.629  -37.613  -20.547 0.6999999881
28199  -30.472  -37.414  -20.210 0.6999999881
25289  -27.846  -39.140  -14.340 0.6000000238
25302  -26.133  -39.507  -15.479 0.4000000060
117378  -31.158  -36.852  -20.563 0.6999999881
29186  -34.164  -36.290  -18.954 0.6999999881
30228  -34.440  -35.285  -18.322 0.6999999881
32220  -33.940  -33.946  -18.453 0.6999999881
31230  -35.551  -34.401  -16.232 0.6000000238
26278  -33.413  -39.162  -16.159 0.6999999881
26277  -32.774  -39.583  -16.730 0.6999999881
27217  -31.379  -38.363  -18.477 0.6999999881
27200  -32.798  -38.620  -16.880 0.6999999881
27201  -33.376  -38.193  -16.321 0.6999999881
126319  -29.253  -39.469  -13.163 0.6000000238
28175  -31.759  -37.407  -18.279 0.6999999881
28186  -30.644  -36.859  -19.771 0.6999999881
27218  -32.250  -38.084  -17.605 0.6999999881
28160  -32.816  -37.717  -16.963 0.6999999881
26261  -27.469  -38.262  -15.107 0.5000000000
25288  -26.850  -39.418  -14.903 0.5000000000
30255  -32.441  -35.042  -19.832 0.6999999881
30267  -31.313  -35.719  -20.133 0.6999999881
29160  -32.722  -36.746  -17.073 0.6999999881
123904  -26.289  -37.827  -16.179 0.4000000060
31254  -33.392  -35.021  -19.517 0.6999999881
29196  -30.897  -35.862  -19.943 0.6999999881
127620  -32.369  -37.332  -17.569 0.6999999881
27198  -25.543  -37.749  -16.851 0.4000000060
30254  -31.738  -35.219  -19.863 0.6999999881
29172  -32.090  -36.625  -18.001 0.6999999881
30227  -32.301  -35.865  -17.595 0.6999999881
31255  -34.006  -34.760  -18.802 0.6999999881
116720  -33.308  -34.160  -19.166 0.6999999881
31240  -31.367  -34.084  -18.543 0.6999999881
30226  -31.664  -34.971  -18.154 0.6999999881
31241  -34.497  -34.644  -17.937 0.6999999881
31253  -31.321  -34.224  -19.074 0.6999999881
32206  -35.119  -33.913  -16.668 0.6000000238
119702  -34.367  -32.973  -17.395 0.6999999881
32204  -33.891  -33.161  -18.111 0.6999999881
121244  -36.232  -30.836  -14.919 0.5000000000
121746  -36.172  -32.111  -14.957 0.5000000000
34163  -38.887  -31.859  -16.167 0.4000000060
34151  -38.228  -31.973  -15.477 0.5000000000
28147  -33.843  -37.734  -15.763 0.6999999881
27160  -29.215  -38.623  -13.047 0.6000000238
28187  -31.287  -36.534  -18.982 0.6999999881
28161  -33.294  -37.276  -16.382 0.6999999881
31264  -32.556  -34.335  -19.524 0.6999999881
30253  -31.374  -35.147  -19.487 0.6999999881
32217  -31.497  -33.690  -19.021 0.6999999881
121144  -34.662  -30.465  -16.240 0.6999999881
32205  -34.536  -33.777  -17.455 0.6999999881
33172  -34.992  -32.333  -16.211 0.6999999881
33171  -34.457  -32.341  -16.948 0.6999999881
121149  -35.413  -30.881  -15.461 0.6999999881
26220  -32.878  -39.115  -12.032 0.6999999881
27149  -33.695  -38.628  -12.205 0.6999999881
126794  -34.096  -38.300  -12.379 0.8000000119
27132  -34.413  -37.855  -12.695 0.8000000119
26198  -31.857  -39.185  -11.743 0.6000000238
115146  -32.324  -38.570  -11.333 0.6000000238
27130  -33.194  -38.336  -11.578 0.6000000238
27161  -34.488  -38.421  -13.406 0.8000000119
26197  -30.967  -39.073  -11.730 0.6000000238
27129  -31.413  -38.590  -11.203 0.6000000238
27187  -34.375  -38.084  -15.030 0.6999999881
26217  -29.770  -39.050  -12.624 0.6000000238
27159  -28.705  -38.079  -13.305 0.6000000238
27147  -29.293  -38.476  -12.481 0.6000000238
117141  -33.726  -36.874  -15.788 0.6999999881
27172  -28.104  -38.002  -14.620 0.5000000000
27173  -28.420  -37.891  -14.032 0.6000000238
28148  -34.173  -36.560  -15.192 0.6999999881
120268  -32.788  -35.919  -16.803 0.6999999881
32230  -32.536  -33.744  -19.259 0.6999999881
31263  -31.705  -34.468  -19.440 0.6999999881
120873  -34.139  -30.762  -17.080 0.8000000119
33186  -33.915  -32.403  -17.827 0.6999999881
32218  -31.941  -33.178  -18.951 0.6999999881
113902  -31.429  -33.358  -17.944 0.6999999881
35142  -34.706  -29.714  -16.270 0.8000000119
33185  -33.285  -32.595  -18.403 0.6999999881
33197  -31.668  -32.301  -18.504 0.6999999881
35130  -37.077  -30.445  -15.039 0.5000000000
121145  -38.500  -31.170  -15.786 0.5000000000
36023  -38.743  -29.672  -16.366 0.5000000000
121243  -39.013  -31.050  -16.580 0.4000000060
27109  -32.700  -37.896  -10.982 0.6000000238
27131  -33.951  -37.905  -11.871 0.6999999881
29115  -34.637  -36.731  -12.938 0.8000000119
28123  -34.608  -37.564  -13.593 0.8000000119
29127  -34.629  -36.673  -13.847 0.8000000119
27128  -30.531  -38.541  -11.271 0.6000000238
27127  -29.688  -38.466  -11.546 0.6000000238
29141  -34.431  -36.292  -14.503 0.8000000119
28136  -27.801  -37.460  -14.557 0.6000000238
27146  -28.696  -38.143  -12.665 0.6000000238
30201  -34.083  -35.693  -15.056 0.6999999881
28146  -27.089  -37.090  -15.399 0.5000000000
30200  -33.561  -35.157  -15.548 0.6999999881
29147  -26.495  -36.740  -15.951 0.5000000000
29140  -26.645  -36.738  -15.361 0.5000000000
124525  -33.140  -35.519  -16.229 0.6999999881
30213  -32.495  -35.060  -16.995 0.6999999881
35141  -34.261  -29.924  -16.898 0.8000000119
33198  -32.377  -32.427  -18.657 0.6999999881
113742  -31.594  -32.982  -18.531 0.6999999881
34176  -33.130  -31.740  -18.358 0.6999999881
34150  -37.683  -31.271  -15.210 0.5000000000
28072  -33.155  -37.155  -10.677 0.6999999881
29102  -33.929  -37.090  -11.262 0.8000000119
29103  -34.338  -36.581  -11.544 0.8000000119
27108  -31.864  -38.077  -10.710 0.6999999881
128096  -33.674  -36.700  -10.753 0.8000000119
115569  -34.611  -36.262  -12.102 0.8000000119
27107  -30.929  -38.078  -10.529 0.6000000238
27106  -29.979  -38.242  -10.656 0.6000000238
115520  -34.622  -35.946  -13.590 0.6999999881
28122  -28.234  -37.637  -13.872 0.6000000238
28105  -28.234  -37.767  -13.197 0.6000000238
30193  -34.004  -34.859  -14.861 0.8000000119
31213  -34.396  -34.629  -14.131 0.6999999881
28121  -27.519  -37.368  -13.787 0.6000000238
31212  -33.958  -34.054  -14.667 0.8000000119
28134  -25.093  -36.655  -14.922 0.4000000060
30212  -31.835  -34.213  -17.527 0.6999999881
31228  -32.487  -34.264  -16.652 0.6999999881
31220  -33.485  -34.330  -15.354 0.6999999881
28132  -24.110  -37.543  -15.432 0.4000000060
32189  -32.142  -33.600  -16.879 0.6999999881
31219  -32.892  -33.784  -15.921 0.6999999881
117674  -33.583  -30.902  -18.035 0.8000000119
34189  -31.926  -31.512  -18.612 0.8000000119
118643  -31.467  -32.793  -18.366 0.6999999881
36021  -35.097  -29.112  -16.030 0.8000000119
36022  -35.927  -29.235  -15.475 0.6999999881
35129  -36.093  -30.094  -15.078 0.5000000000
36955  -39.260  -28.641  -17.049 0.5000000000
36009  -37.695  -29.728  -15.499 0.5000000000
117901  -39.331  -30.090  -17.650 0.4000000060
29088  -32.595  -36.783  -9.990 0.6000000238
29089  -33.390  -36.308  -10.256 0.6999999881
29090  -34.112  -36.267  -10.905 0.8000000119
111681  -34.477  -36.026  -11.478 0.8000000119
28070  -31.554  -37.638  -10.193 0.6999999881
31196  -34.897  -34.654  -12.387 0.8000000119
30166  -34.708  -35.426  -11.872 0.8000000119
27105  -29.055  -38.318  -10.772 0.6000000238
31205  -34.730  -34.558  -13.320 0.8000000119
28104  -27.465  -37.733  -12.789 0.6000000238
27126  -27.937  -38.193  -12.033 0.6000000238
32171  -34.472  -33.722  -13.923 0.8000000119
32179  -33.118  -32.975  -15.478 0.8000000119
120289  -33.499  -33.562  -15.113 0.8000000119
28120  -26.185  -37.122  -13.856 0.5000000000
34147  -32.379  -31.031  -15.834 0.8000000119
32178  -32.513  -33.037  -16.218 0.6999999881
28119  -25.037  -37.024  -13.930 0.4000000060
36033  -34.026  -29.314  -17.636 0.8000000119
35156  -33.219  -30.266  -18.337 0.8000000119
36048  -32.446  -29.984  -18.542 0.8000000119
34188  -31.519  -31.495  -18.335 0.8000000119
33170  -31.624  -32.222  -17.316 0.6999999881
36020  -34.502  -29.157  -16.759 0.8000000119
119329  -31.403  -32.680  -17.881 0.6999999881
35170  -31.690  -30.589  -18.461 0.8000000119
36950  -34.902  -28.403  -16.656 0.8000000119
115659  -32.301  -29.115  -18.470 0.8000000119
36008  -36.853  -29.506  -15.317 0.6000000238
36952  -36.738  -28.579  -15.680 0.6000000238
36954  -38.585  -28.378  -16.329 0.5000000000
29081  -32.132  -36.412  -9.432 0.6000000238
30150  -33.961  -35.528  -10.340 0.6999999881
28056  -30.922  -37.403  -9.747 0.6000000238
31171  -34.404  -34.769  -10.581 0.6999999881
31184  -34.756  -34.712  -11.455 0.6999999881
28069  -30.231  -37.867  -10.035 0.6000000238
29080  -31.350  -36.669  -9.274 0.6000000238
118672  -31.649  -35.947  -8.889 0.6000000238
28055  -30.002  -37.392  -9.509 0.6000000238
27104  -28.099  -38.331  -10.932 0.6000000238
28068  -29.357  -37.919  -9.935 0.6000000238
109950  -35.045  -34.118  -11.916 0.6999999881
28089  -26.751  -38.076  -11.854 0.5000000000
28103  -26.255  -37.550  -12.775 0.3000000119
33150  -33.836  -32.091  -14.504 0.8000000119
113953  -34.218  -32.845  -14.236 0.8000000119
33159  -33.195  -32.101  -15.151 0.8000000119
32170  -33.617  -32.840  -14.814 0.8000000119
35126  -32.210  -30.310  -16.051 0.8000000119
36032  -33.280  -29.478  -18.322 0.8000000119
125593  -31.285  -31.000  -18.001 0.8000000119
34146  -31.930  -31.560  -16.614 0.8000000119
33157  -32.208  -32.358  -16.411 0.6999999881
35169  -31.489  -30.006  -18.191 0.8000000119
36047  -31.742  -29.742  -18.410 0.8000000119
36951  -35.681  -28.428  -15.982 0.6999999881
36953  -37.761  -28.217  -15.910 0.6000000238
37951  -40.070  -27.888  -18.386 0.3000000119
30136  -32.489  -35.669  -9.189 0.6000000238
30137  -33.283  -35.558  -9.670 0.6999999881
31170  -33.857  -34.828  -9.781 0.6999999881
31159  -34.354  -34.130  -10.044 0.6999999881
29075  -26.442  -36.612  -9.556 0.5000000000
29064  -30.940  -36.219  -8.786 0.6000000238
110525  -34.802  -33.993  -11.014 0.6999999881
27103  -27.095  -38.289  -11.015 0.5000000000
28054  -28.658  -37.480  -9.557 0.5000000000
29078  -29.677  -36.738  -9.033 0.6000000238
32135  -35.221  -33.513  -11.853 0.6999999881
28088  -26.073  -38.047  -11.035 0.3000000119
32150  -35.275  -32.928  -12.585 0.8000000119
126815  -35.170  -32.107  -13.158 0.8000000119
32160  -34.763  -32.916  -13.466 0.8000000119
34139  -33.487  -31.276  -14.714 0.8999999762
34140  -34.128  -31.316  -14.250 0.8999999762
33151  -34.473  -32.115  -13.915 0.8000000119
34128  -34.714  -31.344  -13.660 0.8000000119
124656  -25.237  -37.299  -13.165 0.4000000060
35127  -32.680  -30.391  -15.396 0.8999999762
34148  -32.924  -31.178  -15.246 0.8999999762
36965  -34.312  -28.520  -17.520 0.8000000119
35155  -31.367  -30.259  -17.872 0.8000000119
120435  -31.564  -30.920  -17.263 0.8000000119
37917  -34.629  -27.736  -17.454 0.8000000119
37918  -35.464  -27.605  -16.671 0.6999999881
37920  -37.494  -27.183  -16.291 0.6000000238
38864  -39.158  -27.089  -16.671 0.6000000238
37922  -39.011  -27.870  -16.661 0.6000000238
30120  -31.942  -35.117  -8.624 0.6000000238
31157  -33.028  -34.819  -9.016 0.6000000238
31158  -33.726  -34.150  -9.349 0.6999999881
29063  -30.189  -36.091  -8.690 0.6000000238
32120  -34.705  -33.445  -10.307 0.8000000119
28053  -27.818  -37.550  -9.654 0.6000000238
123159  -35.100  -33.343  -11.061 0.6999999881
33121  -35.390  -32.763  -11.569 0.8000000119
28065  -26.499  -37.921  -10.353 0.4000000060
33134  -35.475  -32.286  -12.308 0.6999999881
35119  -33.773  -30.504  -14.430 0.8000000119
35109  -35.049  -30.609  -13.398 0.8000000119
36006  -32.437  -29.657  -15.710 0.8999999762
35997  -33.468  -29.705  -14.614 0.8000000119
36007  -32.938  -29.692  -15.108 0.8000000119
36978  -32.622  -28.382  -18.404 0.8000000119
36948  -31.540  -28.931  -17.780 0.8000000119
35140  -31.737  -30.253  -16.881 0.6999999881
37936  -33.929  -27.822  -18.149 0.8000000119
36019  -31.570  -29.568  -17.381 0.8000000119
36031  -31.375  -29.522  -18.003 0.8000000119
38860  -35.666  -26.682  -17.011 0.8000000119
37935  -33.009  -27.706  -18.394 0.8000000119
38862  -37.533  -26.260  -16.494 0.6999999881
121489  -38.273  -26.001  -16.499 0.6999999881
40674  -39.417  -24.643  -16.600 0.6000000238
40685  -39.936  -24.985  -16.845 0.6000000238
110063  -40.850  -24.320  -18.107 0.6000000238
30119  -30.894  -35.446  -8.510 0.6000000238
33071  -34.015  -33.022  -8.938 0.8000000119
32101  -34.205  -33.528  -9.534 0.6999999881
116796  -27.264  -34.776  -9.438 0.5000000000
30135  -29.213  -35.968  -8.749 0.5000000000
33104  -35.085  -32.836  -10.591 0.8000000119
29076  -27.471  -36.572  -9.398 0.5000000000
116224  -28.892  -36.783  -9.111 0.5000000000
34083  -35.129  -32.180  -10.117 0.8000000119
114317  -35.586  -31.621  -10.606 0.8000000119
33105  -35.430  -32.284  -10.890 0.8000000119
121510  -35.928  -31.181  -11.960 0.8000000119
35095  -36.211  -30.499  -11.871 0.8000000119
34116  -35.561  -31.595  -12.489 0.8000000119
34129  -35.286  -31.306  -13.132 0.8000000119
35110  -35.656  -30.717  -12.630 0.8000000119
35120  -34.380  -30.550  -13.945 0.8000000119
35986  -34.700  -29.800  -13.633 0.8000000119
37949  -32.255  -27.761  -18.087 0.8000000119
36937  -32.195  -28.870  -16.227 0.8000000119
36949  -31.925  -28.343  -17.239 0.8999999762
37937  -34.861  -26.938  -17.577 0.8000000119
37950  -33.473  -27.056  -18.311 0.8000000119
38861  -36.566  -26.451  -16.627 0.6999999881
39766  -38.499  -25.403  -16.523 0.6999999881
40672  -36.950  -24.925  -16.842 0.6999999881
39765  -37.633  -25.499  -16.581 0.6999999881
40673  -38.126  -24.073  -16.537 0.6999999881
113559  -38.712  -24.714  -16.516 0.6999999881
33070  -32.749  -32.763  -8.225 0.8000000119
119352  -32.232  -34.145  -8.440 0.6000000238
32085  -32.892  -33.479  -8.475 0.6000000238
125038  -33.389  -33.062  -8.564 0.8000000119
33102  -28.475  -32.046  -10.639 0.6000000238
32098  -28.356  -33.170  -9.796 0.5000000000
31140  -30.441  -34.777  -8.407 0.6000000238
32083  -31.251  -33.704  -8.262 0.6000000238
33086  -34.605  -32.800  -9.664 0.8000000119
34100  -27.714  -31.498  -11.729 0.6000000238
33120  -27.998  -31.951  -11.198 0.6000000238
33103  -29.094  -31.833  -10.104 0.6000000238
32099  -29.010  -33.363  -9.367 0.5000000000
31139  -29.760  -34.474  -8.550 0.5000000000
35975  -27.780  -29.423  -12.204 0.5000000000
35080  -28.180  -30.274  -11.691 0.5000000000
35064  -28.576  -30.784  -11.063 0.6000000238
31155  -28.339  -34.655  -9.142 0.5000000000
31156  -29.058  -34.158  -8.936 0.5000000000
35081  -36.074  -30.981  -11.125 0.8000000119
30117  -29.100  -35.016  -8.699 0.5000000000
35974  -27.311  -29.690  -13.389 0.4000000060
122350  -28.358  -36.205  -9.083 0.5000000000
35082  -36.441  -30.110  -11.156 0.6999999881
111255  -35.134  -29.040  -13.378 0.8000000119
35976  -36.046  -29.885  -12.392 0.6999999881
36927  -33.193  -28.856  -14.953 0.8000000119
36928  -33.834  -29.001  -14.395 0.8000000119
36908  -35.841  -29.093  -12.768 0.8000000119
36918  -34.800  -28.307  -13.737 0.8000000119
39777  -34.156  -25.479  -18.142 0.8999999762
127547  -33.224  -26.421  -18.248 0.8999999762
37916  -32.335  -27.612  -17.020 0.8000000119
36938  -32.710  -28.421  -15.667 0.8000000119
37934  -32.099  -27.780  -17.773 1.0000000000
38858  -32.696  -26.951  -16.743 0.8000000119
38881  -35.867  -25.864  -17.227 0.8000000119
39779  -36.111  -25.099  -17.354 0.6999999881
33069  -31.883  -32.397  -8.105 0.8000000119
119206  -33.556  -32.415  -8.381 0.8000000119
34061  -34.167  -31.997  -8.487 0.8000000119
34082  -28.811  -31.336  -10.594 0.6000000238
119211  -31.063  -32.812  -8.300 0.6000000238
32084  -32.038  -33.228  -8.190 0.6000000238
33072  -34.279  -32.489  -8.893 0.8000000119
35058  -35.050  -31.278  -8.936 0.8000000119
35948  -28.803  -29.869  -10.958 0.5000000000
32082  -30.510  -33.357  -8.466 0.6000000238
34075  -34.763  -31.980  -9.173 0.8000000119
34076  -35.295  -31.433  -9.723 0.8000000119
35066  -35.765  -30.868  -10.160 0.6999999881
33085  -30.076  -31.853  -8.951 0.6000000238
36907  -28.040  -28.432  -11.912 0.4000000060
35961  -28.961  -28.935  -10.816 0.4000000060
35949  -29.338  -29.457  -10.373 0.4000000060
36891  -28.659  -28.253  -11.230 0.4000000060
120569  -29.401  -28.713  -10.380 0.4000000060
35056  -29.738  -30.681  -9.642 0.4000000060
35096  -36.417  -29.813  -11.789 0.6999999881
125552  -29.509  -27.507  -10.457 0.4000000060
36871  -30.271  -28.194  -9.527 0.5000000000
37848  -29.598  -26.740  -10.557 0.3000000119
35941  -30.343  -29.117  -9.268 0.5000000000
37898  -33.720  -28.206  -14.631 0.8000000119
124798  -34.232  -28.458  -14.199 0.8000000119
36919  -35.686  -28.178  -13.179 0.8000000119
38894  -33.400  -25.782  -18.109 0.8000000119
38878  -32.904  -26.160  -17.874 1.0000000000
38859  -32.827  -26.108  -17.262 0.8000000119
126103  -33.070  -26.440  -16.416 0.8000000119
37907  -32.699  -27.671  -16.097 0.8000000119
37909  -33.764  -27.374  -15.053 0.8000000119
38837  -34.433  -26.833  -14.813 0.8000000119
38849  -33.734  -26.425  -15.676 0.8000000119
38880  -34.956  -26.084  -17.780 0.8000000119
39763  -33.122  -25.231  -17.243 0.8000000119
38848  -33.162  -27.114  -15.826 0.8000000119
116403  -35.474  -24.505  -17.766 0.8999999762
40684  -36.366  -24.361  -17.374 0.6999999881
117376  -37.191  -24.182  -16.834 0.6999999881
41608  -37.489  -23.421  -16.740 0.6999999881
41609  -38.541  -23.243  -16.501 0.6999999881
41610  -39.453  -23.499  -16.553 0.6999999881
41618  -40.733  -23.047  -17.575 0.6000000238
115091  -40.021  -22.038  -16.673 0.6999999881
42579  -38.592  -22.317  -16.490 0.6999999881
43530  -41.281  -21.673  -18.551 0.6000000238
42591  -40.787  -22.087  -17.500 0.6000000238
34059  -32.622  -31.949  -8.001 0.8000000119
34060  -33.476  -31.472  -7.950 0.8000000119
128525  -29.277  -31.177  -10.075 0.5000000000
118763  -31.557  -30.744  -8.006 0.8000000119
118426  -32.358  -31.083  -7.818 0.8000000119
35041  -34.440  -31.395  -8.395 0.8000000119
35065  -29.203  -30.465  -10.371 0.5000000000
35057  -30.397  -30.108  -8.958 0.5000000000
34058  -31.581  -31.513  -8.087 0.8000000119
35059  -35.489  -30.625  -9.193 0.6999999881
35940  -29.796  -29.795  -9.761 0.5000000000
118673  -30.865  -30.829  -8.389 0.6999999881
34057  -30.700  -31.579  -8.491 0.6999999881
35042  -34.863  -30.686  -8.372 0.6999999881
35060  -36.029  -30.106  -9.752 0.6999999881
36892  -29.194  -28.137  -10.661 0.3000000119
35950  -36.472  -29.531  -10.326 0.6999999881
36884  -36.806  -28.741  -10.504 0.6999999881
121821  -36.963  -28.551  -11.112 0.6999999881
37834  -30.806  -27.352  -9.030 0.5000000000
37861  -36.869  -27.877  -12.044 0.6999999881
38787  -30.207  -26.189  -10.187 0.4000000060
38775  -30.656  -26.395  -9.501 0.4000000060
37889  -35.217  -27.543  -13.767 0.8000000119
121018  -36.371  -28.427  -12.467 0.6999999881
37899  -34.428  -27.685  -14.320 0.8000000119
39744  -36.295  -25.248  -14.558 0.6999999881
39754  -33.279  -25.741  -16.572 0.8000000119
39742  -34.613  -25.991  -15.241 0.8000000119
40691  -34.356  -24.526  -18.000 0.8999999762
39778  -35.163  -25.257  -17.814 0.8999999762
39785  -33.555  -24.980  -17.830 0.8999999762
41626  -33.631  -24.013  -17.553 0.8000000119
40682  -33.331  -24.632  -17.393 0.8000000119
40659  -33.461  -24.899  -16.722 0.8000000119
40683  -35.049  -23.875  -17.946 0.8000000119
115088  -35.819  -23.911  -17.735 0.8999999762
41617  -36.537  -23.521  -17.358 0.8000000119
40693  -40.787  -24.986  -18.236 0.4000000060
42590  -36.995  -22.855  -17.060 0.8000000119
43506  -37.864  -21.780  -16.637 0.6999999881
113753  -39.292  -22.005  -16.483 0.6999999881
45379  -41.430  -19.677  -17.977 0.5000000000
35040  -32.972  -30.523  -7.673 0.6999999881
115355  -33.996  -30.690  -7.826 0.8000000119
114694  -32.178  -29.017  -7.660 0.6999999881
35925  -34.491  -29.956  -7.840 0.6999999881
36883  -29.697  -28.114  -10.135 0.4000000060
36855  -31.507  -28.690  -8.102 0.6000000238
35924  -33.501  -29.849  -7.614 0.6999999881
35942  -35.823  -29.846  -9.044 0.6999999881
35943  -36.243  -29.241  -9.342 0.6999999881
127463  -36.586  -28.808  -9.829 0.6999999881
38776  -31.544  -26.971  -8.450 0.5000000000
36885  -37.107  -28.066  -10.635 0.6999999881
122306  -31.117  -26.482  -8.883 0.4000000060
36894  -37.087  -28.001  -11.366 0.6999999881
113521  -31.034  -24.930  -9.353 0.3000000119
39674  -31.083  -25.684  -9.097 0.3000000119
38762  -31.749  -26.035  -8.465 0.5000000000
38838  -35.161  -26.408  -14.539 0.6999999881
37890  -35.984  -27.240  -13.328 0.6999999881
37862  -37.207  -27.426  -11.579 0.6999999881
38824  -35.580  -26.801  -13.916 0.6999999881
37875  -36.438  -27.605  -12.676 0.6999999881
38825  -36.318  -26.454  -13.529 0.6999999881
39743  -35.441  -25.602  -14.892 0.6999999881
40671  -33.232  -24.304  -17.098 0.8000000119
39755  -34.029  -25.483  -16.027 0.8000000119
40647  -34.901  -25.109  -15.625 0.8000000119
40660  -34.221  -24.608  -16.283 0.8000000119
42588  -35.312  -22.556  -17.928 0.8000000119
41628  -34.765  -23.216  -17.926 0.8000000119
40692  -34.268  -23.769  -17.882 0.8999999762
42589  -36.281  -22.569  -17.590 0.8999999762
123192  -36.474  -21.753  -17.500 0.8000000119
44434  -37.478  -20.208  -16.832 0.8000000119
44423  -40.663  -20.562  -16.993 0.6999999881
43519  -41.022  -21.163  -17.629 0.6000000238
44420  -38.090  -20.932  -16.538 0.6999999881
44421  -39.032  -20.775  -16.396 0.6999999881
47294  -37.814  -17.949  -16.965 0.6999999881
37820  -32.775  -27.390  -7.646 0.6000000238
115910  -33.521  -28.183  -7.540 0.6000000238
36858  -35.356  -28.374  -7.872 0.6999999881
116261  -34.965  -29.216  -7.858 0.6999999881
35926  -35.301  -29.947  -8.433 0.6999999881
37835  -31.462  -27.830  -8.317 0.5000000000
36859  -36.117  -28.354  -8.473 0.6999999881
128818  -36.214  -28.784  -8.876 0.6999999881
36856  -32.322  -28.214  -7.692 0.6000000238
39673  -30.662  -25.405  -9.869 0.3000000119
114098  -32.225  -26.735  -7.983 0.5000000000
37819  -32.018  -27.415  -7.950 0.5000000000
37821  -33.698  -27.232  -7.548 0.6000000238
36874  -36.896  -28.170  -9.886 0.6999999881
39658  -32.382  -25.377  -8.127 0.4000000060
123936  -32.478  -26.096  -7.980 0.5000000000
111805  -33.169  -25.812  -7.717 0.6000000238
38788  -37.527  -26.663  -10.445 0.6999999881
38812  -37.334  -26.385  -12.245 0.6999999881
38800  -37.490  -26.709  -11.419 0.6999999881
38826  -37.010  -26.027  -13.014 0.6999999881
41501  -32.393  -23.617  -8.203 0.3000000119
39729  -36.681  -25.674  -13.814 0.6999999881
40648  -35.779  -24.731  -15.274 0.6999999881
40634  -37.040  -24.856  -14.147 0.6999999881
41607  -33.334  -23.365  -17.037 0.8000000119
41598  -34.772  -23.227  -16.276 0.8000000119
42599  -34.401  -22.524  -17.875 0.8000000119
42587  -33.457  -23.082  -17.168 0.8000000119
41615  -33.333  -23.895  -17.166 0.8000000119
114623  -33.507  -24.032  -16.798 0.8000000119
43516  -35.349  -21.120  -18.110 0.8000000119
125043  -33.316  -20.306  -17.133 0.8000000119
43505  -33.364  -21.565  -17.042 0.8000000119
44414  -33.569  -20.411  -16.741 0.8000000119
45364  -33.134  -19.090  -17.015 0.8000000119
45378  -40.977  -19.747  -16.991 0.6000000238
126267  -40.283  -20.028  -16.594 0.6999999881
45366  -38.718  -19.393  -16.455 0.6000000238
47309  -37.766  -17.214  -17.181 0.6999999881
46352  -38.690  -17.536  -16.643 0.6000000238
45367  -39.399  -18.939  -16.355 0.6000000238
37822  -34.571  -27.034  -7.538 0.6000000238
38763  -33.022  -26.603  -7.674 0.6000000238
115420  -35.891  -27.672  -7.983 0.6999999881
111180  -36.502  -27.643  -8.595 0.6999999881
38765  -34.853  -26.262  -7.547 0.6000000238
37824  -36.885  -26.858  -8.709 0.6999999881
37836  -36.952  -27.538  -9.286 0.6999999881
111059  -33.183  -24.975  -7.744 0.4000000060
39660  -35.239  -25.504  -7.545 0.5000000000
38767  -36.664  -26.168  -8.145 0.6999999881
37837  -37.239  -27.427  -10.082 0.6999999881
39659  -34.161  -25.490  -7.548 0.5000000000
124079  -34.769  -24.906  -7.519 0.5000000000
39685  -37.827  -25.885  -10.903 0.6999999881
40559  -32.362  -24.489  -8.195 0.3000000119
40560  -33.167  -24.105  -7.743 0.3000000119
38839  -35.947  -26.065  -14.227 0.6999999881
39700  -37.882  -25.443  -11.524 0.6999999881
41502  -33.232  -23.240  -7.760 0.3000000119
39715  -37.615  -25.520  -12.332 0.6999999881
40635  -37.542  -24.376  -13.570 0.6999999881
40617  -37.775  -24.649  -12.701 0.6999999881
121395  -34.291  -23.855  -16.420 0.8000000119
41586  -36.697  -23.381  -14.926 0.6999999881
40649  -36.572  -24.355  -14.848 0.6999999881
41550  -37.985  -23.767  -13.015 0.6999999881
42539  -37.680  -22.417  -13.583 0.6999999881
43515  -33.419  -21.973  -17.182 0.8000000119
42570  -33.461  -22.651  -16.879 0.8000000119
41585  -36.014  -23.783  -15.440 0.6999999881
41587  -37.328  -22.994  -14.236 0.6999999881
42562  -37.071  -22.020  -14.205 0.6999999881
42598  -33.744  -22.519  -17.510 0.8000000119
42577  -33.335  -22.423  -16.999 0.8000000119
42571  -34.281  -22.497  -16.466 0.8000000119
42572  -35.264  -22.419  -15.945 0.8000000119
43491  -36.445  -21.570  -14.747 0.8000000119
44408  -37.061  -20.516  -14.381 0.6999999881
43527  -33.967  -21.734  -17.754 0.8000000119
43498  -33.713  -21.832  -16.719 0.8000000119
44405  -34.839  -20.552  -15.860 0.8000000119
44406  -35.615  -20.551  -15.309 0.8000000119
43529  -34.896  -21.839  -18.072 0.8000000119
44431  -34.634  -20.421  -18.099 0.8000000119
119092  -33.359  -20.807  -17.021 0.8000000119
44415  -34.137  -20.162  -16.280 0.8000000119
127346  -35.796  -19.741  -15.375 0.8000000119
44432  -35.752  -20.311  -18.000 0.8000000119
46377  -33.504  -18.725  -17.364 0.8000000119
45357  -33.481  -19.664  -16.731 0.8000000119
45358  -34.049  -19.531  -16.340 0.8000000119
127132  -35.267  -19.249  -15.776 0.8000000119
46343  -33.117  -17.958  -16.886 0.8000000119
45376  -36.207  -19.530  -17.786 0.8000000119
117370  -41.323  -19.031  -17.242 0.5000000000
45368  -40.325  -19.229  -16.446 0.6000000238
111459  -35.934  -18.914  -17.898 0.8000000119
46367  -36.603  -18.777  -17.559 0.8000000119
130501  -40.933  -19.129  -16.740 0.6000000238
47296  -40.509  -17.626  -16.452 0.6000000238
125782  -39.268  -18.176  -16.407 0.6000000238
47295  -39.698  -17.531  -16.396 0.6000000238
129829  -35.157  -27.570  -7.667 0.6999999881
38764  -33.911  -26.398  -7.551 0.6000000238
38766  -35.816  -26.221  -7.698 0.6999999881
38768  -37.247  -26.073  -8.822 0.6999999881
39662  -37.056  -25.329  -8.275 0.6999999881
108644  -34.063  -23.745  -7.553 0.4000000060
41503  -34.886  -23.475  -7.539 0.4000000060
40561  -34.839  -24.218  -7.508 0.5000000000
109980  -37.699  -25.874  -9.949 0.6999999881
39686  -38.115  -24.963  -10.886 0.6999999881
109568  -34.026  -21.936  -7.737 0.3000000119
109046  -35.143  -22.066  -7.629 0.3000000119
41504  -35.736  -23.795  -7.579 0.5000000000
128478  -38.160  -24.519  -10.192 0.6999999881
42478  -33.363  -22.511  -7.803 0.3000000119
44315  -35.715  -20.745  -7.830 0.3000000119
40602  -38.245  -24.236  -11.465 0.6999999881
122198  -34.970  -20.404  -8.081 0.3000000119
129736  -38.233  -22.198  -12.338 0.6999999881
42560  -36.048  -22.830  -15.451 0.8000000119
42561  -36.593  -22.406  -14.841 0.6999999881
43492  -37.017  -21.250  -14.255 0.6999999881
115074  -37.681  -20.823  -13.677 0.6999999881
129791  -33.367  -21.354  -17.054 0.8000000119
111201  -34.253  -20.966  -16.334 0.8000000119
43490  -35.835  -21.854  -15.351 0.6999999881
44407  -36.363  -20.898  -14.743 0.8000000119
44430  -33.547  -21.066  -17.314 0.8000000119
45350  -36.429  -20.191  -14.912 0.8000000119
44443  -33.715  -20.310  -17.613 0.8000000119
45349  -34.883  -19.868  -15.857 0.8000000119
112111  -35.985  -18.942  -15.519 0.8000000119
45374  -34.057  -19.537  -17.782 0.8000000119
45375  -35.213  -19.434  -18.049 0.8000000119
45373  -33.294  -19.484  -17.179 0.8000000119
112775  -33.918  -18.206  -16.528 0.8000000119
47282  -34.547  -17.511  -16.462 0.8000000119
46335  -36.243  -18.093  -15.769 0.8000000119
46365  -35.360  -18.529  -17.911 0.8000000119
46364  -34.428  -18.740  -17.826 0.8000000119
46350  -32.883  -18.200  -17.077 0.8000000119
47292  -32.838  -17.498  -17.050 0.8000000119
48198  -36.241  -16.505  -16.323 0.8000000119
47308  -37.004  -17.892  -17.473 0.8000000119
39661  -36.203  -25.412  -7.714 0.6000000238
42479  -34.290  -22.829  -7.611 0.3000000119
108653  -34.029  -24.581  -7.552 0.5000000000
126977  -37.048  -24.006  -8.151 0.6999999881
40563  -37.443  -24.422  -8.554 0.6999999881
123163  -37.926  -24.509  -9.444 0.6999999881
41505  -36.651  -23.629  -7.852 0.6000000238
40573  -37.960  -23.736  -9.007 0.6999999881
122957  -38.245  -23.876  -9.888 0.6999999881
117138  -34.820  -21.157  -7.784 0.3000000119
43410  -35.944  -21.544  -7.687 0.3000000119
41512  -37.914  -23.028  -8.766 0.6999999881
44314  -34.133  -20.461  -8.242 0.3000000119
45260  -36.538  -19.571  -8.271 0.3000000119
42494  -38.572  -22.598  -10.286 0.6999999881
41518  -38.465  -23.312  -10.491 0.6999999881
47214  -34.824  -17.356  -9.629 0.3000000119
46272  -35.838  -17.919  -8.829 0.3000000119
46273  -36.721  -18.597  -8.433 0.3000000119
130686  -34.677  -16.664  -10.211 0.3000000119
42519  -38.107  -22.822  -12.828 0.6999999881
43469  -38.041  -21.340  -13.171 0.6999999881
45351  -37.197  -19.709  -14.615 0.8000000119
46336  -36.732  -18.684  -15.339 0.8000000119
47274  -36.855  -17.239  -15.791 0.8000000119
128759  -33.875  -18.136  -17.523 0.8000000119
47304  -32.809  -17.867  -17.098 0.8000000119
47318  -33.926  -17.351  -17.457 0.8000000119
47305  -32.924  -17.039  -17.063 0.8000000119
48196  -33.737  -16.714  -16.850 0.8000000119
48197  -34.940  -16.566  -16.525 0.8000000119
47306  -35.490  -17.774  -17.856 0.8000000119
47293  -33.135  -16.920  -17.107 0.8000000119
47307  -36.251  -17.433  -17.771 0.8000000119
48216  -37.001  -16.972  -17.559 0.6999999881
48217  -37.715  -16.313  -17.378 0.6000000238
40562  -36.614  -24.483  -7.840 0.6000000238
42482  -37.448  -22.543  -8.415 0.6000000238
44316  -36.482  -20.419  -8.081 0.4000000060
43412  -37.611  -21.733  -8.514 0.6000000238
124329  -38.508  -22.009  -9.621 0.6999999881
41513  -38.297  -22.999  -9.530 0.6999999881
44325  -37.881  -20.965  -8.611 0.4000000060
43427  -38.761  -21.886  -10.604 0.6999999881
41530  -38.400  -23.505  -11.372 0.6999999881
48122  -37.301  -16.920  -9.258 0.3000000119
110862  -38.223  -20.103  -8.744 0.4000000060
128483  -38.742  -21.486  -9.946 0.6000000238
44352  -38.815  -21.256  -11.344 0.6999999881
109304  -38.323  -22.786  -11.890 0.6999999881
44389  -38.345  -20.777  -12.936 0.6999999881
44367  -38.802  -20.667  -12.056 0.6999999881
45336  -38.570  -19.476  -13.548 0.6999999881
113261  -35.870  -21.196  -15.108 0.8000000119
46337  -37.353  -18.876  -14.950 0.8000000119
129457  -35.483  -17.880  -16.176 0.8000000119
48199  -37.266  -16.350  -15.811 0.8000000119
47281  -33.318  -17.430  -16.839 0.8000000119
48229  -34.544  -16.676  -17.761 0.8000000119
48228  -33.793  -16.427  -17.294 0.8000000119
110730  -33.936  -15.177  -17.440 0.8000000119
49098  -34.072  -15.816  -16.939 0.8000000119
116817  -33.702  -14.987  -17.776 0.8000000119
48218  -39.103  -15.953  -16.808 0.6000000238
48230  -36.255  -16.620  -17.842 0.8000000119
49118  -38.090  -15.449  -17.429 0.6000000238
48231  -36.424  -15.800  -17.882 0.6999999881
49133  -36.849  -14.944  -17.939 0.6999999881
42481  -36.779  -22.832  -7.944 0.6000000238
42488  -38.097  -22.340  -8.878 0.6000000238
45276  -37.542  -19.349  -8.470 0.3000000119
46274  -37.743  -18.393  -8.606 0.3000000119
45277  -38.366  -19.138  -8.822 0.3000000119
123499  -38.707  -19.715  -9.291 0.5000000000
46275  -38.554  -18.287  -9.150 0.3000000119
44353  -39.195  -20.461  -11.093 0.6999999881
49049  -36.338  -15.616  -10.372 0.3000000119
48153  -37.691  -16.223  -9.514 0.3000000119
46287  -39.995  -18.355  -10.575 0.4000000060
44368  -39.287  -19.979  -11.832 0.6999999881
117366  -35.985  -14.504  -11.179 0.3000000119
124085  -39.373  -19.533  -12.343 0.6000000238
46324  -39.306  -18.829  -13.352 0.6000000238
45337  -39.184  -19.372  -12.906 0.6000000238
45335  -37.962  -19.138  -14.313 0.8000000119
46323  -38.787  -18.638  -14.066 0.6999999881
47267  -39.876  -17.566  -13.822 0.6000000238
46322  -38.179  -18.155  -14.790 0.8000000119
47266  -39.066  -17.830  -14.312 0.6999999881
114586  -39.436  -18.241  -13.772 0.6999999881
115408  -37.276  -18.048  -15.372 0.8000000119
47275  -38.673  -17.328  -14.817 0.6999999881
48180  -39.392  -17.055  -14.469 0.6999999881
123469  -37.923  -17.143  -15.360 0.8000000119
48188  -38.805  -16.494  -15.074 0.6999999881
49100  -36.603  -15.635  -16.291 0.8000000119
49088  -38.498  -15.649  -15.451 0.6999999881
49089  -39.299  -15.663  -15.106 0.6999999881
46378  -34.691  -17.991  -17.786 0.8000000119
49099  -35.345  -15.714  -16.555 0.8000000119
49101  -37.626  -15.458  -15.826 0.8000000119
49117  -33.905  -15.562  -17.456 0.8000000119
50088  -34.458  -14.938  -16.978 0.8000000119
50089  -35.783  -14.942  -16.556 0.8000000119
47319  -34.845  -17.373  -17.840 0.8000000119
121084  -34.173  -15.781  -17.744 0.8000000119
50102  -33.794  -14.619  -17.665 0.8000000119
50999  -35.144  -14.287  -16.862 0.8000000119
47320  -35.459  -17.013  -17.937 0.8000000119
116529  -35.296  -16.061  -18.049 0.8000000119
49132  -35.777  -15.136  -18.226 0.6999999881
127978  -38.423  -15.945  -17.159 0.6000000238
128201  -39.009  -14.077  -17.889 0.6000000238
50119  -36.364  -14.290  -18.417 0.6999999881
44327  -39.225  -19.941  -10.030 0.5000000000
44338  -38.916  -20.937  -10.263 0.5000000000
47216  -37.962  -17.576  -8.977 0.3000000119
47243  -39.406  -18.253  -9.668 0.4000000060
45289  -39.636  -19.096  -10.195 0.5000000000
48154  -38.529  -16.191  -9.515 0.3000000119
129398  -39.861  -19.049  -10.999 0.5000000000
116290  -39.690  -19.323  -11.731 0.6000000238
50033  -38.060  -14.979  -10.104 0.3000000119
48155  -39.312  -15.980  -9.659 0.3000000119
46304  -40.041  -18.656  -11.620 0.6000000238
46315  -40.191  -18.137  -12.313 0.6000000238
111792  -36.721  -14.002  -11.123 0.3000000119
50049  -37.651  -14.126  -10.628 0.3000000119
49052  -39.927  -15.500  -10.272 0.3000000119
46325  -39.877  -18.231  -13.166 0.6000000238
120692  -36.579  -13.348  -11.445 0.3000000119
48189  -39.703  -16.279  -14.582 0.6999999881
50989  -36.968  -14.124  -16.444 0.8000000119
50091  -37.700  -14.631  -16.050 0.6999999881
50092  -38.422  -14.434  -15.816 0.6999999881
50090  -36.868  -14.850  -16.315 0.6999999881
51000  -35.875  -13.662  -16.951 0.8000000119
51001  -37.102  -13.427  -16.711 0.6999999881
50108  -33.644  -14.273  -18.014 0.8000000119
51010  -33.753  -13.886  -17.835 0.6999999881
113606  -34.600  -13.675  -17.393 0.8000000119
50122  -39.865  -13.946  -17.988 0.6000000238
123466  -34.486  -15.105  -18.212 0.6999999881
50118  -35.112  -14.353  -18.444 0.6999999881
50117  -33.828  -14.214  -18.177 0.6999999881
50120  -37.393  -14.150  -18.230 0.6999999881
51021  -38.011  -13.490  -18.705 0.6999999881
51033  -35.673  -13.546  -18.662 0.6999999881
116347  -35.288  -9.279  -20.080 0.5000000000
54788  -36.011  -9.559  -20.226 0.5000000000
47258  -40.464  -17.385  -11.974 0.6000000238
48173  -40.635  -16.716  -12.542 0.6000000238
48182  -40.601  -16.404  -13.417 0.6000000238
48181  -40.145  -16.779  -14.053 0.6999999881
49080  -40.438  -16.082  -14.093 0.6999999881
52887  -34.913  -11.547  -12.560 0.3000000119
50076  -38.882  -14.986  -15.460 0.6999999881
49090  -40.132  -15.533  -14.657 0.6999999881
50077  -39.702  -14.911  -15.201 0.6999999881
51952  -34.897  -12.890  -17.546 0.6999999881
50990  -37.857  -13.950  -16.245 0.6999999881
50991  -38.695  -13.807  -16.076 0.6000000238
129296  -33.605  -13.852  -18.040 0.6999999881
51011  -33.956  -13.110  -17.901 0.6999999881
109670  -35.137  -11.999  -17.894 0.6000000238
51969  -34.061  -12.877  -18.150 0.6999999881
50121  -38.275  -14.018  -18.027 0.6000000238
128132  -36.248  -13.114  -18.946 0.6999999881
51977  -35.485  -11.870  -19.242 0.6999999881
119608  -36.680  -12.667  -19.288 0.6999999881
52964  -36.889  -11.805  -19.669 0.6000000238
48171  -40.600  -16.632  -11.411 0.5000000000
49069  -40.937  -15.242  -11.435 0.4000000060
111678  -40.827  -16.069  -11.750 0.5000000000
49072  -41.011  -15.855  -12.601 0.6000000238
49070  -41.214  -15.080  -12.274 0.5000000000
49081  -41.195  -15.269  -13.147 0.6000000238
50067  -40.857  -15.402  -14.010 0.6000000238
51905  -35.627  -12.029  -12.283 0.3000000119
50094  -40.090  -14.190  -15.410 0.6000000238
113060  -39.570  -13.652  -15.911 0.6000000238
51953  -36.198  -12.809  -17.295 0.6000000238
51003  -39.051  -13.170  -16.467 0.6000000238
51019  -34.011  -12.863  -18.036 0.6999999881
51954  -37.444  -12.752  -17.116 0.6000000238
51964  -34.288  -12.461  -18.006 0.6999999881
52946  -34.909  -11.220  -18.624 0.6000000238
51978  -37.818  -12.435  -19.639 0.6999999881
51035  -38.622  -12.926  -19.395 0.6000000238
51980  -39.376  -12.513  -19.885 0.5000000000
51979  -38.636  -12.311  -19.877 0.6000000238
51991  -39.085  -11.920  -20.207 0.5000000000
130121  -34.953  -11.235  -19.220 0.6000000238
52965  -38.082  -11.688  -20.100 0.5000000000
52969  -35.763  -10.932  -19.614 0.5000000000
52970  -37.099  -11.151  -20.090 0.5000000000
53904  -37.882  -10.713  -20.365 0.5000000000
53914  -37.236  -9.800  -20.407 0.5000000000
54799  -36.602  -8.938  -20.443 0.5000000000
50053  -41.221  -14.417  -11.669 0.4000000060
118668  -39.735  -12.922  -10.596 0.4000000060
52906  -35.588  -11.110  -12.572 0.3000000119
53818  -36.831  -10.627  -12.539 0.3000000119
52889  -38.091  -11.316  -11.741 0.3000000119
50976  -40.984  -13.919  -15.082 0.6000000238
114430  -36.767  -9.394  -13.361 0.3000000119
110669  -40.498  -13.505  -15.697 0.6000000238
51956  -39.370  -12.512  -16.856 0.5000000000
52937  -37.936  -12.137  -17.602 0.6000000238
52936  -36.689  -12.075  -17.661 0.6000000238
51955  -38.473  -12.655  -16.966 0.6000000238
52947  -36.022  -11.342  -18.199 0.6000000238
52948  -37.389  -11.477  -18.096 0.6000000238
51970  -34.401  -12.396  -18.156 0.6999999881
53881  -35.412  -10.575  -18.575 0.6000000238
114840  -34.703  -11.418  -18.944 0.6999999881
53902  -35.642  -10.058  -19.855 0.5000000000
53903  -36.613  -10.409  -20.171 0.5000000000
54798  -35.269  -8.622  -20.186 0.5000000000
50942  -40.508  -13.299  -10.787 0.4000000060
50959  -41.447  -13.752  -12.089 0.4000000060
50943  -41.088  -13.614  -11.328 0.4000000060
50061  -41.406  -14.513  -12.628 0.5000000000
52877  -40.936  -12.037  -11.513 0.4000000060
119987  -41.593  -13.824  -13.047 0.4000000060
50068  -41.324  -14.660  -13.653 0.4000000060
124453  -41.518  -13.924  -14.183 0.5000000000
53840  -37.226  -9.877  -12.818 0.3000000119
53819  -37.809  -10.555  -12.388 0.4000000060
50977  -41.533  -13.498  -14.801 0.4000000060
54710  -37.603  -9.251  -13.298 0.3000000119
119373  -38.595  -10.183  -12.430 0.4000000060
51942  -40.998  -12.927  -16.024 0.5000000000
50992  -41.317  -13.283  -15.385 0.6000000238
51004  -40.065  -12.958  -16.357 0.5000000000
51965  -39.645  -12.022  -17.291 0.5000000000
52949  -38.501  -11.547  -18.055 0.6000000238
52951  -40.353  -11.568  -17.429 0.5000000000
53882  -36.772  -10.720  -18.415 0.6000000238
54765  -37.431  -10.071  -18.717 0.6000000238
53892  -34.551  -10.402  -18.917 0.6000000238
54764  -36.032  -9.971  -18.634 0.6000000238
53896  -34.526  -10.245  -19.018 0.5000000000
53901  -34.903  -10.100  -19.396 0.5000000000
118424  -34.974  -9.509  -19.359 0.5000000000
55656  -34.710  -8.055  -20.068 0.5000000000
55665  -35.032  -7.933  -20.256 0.5000000000
55666  -36.037  -8.112  -20.459 0.5000000000
51890  -40.982  -12.851  -11.359 0.4000000060
119890  -41.567  -13.069  -12.449 0.4000000060
50967  -41.817  -13.031  -13.427 0.4000000060
52892  -41.444  -11.702  -12.058 0.4000000060
51922  -42.056  -12.569  -14.142 0.4000000060
51932  -41.877  -12.946  -14.890 0.4000000060
51958  -41.435  -12.277  -16.238 0.4000000060
55597  -36.646  -8.137  -14.063 0.3000000119
52952  -41.289  -11.247  -17.156 0.4000000060
53884  -40.077  -10.943  -18.143 0.5000000000
53885  -40.804  -10.923  -17.689 0.4000000060
53883  -38.034  -10.850  -18.480 0.6000000238
122459  -39.115  -10.889  -18.419 0.5000000000
127472  -40.744  -10.303  -18.098 0.5000000000
54766  -38.629  -10.109  -18.808 0.5000000000
112390  -35.105  -9.062  -19.675 0.5000000000
54775  -35.453  -9.484  -18.853 0.6000000238
54776  -36.796  -9.363  -19.031 0.6000000238
54777  -38.054  -9.416  -19.163 0.6000000238
55643  -36.259  -8.617  -19.376 0.6000000238
55652  -34.738  -8.188  -19.925 0.5000000000
56550  -34.780  -7.608  -19.951 0.5000000000
56562  -36.595  -6.608  -20.716 0.5000000000
55642  -35.157  -8.450  -19.656 0.5000000000
125190  -36.281  -5.843  -14.610 0.3000000119
57355  -37.197  -6.087  -14.536 0.4000000060
119676  -37.727  -5.561  -14.513 0.4000000060
55644  -37.526  -8.725  -19.349 0.5000000000
124686  -36.544  -4.392  -14.752 0.4000000060
56536  -36.987  -7.922  -19.464 0.5000000000
56537  -39.729  -7.677  -19.267 0.5000000000
56538  -40.550  -7.951  -18.897 0.5000000000
122091  -36.187  -6.959  -19.604 0.5000000000
57397  -39.403  -6.806  -19.368 0.5000000000
56534  -34.895  -7.651  -19.832 0.5000000000
57435  -36.342  -5.694  -20.717 0.5000000000
57421  -35.220  -5.985  -20.011 0.6000000238
58279  -35.395  -5.566  -20.077 0.5000000000
124190  -35.638  -5.243  -20.163 0.6000000238
58298  -36.366  -4.782  -20.776 0.4000000060
58226  -37.868  -4.860  -14.530 0.4000000060
57336  -39.070  -6.218  -14.091 0.4000000060
118716  -37.612  -7.224  -19.476 0.5000000000
57395  -36.856  -6.264  -19.586 0.5000000000
58262  -37.484  -5.627  -19.619 0.5000000000
57396  -38.243  -6.564  -19.490 0.5000000000
57412  -35.180  -6.226  -19.947 0.5000000000
58260  -35.563  -6.019  -19.794 0.5000000000
59165  -36.494  -3.531  -20.779 0.4000000060
58280  -35.930  -4.925  -20.168 0.5000000000
58289  -36.386  -4.376  -20.401 0.5000000000
59088  -38.677  -4.678  -14.375 0.4000000060
60096  -37.498  -3.434  -14.750 0.4000000060
57398  -40.518  -7.038  -19.077 0.4000000060
59144  -36.596  -4.709  -19.915 0.4000000060
59157  -36.507  -3.995  -20.488 0.4000000060
60165  -36.510  -2.962  -20.878 0.3000000119
122292  -39.469  -5.277  -19.451 0.4000000060
59145  -37.505  -4.169  -19.943 0.4000000060
61217  -36.913  -2.604  -20.704 0.5000000000
61231  -36.947  -1.791  -20.958 0.4000000060
61218  -37.672  -2.179  -20.614 0.4000000060
60147  -38.245  -3.768  -19.902 0.4000000060
62228  -37.611  -0.248  -22.324 0.4000000060
60146  -37.259  -3.379  -20.362 0.4000000060
61202  -39.723  -3.144  -19.813 0.4000000060
63174  -37.805  -0.026  -21.510 0.4000000060
111910  -37.384  0.304  -22.099 0.4000000060
63182  -37.502  1.072  -22.655 0.4000000060
63194  -37.827  1.118  -23.146 0.4000000060
61219  -38.924  -2.312  -20.300 0.4000000060
62200  -37.850  -1.252  -20.830 0.4000000060
61220  -40.207  -2.444  -19.910 0.4000000060
119284  -38.818  -0.742  -20.757 0.3000000119
63173  -37.524  1.052  -22.378 0.4000000060
64127  -37.554  1.652  -23.091 0.4000000060
62201  -39.512  -1.593  -20.362 0.3000000119
63162  -38.964  -0.014  -21.044 0.4000000060
64118  -38.178  1.028  -21.721 0.5000000000
119509  -40.140  -0.757  -20.460 0.4000000060
28207  -30.766  -37.038  -20.387 0.6999999881
27174  -34.580  -38.290  -14.177 0.6999999881
26245  -28.431  -38.506  -14.078 0.6000000238
110971  -33.401  -37.689  -11.272 0.6999999881
30194  -34.412  -35.511  -14.277 0.8000000119
30178  -34.738  -35.525  -12.839 0.8000000119
28057  -31.822  -37.109  -9.768 0.6000000238
29082  -32.791  -36.156  -9.674 0.6000000238
28051  -26.009  -37.340  -9.839 0.4000000060
127441  -33.003  -28.898  -18.445 0.8000000119
129744  -27.773  -34.698  -9.340 0.5000000000
123184  -35.672  -31.847  -11.571 0.8000000119
35987  -35.424  -29.860  -13.058 0.8000000119
35960  -28.418  -29.195  -11.436 0.4000000060
33068  -31.146  -32.097  -8.269 0.6000000238
35038  -31.156  -30.099  -8.173 0.6000000238
36873  -36.536  -28.371  -9.162 0.6999999881
123473  -35.450  -26.959  -7.685 0.6999999881
46334  -34.426  -19.054  -16.187 0.8000000119
39675  -37.601  -25.339  -9.161 0.6999999881
111413  -37.767  -19.996  -13.990 0.6999999881
44326  -38.737  -20.353  -9.489 0.6000000238
45320  -38.815  -20.016  -12.718 0.6999999881
44317  -37.120  -21.058  -8.223 0.6000000238
51891  -41.395  -12.491  -11.884 0.4000000060
57434  -35.635  -6.060  -20.335 0.5000000000
123509  -42.001  -12.234  -13.396 0.4000000060
111133  -38.173  -5.030  -19.639 0.4000000060
26314  -33.452  -39.382  -18.708 0.5000000000
27232  -34.162  -37.913  -18.560 0.5000000000
26337  -29.674  -39.816  -21.034 0.6999999881
117018  -35.526  -35.978  -16.643 0.5000000000
25272  -28.548  -40.537  -13.402 0.5000000000
31242  -35.027  -34.565  -17.060 0.6999999881
27186  -33.960  -38.679  -15.580 0.6999999881
29185  -31.228  -35.569  -19.364 0.6999999881
29171  -31.637  -35.786  -18.488 0.6999999881
32203  -31.440  -33.511  -18.673 0.6999999881
116729  -31.295  -34.761  -19.031 0.6999999881
33161  -37.266  -32.206  -14.951 0.5000000000
34161  -35.430  -31.850  -15.557 0.6000000238
27148  -30.137  -38.762  -12.019 0.6000000238
34160  -34.662  -31.485  -16.376 0.6999999881
28137  -34.529  -37.263  -14.542 0.8000000119
29148  -33.633  -36.012  -15.690 0.6999999881
35145  -39.092  -30.262  -16.879 0.4000000060
28090  -34.403  -37.118  -12.030 0.8000000119
120581  -28.856  -38.330  -11.781 0.6000000238
35157  -33.789  -30.120  -17.767 0.8000000119
28071  -32.274  -37.466  -10.349 0.6999999881
125297  -33.952  -33.398  -14.570 0.8000000119
36939  -37.498  -29.026  -15.613 0.5000000000
30151  -34.460  -35.456  -11.066 0.6999999881
28067  -28.371  -38.099  -10.108 0.6000000238
32149  -35.053  -33.777  -12.830 0.8000000119
126900  -32.720  -32.476  -15.742 0.8000000119
37919  -36.380  -27.232  -16.388 0.6999999881
37921  -38.424  -27.580  -16.354 0.6000000238
36005  -31.960  -29.603  -16.490 0.8999999762
36977  -31.925  -28.465  -18.212 0.8000000119
110721  -39.079  -26.117  -16.583 0.6000000238
38882  -40.076  -27.080  -17.803 0.4000000060
29074  -25.581  -36.615  -9.639 0.3000000119
28066  -27.432  -38.099  -10.277 0.5000000000
28064  -25.548  -37.596  -10.368 0.4000000060
35128  -33.195  -30.453  -14.878 0.8999999762
116931  -34.211  -27.193  -18.083 0.8000000119
31142  -33.148  -34.051  -8.778 0.6000000238
32100  -33.603  -33.565  -8.924 0.6000000238
30118  -29.915  -35.308  -8.507 0.5000000000
28052  -26.913  -37.484  -9.777 0.4000000060
29077  -28.237  -36.922  -9.332 0.5000000000
35998  -34.094  -29.763  -14.183 0.8000000119
41611  -40.153  -23.331  -16.813 0.6000000238
41629  -41.077  -23.654  -18.386 0.4000000060
31141  -31.202  -34.556  -8.349 0.6000000238
32097  -26.972  -34.166  -9.639 0.5000000000
30134  -27.781  -35.444  -9.214 0.5000000000
123057  -28.536  -35.481  -8.914 0.5000000000
35067  -36.207  -30.353  -10.504 0.6999999881
32119  -28.273  -32.596  -10.293 0.5000000000
117360  -28.511  -33.850  -9.384 0.5000000000
33083  -28.858  -32.551  -9.877 0.6000000238
31154  -27.760  -33.946  -9.607 0.5000000000
114349  -30.464  -34.066  -8.389 0.5000000000
121987  -28.108  -31.046  -11.580 0.6000000238
34101  -28.268  -31.496  -11.153 0.6000000238
32081  -29.739  -33.563  -8.738 0.6000000238
115153  -29.434  -32.872  -9.272 0.6000000238
35962  -36.686  -29.243  -11.285 0.6999999881
35977  -36.440  -29.203  -12.137 0.6999999881
37908  -33.191  -27.935  -15.304 0.8000000119
38877  -32.465  -26.988  -17.734 0.8999999762
34073  -29.627  -31.473  -9.558 0.6000000238
33084  -29.509  -32.209  -9.456 0.6000000238
33067  -30.086  -32.676  -8.778 0.6000000238
34074  -30.193  -31.068  -8.987 0.6000000238
36870  -29.794  -28.906  -9.895 0.4000000060
36893  -36.757  -28.559  -11.771 0.6999999881
37849  -30.083  -27.213  -9.891 0.4000000060
36872  -30.835  -28.403  -8.772 0.5000000000
39776  -33.195  -25.426  -17.655 0.8000000119
44422  -39.909  -20.680  -16.536 0.6999999881
35039  -31.991  -30.273  -7.736 0.6999999881
35923  -32.530  -29.696  -7.609 0.6999999881
37850  -37.363  -27.405  -10.909 0.6999999881
37876  -37.049  -27.136  -12.137 0.6999999881
111943  -37.045  -22.124  -17.056 0.8000000119
115267  -33.003  -29.010  -7.519 0.6000000238
115266  -34.005  -29.131  -7.577 0.6999999881
35921  -30.916  -29.297  -8.486 0.6000000238
39657  -31.617  -24.947  -8.733 0.3000000119
111278  -37.687  -25.999  -11.685 0.6999999881
109030  -35.775  -21.825  -17.887 0.8999999762
43518  -37.083  -21.161  -17.074 0.8000000119
43517  -36.193  -21.076  -17.744 0.8000000119
45365  -37.880  -19.386  -16.708 0.6000000238
115539  -39.456  -19.897  -16.399 0.6000000238
112611  -38.433  -18.562  -16.603 0.6000000238
46351  -37.426  -18.650  -17.100 0.8000000119
115909  -34.467  -27.823  -7.587 0.6999999881
37823  -36.280  -26.951  -8.084 0.6999999881
39730  -37.305  -25.210  -13.281 0.6999999881
41599  -35.480  -23.267  -15.811 0.8000000119
41569  -37.232  -23.958  -14.329 0.6999999881
45377  -37.020  -19.462  -17.255 0.8000000119
38777  -37.321  -26.641  -9.481 0.6999999881
128559  -37.889  -25.451  -10.442 0.6999999881
40601  -37.997  -24.834  -11.848 0.6999999881
40618  -38.083  -24.130  -12.173 0.6999999881
127489  -37.616  -23.654  -13.761 0.6999999881
41551  -38.180  -23.466  -12.179 0.6999999881
43468  -37.575  -21.635  -13.646 0.6999999881
43499  -34.710  -21.734  -16.173 0.8000000119
128831  -35.290  -21.745  -15.769 0.8000000119
43489  -35.201  -21.199  -15.640 0.8000000119
128229  -37.472  -25.981  -9.338 0.6999999881
108643  -35.395  -22.871  -7.581 0.5000000000
40583  -37.935  -25.111  -10.005 0.6999999881
40584  -38.366  -24.091  -10.720 0.6999999881
128784  -36.152  -23.097  -7.659 0.5000000000
42480  -36.137  -22.360  -7.680 0.4000000060
45258  -34.635  -19.851  -8.362 0.3000000119
43451  -38.375  -21.459  -12.356 0.6999999881
41506  -37.351  -23.469  -8.368 0.6000000238
44324  -37.347  -20.251  -8.368 0.3000000119
42503  -38.602  -22.713  -11.050 0.6999999881
47215  -36.981  -17.614  -8.674 0.3000000119
123842  -37.298  -15.605  -17.642 0.6999999881
43419  -38.196  -21.624  -8.897 0.6000000238
43420  -38.507  -21.064  -9.297 0.6000000238
43438  -38.531  -22.050  -11.597 0.6999999881
111562  -38.051  -16.228  -15.504 0.8000000119
50109  -37.732  -14.770  -17.720 0.6000000238
50110  -38.542  -14.667  -17.564 0.6000000238
45302  -39.559  -19.673  -10.955 0.5000000000
50048  -36.854  -14.838  -10.592 0.3000000119
119484  -38.089  -15.663  -9.621 0.3000000119
46314  -39.735  -18.904  -12.522 0.6000000238
110271  -40.326  -17.005  -13.404 0.6000000238
50075  -38.223  -15.012  -15.677 0.6999999881
51020  -36.925  -13.478  -18.770 0.6999999881
48124  -38.950  -16.841  -9.494 0.3000000119
47219  -39.675  -16.896  -9.743 0.3000000119
50941  -38.242  -13.407  -10.674 0.3000000119
47268  -40.291  -17.528  -12.924 0.6000000238
113722  -35.576  -12.738  -18.887 0.6999999881
51032  -34.661  -13.075  -18.488 0.6999999881
123834  -40.849  -15.832  -13.488 0.6000000238
50078  -40.694  -14.721  -14.712 0.6999999881
51002  -38.119  -13.304  -16.576 0.6000000238
51976  -34.724  -12.252  -18.554 0.6999999881
51022  -39.049  -13.541  -18.639 0.5000000000
49053  -40.583  -15.824  -10.877 0.4000000060
111592  -34.706  -11.896  -18.440 0.6000000238
54763  -34.900  -9.954  -18.794 0.6000000238
54800  -37.830  -9.054  -20.547 0.4000000060
50052  -40.633  -14.297  -10.798 0.4000000060
52875  -39.150  -11.483  -11.481 0.4000000060
52888  -37.157  -11.297  -12.109 0.3000000119
118702  -36.389  -10.027  -12.944 0.3000000119
51957  -40.189  -12.249  -16.857 0.5000000000
52938  -38.900  -12.101  -17.446 0.5000000000
52957  -34.636  -11.025  -18.882 0.5000000000
108261  -41.806  -13.225  -14.305 0.4000000060
53841  -38.096  -9.714  -12.753 0.4000000060
52939  -41.001  -11.937  -16.817 0.5000000000
52940  -41.756  -11.572  -16.491 0.4000000060
54767  -39.809  -10.069  -18.663 0.5000000000
56535  -35.703  -7.768  -19.575 0.6000000238
119031  -38.139  -8.093  -19.424 0.5000000000
58209  -38.458  -5.482  -14.395 0.4000000060
60148  -38.307  -3.047  -20.207 0.4000000060
60130  -39.311  -3.840  -19.695 0.4000000060
120259  -37.601  1.737  -22.715 0.4000000060
62202  -40.785  -1.770  -19.976 0.4000000060
64128  -38.215  2.142  -23.060 0.3000000119
22356  -30.243  -43.668  -17.703 0.5000000000
22366  -29.459  -43.215  -19.479 0.5000000000
21342  -29.937  -44.645  -15.072 0.4000000060
22339  -30.488  -43.814  -16.107 0.5000000000
108339  -30.401  -44.178  -16.118 0.5000000000
117110  -30.348  -43.923  -16.733 0.5000000000
23332  -30.081  -43.062  -17.961 0.6000000238
23346  -29.617  -42.726  -18.741 0.6000000238
22330  -30.217  -43.943  -15.455 0.5000000000
22316  -30.627  -43.399  -14.952 0.5000000000
22340  -31.062  -43.315  -16.059 0.5000000000
23324  -31.391  -42.753  -16.429 0.5000000000
23293  -30.466  -43.097  -14.309 0.5000000000
23333  -30.857  -42.525  -17.379 0.6000000238
24328  -31.092  -41.467  -17.835 0.6000000238
24327  -30.237  -42.216  -18.347 0.6000000238
24348  -30.073  -41.329  -18.798 0.6000000238
25349  -29.878  -40.457  -19.220 0.6000000238
25335  -30.642  -40.703  -18.481 0.6000000238
26311  -29.385  -40.201  -19.865 0.6000000238
26325  -29.354  -40.136  -20.585 0.6000000238
26312  -29.559  -39.410  -20.187 0.6000000238
23294  -31.354  -42.820  -14.823 0.5000000000
23310  -31.580  -42.816  -15.581 0.5000000000
24310  -31.828  -41.967  -16.861 0.6000000238
23280  -29.656  -43.011  -13.791 0.5000000000
23282  -31.167  -42.395  -14.076 0.5000000000
25317  -32.054  -41.031  -17.156 0.6000000238
118432  -29.390  -42.214  -13.502 0.5000000000
23281  -30.313  -42.395  -13.714 0.5000000000
25336  -31.380  -40.423  -17.956 0.6000000238
27216  -30.453  -39.011  -19.268 0.6000000238
108305  -30.164  -38.934  -20.995 0.6000000238
23325  -32.204  -42.261  -15.952 0.5000000000
24284  -31.925  -42.060  -14.433 0.5000000000
23311  -32.188  -42.270  -15.124 0.5000000000
24294  -32.766  -41.704  -15.466 0.5000000000
24272  -29.934  -41.568  -13.339 0.5000000000
24273  -30.853  -41.726  -13.515 0.5000000000
24271  -28.986  -41.418  -13.329 0.5000000000
25274  -30.455  -40.904  -13.076 0.5000000000
26294  -31.396  -39.454  -18.213 0.6000000238
27239  -29.994  -38.300  -20.038 0.6000000238
119325  -32.283  -41.484  -13.872 0.5000000000
24286  -33.440  -41.120  -14.553 0.5000000000
25303  -33.197  -41.057  -15.764 0.6000000238
25304  -33.776  -40.677  -15.082 0.6000000238
25275  -31.475  -41.072  -13.247 0.5000000000
24311  -32.563  -41.477  -16.315 0.6000000238
26262  -33.398  -40.182  -15.953 0.6000000238
25273  -29.519  -40.647  -13.111 0.5000000000
25271  -27.904  -40.139  -13.716 0.5000000000
27229  -30.571  -38.105  -19.434 0.6000000238
25276  -32.453  -40.817  -13.312 0.5000000000
24275  -33.135  -41.119  -13.933 0.5000000000
26246  -34.202  -40.069  -14.622 0.6000000238
25255  -30.066  -39.997  -12.740 0.6000000238
127554  -32.568  -40.230  -12.871 0.6000000238
25277  -33.312  -40.400  -13.364 0.5000000000
26247  -34.344  -39.805  -14.005 0.5000000000
26264  -34.398  -39.148  -14.648 0.6000000238
25256  -30.931  -40.274  -12.657 0.6000000238
25257  -31.815  -40.324  -12.737 0.6000000238
26263  -33.978  -39.712  -15.355 0.6000000238
26218  -30.553  -39.455  -12.298 0.5000000000
26219  -31.379  -39.684  -12.226 0.6000000238
26235  -28.506  -39.368  -13.688 0.4000000060
120140  -32.239  -39.732  -12.361 0.6000000238
25258  -33.060  -39.781  -12.709 0.6000000238
26221  -33.663  -39.276  -12.666 0.6000000238
25259  -33.656  -39.799  -13.127 0.5000000000
109240  -34.494  -39.038  -13.817 0.6000000238
130607  -34.376  -38.918  -13.333 0.6999999881
39767  -39.294  -25.279  -16.612 0.5000000000
108652  -35.573  -24.726  -7.574 0.5000000000
125572  -38.481  -16.615  -16.923 0.5000000000
51034  -37.656  -13.014  -19.218 0.5000000000
64119  -38.512  1.892  -22.076 0.4000000060
65025  -38.892  2.568  -22.399 0.3000000119
65026  -39.235  3.085  -22.522 0.3000000119
65890  -39.386  3.525  -22.675 0.3000000119
20362  -30.214  -45.669  -14.932 0.4000000060
20389  -30.669  -44.784  -16.047 0.5000000000
21364  -30.425  -44.166  -16.844 0.5000000000
23357  -29.020  -42.401  -19.920 0.5000000000
130454  -29.570  -44.275  -14.582 0.4000000060
125854  -29.311  -42.701  -19.388 0.6000000238
25348  -29.220  -41.088  -19.767 0.6000000238
24367  -28.989  -41.802  -20.329 0.5000000000
25370  -29.333  -40.692  -20.808 0.5000000000
21326  -29.118  -44.288  -14.112 0.4000000060
23279  -28.794  -42.832  -13.556 0.5000000000
127507  -28.604  -42.093  -13.426 0.3000000119
109325  -27.630  -41.061  -13.539 0.4000000060
127806  -39.653  -27.125  -17.162 0.4000000060
39780  -39.837  -25.772  -16.929 0.4000000060
43411  -36.817  -21.885  -8.056 0.5000000000
48206  -39.390  -16.743  -16.578 0.5000000000
49109  -40.012  -15.988  -16.580 0.5000000000
125446  -40.097  -14.602  -17.278 0.5000000000
46305  -40.236  -17.919  -11.381 0.4000000060
65891  -40.416  3.534  -21.902 0.3000000119
20361  -29.410  -45.117  -14.477 0.4000000060
25318  -32.736  -40.590  -16.539 0.6000000238
26236  -28.817  -38.569  -13.561 0.5000000000
48207  -40.247  -16.828  -16.469 0.5000000000
24270  -28.127  -41.579  -13.401 0.4000000060
22355  -29.691  -43.188  -18.673 0.6000000238
21351  -30.314  -44.516  -15.606 0.4000000060
23323  -30.542  -43.415  -16.897 0.5000000000
22331  -30.903  -43.355  -15.471 0.5000000000
22314  -29.639  -43.650  -14.235 0.5000000000
24285  -32.763  -41.609  -14.626 0.5000000000
65016  -39.715  1.633  -21.392 0.4000000060
22297  -28.996  -43.578  -13.807 0.4000000060
24379  -29.169  -41.456  -20.873 0.4000000060
24391  -29.338  -40.930  -20.902 0.4000000060
31153  -26.472  -34.804  -9.540 0.4000000060
30133  -26.875  -35.648  -9.432 0.4000000060
32117  -27.083  -33.447  -9.967 0.4000000060
34098  -26.325  -31.627  -12.375 0.4000000060
33118  -26.790  -32.116  -11.441 0.4000000060
122625  -26.496  -33.148  -10.187 0.4000000060
32118  -27.760  -32.976  -10.175 0.4000000060
34113  -25.758  -31.544  -13.656 0.3000000119
35092  -26.776  -31.013  -14.419 0.4000000060
33119  -27.494  -32.034  -11.336 0.4000000060
34114  -26.714  -31.215  -13.330 0.4000000060
34115  -27.279  -31.194  -12.514 0.5000000000
35093  -27.194  -30.774  -13.307 0.4000000060
35094  -27.599  -30.316  -12.513 0.4000000060
108980  -36.459  -21.118  -7.894 0.3000000119
47244  -39.873  -17.641  -9.943 0.3000000119
47218  -39.343  -17.446  -9.585 0.3000000119
46288  -40.152  -17.666  -10.589 0.3000000119
47255  -40.368  -17.223  -10.994 0.3000000119
124390  -38.439  -8.779  -19.336 0.4000000060
122683  -39.783  -13.804  -10.459 0.3000000119
54778  -39.167  -9.234  -19.164 0.4000000060
55645  -39.061  -8.307  -19.358 0.4000000060
120691  -39.472  -12.246  -11.158 0.3000000119
108769  -38.775  -10.722  -11.929 0.3000000119
54768  -40.703  -9.513  -18.464 0.4000000060
55647  -40.656  -8.731  -18.706 0.3000000119
55646  -39.896  -8.521  -19.130 0.4000000060
58263  -38.870  -5.922  -19.471 0.4000000060
51889  -40.338  -12.527  -11.151 0.3000000119
52876  -40.166  -11.708  -11.392 0.3000000119
52891  -40.848  -11.111  -11.718 0.3000000119
114387  -41.435  -11.036  -12.315 0.3000000119
52907  -41.923  -11.491  -12.921 0.3000000119
53821  -40.348  -10.376  -12.087 0.3000000119
53822  -41.136  -10.413  -12.289 0.3000000119
53843  -41.802  -10.578  -12.794 0.3000000119
53844  -42.245  -10.889  -13.585 0.3000000119
52908  -42.225  -11.752  -13.891 0.3000000119
51933  -42.189  -12.083  -14.889 0.3000000119
53842  -39.040  -9.582  -12.674 0.3000000119
127236  -39.854  -9.813  -12.400 0.3000000119
51943  -41.699  -12.618  -15.587 0.3000000119
54711  -38.455  -9.106  -13.245 0.3000000119
55579  -38.878  -8.414  -13.489 0.3000000119
52941  -42.328  -11.133  -16.001 0.3000000119
55578  -37.917  -8.555  -13.577 0.3000000119
55599  -38.163  -7.846  -13.793 0.3000000119
53886  -41.456  -10.509  -17.472 0.3000000119
111858  -41.470  -9.738  -17.853 0.3000000119
116365  -41.411  -8.985  -18.232 0.3000000119
123106  -36.971  -5.124  -14.609 0.3000000119
109641  -40.018  -6.120  -19.312 0.3000000119
123239  -38.835  -4.459  -19.632 0.3000000119
54691  -40.658  -9.735  -12.426 0.3000000119
52917  -42.399  -11.205  -14.527 0.3000000119
52926  -42.341  -11.418  -15.315 0.3000000119
120241  -39.177  -8.990  -13.144 0.3000000119
54712  -39.889  -9.224  -12.702 0.3000000119
54713  -40.875  -8.944  -12.739 0.3000000119
54692  -41.492  -9.761  -12.670 0.3000000119
53852  -42.464  -10.353  -14.273 0.3000000119
53862  -42.633  -9.820  -15.034 0.3000000119
120205  -42.509  -10.700  -15.238 0.3000000119
55600  -39.836  -7.913  -13.463 0.3000000119
55581  -41.449  -8.464  -13.256 0.3000000119
53874  -42.039  -10.814  -16.790 0.3000000119
128288  -37.693  -7.479  -14.136 0.3000000119
118296  -38.909  -7.654  -13.691 0.3000000119
55580  -39.827  -8.636  -13.156 0.3000000119
54753  -42.156  -9.991  -17.137 0.3000000119
55622  -42.168  -9.099  -17.518 0.3000000119
56483  -38.399  -7.059  -14.109 0.3000000119
55635  -41.860  -8.500  -17.997 0.3000000119
60078  -38.894  -3.874  -14.348 0.3000000119
56521  -41.179  -7.582  -18.644 0.3000000119
59108  -38.084  -4.063  -14.552 0.3000000119
58264  -40.551  -5.392  -19.202 0.3000000119
121558  -39.991  -4.610  -19.449 0.3000000119
121568  -42.174  -10.017  -13.335 0.3000000119
54714  -41.857  -9.168  -13.191 0.3000000119
54715  -42.427  -9.479  -13.999 0.3000000119
54731  -42.615  -8.920  -14.678 0.3000000119
122522  -40.583  -8.345  -13.195 0.3000000119
55582  -42.236  -8.652  -13.728 0.3000000119
53875  -42.547  -10.187  -16.140 0.3000000119
123850  -39.426  -7.091  -13.717 0.3000000119
56484  -40.466  -7.238  -13.505 0.3000000119
54754  -42.536  -9.418  -16.674 0.3000000119
56523  -42.683  -7.687  -17.274 0.3000000119
55623  -42.704  -8.552  -16.659 0.3000000119
58210  -39.281  -5.282  -14.093 0.3000000119
59089  -39.483  -4.463  -14.055 0.3000000119
56522  -41.968  -7.757  -18.129 0.3000000119
57382  -41.514  -6.940  -18.560 0.3000000119
61145  -39.167  -3.064  -14.402 0.3000000119
60079  -39.726  -3.690  -14.073 0.3000000119
57399  -41.845  -6.254  -18.487 0.3000000119
117226  -41.013  -6.194  -18.906 0.3000000119
60131  -40.426  -3.900  -19.464 0.3000000119
57338  -41.128  -6.703  -13.505 0.3000000119
129531  -41.788  -6.890  -13.587 0.3000000119
55603  -42.514  -8.066  -14.245 0.3000000119
54740  -42.711  -9.211  -15.786 0.3000000119
57337  -40.113  -6.494  -13.598 0.3000000119
57356  -42.854  -6.624  -14.513 0.3000000119
56500  -42.863  -7.446  -14.906 0.3000000119
119292  -39.889  -5.788  -13.692 0.3000000119
115008  -40.838  -5.935  -13.506 0.3000000119
114076  -40.311  -5.041  -13.615 0.3000000119
60080  -40.711  -3.587  -13.705 0.3000000119
60081  -41.591  -3.294  -13.643 0.3000000119
57383  -42.936  -6.055  -17.410 0.3000000119
109323  -42.469  -6.803  -17.970 0.3000000119
118028  -40.069  -2.936  -14.131 0.3000000119
118279  -40.911  -2.861  -13.806 0.3000000119
57400  -42.436  -5.846  -18.197 0.3000000119
58265  -41.612  -5.427  -18.711 0.3000000119
59147  -41.882  -4.543  -18.764 0.3000000119
59146  -41.007  -4.643  -19.152 0.3000000119
61203  -40.827  -3.155  -19.505 0.3000000119
56486  -42.292  -7.208  -13.839 0.3000000119
126581  -42.040  -6.260  -13.641 0.3000000119
57368  -43.128  -6.764  -15.686 0.3000000119
56512  -42.957  -7.623  -16.147 0.3000000119
58211  -42.427  -5.411  -13.768 0.3000000119
57339  -42.816  -5.974  -14.227 0.3000000119
59090  -41.198  -4.389  -13.547 0.3000000119
117737  -42.141  -4.012  -13.634 0.3000000119
62126  -40.273  -1.480  -14.586 0.3000000119
128541  -41.420  -3.822  -13.588 0.3000000119
61146  -39.535  -2.181  -14.574 0.3000000119
61147  -40.596  -2.231  -14.231 0.3000000119
61148  -41.727  -2.395  -13.891 0.3000000119
114872  -42.519  -3.167  -13.912 0.3000000119
58249  -42.933  -5.337  -17.777 0.3000000119
58266  -42.464  -5.051  -18.356 0.3000000119
60133  -42.206  -3.812  -18.785 0.3000000119
60132  -41.400  -3.867  -19.174 0.3000000119
127191  -43.049  -6.839  -16.862 0.3000000119
58212  -43.072  -5.368  -14.472 0.3000000119
57357  -43.171  -6.019  -15.143 0.3000000119
58227  -43.353  -5.290  -15.484 0.3000000119
59092  -42.734  -4.695  -13.916 0.3000000119
59093  -43.302  -4.630  -14.709 0.3000000119
58233  -43.375  -5.085  -16.450 0.3000000119
62127  -41.265  -1.605  -14.313 0.3000000119
60082  -43.015  -3.928  -14.139 0.3000000119
58250  -43.264  -4.847  -17.270 0.3000000119
62128  -42.139  -1.703  -14.232 0.3000000119
61150  -43.287  -3.158  -14.541 0.3000000119
59133  -42.948  -4.606  -17.974 0.3000000119
59148  -42.510  -4.371  -18.429 0.3000000119
121484  -42.567  -3.208  -18.744 0.3000000119
61204  -41.854  -3.022  -19.240 0.3000000119
117550  -41.400  -1.092  -19.985 0.3000000119
61221  -41.145  -2.487  -19.604 0.3000000119
59109  -43.470  -4.514  -15.716 0.3000000119
63084  -40.932  -0.840  -14.575 0.3000000119
60083  -43.516  -3.866  -14.967 0.3000000119
59121  -43.443  -4.324  -16.628 0.3000000119
63085  -41.901  -1.009  -14.364 0.3000000119
62144  -42.799  -1.324  -14.469 0.3000000119
61149  -42.878  -2.286  -14.379 0.3000000119
116294  -43.649  -3.136  -15.223 0.3000000119
60098  -43.577  -3.730  -15.919 0.3000000119
59134  -43.264  -4.086  -17.439 0.3000000119
60119  -43.397  -3.304  -17.608 0.3000000119
60134  -42.903  -3.767  -18.217 0.3000000119
119012  -43.219  -2.065  -18.346 0.3000000119
61206  -43.118  -2.911  -18.326 0.3000000119
122913  -42.902  -1.003  -19.061 0.3000000119
62189  -42.745  -1.670  -19.050 0.3000000119
63151  -42.284  -1.111  -19.515 0.3000000119
62188  -41.879  -1.976  -19.514 0.3000000119
63107  -41.579  -0.259  -14.529 0.3000000119
63086  -42.606  -0.437  -14.510 0.3000000119
128903  -43.560  -1.709  -14.805 0.3000000119
61166  -43.827  -2.092  -15.638 0.3000000119
111075  -43.705  -2.911  -16.113 0.3000000119
120868  -43.661  -2.919  -17.015 0.3000000119
62146  -43.959  -1.194  -15.380 0.3000000119
61177  -43.781  -2.239  -16.729 0.3000000119
63139  -43.801  -0.671  -17.937 0.3000000119
62177  -43.748  -1.563  -17.512 0.3000000119
61191  -43.528  -2.507  -17.619 0.3000000119
63153  -43.318  -0.517  -18.754 0.3000000119
111340  -43.347  -1.256  -18.480 0.3000000119
63164  -41.869  -0.371  -19.982 0.3000000119
63152  -42.679  -0.430  -19.394 0.3000000119
64108  -39.705  0.622  -20.993 0.3000000119
63163  -40.971  -0.262  -20.394 0.3000000119
118917  -42.124  0.190  -14.515 0.3000000119
62145  -43.472  -0.858  -14.755 0.3000000119
127298  -43.910  -0.415  -15.203 0.3000000119
63109  -44.229  -0.653  -15.980 0.3000000119
62159  -44.039  -1.420  -16.357 0.3000000119
63122  -44.114  -0.736  -16.967 0.3000000119
64109  -41.072  0.699  -20.552 0.3000000119
63108  -43.378  -0.068  -14.723 0.3000000119
117220  -30.244  -39.605  -21.117 0.4000000060
33101  -27.883  -32.374  -10.762 0.4000000060
34099  -27.117  -31.597  -12.122 0.4000000060
35079  -27.683  -30.933  -12.220 0.4000000060
48156  -40.166  -16.436  -10.338 0.3000000119
52890  -39.843  -10.872  -11.623 0.3000000119
51909  -41.724  -12.315  -12.644 0.3000000119
54779  -40.058  -9.223  -18.895 0.4000000060
57334  -37.505  -6.886  -14.397 0.3000000119
57335  -38.077  -6.232  -14.417 0.3000000119
59107  -37.261  -4.246  -14.661 0.3000000119
34097  -25.196  -31.658  -12.434 0.4000000060
33117  -25.763  -32.073  -11.429 0.4000000060
33099  -26.200  -32.605  -10.677 0.4000000060
34127  -26.281  -31.434  -14.832 0.3000000119
126606  -42.331  -8.342  -17.557 0.3000000119
55601  -40.960  -7.855  -13.341 0.3000000119
60097  -38.320  -3.251  -14.600 0.3000000119
56485  -41.466  -7.309  -13.509 0.3000000119
55602  -41.916  -7.921  -13.547 0.3000000119
124961  -40.241  -4.217  -13.738 0.3000000119
55610  -42.798  -8.314  -15.405 0.3000000119
110839  -41.509  -5.312  -13.531 0.3000000119
127866  -43.230  -5.476  -17.078 0.3000000119
59091  -42.056  -4.775  -13.596 0.3000000119
57369  -43.250  -5.948  -16.324 0.3000000119
60109  -43.542  -3.558  -16.809 0.3000000119
61205  -42.604  -2.496  -18.956 0.3000000119
61165  -43.609  -2.507  -14.898 0.3000000119
129906  -43.710  -2.655  -15.394 0.3000000119
64110  -42.325  0.340  -19.883 0.3000000119
64068  -44.256  -0.046  -16.488 0.3000000119
37938  -39.575  -27.756  -17.341 0.4000000060
28145  -24.551  -36.597  -16.233 0.3000000119
29159  -25.369  -36.654  -16.826 0.3000000119
27171  -24.323  -37.589  -14.618 0.3000000119
27199  -26.310  -37.108  -16.362 0.3000000119
35108  -27.093  -30.392  -14.592 0.3000000119
32116  -25.678  -33.191  -10.096 0.3000000119
33098  -25.195  -32.585  -10.632 0.3000000119
32096  -26.223  -33.889  -9.744 0.3000000119
33116  -24.644  -32.085  -11.454 0.3000000119
36966  -39.702  -28.612  -18.087 0.3000000119
22315  -30.013  -43.781  -14.797 0.4000000060
24274  -31.576  -41.779  -13.828 0.5000000000
24295  -33.289  -41.306  -15.102 0.6000000238
24347  -29.357  -42.062  -19.330 0.6000000238
25278  -33.977  -40.061  -13.586 0.5000000000
25290  -33.896  -40.588  -14.128 0.5000000000
25363  -29.164  -40.899  -20.509 0.5000000000
25371  -29.642  -40.532  -21.077 0.4000000060
25377  -29.572  -40.484  -21.022 0.6999999881
26222  -34.165  -39.406  -13.330 0.5000000000
26260  -26.587  -38.564  -15.608 0.4000000060
26293  -30.574  -39.924  -18.738 0.6000000238
26326  -29.725  -39.335  -20.722 0.6000000238
26336  -29.447  -40.131  -20.857 0.6999999881
27150  -34.203  -38.722  -12.825 0.8000000119
27170  -23.995  -38.490  -14.977 0.4000000060
27184  -26.950  -37.435  -15.686 0.5000000000
27185  -27.578  -37.519  -15.076 0.5000000000
27230  -30.977  -37.441  -19.184 0.6000000238
27241  -32.948  -37.867  -19.886 0.6999999881
27247  -30.380  -38.216  -20.632 0.6999999881
27254  -30.691  -37.855  -20.757 0.6999999881
28133  -24.482  -36.903  -15.363 0.3000000119
28135  -27.101  -36.944  -14.734 0.5000000000
28158  -25.587  -36.958  -16.889 0.3000000119
28159  -26.094  -36.845  -16.415 0.5000000000
28174  -25.048  -36.825  -17.292 0.3000000119
28177  -35.095  -37.160  -17.448 0.5000000000
28200  -32.223  -37.475  -20.558 0.6999999881
28208  -30.994  -37.468  -20.758 0.6999999881
28209  -31.647  -37.083  -20.674 0.6999999881
29079  -30.521  -36.779  -9.141 0.6000000238
29126  -25.993  -36.697  -14.717 0.5000000000
29138  -25.081  -36.413  -15.826 0.3000000119
29139  -25.875  -36.506  -15.538 0.4000000060
29146  -24.985  -36.452  -16.638 0.3000000119
29158  -24.736  -36.687  -17.215 0.3000000119
29184  -30.820  -36.196  -19.772 0.6999999881
29195  -30.656  -36.553  -20.079 0.6999999881
29207  -30.947  -36.344  -20.274 0.6999999881
29208  -31.604  -36.351  -20.514 0.6999999881
30186  -34.611  -35.210  -13.647 0.6999999881
30214  -33.228  -36.380  -16.324 0.6999999881
30215  -35.513  -35.149  -16.512 0.5000000000
30243  -34.079  -35.541  -18.970 0.6999999881
31229  -33.026  -34.673  -16.092 0.6999999881
32177  -31.809  -32.896  -17.085 0.6999999881
32190  -34.918  -33.130  -16.593 0.6999999881
32219  -33.045  -33.299  -18.802 0.6999999881
32229  -31.944  -33.826  -19.346 0.6999999881
33100  -27.152  -32.680  -10.648 0.4000000060
33158  -32.548  -31.805  -15.756 0.8000000119
33174  -38.661  -32.633  -15.754 0.4000000060
33184  -31.385  -32.153  -18.149 0.6999999881
33196  -31.534  -32.199  -18.337 0.6999999881
34149  -36.726  -31.376  -14.838 0.5000000000
34159  -31.429  -31.561  -17.695 0.8000000119
34162  -35.944  -31.418  -14.997 0.5000000000
34175  -31.410  -31.516  -18.222 0.8000000119
34177  -34.040  -31.615  -17.463 0.8000000119
35131  -38.039  -30.469  -15.520 0.5000000000
35143  -35.273  -29.910  -15.668 0.6999999881
35144  -38.675  -30.401  -16.130 0.5000000000
35171  -32.626  -30.819  -18.522 0.8000000119
35922  -31.651  -29.497  -7.882 0.6000000238
35927  -35.789  -29.143  -8.521 0.6999999881
36010  -38.314  -29.846  -15.821 0.5000000000
36024  -39.155  -29.505  -17.050 0.4000000060
36034  -39.465  -29.380  -17.868 0.4000000060
36046  -31.605  -29.125  -18.139 0.8000000119
36857  -34.475  -28.548  -7.625 0.6999999881
36936  -31.723  -29.015  -17.013 0.8000000119
36940  -38.248  -29.086  -15.878 0.5000000000
36963  -31.767  -28.346  -18.011 0.8000000119
36964  -33.538  -28.604  -18.235 0.8000000119
37900  -34.965  -27.070  -14.265 0.6999999881
38811  -36.661  -26.798  -12.805 0.6999999881
38863  -38.391  -26.718  -16.456 0.6000000238
38879  -34.023  -26.404  -18.245 0.8000000119
38883  -40.247  -26.212  -17.655 0.4000000060
38893  -32.742  -26.934  -18.168 0.8000000119
39764  -36.739  -25.664  -16.784 0.6999999881
39781  -40.350  -25.397  -17.494 0.4000000060
40661  -35.128  -24.104  -15.928 0.8000000119
40675  -39.929  -24.151  -16.742 0.6000000238
40686  -40.442  -24.620  -17.400 0.6000000238
41570  -37.785  -23.135  -13.503 0.6999999881
41597  -33.812  -23.254  -16.685 0.8000000119
41616  -35.641  -23.288  -17.806 0.8999999762
41627  -33.947  -23.199  -17.662 0.8000000119
42520  -38.043  -21.975  -13.018 0.6999999881
42578  -37.729  -22.623  -16.668 0.6999999881
42580  -39.498  -22.726  -16.544 0.6999999881
42581  -40.307  -22.651  -16.889 0.6000000238
43507  -38.730  -21.538  -16.450 0.6999999881
43508  -39.574  -21.403  -16.516 0.6999999881
43509  -40.373  -21.334  -16.887 0.6999999881
43528  -34.560  -21.219  -18.095 0.8000000119
44419  -33.224  -19.942  -16.958 0.8000000119
44433  -36.623  -20.285  -17.472 0.8000000119
44435  -41.210  -20.381  -17.743 0.6000000238
44442  -34.010  -20.959  -17.855 0.8000000119
45288  -39.000  -19.078  -9.493 0.5000000000
46344  -35.154  -18.465  -16.089 0.8000000119
46353  -40.044  -18.326  -16.277 0.6000000238
46354  -40.881  -18.461  -16.634 0.6000000238
46355  -41.139  -17.686  -16.742 0.6000000238
46363  -33.106  -18.586  -17.070 0.8000000119
46366  -36.131  -18.231  -17.775 0.8000000119
47245  -40.108  -17.174  -10.242 0.3000000119
47283  -35.817  -17.327  -16.280 0.8000000119
48205  -33.675  -16.334  -17.115 0.8000000119
48208  -40.990  -16.987  -16.600 0.6000000238
48215  -33.699  -16.391  -17.175 0.8000000119
48219  -40.813  -16.176  -16.627 0.5000000000
49108  -33.880  -15.708  -17.400 0.8000000119
49119  -38.834  -15.298  -17.170 0.6000000238
49120  -39.676  -15.213  -16.883 0.5000000000
50093  -39.206  -14.317  -15.628 0.6999999881
50111  -39.347  -14.590  -17.425 0.5000000000
50131  -34.566  -13.728  -18.442 0.6999999881
50988  -36.154  -14.349  -16.591 0.8000000119
50998  -34.320  -14.294  -17.345 0.8000000119
51018  -33.767  -13.478  -18.051 0.6999999881
51031  -33.877  -13.518  -18.167 0.6999999881
52925  -42.055  -11.887  -15.792 0.3000000119
52950  -39.440  -11.538  -17.836 0.5000000000
52963  -34.626  -10.787  -19.120 0.6999999881
53820  -39.392  -10.265  -12.225 0.3000000119
54774  -34.694  -9.785  -19.063 0.5000000000
54783  -34.981  -8.668  -19.842 0.5000000000
55577  -37.096  -8.684  -13.635 0.3000000119
55634  -41.299  -8.257  -18.454 0.3000000119
56560  -34.917  -7.470  -20.123 0.5000000000
56561  -35.554  -7.387  -20.355 0.5000000000
57394  -35.268  -6.540  -19.835 0.5000000000
57411  -35.065  -6.960  -19.892 0.5000000000
57420  -35.036  -6.810  -19.936 0.5000000000
57433  -35.275  -6.684  -20.163 0.6000000238
58261  -35.962  -5.345  -19.822 0.5000000000
60158  -36.556  -3.123  -20.800 0.5000000000
61230  -36.634  -2.506  -20.933 0.3000000119
62217  -37.379  -0.123  -22.074 0.4000000060
63193  -37.554  0.882  -22.859 0.4000000060
63203  -37.518  1.417  -23.147 0.4000000060
64136  -37.591  1.504  -23.193 0.4000000060
64137  -37.557  1.521  -23.218 0.4000000060
108340  -24.659  -37.082  -14.469 0.3000000119
109412  -37.840  -24.797  -16.590 0.6999999881
111234  -38.437  -20.109  -16.480 0.6000000238
111537  -39.051  -24.058  -16.487 0.6999999881
112049  -38.217  -20.230  -13.390 0.6999999881
112067  -36.978  -27.818  -16.013 0.6000000238
113156  -30.342  -45.073  -15.445 0.4000000060
113361  -34.418  -29.050  -13.892 0.8000000119
113697  -33.494  -18.804  -16.700 0.8000000119
114498  -31.420  -30.837  -18.213 0.8000000119
116999  -38.756  -7.456  -19.420 0.5000000000
117667  -30.414  -37.537  -19.869 0.6999999881
117840  -36.244  -27.894  -16.062 0.6999999881
118362  -34.766  -11.781  -18.526 0.5000000000
120044  -29.099  -42.150  -20.751 0.4000000060
120111  -32.356  -28.162  -16.408 0.8000000119
120251  -32.697  -29.096  -15.464 0.8000000119
121417  -31.978  -30.839  -16.456 0.8000000119
121618  -36.604  -19.412  -15.139 0.8000000119
122055  -26.665  -36.958  -16.021 0.3000000119
123181  -39.721  -26.571  -17.052 0.4000000060
123609  -36.576  -7.415  -20.596 0.5000000000
123858  -25.695  -36.521  -16.270 0.5000000000
123943  -37.416  1.676  -22.906 0.4000000060
124267  -33.671  -14.909  -17.906 0.6999999881
124544  -33.575  -21.095  -16.849 0.8000000119
124931  -40.565  -23.855  -17.446 0.6000000238
125403  -35.320  -7.126  -19.753 0.5000000000
126023  -36.948  -16.280  -17.646 0.6999999881
126197  -34.551  -36.097  -14.050 0.8000000119
126199  -29.312  -37.294  -9.390 0.6000000238
126237  -31.394  -37.637  -20.785 0.6999999881
126478  -40.743  -12.482  -16.469 0.5000000000
127475  -38.825  -29.040  -16.514 0.5000000000
127506  -38.226  -23.831  -11.802 0.6999999881
128108  -31.355  -35.201  -18.823 0.6999999881
128485  -30.592  -32.197  -8.531 0.6000000238
128632  -41.467  -20.232  -18.569 0.5000000000
128936  -34.197  -37.305  -15.297 0.6999999881
129114  -29.800  -39.729  -19.537 0.6000000238
129307  -32.990  -25.704  -17.537 0.8000000119
130079  -29.086  -42.306  -19.847 0.6000000238
130364  -41.337  -13.146  -11.789 0.4000000060
130435  -35.955  -6.811  -20.450 0.5000000000
