#!ascii label  , from subject sub-v1s19x0051291_ses-1 vox2ras=TkReg
1531
60063  -39.732  -13.880  52.868 0.0000000000
121373  -55.087  -7.749  44.526 0.0000000000
64126  -45.178  -8.946  48.709 0.0000000000
50717  -7.300  -22.779  75.178 0.0000000000
57212  -34.807  -16.057  59.667 0.0000000000
45833  -24.471  -27.599  73.893 0.0000000000
121857  -29.982  -22.753  72.615 0.0000000000
57110  -31.286  -16.926  67.463 0.0000000000
57128  -35.435  -15.880  66.119 0.0000000000
141740  -15.864  -24.318  71.013 0.0000000000
47754  -20.503  -25.777  76.170 0.0000000000
47849  -20.466  -26.053  70.313 0.0000000000
49802  -27.990  -23.153  67.657 0.0000000000
55107  -27.507  -17.963  67.466 0.0000000000
125476  -42.108  -13.850  60.899 0.0000000000
62015  -44.109  -11.121  58.233 0.0000000000
65167  -50.650  -8.908  47.357 0.0000000000
62094  -41.834  -11.711  50.246 0.0000000000
68165  -50.519  -5.596  40.071 0.0000000000
48756  -2.479  -24.598  75.228 0.0000000000
58939  -39.299  -14.814  63.949 0.0000000000
59025  -37.013  -13.961  57.172 0.0000000000
45926  -24.891  -27.199  68.666 0.0000000000
45876  -28.276  -27.458  71.350 0.0000000000
65075  -46.621  -8.877  54.851 0.0000000000
129054  -57.387  -5.288  35.043 0.0000000000
56170  -29.429  -16.836  65.307 0.0000000000
56186  -31.370  -17.975  64.392 0.0000000000
134179  -18.715  -25.698  70.984 0.0000000000
121058  -26.092  -18.830  65.202 0.0000000000
57136  -27.029  -17.025  65.031 0.0000000000
144723  -28.825  -17.188  67.647 0.0000000000
60019  -40.405  -13.346  57.324 0.0000000000
60973  -43.323  -12.224  59.631 0.0000000000
61022  -41.792  -12.753  55.307 0.0000000000
65185  -53.019  -8.571  46.261 0.0000000000
67109  -53.103  -6.849  49.441 0.0000000000
68110  -56.501  -5.889  43.485 0.0000000000
49755  -5.788  -24.054  72.413 0.0000000000
49722  -4.902  -23.437  74.911 0.0000000000
125318  -35.112  -16.059  62.759 0.0000000000
58005  -37.220  -15.182  65.473 0.0000000000
58954  -36.823  -14.846  61.972 0.0000000000
58986  -38.172  -13.900  60.442 0.0000000000
59023  -35.938  -14.704  58.095 0.0000000000
47788  -23.108  -25.935  74.943 0.0000000000
47744  -22.933  -26.314  77.503 0.0000000000
45790  -24.822  -27.472  76.935 0.0000000000
44682  -26.712  -28.929  75.521 0.0000000000
46936  -23.074  -26.516  66.204 0.0000000000
135361  -24.859  -25.599  65.882 0.0000000000
50831  -29.476  -22.953  69.280 0.0000000000
48829  -28.226  -24.927  69.998 0.0000000000
48804  -29.278  -24.792  72.094 0.0000000000
45836  -30.501  -27.668  73.458 0.0000000000
51843  -11.553  -23.393  72.664 0.0000000000
135297  -13.426  -23.084  76.007 0.0000000000
50686  -13.565  -22.595  78.905 0.0000000000
63091  -43.271  -9.618  49.749 0.0000000000
63062  -44.450  -10.346  52.963 0.0000000000
65117  -45.614  -8.478  51.466 0.0000000000
65282  -58.370  -8.012  34.995 0.0000000000
51742  -6.602  -21.739  78.413 0.0000000000
57964  -32.913  -16.069  69.937 0.0000000000
123649  -35.010  -15.760  69.884 0.0000000000
138101  -33.076  -16.919  67.344 0.0000000000
57153  -33.574  -17.181  63.849 0.0000000000
48779  -15.767  -24.269  73.915 0.0000000000
47752  -18.533  -25.556  76.344 0.0000000000
142730  -18.472  -25.748  73.987 0.0000000000
122339  -20.333  -25.872  73.186 0.0000000000
121632  -22.523  -26.632  72.112 0.0000000000
49817  -26.388  -23.359  64.866 0.0000000000
51946  -26.762  -21.334  64.581 0.0000000000
51925  -28.109  -21.048  67.009 0.0000000000
130550  -29.558  -20.762  69.934 0.0000000000
128190  -28.876  -17.977  69.399 0.0000000000
141352  -30.591  -16.765  69.837 0.0000000000
122932  -14.067  -23.469  70.807 0.0000000000
58925  -43.044  -14.112  64.818 0.0000000000
143759  -45.629  -11.076  67.034 0.0000000000
60932  -44.624  -12.791  63.245 0.0000000000
61985  -45.835  -11.044  61.646 0.0000000000
64129  -47.847  -9.127  48.101 0.0000000000
141220  -47.785  -7.574  50.488 0.0000000000
66148  -51.077  -7.198  49.963 0.0000000000
141067  2.825  -27.357  79.649 0.0000000000
61056  -41.107  -13.304  51.981 0.0000000000
63119  -40.539  -9.921  47.705 0.0000000000
139032  -45.162  -9.988  45.411 0.0000000000
64203  -47.529  -9.430  44.740 0.0000000000
65225  -49.543  -8.058  43.703 0.0000000000
67178  -50.462  -6.406  42.548 0.0000000000
68120  -52.547  -5.658  42.237 0.0000000000
68152  -49.313  -5.445  40.652 0.0000000000
50683  -3.741  -22.914  78.439 0.0000000000
49669  -1.400  -23.518  79.479 0.0000000000
48714  1.378  -25.114  79.336 0.0000000000
59859  -42.332  -13.214  69.476 0.0000000000
57967  -37.241  -15.359  69.006 0.0000000000
58874  -39.822  -15.123  67.770 0.0000000000
58887  -41.977  -14.710  66.216 0.0000000000
58958  -40.525  -14.410  62.579 0.0000000000
59989  -39.684  -13.803  59.393 0.0000000000
60038  -37.753  -13.846  55.063 0.0000000000
47729  -20.662  -26.215  78.865 0.0000000000
46888  -22.439  -26.862  69.546 0.0000000000
125872  -24.888  -27.954  71.180 0.0000000000
47884  -26.170  -25.246  67.798 0.0000000000
46879  -26.905  -27.188  69.994 0.0000000000
44717  -26.638  -28.829  73.181 0.0000000000
43672  -28.672  -29.519  74.630 0.0000000000
140545  -7.396  -23.530  72.137 0.0000000000
138679  -9.613  -23.319  72.143 0.0000000000
121098  -9.045  -22.569  75.070 0.0000000000
62052  -43.556  -11.736  54.069 0.0000000000
64014  -45.730  -9.776  56.811 0.0000000000
138317  -47.691  -8.135  58.935 0.0000000000
66115  -48.008  -7.209  53.295 0.0000000000
69111  -53.021  -4.352  41.070 0.0000000000
70154  -54.760  -3.113  39.645 0.0000000000
70165  -56.542  -2.841  37.781 0.0000000000
68217  -54.838  -5.621  35.720 0.0000000000
70184  -59.136  -2.965  35.387 0.0000000000
57164  -28.666  -16.651  63.999 0.0000000000
122720  -29.959  -17.667  63.682 0.0000000000
128866  -28.821  -17.387  62.283 0.0000000000
57149  -26.606  -16.382  64.358 0.0000000000
57162  -27.123  -15.946  63.892 0.0000000000
57138  -28.429  -16.579  65.374 0.0000000000
60041  -40.370  -13.337  55.378 0.0000000000
140741  -41.196  -12.879  56.483 0.0000000000
60054  -41.134  -13.124  54.834 0.0000000000
65200  -54.217  -8.249  45.476 0.0000000000
66176  -54.577  -7.771  47.289 0.0000000000
66191  -55.474  -7.585  46.275 0.0000000000
132394  -56.519  -6.497  45.701 0.0000000000
66226  -55.398  -7.309  43.854 0.0000000000
50765  -6.333  -23.649  73.004 0.0000000000
49745  -5.500  -23.752  73.396 0.0000000000
49723  -5.619  -23.103  75.129 0.0000000000
57192  -34.988  -16.090  61.197 0.0000000000
58027  -35.700  -15.641  62.293 0.0000000000
58046  -35.475  -15.636  60.666 0.0000000000
58054  -35.906  -15.141  59.953 0.0000000000
58053  -35.362  -15.530  59.326 0.0000000000
49700  -15.538  -24.105  77.610 0.0000000000
46830  -23.822  -26.873  74.498 0.0000000000
46802  -23.780  -26.533  76.034 0.0000000000
45803  -24.721  -27.367  75.958 0.0000000000
45804  -25.522  -27.992  76.496 0.0000000000
45818  -25.275  -27.914  75.282 0.0000000000
50794  -29.822  -23.147  71.808 0.0000000000
49766  -29.145  -24.310  71.281 0.0000000000
122806  -29.629  -24.212  73.125 0.0000000000
47807  -29.886  -25.272  73.277 0.0000000000
49736  -14.407  -23.564  74.342 0.0000000000
49711  -14.549  -23.572  76.093 0.0000000000
49699  -14.789  -23.667  77.518 0.0000000000
60849  -43.668  -12.271  70.009 0.0000000000
64125  -44.338  -8.977  48.814 0.0000000000
64105  -44.954  -8.664  50.811 0.0000000000
125092  -45.295  -8.356  49.976 0.0000000000
133171  -31.785  -16.622  68.966 0.0000000000
57088  -33.223  -16.395  69.136 0.0000000000
57111  -32.142  -16.957  67.503 0.0000000000
56187  -32.139  -17.953  64.334 0.0000000000
56222  -32.452  -17.886  62.519 0.0000000000
56223  -33.282  -17.381  62.100 0.0000000000
48802  -15.811  -24.288  72.478 0.0000000000
48792  -17.174  -25.091  73.242 0.0000000000
48803  -17.126  -25.089  72.375 0.0000000000
47848  -19.200  -25.808  70.398 0.0000000000
126078  -19.756  -25.885  72.019 0.0000000000
124762  -20.437  -25.962  71.893 0.0000000000
46845  -21.823  -26.199  72.310 0.0000000000
46863  -21.954  -26.482  71.492 0.0000000000
53002  -25.763  -20.760  63.232 0.0000000000
55122  -26.734  -18.229  66.343 0.0000000000
54066  -26.889  -19.921  66.117 0.0000000000
52957  -27.805  -19.976  67.483 0.0000000000
52945  -28.877  -20.832  68.461 0.0000000000
133775  -28.332  -19.478  68.654 0.0000000000
143630  -28.925  -19.002  69.816 0.0000000000
55089  -27.917  -18.256  68.133 0.0000000000
57108  -29.340  -16.994  67.540 0.0000000000
57095  -29.596  -17.167  68.786 0.0000000000
57096  -30.166  -16.890  68.962 0.0000000000
57086  -31.441  -16.469  69.707 0.0000000000
49777  -14.772  -23.626  70.370 0.0000000000
59932  -42.778  -13.999  63.197 0.0000000000
59921  -44.226  -13.367  64.422 0.0000000000
59944  -43.464  -13.574  62.675 0.0000000000
60987  -43.505  -11.693  58.757 0.0000000000
61983  -44.532  -11.845  60.959 0.0000000000
62003  -45.007  -10.891  59.639 0.0000000000
122026  -46.272  -10.498  61.083 0.0000000000
124446  -45.463  -10.390  59.055 0.0000000000
64157  -48.970  -9.428  47.104 0.0000000000
65154  -49.414  -8.484  48.563 0.0000000000
66162  -50.987  -7.940  48.765 0.0000000000
68051  -54.559  -5.116  50.646 0.0000000000
64202  -46.569  -9.614  44.843 0.0000000000
65221  -45.662  -8.444  43.483 0.0000000000
66220  -47.973  -7.805  43.103 0.0000000000
66237  -48.632  -7.034  42.767 0.0000000000
66221  -50.160  -7.578  43.498 0.0000000000
67177  -48.969  -6.226  42.157 0.0000000000
125463  -50.014  -5.650  41.425 0.0000000000
48790  -3.353  -24.385  73.665 0.0000000000
48755  -1.739  -25.033  75.304 0.0000000000
52809  -6.037  -21.255  79.945 0.0000000000
51740  -5.001  -22.087  78.840 0.0000000000
51727  -4.369  -21.638  80.442 0.0000000000
51724  -1.989  -22.030  81.130 0.0000000000
50663  -0.582  -22.722  80.993 0.0000000000
48705  -0.192  -24.223  79.178 0.0000000000
49655  0.776  -23.555  80.878 0.0000000000
47701  2.029  -24.968  81.002 0.0000000000
57100  -34.992  -16.109  67.844 0.0000000000
57966  -36.642  -15.379  69.642 0.0000000000
137668  -36.382  -15.642  67.755 0.0000000000
58919  -37.889  -14.952  64.800 0.0000000000
58883  -38.115  -15.101  66.778 0.0000000000
121614  -39.514  -15.017  66.224 0.0000000000
58886  -40.768  -14.994  66.730 0.0000000000
120773  -40.332  -14.895  64.840 0.0000000000
58923  -41.145  -14.754  64.446 0.0000000000
58940  -40.027  -14.633  63.286 0.0000000000
59016  -37.262  -13.890  58.721 0.0000000000
59971  -38.946  -13.813  59.936 0.0000000000
139914  -38.140  -13.718  58.082 0.0000000000
123203  -39.072  -13.620  56.894 0.0000000000
60027  -37.740  -13.810  55.904 0.0000000000
131852  -19.234  -25.761  76.034 0.0000000000
47741  -19.714  -25.768  77.843 0.0000000000
131853  -20.220  -25.793  77.029 0.0000000000
124968  -23.650  -26.814  67.614 0.0000000000
121367  -22.868  -26.865  67.912 0.0000000000
45925  -24.242  -27.311  68.989 0.0000000000
45892  -23.896  -27.491  70.288 0.0000000000
45910  -24.497  -27.583  69.709 0.0000000000
49818  -26.943  -22.835  65.621 0.0000000000
124358  -26.040  -24.415  66.185 0.0000000000
48857  -26.967  -23.963  67.479 0.0000000000
46866  -28.254  -26.579  71.001 0.0000000000
46892  -27.179  -26.264  69.771 0.0000000000
45875  -27.551  -27.894  71.226 0.0000000000
45874  -26.739  -28.085  71.125 0.0000000000
44740  -27.491  -28.611  72.259 0.0000000000
43689  -27.231  -29.067  73.767 0.0000000000
44719  -28.408  -28.786  72.935 0.0000000000
55020  -29.761  -18.703  72.372 0.0000000000
51842  -10.815  -23.388  72.893 0.0000000000
51829  -10.678  -23.239  73.858 0.0000000000
51828  -9.606  -23.121  74.165 0.0000000000
50671  -13.795  -22.320  80.839 0.0000000000
61071  -41.422  -12.464  50.700 0.0000000000
61045  -42.253  -12.558  52.487 0.0000000000
62073  -42.791  -11.948  52.201 0.0000000000
64059  -45.591  -9.568  53.991 0.0000000000
63042  -45.187  -10.173  54.445 0.0000000000
64044  -46.248  -9.323  55.455 0.0000000000
64015  -46.273  -9.307  57.262 0.0000000000
65043  -47.301  -8.204  57.148 0.0000000000
67090  -49.321  -6.654  51.675 0.0000000000
131172  -48.202  -7.123  51.785 0.0000000000
122254  -49.240  -6.210  52.941 0.0000000000
68155  -51.554  -5.258  41.274 0.0000000000
68140  -52.742  -5.004  41.609 0.0000000000
68156  -52.056  -5.126  40.862 0.0000000000
68168  -53.711  -4.717  39.465 0.0000000000
68169  -54.489  -4.830  38.862 0.0000000000
70155  -55.561  -3.041  38.894 0.0000000000
68179  -55.242  -4.964  38.130 0.0000000000
126272  -54.519  -6.177  35.139 0.0000000000
68229  -53.337  -5.903  35.112 0.0000000000
68232  -56.422  -5.465  35.314 0.0000000000
144493  -57.125  -4.194  36.037 0.0000000000
69175  -58.279  -4.080  34.898 0.0000000000
68234  -58.869  -5.110  34.449 0.0000000000
126864  -60.973  -7.870  34.428 0.0000000000
141445  -30.410  -17.030  66.290 0.0000000000
123820  -31.165  -17.570  65.757 0.0000000000
56185  -30.840  -17.782  64.871 0.0000000000
55165  -30.282  -17.932  63.197 0.0000000000
48828  -16.919  -24.955  70.632 0.0000000000
56183  -25.629  -17.413  64.379 0.0000000000
56169  -26.501  -17.516  65.465 0.0000000000
56156  -26.993  -17.372  65.972 0.0000000000
56149  -27.740  -17.561  67.241 0.0000000000
57122  -28.227  -16.992  66.251 0.0000000000
125170  -29.011  -16.682  66.090 0.0000000000
136515  -41.055  -13.552  58.903 0.0000000000
59976  -42.723  -13.437  60.821 0.0000000000
60008  -41.698  -12.976  58.579 0.0000000000
60994  -42.280  -12.289  57.540 0.0000000000
61004  -42.927  -11.889  56.290 0.0000000000
121519  -52.099  -8.820  46.327 0.0000000000
66163  -52.256  -7.840  48.383 0.0000000000
123551  -53.069  -7.776  48.189 0.0000000000
67116  -54.689  -6.833  48.765 0.0000000000
127966  -56.734  -5.305  42.881 0.0000000000
49743  -4.030  -24.037  73.864 0.0000000000
144340  -3.612  -23.972  74.917 0.0000000000
57155  -35.042  -16.066  64.460 0.0000000000
57992  -36.431  -15.464  66.039 0.0000000000
58013  -36.287  -15.428  64.470 0.0000000000
58028  -37.006  -14.942  63.305 0.0000000000
58956  -37.835  -14.753  63.137 0.0000000000
58970  -38.113  -14.461  62.247 0.0000000000
58969  -37.437  -14.516  61.688 0.0000000000
120345  -36.965  -14.106  59.407 0.0000000000
59024  -36.479  -14.260  57.625 0.0000000000
47769  -21.745  -25.711  75.382 0.0000000000
47755  -21.969  -25.742  76.296 0.0000000000
47756  -22.784  -25.991  76.520 0.0000000000
46787  -23.730  -26.672  77.619 0.0000000000
44665  -26.687  -29.203  77.219 0.0000000000
46955  -23.749  -26.317  66.065 0.0000000000
46922  -25.074  -26.062  67.317 0.0000000000
49797  -28.372  -23.311  68.318 0.0000000000
48848  -27.951  -23.853  68.838 0.0000000000
49778  -28.693  -24.168  70.270 0.0000000000
47836  -28.875  -25.209  71.247 0.0000000000
46867  -28.829  -26.644  71.535 0.0000000000
45835  -29.756  -27.745  72.696 0.0000000000
46831  -30.194  -26.558  72.971 0.0000000000
141368  -12.721  -23.409  71.991 0.0000000000
50752  -12.441  -23.354  73.231 0.0000000000
50718  -12.666  -22.784  75.897 0.0000000000
50704  -12.606  -22.491  76.870 0.0000000000
50695  -14.003  -23.178  77.360 0.0000000000
63082  -43.037  -10.344  50.328 0.0000000000
63074  -43.672  -10.617  51.750 0.0000000000
63075  -44.059  -9.940  51.562 0.0000000000
64087  -45.311  -9.058  52.331 0.0000000000
65106  -46.352  -8.452  52.941 0.0000000000
69141  -49.378  -4.754  37.814 0.0000000000
121944  -51.004  -5.888  39.099 0.0000000000
139701  -50.416  -4.592  37.170 0.0000000000
66287  -55.012  -7.423  34.621 0.0000000000
67246  -57.852  -5.721  34.747 0.0000000000
66288  -56.582  -8.007  35.052 0.0000000000
65280  -56.432  -8.761  34.481 0.0000000000
51777  -7.816  -22.065  76.178 0.0000000000
50703  -6.352  -22.502  76.219 0.0000000000
57948  -34.951  -15.260  71.143 0.0000000000
141506  -33.656  -16.094  69.673 0.0000000000
124844  -34.318  -16.433  68.122 0.0000000000
57127  -34.644  -16.377  66.519 0.0000000000
56159  -32.566  -17.492  65.900 0.0000000000
126878  -33.293  -17.212  65.698 0.0000000000
57141  -34.522  -16.462  65.097 0.0000000000
57166  -34.305  -16.592  63.343 0.0000000000
141283  -33.957  -16.824  62.119 0.0000000000
48763  -16.054  -24.403  74.807 0.0000000000
48748  -17.203  -25.006  76.728 0.0000000000
131934  -16.743  -24.836  74.947 0.0000000000
47782  -18.036  -25.514  74.611 0.0000000000
47784  -19.413  -25.815  74.631 0.0000000000
47818  -18.491  -25.708  72.290 0.0000000000
47804  -19.562  -25.868  73.241 0.0000000000
47785  -20.679  -25.789  74.388 0.0000000000
47806  -22.168  -25.890  73.792 0.0000000000
46828  -22.918  -26.280  73.668 0.0000000000
45832  -23.934  -27.263  73.568 0.0000000000
50898  -26.694  -22.042  64.224 0.0000000000
130534  -27.477  -22.377  66.134 0.0000000000
54085  -25.981  -19.655  64.571 0.0000000000
121046  -27.549  -21.122  66.072 0.0000000000
51924  -27.894  -21.785  66.509 0.0000000000
126357  -28.914  -22.082  67.893 0.0000000000
51887  -29.923  -21.738  69.909 0.0000000000
121329  -30.006  -21.432  71.613 0.0000000000
51848  -30.060  -21.767  72.487 0.0000000000
52911  -29.786  -20.481  71.480 0.0000000000
124878  -29.653  -18.874  71.463 0.0000000000
142164  -29.726  -17.849  71.084 0.0000000000
56144  -28.729  -17.560  68.419 0.0000000000
56134  -29.580  -17.491  69.679 0.0000000000
57076  -30.245  -17.007  71.029 0.0000000000
57069  -31.162  -16.131  71.373 0.0000000000
125900  -13.300  -23.428  72.027 0.0000000000
59892  -43.496  -13.646  66.594 0.0000000000
59907  -44.646  -12.762  65.729 0.0000000000
60910  -45.244  -12.263  65.219 0.0000000000
61964  -45.727  -11.812  63.920 0.0000000000
60950  -43.855  -12.515  61.108 0.0000000000
127971  -45.580  -11.760  63.030 0.0000000000
64128  -46.924  -9.057  48.264 0.0000000000
65151  -46.578  -8.478  48.942 0.0000000000
141583  -48.056  -8.190  49.285 0.0000000000
66146  -49.560  -7.278  50.524 0.0000000000
67091  -50.650  -6.268  51.498 0.0000000000
66156  -51.746  -7.231  49.496 0.0000000000
68048  -51.951  -6.017  51.184 0.0000000000
59104  -38.712  -14.126  51.427 0.0000000000
60074  -39.900  -13.816  52.067 0.0000000000
60101  -39.460  -13.537  50.499 0.0000000000
61069  -39.969  -13.026  50.075 0.0000000000
127949  -40.850  -11.578  49.340 0.0000000000
62119  -41.151  -10.853  48.888 0.0000000000
63105  -42.427  -9.803  48.627 0.0000000000
121874  -42.919  -9.533  48.326 0.0000000000
64152  -43.959  -9.401  48.133 0.0000000000
123201  -45.438  -10.016  46.983 0.0000000000
64179  -46.259  -9.983  46.596 0.0000000000
64181  -47.996  -9.759  46.057 0.0000000000
64193  -48.766  -9.575  45.585 0.0000000000
66218  -46.171  -7.821  42.965 0.0000000000
65210  -48.848  -8.661  44.063 0.0000000000
64206  -50.122  -9.091  44.959 0.0000000000
65213  -51.420  -8.505  44.583 0.0000000000
66207  -51.936  -7.944  44.126 0.0000000000
66224  -53.318  -7.531  43.738 0.0000000000
67162  -53.851  -7.139  43.268 0.0000000000
67180  -52.318  -6.354  42.785 0.0000000000
68138  -50.742  -5.471  41.327 0.0000000000
142230  -49.729  -5.452  40.259 0.0000000000
69140  -48.852  -4.989  38.494 0.0000000000
50702  -5.500  -22.712  76.670 0.0000000000
139868  -4.426  -22.990  77.204 0.0000000000
49706  -3.223  -23.758  76.925 0.0000000000
51726  -3.601  -21.823  80.628 0.0000000000
50677  -2.682  -22.830  79.623 0.0000000000
49692  -2.070  -24.068  77.842 0.0000000000
123030  -0.822  -24.830  77.817 0.0000000000
47733  0.412  -25.662  77.679 0.0000000000
46783  1.581  -26.636  77.686 0.0000000000
47720  2.514  -26.438  79.520 0.0000000000
59860  -43.081  -12.732  69.294 0.0000000000
58852  -38.900  -14.901  69.666 0.0000000000
57983  -37.359  -15.369  67.445 0.0000000000
136817  -38.397  -15.193  68.423 0.0000000000
58854  -40.926  -14.379  69.036 0.0000000000
58876  -41.634  -14.645  67.707 0.0000000000
59891  -42.852  -13.995  67.180 0.0000000000
58905  -42.507  -14.472  65.494 0.0000000000
58942  -42.194  -14.351  63.707 0.0000000000
59942  -41.074  -14.230  61.980 0.0000000000
58971  -39.140  -14.216  61.834 0.0000000000
59957  -39.944  -14.039  61.066 0.0000000000
59990  -40.495  -13.818  59.612 0.0000000000
60018  -39.549  -13.594  57.664 0.0000000000
60029  -39.514  -13.527  56.028 0.0000000000
60051  -38.672  -13.833  54.462 0.0000000000
57219  -34.425  -16.219  58.018 0.0000000000
58079  -34.776  -15.732  57.432 0.0000000000
59039  -35.688  -14.565  56.237 0.0000000000
136724  -35.791  -14.309  55.499 0.0000000000
127216  -36.263  -14.098  55.158 0.0000000000
123070  -36.879  -14.035  54.133 0.0000000000
59086  -37.447  -14.299  52.493 0.0000000000
59087  -38.342  -14.217  52.210 0.0000000000
47743  -21.360  -26.222  78.166 0.0000000000
47862  -20.264  -26.047  68.960 0.0000000000
123061  -21.914  -26.692  68.895 0.0000000000
46887  -21.564  -26.538  69.672 0.0000000000
142458  -22.780  -26.950  70.706 0.0000000000
45871  -23.334  -27.196  71.832 0.0000000000
45853  -24.425  -27.767  72.905 0.0000000000
48876  -25.871  -24.275  65.286 0.0000000000
47883  -25.643  -25.578  67.298 0.0000000000
47872  -25.721  -25.933  67.961 0.0000000000
47874  -27.090  -25.195  68.995 0.0000000000
47863  -26.777  -25.980  69.136 0.0000000000
46890  -25.535  -27.148  68.934 0.0000000000
45894  -25.454  -27.885  70.418 0.0000000000
45873  -25.208  -28.213  72.114 0.0000000000
44716  -25.839  -28.565  73.597 0.0000000000
44699  -26.459  -28.885  74.018 0.0000000000
44683  -27.483  -29.405  75.608 0.0000000000
49756  -6.585  -23.838  71.995 0.0000000000
50749  -7.776  -23.289  73.912 0.0000000000
50784  -9.976  -23.284  71.169 0.0000000000
120796  -9.198  -23.298  71.245 0.0000000000
50767  -8.934  -23.338  72.595 0.0000000000
50750  -8.551  -23.333  73.364 0.0000000000
51813  -8.530  -22.675  74.985 0.0000000000
144774  -9.298  -21.834  76.766 0.0000000000
51747  -12.383  -21.966  78.592 0.0000000000
60065  -41.287  -13.247  53.811 0.0000000000
141906  -42.714  -12.298  55.160 0.0000000000
62032  -43.545  -11.572  55.880 0.0000000000
62063  -44.032  -11.157  53.529 0.0000000000
63030  -44.675  -10.729  55.877 0.0000000000
63022  -44.656  -10.690  56.822 0.0000000000
63007  -45.906  -9.908  58.579 0.0000000000
65128  -47.179  -7.674  50.844 0.0000000000
65107  -46.929  -7.884  52.516 0.0000000000
66092  -47.700  -7.807  54.665 0.0000000000
67182  -54.181  -6.466  42.585 0.0000000000
68123  -55.451  -5.626  41.912 0.0000000000
68143  -55.682  -4.844  41.361 0.0000000000
144701  -52.414  -5.161  40.367 0.0000000000
139978  -54.036  -3.333  40.258 0.0000000000
69122  -55.134  -3.189  40.380 0.0000000000
70136  -56.761  -2.780  39.887 0.0000000000
71132  -56.681  -2.812  38.595 0.0000000000
68205  -54.475  -5.507  36.295 0.0000000000
69160  -56.226  -4.736  36.988 0.0000000000
71157  -57.608  -2.450  37.140 0.0000000000
130636  -60.104  -6.354  34.334 0.0000000000
56201  -28.650  -16.861  63.208 0.0000000000
57177  -27.716  -16.324  63.182 0.0000000000
57163  -27.946  -16.349  63.909 0.0000000000
60052  -39.549  -13.763  54.208 0.0000000000
60053  -40.353  -13.559  54.304 0.0000000000
129992  -39.886  -13.785  53.656 0.0000000000
144044  -54.850  -8.011  45.144 0.0000000000
66200  -54.914  -8.018  45.846 0.0000000000
66201  -55.486  -7.578  45.348 0.0000000000
66192  -56.105  -7.103  45.951 0.0000000000
66210  -55.688  -7.292  44.603 0.0000000000
66202  -56.157  -6.929  45.150 0.0000000000
50733  -6.967  -23.139  74.452 0.0000000000
50747  -6.211  -23.374  73.865 0.0000000000
50716  -6.481  -22.860  75.325 0.0000000000
57203  -34.879  -16.093  60.429 0.0000000000
58037  -35.606  -15.628  61.472 0.0000000000
130216  -35.301  -15.705  60.012 0.0000000000
49701  -16.188  -24.391  77.684 0.0000000000
48735  -16.647  -24.701  77.259 0.0000000000
46815  -24.048  -26.834  75.524 0.0000000000
45817  -24.548  -27.402  74.915 0.0000000000
45834  -25.140  -28.067  74.225 0.0000000000
49767  -29.338  -23.892  71.859 0.0000000000
49759  -29.613  -23.730  72.715 0.0000000000
49748  -29.827  -23.822  73.627 0.0000000000
49712  -15.151  -23.985  76.690 0.0000000000
64111  -44.813  -8.645  49.404 0.0000000000
65135  -45.672  -8.488  49.210 0.0000000000
125365  -31.579  -16.795  68.274 0.0000000000
56221  -31.687  -18.212  62.832 0.0000000000
56205  -32.277  -17.954  63.414 0.0000000000
140358  -16.422  -24.662  71.988 0.0000000000
140587  -16.342  -24.597  71.195 0.0000000000
128616  -19.906  -25.917  70.657 0.0000000000
47834  -19.879  -25.899  71.389 0.0000000000
47835  -20.651  -26.044  71.045 0.0000000000
46862  -21.212  -26.161  71.726 0.0000000000
127911  -21.417  -26.342  71.030 0.0000000000
121177  -27.096  -18.414  66.956 0.0000000000
139752  -26.913  -18.972  66.438 0.0000000000
54036  -27.556  -18.820  67.544 0.0000000000
123659  -28.290  -20.057  68.247 0.0000000000
54037  -27.956  -19.194  68.174 0.0000000000
124850  -28.279  -18.697  68.727 0.0000000000
57109  -30.309  -16.882  67.310 0.0000000000
120924  -29.791  -16.958  68.211 0.0000000000
122637  -30.654  -16.840  68.238 0.0000000000
57097  -30.987  -16.697  69.030 0.0000000000
48826  -15.410  -24.026  70.824 0.0000000000
48813  -15.646  -24.212  71.585 0.0000000000
121928  -42.626  -13.913  62.364 0.0000000000
135560  -43.079  -13.538  61.731 0.0000000000
62002  -44.271  -11.237  59.149 0.0000000000
62016  -44.779  -10.731  58.677 0.0000000000
64158  -49.853  -9.248  47.094 0.0000000000
121002  -50.045  -8.725  47.944 0.0000000000
121066  -50.790  -8.421  48.069 0.0000000000
69034  -54.199  -4.679  51.329 0.0000000000
65206  -45.172  -8.998  44.077 0.0000000000
67196  -48.481  -5.832  41.680 0.0000000000
67197  -49.291  -5.782  41.560 0.0000000000
122275  -2.791  -24.573  74.345 0.0000000000
140929  -2.106  -24.904  74.639 0.0000000000
120135  -2.101  -24.651  76.027 0.0000000000
51728  -5.220  -21.374  80.311 0.0000000000
52802  -5.353  -20.863  81.229 0.0000000000
50662  0.332  -22.935  81.375 0.0000000000
49645  1.316  -24.021  82.126 0.0000000000
57114  -35.180  -16.021  67.052 0.0000000000
123354  -35.611  -15.857  67.592 0.0000000000
57981  -35.944  -15.699  66.905 0.0000000000
58920  -38.744  -14.894  64.669 0.0000000000
142289  -38.410  -14.952  65.171 0.0000000000
58903  -39.929  -14.966  65.467 0.0000000000
58921  -39.580  -14.902  64.754 0.0000000000
58922  -40.190  -14.817  64.159 0.0000000000
132441  -37.069  -13.903  57.991 0.0000000000
140289  -37.623  -13.786  58.225 0.0000000000
60004  -37.752  -13.773  57.541 0.0000000000
60016  -37.698  -13.802  56.714 0.0000000000
59032  -36.975  -13.960  56.340 0.0000000000
47767  -19.790  -25.782  75.477 0.0000000000
140347  -19.809  -25.780  76.289 0.0000000000
46905  -24.323  -26.956  68.203 0.0000000000
46904  -23.533  -27.002  68.446 0.0000000000
45911  -25.049  -27.503  69.262 0.0000000000
49811  -27.208  -23.085  66.454 0.0000000000
48868  -26.903  -23.644  66.800 0.0000000000
49801  -27.458  -23.401  67.230 0.0000000000
46865  -27.837  -27.256  70.866 0.0000000000
44761  -28.018  -28.294  71.835 0.0000000000
132418  -27.995  -28.648  72.429 0.0000000000
44741  -28.496  -28.457  72.372 0.0000000000
55006  -29.884  -18.363  73.146 0.0000000000
51799  -11.271  -22.365  75.760 0.0000000000
138115  -42.101  -12.048  51.050 0.0000000000
143374  -42.345  -12.234  51.762 0.0000000000
62086  -42.724  -11.633  51.459 0.0000000000
64060  -46.133  -9.206  54.343 0.0000000000
64043  -45.783  -9.682  54.908 0.0000000000
65065  -46.719  -8.817  55.814 0.0000000000
65052  -46.753  -8.771  56.762 0.0000000000
67081  -50.120  -6.265  51.830 0.0000000000
67079  -48.918  -6.547  52.410 0.0000000000
127149  -51.292  -5.381  40.722 0.0000000000
123658  -54.458  -5.493  38.059 0.0000000000
67244  -55.324  -6.294  35.129 0.0000000000
68231  -55.186  -5.761  35.444 0.0000000000
68219  -57.553  -4.811  35.114 0.0000000000
69187  -58.962  -4.273  34.511 0.0000000000
68233  -58.152  -4.792  34.683 0.0000000000
57139  -29.753  -16.861  65.958 0.0000000000
56171  -30.289  -17.263  65.429 0.0000000000
120351  -29.960  -17.392  64.513 0.0000000000
56220  -29.529  -17.648  62.945 0.0000000000
57160  -25.669  -16.128  63.298 0.0000000000
56184  -26.158  -17.015  64.840 0.0000000000
56157  -27.555  -17.341  66.503 0.0000000000
57137  -27.607  -17.032  65.663 0.0000000000
57152  -29.037  -16.743  64.580 0.0000000000
60020  -41.119  -13.110  57.872 0.0000000000
61012  -41.747  -12.623  56.170 0.0000000000
61002  -41.623  -12.653  57.095 0.0000000000
61003  -42.299  -12.238  56.670 0.0000000000
60995  -42.863  -11.856  57.185 0.0000000000
61013  -42.423  -12.340  55.713 0.0000000000
65169  -52.684  -8.499  47.017 0.0000000000
123015  -53.451  -8.340  46.899 0.0000000000
67117  -55.620  -6.583  48.422 0.0000000000
67111  -55.308  -6.098  49.255 0.0000000000
67184  -56.057  -5.968  42.611 0.0000000000
49734  -4.783  -23.736  74.075 0.0000000000
49744  -4.627  -24.036  73.273 0.0000000000
49733  -4.134  -23.814  74.727 0.0000000000
57167  -34.979  -16.134  63.558 0.0000000000
58012  -35.613  -15.711  64.682 0.0000000000
124953  -35.651  -15.705  63.973 0.0000000000
140485  -36.442  -15.206  62.644 0.0000000000
58955  -37.268  -14.770  62.496 0.0000000000
58984  -36.797  -14.720  61.242 0.0000000000
58067  -35.915  -14.889  58.999 0.0000000000
124739  -36.446  -14.609  59.444 0.0000000000
59015  -36.596  -14.311  58.600 0.0000000000
47787  -22.347  -25.791  74.734 0.0000000000
47770  -22.579  -25.796  75.587 0.0000000000
47771  -23.323  -26.091  75.781 0.0000000000
46803  -24.217  -26.974  76.433 0.0000000000
46795  -23.930  -26.716  76.812 0.0000000000
46796  -24.301  -27.061  77.307 0.0000000000
127001  -26.364  -28.638  76.524 0.0000000000
44664  -25.957  -28.587  77.476 0.0000000000
47912  -24.126  -25.870  65.438 0.0000000000
47896  -24.465  -26.118  66.485 0.0000000000
50851  -29.147  -22.661  68.507 0.0000000000
49791  -28.729  -23.600  69.224 0.0000000000
139666  -29.156  -24.664  71.528 0.0000000000
47823  -29.175  -25.596  71.896 0.0000000000
46848  -29.459  -26.690  72.195 0.0000000000
137534  -29.611  -25.735  72.579 0.0000000000
47808  -30.573  -25.808  73.811 0.0000000000
50770  -12.974  -23.362  72.711 0.0000000000
50720  -13.950  -23.285  75.646 0.0000000000
50705  -13.315  -22.918  76.696 0.0000000000
124131  -15.201  -23.824  78.418 0.0000000000
49689  -14.475  -23.306  78.284 0.0000000000
132525  -43.628  -10.197  51.027 0.0000000000
63083  -43.692  -9.623  50.385 0.0000000000
135517  -44.957  -8.991  51.616 0.0000000000
143500  -45.793  -8.876  52.840 0.0000000000
64088  -45.940  -8.514  52.234 0.0000000000
68187  -50.181  -5.170  37.809 0.0000000000
66286  -54.367  -6.841  34.647 0.0000000000
131643  -55.935  -7.192  35.082 0.0000000000
138337  -54.947  -8.052  33.939 0.0000000000
51758  -7.722  -21.795  77.102 0.0000000000
52803  -6.747  -20.882  80.572 0.0000000000
57946  -33.203  -15.507  71.357 0.0000000000
57956  -33.639  -15.833  70.473 0.0000000000
141662  -33.274  -16.733  67.914 0.0000000000
57099  -33.578  -16.584  68.359 0.0000000000
57112  -33.791  -16.687  67.655 0.0000000000
57113  -34.497  -16.440  67.347 0.0000000000
120446  -33.900  -16.761  66.866 0.0000000000
56172  -31.620  -17.899  65.054 0.0000000000
56158  -31.843  -17.486  66.278 0.0000000000
127730  -31.900  -17.746  65.653 0.0000000000
56188  -32.919  -17.582  64.588 0.0000000000
56174  -32.960  -17.473  65.270 0.0000000000
57140  -33.665  -17.044  64.950 0.0000000000
57154  -34.352  -16.583  64.214 0.0000000000
144548  -16.448  -24.667  74.294 0.0000000000
47803  -17.872  -25.487  73.677 0.0000000000
47783  -18.746  -25.772  74.488 0.0000000000
47831  -17.790  -25.394  71.919 0.0000000000
47832  -18.385  -25.629  71.576 0.0000000000
47820  -20.061  -25.891  72.585 0.0000000000
47819  -19.264  -25.854  72.517 0.0000000000
120953  -20.024  -25.834  73.945 0.0000000000
47786  -21.469  -25.763  74.510 0.0000000000
47805  -21.055  -25.842  73.625 0.0000000000
46846  -22.392  -26.261  72.956 0.0000000000
46847  -23.011  -26.748  72.853 0.0000000000
46829  -23.389  -26.785  73.678 0.0000000000
120988  -26.348  -21.013  63.869 0.0000000000
51945  -26.475  -21.624  63.839 0.0000000000
50886  -27.203  -22.128  65.434 0.0000000000
51936  -27.177  -21.488  65.357 0.0000000000
54084  -25.660  -18.560  64.479 0.0000000000
52969  -27.490  -20.391  66.583 0.0000000000
144743  -27.248  -20.598  66.027 0.0000000000
50874  -28.433  -21.916  67.241 0.0000000000
51915  -28.705  -21.419  67.770 0.0000000000
52932  -29.017  -20.390  69.273 0.0000000000
51904  -29.467  -21.309  69.158 0.0000000000
52920  -29.918  -21.132  70.731 0.0000000000
125694  -29.533  -20.160  70.675 0.0000000000
55073  -28.691  -18.479  69.303 0.0000000000
53977  -29.335  -19.114  70.553 0.0000000000
55058  -29.043  -18.327  69.946 0.0000000000
55059  -29.473  -18.164  70.712 0.0000000000
57107  -28.418  -17.383  67.663 0.0000000000
56143  -28.094  -17.729  67.949 0.0000000000
57085  -29.855  -17.157  69.426 0.0000000000
57094  -29.334  -17.422  68.928 0.0000000000
121237  -30.099  -17.097  70.216 0.0000000000
56120  -29.775  -17.568  70.564 0.0000000000
143410  -30.662  -16.577  71.390 0.0000000000
57077  -30.644  -16.614  70.725 0.0000000000
57963  -32.014  -16.100  70.227 0.0000000000
57954  -31.806  -15.920  71.036 0.0000000000
57955  -32.653  -15.861  70.778 0.0000000000
50789  -13.701  -23.451  71.402 0.0000000000
58906  -43.277  -14.002  65.667 0.0000000000
59893  -44.183  -12.923  66.537 0.0000000000
59906  -43.971  -13.448  65.764 0.0000000000
60921  -44.704  -12.910  63.961 0.0000000000
60909  -44.733  -12.870  64.787 0.0000000000
60922  -45.239  -12.378  64.353 0.0000000000
61952  -45.758  -11.729  64.807 0.0000000000
60933  -45.148  -12.355  63.513 0.0000000000
60972  -42.582  -12.889  59.801 0.0000000000
143806  -43.329  -13.055  61.210 0.0000000000
61984  -45.219  -11.411  61.298 0.0000000000
60952  -44.859  -11.868  61.779 0.0000000000
61974  -45.393  -11.576  62.156 0.0000000000
61965  -46.210  -11.219  63.464 0.0000000000
61975  -46.041  -11.182  62.542 0.0000000000
62973  -46.470  -10.641  62.036 0.0000000000
62974  -46.866  -10.184  61.610 0.0000000000
64155  -47.187  -9.462  47.448 0.0000000000
65152  -47.351  -8.620  48.686 0.0000000000
66155  -50.429  -7.648  49.498 0.0000000000
65139  -49.605  -8.021  49.349 0.0000000000
121662  -49.764  -7.542  49.929 0.0000000000
143783  -49.939  -7.091  50.712 0.0000000000
66147  -50.261  -7.170  50.384 0.0000000000
66157  -52.487  -7.337  48.982 0.0000000000
122467  -51.698  -7.656  48.834 0.0000000000
67108  -52.359  -6.815  49.789 0.0000000000
68049  -52.728  -5.777  50.990 0.0000000000
45745  2.970  -27.772  79.161 0.0000000000
45760  2.968  -28.003  78.217 0.0000000000
61085  -39.643  -12.487  49.417 0.0000000000
122068  -40.413  -12.420  49.772 0.0000000000
62103  -40.285  -11.945  49.278 0.0000000000
63103  -40.700  -10.504  48.345 0.0000000000
63089  -41.946  -10.455  49.078 0.0000000000
63104  -41.499  -10.089  48.254 0.0000000000
131082  -42.169  -9.671  47.892 0.0000000000
64150  -42.729  -9.674  47.520 0.0000000000
64151  -43.307  -9.497  48.100 0.0000000000
121136  -43.536  -9.805  47.420 0.0000000000
64178  -43.911  -10.131  46.464 0.0000000000
121611  -44.821  -10.191  46.297 0.0000000000
140384  -46.075  -9.735  47.240 0.0000000000
64190  -45.684  -10.161  46.054 0.0000000000
64192  -47.295  -9.788  45.512 0.0000000000
127225  -47.995  -9.619  45.309 0.0000000000
135589  -48.630  -9.601  46.432 0.0000000000
137014  -48.790  -7.918  43.344 0.0000000000
65224  -48.198  -8.355  43.621 0.0000000000
64205  -49.271  -9.185  44.825 0.0000000000
65211  -49.758  -8.618  44.328 0.0000000000
65196  -50.957  -9.036  45.121 0.0000000000
65212  -50.565  -8.555  44.470 0.0000000000
67159  -50.763  -7.080  43.245 0.0000000000
66222  -50.941  -7.879  43.897 0.0000000000
126376  -51.597  -7.282  43.520 0.0000000000
66208  -52.921  -7.995  44.316 0.0000000000
66223  -52.465  -7.452  43.701 0.0000000000
67160  -52.129  -6.881  43.263 0.0000000000
67179  -51.434  -6.511  42.854 0.0000000000
68137  -49.532  -5.534  41.132 0.0000000000
68153  -50.097  -5.441  40.871 0.0000000000
46808  -0.599  -26.146  74.703 0.0000000000
50692  -6.200  -22.221  77.057 0.0000000000
51756  -6.016  -21.999  77.848 0.0000000000
51739  -4.245  -22.371  79.055 0.0000000000
50684  -4.583  -22.596  78.276 0.0000000000
50689  -4.188  -22.961  77.665 0.0000000000
49707  -3.988  -23.314  76.954 0.0000000000
49694  -3.531  -23.347  77.653 0.0000000000
52793  -3.979  -21.201  81.305 0.0000000000
50676  -1.849  -22.956  79.888 0.0000000000
50665  -2.357  -22.491  80.377 0.0000000000
49670  -2.193  -23.329  79.162 0.0000000000
49681  -2.508  -23.629  78.430 0.0000000000
49680  -1.665  -23.910  78.675 0.0000000000
48728  -1.591  -24.598  77.363 0.0000000000
48716  -0.922  -24.340  78.553 0.0000000000
137550  0.769  -24.430  79.660 0.0000000000
48715  0.387  -24.827  78.845 0.0000000000
47722  0.803  -25.392  78.433 0.0000000000
47732  1.227  -25.924  78.013 0.0000000000
140745  1.516  -25.693  78.742 0.0000000000
46772  2.059  -26.342  78.657 0.0000000000
47721  2.078  -25.810  79.409 0.0000000000
134948  1.953  -25.493  81.465 0.0000000000
60848  -42.927  -12.578  70.183 0.0000000000
57958  -35.407  -15.498  70.387 0.0000000000
58834  -35.955  -15.088  71.076 0.0000000000
57959  -36.117  -15.351  70.212 0.0000000000
58851  -37.433  -15.109  69.878 0.0000000000
120935  -38.249  -14.878  70.196 0.0000000000
120313  -38.115  -15.129  69.190 0.0000000000
58004  -36.584  -15.361  65.180 0.0000000000
57993  -37.303  -15.244  66.403 0.0000000000
58884  -39.062  -15.106  67.099 0.0000000000
58872  -38.270  -15.207  67.691 0.0000000000
58873  -39.012  -15.167  68.070 0.0000000000
58860  -38.910  -15.084  68.861 0.0000000000
58861  -39.624  -15.024  68.598 0.0000000000
58853  -40.130  -14.711  69.233 0.0000000000
58862  -40.417  -14.904  68.419 0.0000000000
120586  -41.440  -14.852  66.897 0.0000000000
58864  -42.343  -14.134  67.807 0.0000000000
120300  -42.185  -14.534  67.032 0.0000000000
58888  -42.748  -14.316  66.361 0.0000000000
124063  -40.725  -14.669  63.715 0.0000000000
142856  -41.752  -14.550  64.059 0.0000000000
58941  -41.437  -14.513  63.532 0.0000000000
58959  -41.303  -14.360  62.715 0.0000000000
123724  -38.184  -14.086  61.335 0.0000000000
59988  -38.869  -13.752  59.100 0.0000000000
59972  -39.796  -13.900  60.211 0.0000000000
59973  -40.660  -13.941  60.435 0.0000000000
122972  -40.280  -13.722  58.928 0.0000000000
60006  -39.611  -13.711  58.589 0.0000000000
60028  -38.507  -13.696  56.324 0.0000000000
60039  -38.644  -13.716  55.456 0.0000000000
58087  -34.546  -15.723  56.684 0.0000000000
59038  -35.170  -14.607  55.448 0.0000000000
59066  -35.676  -14.262  54.001 0.0000000000
59050  -36.252  -14.105  54.440 0.0000000000
59067  -36.408  -14.173  53.736 0.0000000000
128090  -38.038  -14.159  52.948 0.0000000000
47751  -17.733  -25.252  76.280 0.0000000000
48749  -17.978  -25.271  77.081 0.0000000000
122484  -22.104  -26.038  77.331 0.0000000000
122431  -22.149  -26.338  78.281 0.0000000000
134224  -22.712  -26.921  68.718 0.0000000000
46903  -22.222  -26.773  68.234 0.0000000000
46877  -22.117  -26.699  70.534 0.0000000000
126695  -24.028  -27.647  71.072 0.0000000000
46864  -23.281  -27.216  70.878 0.0000000000
45872  -24.234  -27.759  71.961 0.0000000000
48856  -26.573  -24.603  67.595 0.0000000000
47898  -25.931  -24.941  66.890 0.0000000000
48840  -27.732  -24.904  69.340 0.0000000000
48847  -27.465  -24.475  68.775 0.0000000000
46891  -26.404  -26.997  69.342 0.0000000000
131777  -26.368  -27.431  69.833 0.0000000000
45912  -25.778  -27.568  69.680 0.0000000000
45895  -26.369  -27.759  70.358 0.0000000000
44739  -26.832  -28.666  72.413 0.0000000000
44759  -26.267  -28.438  71.840 0.0000000000
44738  -25.974  -28.571  72.683 0.0000000000
45854  -25.141  -28.200  73.210 0.0000000000
43690  -28.114  -29.148  73.679 0.0000000000
43671  -27.770  -29.379  74.539 0.0000000000
44742  -29.132  -28.506  72.784 0.0000000000
44720  -29.944  -28.498  73.432 0.0000000000
52900  -29.877  -20.798  72.329 0.0000000000
50766  -6.959  -23.542  72.731 0.0000000000
122170  -7.629  -23.415  73.001 0.0000000000
51854  -11.858  -23.373  71.932 0.0000000000
50786  -11.756  -23.326  71.187 0.0000000000
51853  -11.283  -23.348  71.962 0.0000000000
136830  -10.166  -23.355  72.798 0.0000000000
50768  -10.524  -23.327  72.021 0.0000000000
50783  -8.723  -23.327  71.779 0.0000000000
51814  -9.549  -22.710  74.791 0.0000000000
137960  -9.094  -23.200  73.990 0.0000000000
51827  -9.082  -22.880  74.599 0.0000000000
50735  -8.533  -23.129  74.328 0.0000000000
51796  -8.652  -22.276  75.654 0.0000000000
51779  -9.305  -22.110  76.112 0.0000000000
51763  -13.100  -22.402  78.338 0.0000000000
50693  -12.552  -22.236  77.712 0.0000000000
61916  -45.672  -10.850  67.836 0.0000000000
60087  -40.410  -13.545  51.608 0.0000000000
60075  -40.501  -13.641  52.438 0.0000000000
60076  -41.171  -13.345  52.850 0.0000000000
61036  -42.966  -12.205  53.714 0.0000000000
132083  -42.470  -12.616  54.125 0.0000000000
61024  -42.974  -12.195  54.617 0.0000000000
61014  -43.025  -11.992  55.445 0.0000000000
62041  -43.587  -11.690  54.972 0.0000000000
124341  -44.096  -10.300  52.195 0.0000000000
63061  -43.756  -11.019  52.590 0.0000000000
63031  -45.243  -10.266  55.399 0.0000000000
63041  -44.696  -10.751  54.914 0.0000000000
63023  -45.216  -10.262  56.350 0.0000000000
63014  -45.219  -10.251  57.278 0.0000000000
63006  -45.295  -10.287  58.182 0.0000000000
64001  -45.771  -9.805  57.714 0.0000000000
65037  -47.162  -8.621  58.512 0.0000000000
137467  -46.781  -9.047  58.535 0.0000000000
65030  -47.850  -8.361  59.885 0.0000000000
123953  -47.173  -7.830  50.156 0.0000000000
66127  -48.210  -7.025  52.503 0.0000000000
66126  -47.593  -7.416  52.063 0.0000000000
66114  -47.515  -7.537  52.919 0.0000000000
66100  -47.574  -7.714  53.773 0.0000000000
66101  -48.176  -7.246  54.050 0.0000000000
67181  -53.202  -6.385  42.718 0.0000000000
68121  -53.411  -5.638  42.131 0.0000000000
68141  -53.520  -4.791  41.461 0.0000000000
68142  -54.638  -4.889  41.342 0.0000000000
69112  -53.785  -3.851  40.794 0.0000000000
68167  -52.425  -5.735  39.357 0.0000000000
69131  -54.169  -3.631  39.687 0.0000000000
135091  -53.657  -3.783  40.194 0.0000000000
136218  -54.300  -3.260  40.398 0.0000000000
70135  -54.671  -2.898  39.994 0.0000000000
122451  -55.569  -2.796  39.840 0.0000000000
70144  -55.326  -3.033  39.287 0.0000000000
70164  -55.911  -2.971  38.471 0.0000000000
71131  -55.975  -3.060  38.461 0.0000000000
71143  -56.879  -2.679  37.929 0.0000000000
71133  -57.487  -2.695  38.517 0.0000000000
71151  -57.014  -2.553  37.610 0.0000000000
68216  -53.766  -5.639  35.738 0.0000000000
68206  -55.575  -5.264  36.419 0.0000000000
70183  -58.334  -3.166  35.568 0.0000000000
70182  -57.558  -3.295  36.210 0.0000000000
70173  -57.978  -2.553  36.524 0.0000000000
71158  -58.217  -2.411  36.897 0.0000000000
71159  -58.840  -2.452  36.807 0.0000000000
66289  -58.133  -6.929  34.910 0.0000000000
67247  -58.985  -6.056  34.466 0.0000000000
66290  -59.242  -7.158  34.609 0.0000000000
56202  -29.349  -17.138  63.797 0.0000000000
57161  -26.378  -15.942  63.667 0.0000000000
57150  -27.385  -16.246  64.526 0.0000000000
133132  -27.708  -16.557  65.045 0.0000000000
57151  -28.169  -16.418  64.598 0.0000000000
60030  -40.490  -13.218  56.399 0.0000000000
60031  -40.952  -12.987  57.024 0.0000000000
60042  -41.111  -12.948  55.762 0.0000000000
65199  -53.388  -8.457  45.530 0.0000000000
65187  -54.404  -8.200  46.196 0.0000000000
66177  -55.314  -7.492  47.095 0.0000000000
67139  -56.568  -6.430  46.411 0.0000000000
127868  -57.066  -5.621  45.900 0.0000000000
67147  -56.698  -6.152  45.079 0.0000000000
67153  -56.200  -6.621  44.230 0.0000000000
67164  -55.744  -6.666  43.233 0.0000000000
49735  -5.517  -23.393  74.323 0.0000000000
57180  -35.075  -16.089  61.994 0.0000000000
58020  -35.701  -15.682  63.130 0.0000000000
58038  -36.267  -15.209  61.754 0.0000000000
58047  -36.142  -15.153  60.894 0.0000000000
58066  -35.413  -15.353  58.496 0.0000000000
49690  -16.060  -24.231  78.557 0.0000000000
46814  -23.599  -26.328  75.165 0.0000000000
45791  -25.327  -27.991  77.426 0.0000000000
44681  -26.016  -28.427  75.501 0.0000000000
49779  -29.490  -23.526  70.874 0.0000000000
49792  -29.275  -23.455  69.918 0.0000000000
48816  -29.359  -24.317  72.244 0.0000000000
48805  -29.484  -24.508  72.765 0.0000000000
121165  -29.443  -24.962  72.723 0.0000000000
48793  -29.750  -24.494  73.444 0.0000000000
49724  -14.531  -23.577  75.220 0.0000000000
50706  -13.981  -23.236  76.450 0.0000000000
143894  -14.499  -23.511  76.824 0.0000000000
64110  -43.959  -9.036  49.572 0.0000000000
64104  -44.270  -9.100  50.517 0.0000000000
135351  -44.637  -8.671  50.049 0.0000000000
65127  -45.673  -8.239  50.606 0.0000000000
57087  -32.335  -16.411  69.407 0.0000000000
57098  -32.637  -16.720  68.364 0.0000000000
56204  -31.540  -18.103  63.678 0.0000000000
56206  -33.040  -17.536  63.108 0.0000000000
48791  -15.994  -24.362  73.171 0.0000000000
48780  -16.509  -24.707  73.603 0.0000000000
130778  -16.513  -24.700  72.807 0.0000000000
47817  -17.837  -25.451  72.787 0.0000000000
47833  -19.102  -25.821  71.686 0.0000000000
141768  -19.354  -25.835  71.019 0.0000000000
47821  -20.969  -25.950  72.609 0.0000000000
55138  -26.348  -18.119  65.734 0.0000000000
54065  -26.561  -18.980  65.861 0.0000000000
54051  -27.258  -19.420  66.881 0.0000000000
127355  -28.391  -20.693  67.753 0.0000000000
139429  -28.598  -20.058  68.800 0.0000000000
53976  -29.129  -19.815  69.937 0.0000000000
52931  -28.671  -19.409  69.235 0.0000000000
55090  -28.462  -17.950  68.726 0.0000000000
120281  -29.084  -17.252  68.207 0.0000000000
49765  -14.710  -23.690  71.346 0.0000000000
59933  -42.864  -14.076  64.001 0.0000000000
124584  -43.590  -13.764  64.207 0.0000000000
128544  -43.390  -13.781  63.512 0.0000000000
59934  -44.082  -13.370  63.512 0.0000000000
59945  -44.208  -12.928  62.627 0.0000000000
60961  -43.876  -12.044  60.294 0.0000000000
60974  -43.866  -11.690  59.571 0.0000000000
61992  -45.050  -11.231  60.489 0.0000000000
61993  -45.609  -10.928  60.859 0.0000000000
142875  -45.430  -10.812  60.254 0.0000000000
62995  -45.676  -10.474  59.844 0.0000000000
62996  -46.089  -10.023  59.416 0.0000000000
136764  -48.576  -9.232  47.705 0.0000000000
65153  -48.647  -8.762  48.368 0.0000000000
65166  -49.271  -9.047  47.827 0.0000000000
65140  -50.227  -8.238  48.728 0.0000000000
68059  -54.026  -5.899  50.182 0.0000000000
67100  -53.073  -6.245  50.208 0.0000000000
68050  -53.621  -5.479  50.810 0.0000000000
70137  -58.087  -2.592  40.267 0.0000000000
64149  -41.372  -9.639  47.458 0.0000000000
64200  -44.700  -9.580  44.721 0.0000000000
143812  -45.910  -9.913  45.321 0.0000000000
64201  -45.602  -9.558  44.705 0.0000000000
65207  -46.098  -8.992  44.111 0.0000000000
66236  -47.613  -7.082  42.681 0.0000000000
65226  -50.190  -8.133  43.977 0.0000000000
139319  -49.465  -7.381  43.139 0.0000000000
66238  -49.561  -6.657  42.617 0.0000000000
68117  -49.805  -6.049  41.996 0.0000000000
122774  -1.464  -25.459  74.456 0.0000000000
47759  -0.999  -25.607  75.429 0.0000000000
51736  -6.285  -21.577  79.200 0.0000000000
51735  -5.509  -21.728  79.438 0.0000000000
51734  -4.701  -21.873  79.635 0.0000000000
51733  -3.900  -22.051  79.815 0.0000000000
51719  -2.543  -21.542  81.670 0.0000000000
50650  -1.102  -22.182  81.510 0.0000000000
50675  -0.995  -23.095  80.182 0.0000000000
49668  -0.576  -23.661  79.744 0.0000000000
49656  -0.105  -23.274  80.505 0.0000000000
48704  0.304  -23.839  80.030 0.0000000000
48693  1.054  -24.077  80.404 0.0000000000
48703  1.590  -24.637  80.314 0.0000000000
48692  1.502  -24.179  81.250 0.0000000000
48685  1.678  -24.821  81.830 0.0000000000
129165  -35.565  -15.860  68.449 0.0000000000
140937  -35.755  -15.677  69.508 0.0000000000
57974  -36.453  -15.607  68.770 0.0000000000
126910  -37.038  -15.478  68.260 0.0000000000
58901  -38.076  -15.002  65.767 0.0000000000
138170  -38.730  -14.996  66.265 0.0000000000
58885  -40.054  -15.112  66.918 0.0000000000
120775  -40.379  -15.002  66.147 0.0000000000
120684  -40.786  -14.915  65.397 0.0000000000
58904  -41.642  -14.766  65.365 0.0000000000
139969  -37.538  -13.879  59.301 0.0000000000
59002  -38.155  -13.803  59.602 0.0000000000
59987  -38.025  -13.738  58.766 0.0000000000
60005  -38.791  -13.707  58.291 0.0000000000
60017  -38.599  -13.684  57.575 0.0000000000
142660  -38.316  -13.703  57.006 0.0000000000
47753  -19.382  -25.728  76.811 0.0000000000
47742  -20.548  -26.096  78.057 0.0000000000
129203  -23.695  -26.887  78.310 0.0000000000
46779  -23.009  -26.594  78.410 0.0000000000
46920  -22.947  -26.715  67.042 0.0000000000
46889  -23.309  -27.122  69.238 0.0000000000
46878  -23.097  -27.059  70.127 0.0000000000
45909  -23.817  -27.366  69.647 0.0000000000
45893  -24.653  -27.781  70.399 0.0000000000
49810  -26.520  -23.666  66.015 0.0000000000
48867  -26.490  -24.210  66.823 0.0000000000
46880  -28.269  -25.804  70.777 0.0000000000
47850  -27.867  -25.673  70.191 0.0000000000
136103  -27.679  -26.608  70.405 0.0000000000
45896  -27.225  -27.522  70.607 0.0000000000
44760  -27.142  -28.406  71.755 0.0000000000
44718  -27.527  -28.835  72.917 0.0000000000
51831  -11.798  -23.352  73.439 0.0000000000
51830  -11.213  -23.365  73.381 0.0000000000
51841  -10.164  -23.285  73.582 0.0000000000
50751  -9.483  -23.317  73.249 0.0000000000
120794  -10.114  -22.959  74.388 0.0000000000
120795  -10.044  -22.549  75.031 0.0000000000
51797  -9.417  -22.407  75.371 0.0000000000
50680  -14.598  -22.968  80.142 0.0000000000
50679  -13.779  -22.515  79.833 0.0000000000
61055  -40.982  -13.114  51.154 0.0000000000
122389  -41.621  -12.983  52.418 0.0000000000
61057  -41.720  -12.727  51.632 0.0000000000
62061  -42.854  -12.134  52.927 0.0000000000
63051  -45.045  -9.961  53.555 0.0000000000
64030  -45.743  -9.773  55.885 0.0000000000
64031  -46.249  -9.305  56.338 0.0000000000
65036  -46.847  -8.786  57.774 0.0000000000
132494  -47.440  -8.148  58.043 0.0000000000
66138  -48.680  -7.108  51.355 0.0000000000
66137  -47.841  -7.362  51.207 0.0000000000
67089  -48.653  -6.846  51.916 0.0000000000
67069  -48.630  -6.689  53.295 0.0000000000
68139  -52.040  -5.229  41.733 0.0000000000
131156  -52.418  -4.908  41.243 0.0000000000
136741  -52.820  -4.591  40.857 0.0000000000
138291  -53.937  -5.429  38.673 0.0000000000
69142  -55.112  -3.697  38.841 0.0000000000
69151  -55.937  -4.070  37.801 0.0000000000
67243  -53.807  -6.360  34.783 0.0000000000
68230  -54.221  -5.908  35.389 0.0000000000
68218  -55.894  -5.392  35.650 0.0000000000
69173  -56.478  -4.784  36.185 0.0000000000
69174  -56.926  -4.883  35.563 0.0000000000
124884  -57.696  -4.071  35.486 0.0000000000
132051  -58.807  -3.573  34.921 0.0000000000
66291  -60.305  -7.239  34.431 0.0000000000
127194  -59.617  -8.295  34.648 0.0000000000
138258  -31.162  -17.147  66.649 0.0000000000
56203  -30.696  -17.912  63.928 0.0000000000
55166  -30.929  -18.189  63.051 0.0000000000
47847  -18.439  -25.597  70.258 0.0000000000
120537  -19.857  -25.928  69.806 0.0000000000
56200  -25.277  -16.966  63.619 0.0000000000
57148  -25.874  -16.511  64.103 0.0000000000
55152  -25.961  -17.831  65.103 0.0000000000
127049  -26.709  -17.731  66.070 0.0000000000
55123  -27.085  -17.710  66.707 0.0000000000
57106  -28.097  -17.283  66.947 0.0000000000
121749  -28.750  -17.043  66.986 0.0000000000
57123  -29.588  -16.856  66.703 0.0000000000
126296  -41.302  -13.748  59.854 0.0000000000
59975  -42.040  -13.596  60.223 0.0000000000
59991  -41.829  -13.313  59.390 0.0000000000
141600  -42.225  -12.793  59.013 0.0000000000
60986  -42.278  -12.495  58.332 0.0000000000
120488  -42.798  -12.339  58.928 0.0000000000
132440  -42.847  -11.987  58.076 0.0000000000
62014  -43.464  -11.509  57.724 0.0000000000
65184  -51.308  -8.960  46.845 0.0000000000
143490  -51.251  -8.622  47.534 0.0000000000
65168  -51.908  -8.595  47.279 0.0000000000
66158  -53.295  -7.275  48.807 0.0000000000
66175  -53.836  -7.956  47.547 0.0000000000
66164  -54.003  -7.411  48.296 0.0000000000
67115  -53.859  -6.920  49.131 0.0000000000
67110  -54.394  -6.323  49.534 0.0000000000
68060  -54.941  -5.581  49.996 0.0000000000
68096  -57.196  -5.327  45.137 0.0000000000
68125  -57.353  -4.404  42.738 0.0000000000
68124  -56.454  -5.107  42.051 0.0000000000
142495  -5.118  -24.111  72.706 0.0000000000
49753  -3.872  -24.234  73.041 0.0000000000
48774  -3.497  -24.141  74.420 0.0000000000
48757  -3.160  -24.189  75.058 0.0000000000
57142  -35.205  -15.958  65.240 0.0000000000
58003  -35.916  -15.598  65.285 0.0000000000
58021  -36.334  -15.366  63.577 0.0000000000
58014  -37.046  -15.146  64.646 0.0000000000
58937  -37.475  -14.925  63.960 0.0000000000
58938  -38.345  -14.827  63.906 0.0000000000
58957  -38.924  -14.628  62.971 0.0000000000
58985  -37.439  -14.219  60.848 0.0000000000
59000  -36.731  -14.549  60.263 0.0000000000
59001  -37.452  -13.994  59.998 0.0000000000
59031  -36.353  -14.189  56.758 0.0000000000
121360  -21.247  -25.734  76.011 0.0000000000
47757  -23.473  -26.397  76.698 0.0000000000
121994  -23.730  -26.570  66.779 0.0000000000
46921  -24.417  -26.592  67.393 0.0000000000
49796  -27.591  -23.783  68.085 0.0000000000
48841  -28.046  -24.283  69.458 0.0000000000
48815  -28.815  -24.748  70.788 0.0000000000
47851  -28.460  -25.266  70.578 0.0000000000
135295  -28.645  -25.870  71.251 0.0000000000
45855  -28.912  -27.781  72.016 0.0000000000
50787  -12.347  -23.389  71.408 0.0000000000
50769  -12.243  -23.384  72.466 0.0000000000
51817  -11.897  -22.663  75.395 0.0000000000
51800  -11.949  -22.350  76.257 0.0000000000
50694  -13.220  -22.689  77.531 0.0000000000
120131  -13.738  -22.886  78.231 0.0000000000
50687  -14.167  -22.970  79.077 0.0000000000
62105  -42.308  -10.880  49.835 0.0000000000
62095  -42.547  -11.275  50.652 0.0000000000
62096  -43.170  -10.904  51.196 0.0000000000
64097  -44.455  -9.315  51.276 0.0000000000
64086  -44.583  -9.630  52.122 0.0000000000
63063  -44.948  -9.652  52.835 0.0000000000
64074  -45.439  -9.356  53.178 0.0000000000
64075  -45.969  -9.023  53.531 0.0000000000
65092  -46.535  -8.675  53.893 0.0000000000
68176  -50.284  -5.670  38.823 0.0000000000
120862  -50.978  -5.655  38.215 0.0000000000
69150  -50.975  -5.073  37.331 0.0000000000
67258  -53.729  -6.892  34.031 0.0000000000
67245  -56.600  -5.984  35.054 0.0000000000
130754  -57.025  -6.947  35.144 0.0000000000
139084  -57.461  -7.755  35.119 0.0000000000
51776  -7.144  -22.386  75.813 0.0000000000
51757  -6.979  -22.027  76.617 0.0000000000
122847  -6.838  -21.865  77.530 0.0000000000
52810  -6.705  -21.197  79.690 0.0000000000
57957  -34.576  -15.656  70.489 0.0000000000
141509  -34.329  -15.927  69.793 0.0000000000
57089  -34.129  -16.231  68.983 0.0000000000
57965  -34.932  -15.934  69.198 0.0000000000
57973  -34.792  -16.119  68.517 0.0000000000
57124  -31.789  -17.152  66.910 0.0000000000
57125  -32.443  -17.228  66.730 0.0000000000
57126  -33.226  -17.103  66.415 0.0000000000
56173  -32.345  -17.766  65.153 0.0000000000
123075  -34.025  -16.779  65.909 0.0000000000
138674  -34.770  -16.285  65.782 0.0000000000
138273  -34.721  -16.313  63.049 0.0000000000
57165  -33.767  -16.975  62.844 0.0000000000
57179  -34.485  -16.470  62.542 0.0000000000
57191  -34.453  -16.480  61.697 0.0000000000
129101  -34.370  -16.502  60.904 0.0000000000
48747  -16.500  -24.671  76.394 0.0000000000
48765  -17.097  -25.024  75.783 0.0000000000
47765  -17.919  -25.383  75.553 0.0000000000
48781  -17.155  -25.098  74.201 0.0000000000
125580  -17.390  -25.174  75.020 0.0000000000
47766  -18.787  -25.709  75.306 0.0000000000
48814  -17.057  -25.061  71.509 0.0000000000
123005  -18.638  -25.778  73.204 0.0000000000
122195  -19.118  -25.866  73.914 0.0000000000
121181  -20.122  -25.792  74.716 0.0000000000
47768  -20.790  -25.754  75.232 0.0000000000
47822  -21.725  -25.969  73.035 0.0000000000
139118  -22.860  -25.957  74.260 0.0000000000
46813  -23.317  -26.309  74.387 0.0000000000
51953  -26.117  -21.519  63.235 0.0000000000
50885  -26.789  -22.475  64.841 0.0000000000
52991  -26.446  -20.520  64.608 0.0000000000
52980  -26.463  -19.822  65.299 0.0000000000
52981  -26.977  -20.731  65.399 0.0000000000
140827  -27.489  -21.754  65.892 0.0000000000
50873  -27.887  -22.628  66.968 0.0000000000
50863  -28.510  -22.606  67.748 0.0000000000
51903  -29.275  -21.781  68.416 0.0000000000
50852  -29.699  -22.213  69.125 0.0000000000
50832  -29.791  -22.712  69.953 0.0000000000
50810  -30.057  -22.287  70.919 0.0000000000
51860  -30.091  -22.261  71.858 0.0000000000
53960  -29.617  -19.658  71.290 0.0000000000
53947  -29.733  -19.718  72.198 0.0000000000
55040  -29.744  -18.151  71.605 0.0000000000
56089  -29.900  -17.929  72.386 0.0000000000
56133  -29.077  -17.704  69.143 0.0000000000
56119  -29.269  -17.833  69.894 0.0000000000
56106  -29.987  -17.524  71.562 0.0000000000
57068  -30.411  -16.929  71.879 0.0000000000
57078  -31.205  -16.287  70.509 0.0000000000
57944  -31.747  -15.768  71.713 0.0000000000
50788  -12.958  -23.411  71.366 0.0000000000
50771  -13.676  -23.441  72.588 0.0000000000
49757  -14.146  -23.526  72.099 0.0000000000
49746  -14.434  -23.588  72.941 0.0000000000
49737  -15.212  -23.977  74.732 0.0000000000
59878  -43.854  -12.955  67.211 0.0000000000
135845  -44.290  -13.283  65.128 0.0000000000
60896  -45.269  -11.825  66.228 0.0000000000
61942  -45.676  -11.573  65.585 0.0000000000
59961  -43.700  -12.993  61.880 0.0000000000
60940  -44.890  -12.249  62.601 0.0000000000
61953  -46.298  -11.103  64.437 0.0000000000
62969  -47.118  -10.124  62.425 0.0000000000
64127  -46.055  -8.975  48.474 0.0000000000
65137  -47.374  -8.189  49.335 0.0000000000
66153  -48.106  -7.831  49.819 0.0000000000
65138  -48.703  -8.224  49.169 0.0000000000
66154  -49.049  -7.689  49.885 0.0000000000
66145  -48.610  -7.392  50.585 0.0000000000
66139  -49.272  -7.102  51.053 0.0000000000
67097  -50.014  -6.763  51.057 0.0000000000
139935  -51.180  -7.528  49.302 0.0000000000
67099  -52.137  -6.378  50.510 0.0000000000
67098  -51.112  -6.531  50.807 0.0000000000
45761  1.947  -27.405  77.271 0.0000000000
59088  -39.198  -14.046  52.123 0.0000000000
59105  -39.581  -13.828  51.324 0.0000000000
60102  -40.218  -13.349  50.820 0.0000000000
61070  -40.703  -12.774  50.394 0.0000000000
61086  -41.090  -12.084  49.910 0.0000000000
62118  -40.335  -11.209  48.749 0.0000000000
62104  -41.543  -11.290  49.538 0.0000000000
63090  -42.666  -9.989  49.448 0.0000000000
129254  -43.132  -9.441  49.062 0.0000000000
64124  -43.588  -9.258  48.709 0.0000000000
64153  -44.754  -9.372  48.078 0.0000000000
121983  -44.487  -9.892  47.297 0.0000000000
135126  -45.570  -9.433  47.816 0.0000000000
64154  -46.423  -9.404  47.718 0.0000000000
124616  -46.631  -9.721  47.095 0.0000000000
64191  -46.496  -9.987  45.765 0.0000000000
64180  -47.149  -9.816  46.480 0.0000000000
64156  -48.060  -9.511  47.046 0.0000000000
64182  -49.323  -9.499  46.371 0.0000000000
129539  -49.983  -9.380  46.278 0.0000000000
65222  -46.580  -8.421  43.527 0.0000000000
65208  -47.022  -9.004  44.110 0.0000000000
65223  -47.459  -8.397  43.567 0.0000000000
65209  -47.913  -8.919  44.098 0.0000000000
64204  -48.394  -9.298  44.726 0.0000000000
64194  -49.660  -9.399  45.594 0.0000000000
64183  -50.590  -9.212  46.549 0.0000000000
64184  -51.224  -9.132  45.966 0.0000000000
65197  -51.793  -8.855  45.356 0.0000000000
65198  -52.609  -8.653  45.512 0.0000000000
65214  -52.286  -8.448  44.773 0.0000000000
141016  -52.979  -8.410  44.954 0.0000000000
65215  -53.624  -8.224  44.805 0.0000000000
124728  -53.788  -7.864  44.149 0.0000000000
145040  -53.887  -7.596  43.728 0.0000000000
66225  -54.496  -7.648  43.833 0.0000000000
68119  -51.773  -5.802  42.270 0.0000000000
142092  -51.107  -5.979  42.224 0.0000000000
127437  -51.304  -5.505  41.751 0.0000000000
68154  -50.835  -5.382  40.931 0.0000000000
68164  -49.676  -5.504  39.485 0.0000000000
68174  -49.083  -5.310  39.130 0.0000000000
68175  -49.548  -5.298  38.527 0.0000000000
50715  -5.782  -22.828  75.830 0.0000000000
50714  -4.972  -23.075  75.821 0.0000000000
50685  -5.306  -22.286  78.090 0.0000000000
50701  -4.652  -23.011  76.710 0.0000000000
138649  -4.389  -23.518  75.429 0.0000000000
49708  -4.217  -23.390  76.130 0.0000000000
122993  -3.631  -23.705  76.315 0.0000000000
49720  -2.943  -24.130  75.991 0.0000000000
51725  -2.827  -21.972  80.837 0.0000000000
51732  -3.155  -22.319  80.094 0.0000000000
50678  -3.478  -22.642  79.329 0.0000000000
49682  -3.126  -23.340  78.209 0.0000000000
49693  -2.824  -23.747  77.673 0.0000000000
48729  -2.350  -24.230  76.916 0.0000000000
48740  -1.704  -24.770  76.659 0.0000000000
47746  -1.398  -25.116  76.074 0.0000000000
123417  -0.338  -24.695  78.498 0.0000000000
47734  -0.312  -25.411  77.345 0.0000000000
46771  2.739  -26.972  79.213 0.0000000000
47712  2.064  -25.368  80.167 0.0000000000
47711  2.505  -26.149  80.142 0.0000000000
58823  -36.232  -14.721  72.089 0.0000000000
57982  -36.680  -15.486  66.907 0.0000000000
57975  -37.734  -15.309  68.333 0.0000000000
59858  -41.497  -13.655  69.681 0.0000000000
58875  -40.766  -14.971  67.540 0.0000000000
137502  -41.137  -14.702  68.279 0.0000000000
58863  -41.790  -14.074  68.622 0.0000000000
59865  -42.627  -13.507  68.543 0.0000000000
59876  -42.899  -13.647  67.858 0.0000000000
58924  -42.186  -14.501  64.550 0.0000000000
58960  -42.059  -14.258  62.933 0.0000000000
59943  -41.863  -14.132  62.148 0.0000000000
59959  -41.640  -14.034  61.405 0.0000000000
134996  -39.754  -14.437  62.501 0.0000000000
59956  -39.011  -13.935  60.817 0.0000000000
58972  -40.206  -14.203  61.869 0.0000000000
59958  -40.846  -14.095  61.227 0.0000000000
59974  -41.464  -13.920  60.661 0.0000000000
60007  -40.368  -13.536  58.206 0.0000000000
121613  -39.826  -13.465  56.846 0.0000000000
60040  -39.539  -13.614  54.973 0.0000000000
60062  -39.170  -13.915  53.612 0.0000000000
57211  -34.255  -16.516  59.299 0.0000000000
57220  -34.751  -15.976  58.793 0.0000000000
58080  -35.405  -15.216  57.679 0.0000000000
58088  -35.227  -15.150  56.873 0.0000000000
59030  -35.872  -14.620  57.193 0.0000000000
59040  -36.316  -14.152  55.921 0.0000000000
59049  -35.541  -14.298  54.775 0.0000000000
59041  -36.963  -13.942  55.531 0.0000000000
59051  -36.923  -13.966  54.766 0.0000000000
59052  -37.621  -13.957  54.247 0.0000000000
125020  -36.589  -14.286  52.954 0.0000000000
59068  -37.309  -14.123  53.457 0.0000000000
59069  -38.262  -14.009  53.606 0.0000000000
59070  -38.808  -14.068  52.889 0.0000000000
48736  -17.390  -24.999  77.696 0.0000000000
47740  -18.827  -25.551  77.458 0.0000000000
124300  -21.176  -25.846  77.029 0.0000000000
46886  -20.737  -26.194  69.681 0.0000000000
46876  -21.158  -26.304  70.379 0.0000000000
140832  -22.652  -26.877  71.259 0.0000000000
45852  -23.694  -27.273  72.786 0.0000000000
142460  -25.413  -24.828  65.155 0.0000000000
48866  -25.488  -25.033  65.854 0.0000000000
47897  -25.268  -25.596  66.601 0.0000000000
46906  -25.134  -26.656  68.149 0.0000000000
124209  -27.057  -24.340  68.093 0.0000000000
48846  -26.793  -24.909  68.329 0.0000000000
47864  -27.500  -25.474  69.573 0.0000000000
47873  -26.441  -25.628  68.472 0.0000000000
46907  -26.008  -26.459  68.619 0.0000000000
133383  -25.116  -27.734  69.854 0.0000000000
120842  -25.817  -28.141  71.146 0.0000000000
44698  -25.828  -28.456  74.531 0.0000000000
135693  -26.384  -28.792  74.775 0.0000000000
126750  -26.987  -29.117  74.617 0.0000000000
43691  -29.144  -29.042  73.759 0.0000000000
50748  -6.955  -23.378  73.486 0.0000000000
50782  -7.923  -23.426  71.466 0.0000000000
120582  -8.187  -23.389  72.385 0.0000000000
50734  -7.872  -22.964  74.760 0.0000000000
51795  -7.893  -22.462  75.427 0.0000000000
51778  -8.620  -21.872  76.644 0.0000000000
51748  -13.085  -22.191  79.223 0.0000000000
60064  -40.526  -13.637  53.322 0.0000000000
61034  -41.854  -12.869  54.450 0.0000000000
61044  -41.783  -12.921  53.120 0.0000000000
140582  -41.973  -12.866  53.771 0.0000000000
61023  -42.394  -12.547  54.887 0.0000000000
62024  -43.489  -11.495  56.791 0.0000000000
62025  -44.079  -11.096  57.285 0.0000000000
62087  -43.236  -11.293  51.961 0.0000000000
62074  -43.237  -11.632  52.576 0.0000000000
62062  -43.426  -11.674  53.224 0.0000000000
63050  -44.625  -10.643  53.962 0.0000000000
62053  -44.153  -11.258  54.459 0.0000000000
62042  -44.152  -11.229  55.403 0.0000000000
62033  -44.100  -11.137  56.349 0.0000000000
63013  -44.674  -10.676  57.755 0.0000000000
63972  -46.709  -9.590  59.837 0.0000000000
64002  -46.334  -9.392  58.140 0.0000000000
63988  -46.481  -9.486  58.966 0.0000000000
65136  -46.277  -8.124  49.836 0.0000000000
124835  -46.384  -7.953  50.873 0.0000000000
65118  -46.221  -8.131  51.671 0.0000000000
65119  -46.907  -7.770  51.606 0.0000000000
124395  -46.436  -8.127  52.190 0.0000000000
65093  -46.981  -8.093  53.398 0.0000000000
65076  -47.127  -8.290  54.312 0.0000000000
66081  -47.781  -7.802  55.602 0.0000000000
65066  -47.243  -8.372  55.239 0.0000000000
65053  -47.275  -8.301  56.193 0.0000000000
67163  -54.847  -7.080  43.111 0.0000000000
67183  -55.146  -6.371  42.507 0.0000000000
68122  -54.417  -5.701  41.976 0.0000000000
68144  -56.438  -4.451  41.467 0.0000000000
68166  -51.578  -5.657  39.856 0.0000000000
69130  -53.045  -4.612  40.133 0.0000000000
69121  -53.517  -4.027  40.568 0.0000000000
69113  -54.879  -4.032  40.809 0.0000000000
69114  -55.934  -4.084  40.825 0.0000000000
69115  -56.854  -3.661  41.152 0.0000000000
70128  -57.275  -3.002  40.630 0.0000000000
70145  -56.151  -2.771  39.168 0.0000000000
71126  -57.236  -2.653  39.199 0.0000000000
71127  -58.243  -2.650  39.230 0.0000000000
68190  -54.115  -5.602  37.205 0.0000000000
68191  -54.987  -5.377  37.270 0.0000000000
68192  -55.690  -5.008  37.376 0.0000000000
69161  -56.790  -3.818  36.882 0.0000000000
70172  -57.141  -2.730  36.848 0.0000000000
71152  -57.687  -2.490  37.423 0.0000000000
138557  -59.804  -5.476  34.301 0.0000000000
45731  2.771  -27.729  79.994 0.0000000000
46754  2.756  -26.941  80.022 0.0000000000
48717  -1.434  -24.363  78.047 0.0000000000
48727  0.018  -25.113  78.072 0.0000000000
49679  -0.962  -23.936  79.119 0.0000000000
49721  -3.725  -23.818  75.516 0.0000000000
50664  -1.500  -22.615  80.679 0.0000000000
50682  -2.949  -23.087  78.852 0.0000000000
50690  -4.900  -22.732  77.455 0.0000000000
50691  -5.591  -22.418  77.442 0.0000000000
50732  -6.139  -23.158  74.615 0.0000000000
50899  -26.955  -21.884  64.876 0.0000000000
58022  -36.826  -15.130  63.989 0.0000000000
58065  -34.946  -15.701  58.089 0.0000000000
58902  -38.987  -14.933  65.470 0.0000000000
59920  -43.763  -13.706  64.999 0.0000000000
59960  -42.380  -13.867  61.545 0.0000000000
60951  -44.343  -12.395  61.831 0.0000000000
60960  -43.279  -12.695  60.482 0.0000000000
60993  -41.785  -12.665  57.891 0.0000000000
61035  -42.412  -12.599  53.356 0.0000000000
61931  -45.914  -11.001  66.363 0.0000000000
61991  -44.430  -11.465  60.014 0.0000000000
62981  -45.839  -10.569  60.455 0.0000000000
63084  -44.009  -9.631  50.965 0.0000000000
64195  -50.436  -9.280  45.719 0.0000000000
65155  -51.615  -8.197  48.102 0.0000000000
65156  -52.448  -8.216  47.755 0.0000000000
65186  -53.795  -8.388  46.207 0.0000000000
65279  -55.672  -8.246  34.493 0.0000000000
66190  -54.816  -7.906  46.596 0.0000000000
66209  -54.365  -8.011  44.624 0.0000000000
67107  -51.685  -6.832  50.131 0.0000000000
67161  -52.883  -6.941  43.281 0.0000000000
67242  -53.101  -6.252  34.158 0.0000000000
68038  -50.703  -5.881  52.056 0.0000000000
68118  -50.571  -5.792  41.829 0.0000000000
69123  -56.256  -3.218  40.446 0.0000000000
70156  -56.309  -2.825  38.185 0.0000000000
70174  -58.707  -2.527  36.195 0.0000000000
120194  -48.006  -8.495  48.812 0.0000000000
120774  -41.189  -14.919  66.132 0.0000000000
128111  -46.256  -10.168  60.242 0.0000000000
128617  -39.457  -14.902  69.269 0.0000000000
128744  -26.947  -15.886  63.229 0.0000000000
130654  1.267  -24.406  82.298 0.0000000000
131796  -32.794  -17.697  63.879 0.0000000000
134226  -40.801  -14.516  63.163 0.0000000000
136446  -53.110  -8.196  47.489 0.0000000000
136464  -50.078  -7.013  43.013 0.0000000000
137635  -4.709  -21.160  80.952 0.0000000000
139176  -40.666  -12.022  49.586 0.0000000000
140592  -53.668  -6.440  49.711 0.0000000000
141432  -46.226  -9.306  54.891 0.0000000000
142621  -54.340  -7.626  47.750 0.0000000000
143895  -45.072  -9.658  47.540 0.0000000000
144435  -59.576  -4.795  34.352 0.0000000000
