#!ascii label  , from subject sub-v1s19x0051291_ses-1 vox2ras=TkReg
1530
3586  -21.811  -80.003  5.255 0.5000000000
3120  -20.927  -80.034  4.959 0.6000000238
4557  -27.158  -77.441  10.472 0.3000000119
3110  -20.060  -80.227  6.188 0.5000000000
5070  -26.514  -76.119  8.545 0.4000000060
5071  -27.097  -76.060  9.391 0.4000000060
5617  -27.745  -75.804  10.288 0.4000000060
139779  -27.292  -76.650  10.035 0.3000000119
5643  -26.987  -75.384  8.624 0.4000000060
5114  -22.522  -77.457  3.672 0.5000000000
4613  -22.722  -77.785  3.572 0.5000000000
4100  -22.505  -78.962  4.163 0.5000000000
5106  -22.254  -77.415  4.758 0.6000000238
4593  -21.822  -78.026  5.052 0.5000000000
137457  -20.935  -79.969  4.834 0.6000000238
4542  -27.415  -77.832  11.341 0.3000000119
4086  -20.721  -79.438  5.397 0.5000000000
5088  -26.237  -75.981  7.289 0.5000000000
141495  -25.679  -76.637  8.021 0.5000000000
127397  -27.735  -76.838  10.651 0.3000000119
4087  -21.100  -78.926  5.391 0.6000000238
3585  -20.556  -80.000  5.396 0.5000000000
5654  -26.650  -75.370  7.654 0.5000000000
6161  -27.649  -74.995  9.731 0.4000000060
6146  -28.008  -75.248  10.615 0.3000000119
5046  -28.229  -76.241  11.160 0.3000000119
6762  -26.954  -74.089  8.181 0.4000000060
6175  -27.254  -74.805  8.828 0.4000000060
121410  -27.709  -74.446  10.154 0.4000000060
132758  -24.033  -73.809  3.415 0.6999999881
6213  -23.681  -74.631  3.331 0.6999999881
5678  -23.482  -75.537  3.055 0.6999999881
4101  -23.335  -78.742  4.455 0.5000000000
6786  -24.189  -73.146  5.761 0.6999999881
6199  -23.917  -73.884  4.499 0.6999999881
5669  -23.034  -75.526  3.969 0.8000000119
5107  -22.609  -76.577  4.234 0.5000000000
5099  -22.569  -76.508  5.743 0.6999999881
4088  -23.833  -78.655  5.635 0.5000000000
122793  -23.398  -75.121  5.699 0.6999999881
4594  -24.624  -77.811  5.872 0.4000000060
4595  -25.245  -77.044  6.208 0.5000000000
4530  -28.076  -77.488  12.439 0.3000000119
5100  -25.610  -76.486  5.891 0.5000000000
5664  -26.425  -75.392  6.704 0.5000000000
140621  -28.344  -76.851  11.938 0.3000000119
5098  -21.933  -77.213  6.190 0.5000000000
6186  -26.671  -74.746  6.999 0.5000000000
7448  -26.733  -73.218  7.556 0.4000000060
6775  -26.762  -74.052  7.269 0.4000000060
127552  -27.430  -73.627  9.865 0.4000000060
6734  -27.656  -73.688  10.616 0.4000000060
6134  -28.050  -74.572  10.990 0.4000000060
121563  -26.877  -72.249  8.716 0.3000000119
7424  -26.845  -73.157  8.442 0.4000000060
139756  -23.486  -70.248  5.467 0.5000000000
8187  -23.841  -70.790  5.717 0.6000000238
8203  -24.657  -70.398  4.142 0.6000000238
7477  -24.542  -71.870  4.459 0.6000000238
6800  -24.317  -72.991  4.204 0.6000000238
8887  -22.154  -69.712  5.053 0.5000000000
8888  -22.879  -69.927  5.393 0.5000000000
8171  -24.200  -71.505  5.781 0.6000000238
7463  -24.354  -72.312  5.481 0.6999999881
4621  -22.920  -77.067  3.294 0.6000000238
5015  -26.278  -77.298  12.327 0.3000000119
8886  -20.909  -70.822  4.716 0.6999999881
135990  -21.622  -70.481  5.432 0.6000000238
140883  -21.817  -70.935  6.378 0.6000000238
8873  -23.135  -70.601  6.004 0.6000000238
8170  -23.522  -71.286  6.405 0.6999999881
6785  -23.800  -73.204  6.952 0.6999999881
5124  -24.724  -75.688  3.397 0.6000000238
5116  -24.329  -76.860  3.576 0.6000000238
141144  -24.073  -78.310  4.899 0.5000000000
8905  -20.679  -70.457  3.419 0.6999999881
8186  -21.098  -71.162  5.832 0.6000000238
8168  -21.297  -71.466  6.714 0.6000000238
8169  -22.671  -71.062  6.562 0.6000000238
7447  -23.234  -72.527  7.374 0.6999999881
6184  -23.016  -74.120  7.824 0.6999999881
4606  -25.161  -77.124  5.338 0.5000000000
4529  -27.479  -77.855  12.266 0.3000000119
8202  -20.297  -71.536  3.657 0.6999999881
8184  -19.925  -72.095  4.475 0.6000000238
7476  -20.042  -72.038  5.732 0.6999999881
129132  -21.931  -72.171  7.746 0.6000000238
7423  -21.751  -72.756  8.335 0.6000000238
5086  -22.366  -76.167  7.037 0.6999999881
5679  -25.515  -75.675  4.263 0.5000000000
130663  -26.269  -74.828  5.538 0.5000000000
7461  -20.229  -72.093  6.771 0.6000000238
7445  -21.279  -72.294  7.960 0.6000000238
6174  -22.339  -74.222  8.392 0.6000000238
5652  -21.888  -75.726  8.002 0.6000000238
5085  -21.550  -76.540  7.368 0.6000000238
6214  -26.447  -74.332  5.674 0.5000000000
5607  -28.542  -76.158  11.933 0.3000000119
7459  -18.669  -72.489  6.146 0.6999999881
127535  -18.792  -72.357  7.258 0.6000000238
7444  -20.582  -72.195  7.666 0.6000000238
7422  -20.751  -72.615  8.486 0.6000000238
6759  -21.207  -73.258  8.844 0.5000000000
6173  -21.527  -74.230  8.843 0.5000000000
5084  -20.729  -76.715  7.533 0.5000000000
4579  -21.179  -77.330  6.790 0.5000000000
6774  -26.647  -73.996  6.328 0.5000000000
8842  -27.575  -70.535  9.081 0.3000000119
8144  -27.059  -71.694  9.515 0.3000000119
7386  -27.278  -72.736  10.174 0.4000000060
7377  -27.521  -72.689  11.077 0.4000000060
5083  -19.988  -76.869  7.374 0.5000000000
122771  -27.442  -71.068  7.550 0.3000000119
8147  -27.147  -71.318  8.471 0.3000000119
7402  -27.068  -72.940  9.313 0.4000000060
10377  -23.101  -67.978  3.631 0.5000000000
9627  -22.748  -69.002  4.442 0.5000000000
10378  -23.961  -67.935  3.575 0.5000000000
9646  -24.624  -68.772  3.676 0.5000000000
10388  -21.571  -67.573  3.251 0.5000000000
9656  -21.297  -68.459  3.278 0.5000000000
9644  -21.957  -68.935  4.187 0.5000000000
9645  -23.701  -68.727  4.054 0.5000000000
8907  -24.305  -69.498  4.279 0.5000000000
8217  -24.978  -71.225  3.367 0.6000000238
134041  -24.931  -71.943  3.319 0.6000000238
7505  -24.801  -72.642  3.369 0.6000000238
6243  -24.204  -74.533  3.038 0.8000000119
5590  -25.749  -76.157  12.029 0.3000000119
139993  -20.385  -70.312  2.462 0.6000000238
8906  -21.404  -69.707  4.198 0.6000000238
7494  -26.210  -72.246  4.152 0.4000000060
5591  -26.392  -76.537  12.681 0.3000000119
7491  -19.907  -72.241  3.260 0.6999999881
6227  -25.145  -74.284  3.500 0.5000000000
5687  -24.077  -75.224  2.880 0.6000000238
4511  -27.391  -77.574  12.834 0.3000000119
4512  -27.794  -77.639  12.944 0.3000000119
142419  -18.884  -72.939  3.526 0.6999999881
7478  -26.679  -72.684  5.109 0.4000000060
4513  -28.091  -77.483  12.992 0.3000000119
120600  -19.427  -72.563  3.937 0.6000000238
7475  -19.406  -72.417  5.281 0.6999999881
6801  -26.528  -73.609  5.406 0.4000000060
5618  -28.365  -75.387  11.411 0.3000000119
7474  -17.578  -72.800  5.225 0.6000000238
125888  -17.950  -72.600  5.908 0.6999999881
124460  -19.682  -72.301  7.474 0.6000000238
135793  -19.999  -72.726  8.857 0.5000000000
6160  -20.074  -73.621  9.348 0.5000000000
5069  -21.058  -76.083  8.211 0.6000000238
7479  -27.021  -71.993  5.611 0.4000000060
7464  -26.764  -72.965  5.952 0.4000000060
9589  -29.726  -69.461  8.220 0.3000000119
8850  -28.572  -69.880  8.656 0.3000000119
9564  -30.087  -69.406  9.794 0.3000000119
8843  -28.358  -69.956  9.557 0.3000000119
8837  -27.639  -70.780  10.929 0.4000000060
6722  -28.346  -74.649  11.777 0.3000000119
7442  -18.113  -72.370  8.122 0.6000000238
7401  -18.753  -72.839  9.274 0.5000000000
6158  -18.691  -74.044  9.611 0.5000000000
6171  -20.074  -74.578  9.280 0.5000000000
143583  -19.496  -76.172  8.315 0.5000000000
133253  -19.373  -76.517  7.821 0.6000000238
5097  -19.129  -77.007  7.030 0.5000000000
8159  -27.249  -71.633  6.874 0.3000000119
140990  -28.134  -70.381  7.405 0.3000000119
7420  -18.443  -72.537  8.931 0.5000000000
5627  -18.282  -74.874  9.435 0.5000000000
5066  -18.216  -76.158  8.380 0.5000000000
127690  -17.407  -76.208  8.489 0.5000000000
11851  -22.219  -66.565  4.830 0.5000000000
11864  -22.442  -66.760  3.485 0.5000000000
10390  -24.155  -67.528  3.636 0.5000000000
11156  -25.384  -67.694  4.216 0.5000000000
10379  -25.026  -67.820  3.662 0.5000000000
10392  -25.530  -68.581  3.561 0.5000000000
9655  -20.494  -68.612  2.828 0.5000000000
10389  -22.535  -67.312  3.341 0.5000000000
8924  -26.896  -69.348  3.789 0.4000000060
8923  -26.347  -70.048  3.532 0.4000000060
6133  -25.327  -75.173  11.789 0.3000000119
6115  -25.865  -75.275  12.490 0.3000000119
9654  -19.876  -69.106  2.397 0.6000000238
8908  -26.563  -70.721  3.798 0.4000000060
8219  -25.882  -71.440  3.608 0.4000000060
8933  -19.885  -71.326  1.537 0.6000000238
8229  -20.126  -71.611  1.779 0.6000000238
142915  -26.888  -76.888  13.268 0.3000000119
5000  -27.363  -77.239  13.392 0.3000000119
129594  -18.603  -73.249  2.611 0.6000000238
8189  -26.877  -71.895  4.886 0.4000000060
6814  -17.853  -73.549  2.847 0.6000000238
8891  -28.297  -70.325  5.380 0.4000000060
8172  -27.727  -71.192  6.002 0.4000000060
5017  -28.442  -76.871  12.620 0.3000000119
7490  -18.001  -73.187  3.960 0.6999999881
8860  -27.961  -70.697  6.760 0.3000000119
8861  -28.802  -69.908  6.895 0.3000000119
11853  -23.282  -66.642  3.984 0.5000000000
11154  -23.547  -66.962  3.666 0.5000000000
11142  -24.696  -67.316  4.443 0.5000000000
10362  -26.081  -67.838  4.842 0.4000000060
11153  -21.340  -66.856  3.800 0.5000000000
11157  -26.489  -68.013  4.425 0.4000000060
128700  -26.768  -68.333  4.144 0.4000000060
11139  -20.731  -67.001  4.550 0.6000000238
143392  -28.044  -68.541  4.479 0.4000000060
8909  -27.202  -70.041  3.998 0.4000000060
5582  -27.022  -76.594  13.979 0.3000000119
6116  -26.488  -75.916  13.281 0.3000000119
7517  -18.957  -72.633  1.514 0.6000000238
8890  -27.898  -70.177  4.622 0.4000000060
8204  -26.789  -71.379  4.268 0.4000000060
9610  -29.613  -69.348  6.272 0.4000000060
8874  -28.583  -70.150  6.118 0.3000000119
9598  -29.790  -69.407  7.266 0.3000000119
6813  -17.116  -73.488  3.658 0.6000000238
11121  -23.475  -67.142  5.496 0.5000000000
11122  -24.562  -67.437  5.367 0.5000000000
10322  -25.715  -68.422  6.898 0.4000000060
10341  -25.652  -67.992  5.688 0.4000000060
11140  -21.444  -66.673  4.743 0.5000000000
11101  -22.928  -67.479  6.563 0.5000000000
137205  -27.360  -67.735  5.658 0.4000000060
142018  -19.888  -67.750  3.729 0.6000000238
132555  -20.924  -66.964  5.582 0.6000000238
11119  -21.661  -66.862  5.694 0.6000000238
11144  -28.090  -67.798  5.017 0.4000000060
9653  -19.312  -69.660  2.277 0.6000000238
10374  -19.571  -68.137  3.735 0.6000000238
11145  -29.087  -67.930  5.266 0.4000000060
9648  -28.698  -68.717  4.816 0.4000000060
9662  -19.440  -70.515  1.753 0.6000000238
9629  -28.634  -69.476  4.964 0.4000000060
10344  -30.231  -68.178  5.999 0.4000000060
9611  -30.276  -68.660  6.203 0.4000000060
9600  -30.786  -68.249  6.719 0.4000000060
4484  -27.931  -77.321  13.660 0.3000000119
4984  -27.863  -77.051  14.137 0.3000000119
8932  -19.132  -71.262  1.443 0.6000000238
9599  -30.522  -68.812  6.900 0.4000000060
5583  -28.826  -75.930  13.752 0.3000000119
5001  -28.206  -77.161  13.401 0.3000000119
6841  -18.127  -73.254  1.204 0.6000000238
120359  -16.209  -73.852  3.327 0.6000000238
6847  -16.533  -73.826  0.862 0.6999999881
139149  -16.719  -71.784  2.238 0.6999999881
6839  -16.843  -74.052  1.268 0.6000000238
7514  -15.948  -73.208  1.110 0.6999999881
8213  -15.893  -71.648  2.768 0.6999999881
6254  -15.392  -74.244  1.239 0.6000000238
8903  -16.318  -70.751  4.261 0.6999999881
8884  -15.648  -70.396  4.789 0.6000000238
7522  -15.463  -73.863  0.988 0.6999999881
8916  -15.702  -71.010  3.839 0.6999999881
10339  -23.867  -67.763  6.471 0.5000000000
10340  -24.815  -68.181  6.570 0.5000000000
10319  -22.482  -67.798  7.499 0.5000000000
141033  -22.880  -68.269  8.087 0.5000000000
10320  -23.290  -68.079  7.367 0.5000000000
10303  -25.808  -68.594  7.935 0.5000000000
10342  -26.519  -68.102  6.278 0.4000000060
11118  -20.409  -67.342  6.382 0.6000000238
132077  -21.090  -67.174  6.528 0.6000000238
11079  -21.778  -67.635  7.703 0.6000000238
122106  -22.975  -68.529  8.859 0.6000000238
128086  -28.041  -67.711  6.978 0.4000000060
10386  -19.269  -68.828  2.995 0.6000000238
11098  -20.463  -67.432  7.259 0.6000000238
11078  -21.275  -67.672  8.342 0.6000000238
11123  -28.468  -67.644  5.968 0.4000000060
8919  -18.618  -70.333  2.237 0.6000000238
10373  -18.793  -68.751  4.256 0.6000000238
10337  -18.939  -68.243  6.168 0.6000000238
11097  -19.657  -67.546  7.841 0.6000000238
11077  -20.450  -67.493  8.195 0.6000000238
11125  -30.272  -67.895  6.141 0.4000000060
11058  -31.108  -67.493  8.938 0.4000000060
9642  -17.947  -70.065  3.651 0.6000000238
10360  -18.432  -68.818  5.486 0.6000000238
11116  -19.069  -67.870  7.192 0.6000000238
11076  -19.209  -67.454  8.715 0.6000000238
11020  -20.069  -67.341  10.815 0.6000000238
137230  -30.944  -67.894  7.079 0.4000000060
11083  -31.258  -67.847  7.834 0.4000000060
8931  -18.312  -71.166  1.860 0.6000000238
9626  -17.964  -69.546  4.836 0.5000000000
130450  -18.089  -68.732  6.388 0.6000000238
11096  -18.740  -67.733  8.097 0.6000000238
11053  -19.379  -67.291  9.546 0.6000000238
11801  -19.380  -66.876  11.033 0.6999999881
7523  -17.579  -73.291  0.939 0.6999999881
8918  -17.647  -70.818  2.885 0.6000000238
9609  -17.445  -69.335  6.102 0.6000000238
10336  -17.385  -68.810  6.989 0.6000000238
11035  -18.806  -66.992  10.076 0.6000000238
11800  -18.644  -66.413  11.272 0.6000000238
142912  -19.195  -65.866  13.330 0.6000000238
10298  -17.002  -68.202  8.222 0.6000000238
11051  -17.615  -67.200  9.495 0.6000000238
11808  -18.201  -66.549  10.572 0.6000000238
12471  -18.591  -65.585  12.999 0.6000000238
8885  -16.578  -70.387  4.880 0.6000000238
9608  -16.498  -69.671  6.120 0.6000000238
11073  -16.458  -67.763  8.579 0.5000000000
144269  -16.900  -66.878  9.762 0.6000000238
12481  -17.472  -65.650  11.448 0.6000000238
10335  -16.386  -69.166  6.866 0.5000000000
7513  -14.874  -73.108  1.449 0.6999999881
8902  -14.947  -70.588  4.081 0.6999999881
9623  -15.352  -69.824  5.497 0.5000000000
10334  -15.450  -68.847  6.692 0.6000000238
10315  -15.847  -68.466  7.487 0.5000000000
11815  -16.225  -66.662  9.523 0.5000000000
124112  -15.157  -68.065  7.003 0.6000000238
8846  -9.989  -70.381  8.162 0.6000000238
8858  -10.823  -70.633  7.592 0.6000000238
8869  -10.100  -71.161  6.533 0.6000000238
124103  -24.116  -68.377  7.407 0.5000000000
126331  -23.886  -68.694  9.112 0.5000000000
128368  -24.978  -68.690  8.755 0.5000000000
10304  -26.680  -68.400  8.195 0.5000000000
10324  -27.427  -68.060  7.585 0.4000000060
139812  -20.978  -67.894  9.743 0.5000000000
10276  -22.279  -68.447  9.445 0.5000000000
10235  -22.466  -68.473  11.226 0.5000000000
11080  -28.523  -67.642  8.688 0.4000000060
11056  -28.771  -67.545  9.418 0.4000000060
10275  -21.613  -68.293  10.052 0.5000000000
10220  -22.375  -68.188  12.119 0.5000000000
11103  -29.444  -67.510  7.177 0.4000000060
11081  -29.358  -67.481  8.062 0.4000000060
123105  -30.150  -67.312  10.081 0.4000000060
11021  -20.595  -67.477  11.586 0.5000000000
11022  -21.421  -67.758  12.151 0.5000000000
138825  -21.853  -68.230  11.577 0.5000000000
125764  -30.359  -67.578  7.492 0.4000000060
11794  -20.006  -66.918  12.168 0.6000000238
11005  -20.688  -67.274  12.423 0.6000000238
11793  -19.382  -66.297  12.729 0.6000000238
120531  -20.296  -66.743  12.981 0.5000000000
13087  -18.617  -64.732  14.366 0.4000000060
13060  -19.163  -64.971  14.816 0.4000000060
12427  -20.383  -65.167  15.649 0.4000000060
13125  -16.956  -65.028  11.789 0.6000000238
12461  -17.867  -64.994  12.990 0.6000000238
13086  -18.094  -64.196  14.233 0.5000000000
13059  -18.694  -64.067  15.037 0.4000000060
13738  -20.061  -63.672  16.168 0.4000000060
13737  -19.467  -63.068  15.920 0.4000000060
7521  -14.541  -73.769  1.394 0.6999999881
11806  -16.660  -66.361  10.139 0.6000000238
13101  -17.552  -64.246  13.413 0.5000000000
13759  -18.371  -63.104  15.110 0.4000000060
9641  -14.871  -69.984  4.806 0.6000000238
11072  -15.723  -67.759  8.076 0.5000000000
11814  -15.668  -66.255  9.152 0.5000000000
13112  -16.569  -64.125  11.938 0.5000000000
136642  -16.790  -63.198  12.886 0.5000000000
123818  -17.782  -62.922  14.567 0.4000000060
15195  -18.769  -61.740  15.473 0.4000000060
9622  -14.814  -69.383  5.247 0.6000000238
12494  -15.534  -65.445  9.332 0.5000000000
124814  -9.799  -69.557  9.920 0.6999999881
9586  -10.150  -69.985  9.055 0.6000000238
9578  -11.683  -69.745  9.697 0.6999999881
8859  -11.662  -70.255  7.747 0.6000000238
9579  -12.343  -69.320  9.490 0.6000000238
8870  -11.088  -70.870  5.953 0.6000000238
9605  -12.183  -69.824  7.306 0.6000000238
9597  -12.446  -69.326  7.796 0.6000000238
11071  -12.689  -67.936  8.545 0.6000000238
11830  -12.304  -67.184  7.935 0.6000000238
8167  -10.316  -71.327  5.732 0.5000000000
142310  -11.731  -70.040  5.748 0.6000000238
140413  -12.104  -69.620  6.462 0.6000000238
11114  -12.319  -68.381  7.033 0.6000000238
11093  -12.504  -68.106  7.729 0.6000000238
138722  -26.786  -68.374  8.928 0.5000000000
8183  -10.693  -71.198  5.041 0.5000000000
8883  -11.274  -70.403  4.931 0.5000000000
11113  -11.762  -67.838  6.443 0.5000000000
11840  -11.387  -66.901  6.586 0.5000000000
122208  -23.792  -68.747  9.985 0.4000000060
10253  -24.188  -68.666  10.571 0.5000000000
10281  -27.270  -68.178  9.440 0.5000000000
11055  -27.968  -67.805  9.380 0.4000000060
9620  -10.787  -69.660  4.194 0.5000000000
9621  -11.428  -69.616  5.041 0.5000000000
11135  -10.499  -67.721  5.000 0.5000000000
11112  -11.017  -67.294  5.796 0.5000000000
138877  -23.851  -68.571  11.247 0.5000000000
123132  -29.037  -67.354  10.719 0.4000000060
11026  -29.769  -67.253  11.117 0.4000000060
134008  -10.533  -70.751  3.987 0.5000000000
10371  -9.795  -68.563  3.638 0.5000000000
10356  -9.949  -68.036  4.293 0.6000000238
11134  -9.504  -67.203  4.298 0.6000000238
134420  -9.753  -68.673  2.799 0.6000000238
144224  -9.514  -68.143  3.081 0.6000000238
10370  -9.578  -68.007  3.938 0.6999999881
11006  -21.945  -67.682  12.755 0.4000000060
11779  -21.512  -66.828  13.936 0.5000000000
136405  -10.493  -72.469  2.023 0.6000000238
11758  -21.012  -66.374  14.580 0.5000000000
12428  -21.773  -65.515  15.937 0.4000000060
7520  -11.202  -73.010  2.179 0.6000000238
12446  -20.495  -65.756  15.119 0.4000000060
7511  -12.927  -72.695  2.210 0.6000000238
8223  -13.399  -71.898  2.368 0.6000000238
13721  -20.736  -63.490  16.389 0.4000000060
8915  -14.157  -70.339  3.284 0.6000000238
8224  -14.351  -72.149  2.266 0.6999999881
10358  -14.549  -68.455  5.189 0.6000000238
11137  -14.538  -67.640  5.536 0.6000000238
11094  -15.090  -67.272  7.380 0.5000000000
141852  -15.275  -66.136  8.094 0.5000000000
9560  -10.374  -69.589  10.598 0.6999999881
9562  -12.115  -69.349  10.334 0.6999999881
9542  -12.364  -68.895  10.846 0.6000000238
140037  -12.522  -68.802  10.130 0.6000000238
11034  -12.657  -68.133  10.892 0.6000000238
11049  -12.727  -67.704  9.387 0.6000000238
12497  -12.124  -66.025  9.035 0.6999999881
11818  -11.932  -66.264  8.196 0.6000000238
11829  -11.684  -66.559  7.384 0.6000000238
10238  -25.323  -68.109  11.711 0.5000000000
10279  -25.490  -68.613  9.639 0.5000000000
10280  -26.446  -68.426  9.575 0.5000000000
10256  -27.097  -68.129  10.211 0.5000000000
11828  -10.910  -66.000  6.802 0.6000000238
12500  -10.482  -65.114  7.062 0.5000000000
11024  -26.581  -68.034  11.010 0.5000000000
11040  -28.127  -67.629  10.225 0.5000000000
128667  -28.824  -67.251  11.597 0.4000000060
11854  -9.370  -66.433  4.090 0.6000000238
11848  -9.493  -66.356  4.575 0.6000000238
12503  -10.048  -65.414  6.037 0.5000000000
10236  -23.182  -68.465  11.623 0.5000000000
8231  -10.259  -71.850  1.909 0.6000000238
8926  -10.122  -70.314  2.141 0.4000000060
9659  -10.241  -69.386  2.425 0.6000000238
140646  -10.106  -67.156  3.254 0.6000000238
11858  -9.517  -66.968  3.629 0.6000000238
12507  -9.586  -65.461  4.498 0.6000000238
143464  -22.696  -67.304  13.622 0.4000000060
10993  -24.212  -67.306  13.307 0.4000000060
8927  -10.714  -70.738  1.917 0.5000000000
133973  -10.853  -69.944  2.094 0.5000000000
10395  -10.620  -68.529  2.597 0.6000000238
10394  -9.985  -67.866  2.904 0.6999999881
11160  -11.749  -67.038  3.276 0.6000000238
11860  -10.881  -66.640  3.418 0.6000000238
12509  -11.237  -65.510  3.917 0.6000000238
11780  -22.296  -66.923  14.084 0.5000000000
8221  -11.386  -71.425  2.030 0.6000000238
10396  -11.886  -68.409  2.689 0.6000000238
137160  -12.214  -67.734  3.032 0.6000000238
11861  -12.642  -66.462  3.540 0.6000000238
12513  -12.380  -65.710  3.810 0.6000000238
13163  -12.055  -64.964  4.190 0.6000000238
11742  -22.222  -66.111  15.404 0.4000000060
8928  -11.831  -70.585  2.166 0.5000000000
135282  -11.856  -69.761  2.293 0.6000000238
10384  -13.069  -68.173  3.072 0.6000000238
11862  -13.482  -66.667  3.665 0.6000000238
12514  -13.351  -65.891  3.747 0.6000000238
8222  -12.395  -71.607  2.279 0.6000000238
121787  -12.952  -70.836  2.476 0.6000000238
8929  -13.384  -70.053  2.769 0.6000000238
10385  -13.815  -68.205  3.620 0.6000000238
11162  -13.603  -67.462  3.589 0.6000000238
10372  -14.218  -68.214  4.242 0.6000000238
132518  -14.462  -69.113  4.541 0.6000000238
11841  -14.853  -66.497  6.714 0.5000000000
12501  -15.312  -65.370  7.666 0.5000000000
9539  -10.056  -69.351  11.245 0.6999999881
9540  -10.848  -69.558  11.318 0.6999999881
10201  -9.062  -68.421  13.257 0.6999999881
122843  -10.052  -68.682  12.877 0.6999999881
10233  -10.273  -69.183  12.032 0.6999999881
144871  -11.776  -69.115  11.798 0.6999999881
11019  -12.556  -67.931  11.902 0.6000000238
131393  -12.674  -67.236  10.838 0.6000000238
12488  -12.326  -65.708  10.724 0.5000000000
124550  -12.521  -66.749  9.602 0.6999999881
12493  -12.223  -65.839  9.883 0.5000000000
12496  -11.466  -65.439  8.519 0.5000000000
138651  -10.790  -64.891  7.974 0.5000000000
11023  -26.075  -67.836  11.701 0.4000000060
126884  -27.126  -67.468  11.742 0.5000000000
10997  -27.901  -66.777  13.106 0.5000000000
135844  -28.433  -67.089  12.408 0.5000000000
122393  -28.742  -66.973  13.172 0.4000000060
11009  -24.537  -67.699  12.585 0.4000000060
11010  -26.857  -67.117  12.495 0.4000000060
13157  -9.520  -64.612  4.900 0.6000000238
13159  -10.918  -64.766  4.293 0.6000000238
13854  -10.652  -64.018  4.664 0.6000000238
13161  -13.798  -64.666  4.171 0.6000000238
121273  -11.729  -64.184  4.510 0.6000000238
11855  -14.272  -66.237  4.298 0.6000000238
12510  -14.416  -65.355  4.274 0.6000000238
13160  -12.838  -64.416  4.393 0.6000000238
11151  -14.318  -67.273  4.605 0.6000000238
13162  -14.728  -64.488  4.500 0.5000000000
11850  -14.770  -66.161  5.692 0.6000000238
12506  -14.736  -65.579  4.831 0.5000000000
12504  -15.152  -65.575  6.530 0.5000000000
10185  -8.435  -68.240  14.035 0.6999999881
123880  -9.918  -68.342  13.551 0.6999999881
10202  -10.741  -68.453  13.388 0.6999999881
10218  -10.965  -68.951  12.656 0.6999999881
10988  -11.415  -67.929  13.774 0.6000000238
10219  -12.247  -68.241  12.454 0.6999999881
131003  -12.577  -67.238  12.308 0.4000000060
10184  -7.900  -67.983  14.736 0.6999999881
10973  -8.805  -67.776  14.666 0.6999999881
10974  -9.677  -67.543  14.690 0.6000000238
10976  -11.220  -67.477  14.369 0.6000000238
11798  -12.628  -66.510  12.003 0.5000000000
10166  -6.358  -68.138  15.241 0.6999999881
10962  -7.612  -67.591  15.458 0.6999999881
13137  -12.075  -64.871  11.091 0.5000000000
10946  -5.827  -66.903  16.405 0.6999999881
12487  -11.845  -65.035  10.216 0.5000000000
11722  -5.690  -66.007  16.435 0.6000000238
12423  -4.931  -65.473  16.050 0.6000000238
13055  -4.589  -64.664  15.378 0.6000000238
13774  -5.300  -63.358  13.054 0.5000000000
125948  -5.739  -62.950  12.903 0.5000000000
11784  -27.401  -66.504  13.746 0.4000000060
11785  -28.188  -66.630  13.893 0.4000000060
134166  -14.391  -64.209  4.429 0.6000000238
10977  -11.936  -67.301  14.154 0.5000000000
11004  -12.488  -67.225  12.956 0.5000000000
10963  -8.349  -67.489  15.310 0.6000000238
10964  -9.109  -67.267  15.280 0.6000000238
10975  -10.570  -67.259  14.799 0.6000000238
11755  -11.527  -66.832  14.836 0.6000000238
11776  -12.425  -66.779  13.701 0.5000000000
11791  -12.592  -66.556  12.852 0.5000000000
12469  -12.591  -65.707  12.503 0.5000000000
10947  -6.625  -67.089  16.318 0.6999999881
11736  -7.985  -67.202  15.828 0.6000000238
11737  -8.579  -66.969  15.828 0.6000000238
127353  -10.031  -66.402  15.769 0.6000000238
12404  -10.253  -65.612  16.356 0.6000000238
13122  -11.834  -64.029  11.406 0.5000000000
11723  -6.455  -66.333  16.536 0.6999999881
128025  -7.192  -66.527  16.450 0.6000000238
12401  -7.266  -65.210  16.710 0.6000000238
12403  -8.787  -65.416  16.698 0.6000000238
13032  -9.386  -64.742  17.063 0.6000000238
12399  -5.706  -65.194  16.325 0.6000000238
12400  -6.434  -65.427  16.555 0.6000000238
127156  -6.821  -64.670  16.547 0.6000000238
13030  -7.571  -64.375  16.773 0.6000000238
13056  -5.470  -64.457  15.774 0.6000000238
13733  -5.789  -63.603  15.177 0.6000000238
136785  -6.776  -63.449  16.084 0.6000000238
13716  -7.359  -63.432  16.609 0.6000000238
13755  -5.556  -63.432  14.426 0.5000000000
13775  -5.672  -63.149  13.695 0.5000000000
13756  -6.085  -62.978  14.491 0.5000000000
14461  -6.459  -62.556  15.107 0.6000000238
14462  -6.868  -62.791  15.955 0.6000000238
11745  -28.096  -66.030  15.079 0.4000000060
13806  -5.389  -62.753  11.261 0.5000000000
13776  -5.955  -62.590  13.595 0.5000000000
14483  -6.260  -62.274  14.344 0.6000000238
131522  -6.777  -62.086  15.594 0.6000000238
14529  -5.511  -62.040  10.979 0.5000000000
127447  -5.514  -61.432  11.678 0.5000000000
14499  -5.851  -62.362  12.754 0.4000000060
15232  -6.046  -61.801  13.575 0.5000000000
15210  -6.330  -61.582  14.540 0.6000000238
11756  -12.178  -66.616  14.472 0.6000000238
120898  -12.583  -65.192  14.244 0.5000000000
12460  -12.603  -65.771  13.485 0.5000000000
12424  -11.601  -65.696  15.794 0.6000000238
12443  -12.484  -65.314  15.026 0.5000000000
13111  -12.420  -64.235  12.980 0.5000000000
13033  -10.422  -64.898  16.914 0.6999999881
13034  -11.522  -64.584  16.750 0.6999999881
13031  -8.472  -64.567  17.013 0.6000000238
13018  -10.003  -64.111  17.415 0.6999999881
13717  -8.138  -63.769  17.084 0.6000000238
13703  -8.571  -63.227  17.498 0.6999999881
14446  -7.388  -62.645  16.657 0.6000000238
143356  -8.230  -62.779  17.492 0.6999999881
15193  -6.993  -61.472  16.198 0.6000000238
15177  -7.477  -61.343  17.249 0.6999999881
136867  -4.686  -59.872  9.428 0.5000000000
16044  -5.224  -60.524  11.531 0.5000000000
16009  -5.675  -60.917  13.272 0.4000000060
15989  -5.993  -60.910  14.163 0.6000000238
15974  -6.662  -60.750  15.779 0.6000000238
16759  -5.003  -60.298  10.815 0.5000000000
16024  -5.436  -60.760  12.395 0.4000000060
15988  -5.604  -60.146  13.849 0.5000000000
13100  -12.547  -64.355  13.951 0.5000000000
13085  -12.605  -64.549  14.834 0.5000000000
136674  -11.808  -65.141  16.217 0.6000000238
13718  -12.140  -64.054  16.707 0.5000000000
120287  -12.585  -63.199  16.037 0.5000000000
13019  -10.903  -64.192  17.290 0.6999999881
13704  -9.551  -63.228  17.874 0.6999999881
127338  -8.655  -62.520  17.952 0.6000000238
15964  -7.026  -60.600  16.604 0.6999999881
15178  -8.143  -61.696  18.092 0.6000000238
124466  -6.342  -60.246  15.478 0.6000000238
15963  -6.619  -60.029  16.129 0.6000000238
17466  -4.706  -58.741  11.335 0.5000000000
17426  -5.119  -59.305  12.867 0.4000000060
16699  -5.884  -60.036  14.803 0.6000000238
122146  -4.615  -58.124  11.899 0.4000000060
17448  -4.868  -59.039  12.069 0.4000000060
124129  -5.010  -58.778  13.646 0.5000000000
16698  -5.398  -59.368  14.273 0.5000000000
13706  -11.662  -63.688  17.331 0.6000000238
13707  -12.316  -63.298  16.888 0.5000000000
14436  -10.464  -62.711  18.269 0.6000000238
130916  -11.682  -62.103  18.160 0.5000000000
14435  -9.549  -62.336  18.394 0.6000000238
15179  -8.855  -61.847  18.484 0.6000000238
15169  -10.413  -61.224  18.885 0.5000000000
15167  -8.560  -60.976  18.809 0.6000000238
16679  -6.917  -59.796  16.951 0.6999999881
16668  -7.273  -59.521  17.872 0.5000000000
16690  -6.054  -59.594  15.695 0.6000000238
16689  -5.519  -59.100  15.171 0.5000000000
144265  -4.581  -57.817  12.684 0.4000000060
17409  -5.143  -58.543  14.581 0.5000000000
23565  -1.899  -51.977  13.338 0.4000000060
23566  -2.708  -51.616  13.575 0.3000000119
23581  -2.088  -51.024  12.927 0.4000000060
15180  -12.038  -61.542  17.970 0.5000000000
22542  -1.442  -51.640  12.497 0.3000000119
24573  -1.882  -50.905  12.524 0.4000000060
15946  -9.166  -60.209  19.202 0.5000000000
15948  -11.101  -60.530  18.721 0.5000000000
22567  -1.544  -52.758  11.101 0.3000000119
24592  -1.838  -50.877  12.219 0.4000000060
135158  -8.404  -59.994  18.912 0.5000000000
21576  -2.218  -53.291  10.409 0.3000000119
16667  -6.691  -58.927  17.324 0.6000000238
17397  -5.700  -58.756  16.026 0.6999999881
17387  -6.097  -58.392  16.789 0.6000000238
126901  -4.591  -57.177  14.051 0.5000000000
17396  -5.286  -58.219  15.434 0.5000000000
18193  -4.887  -56.872  14.888 0.4000000060
18961  -5.602  -56.977  16.230 0.4000000060
23551  -5.146  -51.722  15.513 0.3000000119
23550  -4.338  -52.068  14.886 0.3000000119
23567  -3.714  -51.184  13.990 0.3000000119
23582  -2.736  -50.365  13.175 0.3000000119
24574  -2.267  -50.306  12.593 0.4000000060
15947  -10.167  -60.357  19.143 0.5000000000
22557  -1.758  -51.877  11.499 0.4000000060
24611  -2.243  -50.252  11.986 0.4000000060
16660  -9.812  -59.525  19.223 0.5000000000
22568  -2.469  -52.509  10.882 0.4000000060
139213  -3.578  -51.436  11.095 0.4000000060
16658  -7.871  -59.179  18.753 0.5000000000
17361  -8.545  -58.460  19.119 0.5000000000
21577  -3.066  -53.146  10.441 0.4000000060
18171  -7.190  -57.681  18.068 0.5000000000
18184  -6.072  -57.483  16.886 0.5000000000
18170  -6.816  -57.105  17.450 0.5000000000
19817  -4.348  -55.864  12.727 0.3000000119
137379  -4.695  -55.661  13.861 0.4000000060
137488  -5.140  -56.202  14.886 0.4000000060
18962  -6.333  -56.629  16.658 0.4000000060
23531  -5.431  -52.242  16.395 0.3000000119
24545  -4.680  -50.945  14.755 0.3000000119
25609  -3.800  -49.283  13.614 0.4000000060
25622  -3.033  -49.430  13.087 0.4000000060
16670  -12.422  -59.341  17.152 0.4000000060
124346  -2.768  -49.323  12.086 0.4000000060
138005  -12.072  -58.953  17.890 0.4000000060
23615  -2.787  -50.782  11.460 0.4000000060
24612  -2.851  -50.092  11.669 0.4000000060
17363  -10.420  -58.847  19.048 0.4000000060
24628  -3.682  -50.468  11.287 0.4000000060
17360  -7.754  -58.093  18.682 0.5000000000
22570  -4.080  -52.062  11.061 0.4000000060
21565  -4.278  -53.448  11.562 0.3000000119
142159  -7.338  -57.153  17.900 0.5000000000
19803  -4.998  -54.916  13.727 0.3000000119
24546  -5.476  -50.681  15.376 0.3000000119
25598  -5.811  -49.799  15.202 0.3000000119
24561  -5.009  -49.950  14.738 0.3000000119
25610  -4.634  -49.257  14.169 0.4000000060
26695  -3.505  -48.777  13.032 0.4000000060
26716  -4.457  -48.043  12.378 0.3000000119
26715  -3.692  -48.602  12.421 0.4000000060
17388  -12.717  -58.948  16.526 0.4000000060
124999  -13.507  -58.308  15.235 0.4000000060
25660  -4.083  -49.071  11.599 0.4000000060
17364  -11.318  -58.915  18.584 0.4000000060
141810  -10.033  -58.194  19.100 0.4000000060
23627  -4.331  -51.209  11.143 0.3000000119
135567  -9.323  -57.896  19.136 0.4000000060
126131  -4.313  -52.576  11.318 0.3000000119
22558  -4.829  -51.799  11.610 0.3000000119
132806  -4.867  -53.354  12.530 0.3000000119
18976  -5.952  -56.204  15.938 0.4000000060
25583  -7.183  -50.298  16.508 0.3000000119
25611  -5.335  -49.258  14.662 0.4000000060
27788  -5.592  -47.725  13.831 0.4000000060
26697  -4.821  -47.976  13.387 0.4000000060
18205  -13.751  -57.861  14.464 0.4000000060
18195  -13.761  -58.038  16.058 0.4000000060
26735  -4.249  -48.408  11.898 0.4000000060
18172  -12.562  -57.947  17.873 0.4000000060
25677  -4.286  -49.795  11.347 0.4000000060
127539  -10.801  -58.117  18.758 0.4000000060
141036  -12.188  -57.586  18.266 0.4000000060
24629  -4.627  -50.462  11.255 0.3000000119
18154  -10.125  -57.488  18.896 0.4000000060
23599  -5.506  -51.704  12.341 0.3000000119
18924  -8.630  -56.776  18.505 0.5000000000
130687  -4.675  -52.690  11.858 0.3000000119
22543  -5.229  -52.432  12.413 0.3000000119
18945  -8.716  -56.091  17.985 0.5000000000
20652  -5.725  -54.589  14.239 0.3000000119
19753  -6.771  -55.861  16.227 0.4000000060
19784  -5.262  -55.478  14.471 0.4000000060
25599  -6.747  -49.673  15.649 0.3000000119
27819  -5.499  -46.970  12.372 0.3000000119
27837  -4.944  -47.725  11.953 0.3000000119
18196  -14.257  -57.566  15.389 0.4000000060
25678  -4.856  -49.279  11.313 0.3000000119
17377  -13.170  -57.990  17.272 0.4000000060
24630  -5.033  -49.811  11.252 0.3000000119
130519  -11.838  -57.160  18.440 0.4000000060
18173  -13.358  -57.257  17.660 0.4000000060
23617  -5.556  -50.936  11.875 0.3000000119
23600  -6.136  -51.308  12.723 0.3000000119
18946  -9.324  -55.683  17.998 0.4000000060
21540  -5.589  -52.940  13.173 0.3000000119
144257  -6.735  -53.783  14.600 0.3000000119
20640  -6.808  -54.764  15.243 0.3000000119
20625  -7.834  -54.865  16.119 0.3000000119
27859  -5.882  -48.191  11.399 0.3000000119
27839  -6.453  -47.379  11.406 0.3000000119
25680  -5.990  -48.893  11.291 0.3000000119
18186  -14.339  -57.303  16.308 0.3000000119
18156  -12.539  -57.150  18.211 0.4000000060
18174  -14.228  -56.924  17.128 0.4000000060
23601  -6.950  -50.947  13.115 0.3000000119
18927  -11.292  -56.447  18.502 0.4000000060
18928  -12.148  -56.417  18.386 0.4000000060
22527  -6.369  -52.575  13.727 0.3000000119
21526  -6.663  -53.173  14.285 0.3000000119
19739  -8.821  -55.407  17.423 0.3000000119
20641  -7.497  -54.487  15.533 0.3000000119
24595  -7.320  -50.237  12.639 0.3000000119
23583  -6.641  -51.744  13.442 0.3000000119
19724  -11.697  -55.618  18.378 0.3000000119
19726  -13.316  -55.689  18.121 0.3000000119
22528  -7.063  -52.171  14.042 0.3000000119
19741  -10.532  -55.063  18.046 0.3000000119
21509  -7.867  -53.744  15.274 0.3000000119
19756  -8.947  -54.719  16.832 0.3000000119
25623  -8.960  -49.681  13.017 0.3000000119
25644  -9.766  -49.419  13.176 0.3000000119
23584  -7.576  -51.456  13.774 0.3000000119
20610  -11.722  -54.860  18.183 0.3000000119
23586  -9.057  -50.904  13.955 0.3000000119
24577  -9.494  -50.193  13.533 0.3000000119
19785  -6.107  -55.078  14.875 0.4000000060
21552  -4.780  -53.992  12.845 0.3000000119
20670  -6.155  -53.851  14.193 0.3000000119
5122  -23.333  -76.180  3.091 0.6000000238
4614  -23.205  -77.696  3.489 0.5000000000
4111  -22.413  -78.284  3.899 0.5000000000
4603  -21.619  -78.785  4.713 0.5000000000
4113  -23.688  -78.183  3.984 0.5000000000
4580  -24.970  -77.355  7.285 0.5000000000
143405  -23.567  -74.664  4.694 0.6999999881
6829  -24.564  -73.591  3.360 0.6999999881
6198  -23.861  -74.145  6.105 0.6999999881
126158  -22.952  -75.894  5.272 0.6999999881
140481  -22.661  -75.103  7.713 0.6999999881
5671  -26.166  -75.433  5.848 0.5000000000
127249  -28.688  -75.638  12.894 0.3000000119
6200  -26.471  -74.809  6.203 0.5000000000
131820  -26.829  -72.493  7.034 0.3000000119
8922  -25.533  -70.038  3.446 0.6000000238
139846  -24.670  -71.249  3.897 0.6000000238
9657  -25.254  -69.156  3.474 0.5000000000
7462  -23.914  -72.218  6.577 0.6999999881
5016  -26.930  -77.444  12.810 0.3000000119
8156  -21.340  -71.902  7.394 0.6000000238
138906  -22.590  -72.112  7.503 0.6000000238
6773  -23.149  -73.287  7.676 0.6999999881
128215  -25.620  -74.911  4.152 0.5000000000
5108  -25.527  -76.406  4.959 0.6000000238
4616  -24.843  -77.048  4.343 0.5000000000
6760  -21.897  -73.520  8.613 0.6000000238
5642  -22.012  -74.931  8.408 0.6999999881
128202  -19.907  -72.460  8.331 0.5000000000
5641  -21.340  -75.224  8.611 0.5000000000
6117  -28.537  -74.748  12.578 0.3000000119
128369  -17.811  -72.396  6.951 0.6000000238
5639  -19.565  -75.614  8.800 0.5000000000
130934  -27.511  -70.665  10.044 0.3000000119
7493  -25.574  -72.813  3.792 0.5000000000
6708  -28.487  -73.823  13.190 0.3000000119
5638  -18.671  -75.583  8.943 0.5000000000
11158  -27.545  -68.134  4.507 0.4000000060
4983  -27.596  -76.980  14.070 0.3000000119
10338  -19.610  -67.772  5.487 0.6000000238
126112  -17.346  -72.300  1.365 0.6999999881
8904  -17.109  -70.598  4.033 0.6000000238
9624  -16.089  -70.060  5.592 0.6000000238
123598  -19.860  -67.556  7.016 0.6000000238
10252  -23.285  -68.668  10.682 0.5000000000
122482  -28.754  -67.574  6.827 0.4000000060
11054  -20.208  -67.535  9.858 0.6000000238
11037  -20.936  -67.851  10.621 0.5000000000
11075  -18.234  -67.546  8.821 0.6000000238
12445  -19.753  -65.629  14.558 0.4000000060
7512  -13.903  -72.937  1.776 0.6000000238
8930  -13.895  -71.097  2.746 0.6999999881
8871  -11.631  -70.366  6.782 0.6000000238
10278  -24.545  -68.714  9.765 0.4000000060
136048  -23.170  -68.159  12.308 0.4000000060
13037  -21.475  -64.225  16.472 0.4000000060
120976  -16.145  -65.053  10.657 0.4000000060
6837  -13.121  -73.994  2.034 0.6000000238
8848  -11.624  -70.118  8.437 0.6000000238
10357  -11.712  -69.175  5.663 0.6000000238
11039  -27.413  -67.727  10.894 0.5000000000
9640  -9.877  -69.552  3.147 0.5000000000
11838  -9.696  -65.956  5.236 0.6000000238
8914  -9.911  -70.535  2.770 0.4000000060
9651  -13.661  -69.159  3.257 0.5000000000
131969  -23.495  -66.475  14.646 0.5000000000
11161  -12.866  -67.262  3.351 0.6000000238
9661  -12.629  -69.220  2.651 0.5000000000
12422  -4.195  -66.098  15.925 0.6000000238
14515  -5.699  -62.213  11.881 0.5000000000
11726  -10.723  -66.002  15.858 0.5000000000
122855  -7.821  -65.861  16.589 0.6000000238
140606  -9.541  -65.985  16.257 0.6000000238
12405  -11.097  -65.353  16.356 0.6000000238
13028  -6.190  -64.658  16.320 0.6000000238
124736  -5.248  -61.180  10.714 0.5000000000
13058  -12.477  -64.615  15.583 0.5000000000
15956  -7.392  -60.393  17.533 0.6000000238
16731  -5.182  -59.869  12.202 0.5000000000
16678  -6.345  -59.272  16.488 0.6000000238
23580  -1.608  -51.646  12.833 0.3000000119
142466  -10.786  -61.693  18.606 0.5000000000
130552  -4.422  -57.179  13.098 0.3000000119
15958  -11.793  -60.720  18.196 0.4000000060
16669  -11.613  -59.817  18.364 0.4000000060
18984  -4.724  -56.277  14.307 0.4000000060
19802  -4.520  -55.404  13.195 0.3000000119
18963  -7.170  -56.259  16.975 0.5000000000
17376  -12.701  -58.584  17.265 0.4000000060
24547  -6.315  -50.509  15.915 0.3000000119
23616  -4.948  -50.960  11.356 0.3000000119
18926  -10.271  -56.547  18.624 0.4000000060
19772  -7.169  -55.168  15.829 0.3000000119
24613  -5.294  -50.313  11.411 0.3000000119
19755  -8.242  -55.153  16.766 0.4000000060
26660  -7.935  -48.695  15.605 0.3000000119
24594  -6.445  -50.531  12.362 0.3000000119
19723  -10.819  -55.730  18.401 0.4000000060
24575  -7.815  -50.638  13.308 0.3000000119
4051  -12.982  -78.274  9.097 0.5000000000
4566  -14.630  -77.603  8.612 0.5000000000
4567  -15.518  -77.249  8.350 0.5000000000
5064  -16.208  -76.731  8.495 0.4000000060
4033  -11.946  -78.205  10.067 0.5000000000
4552  -13.332  -77.731  9.788 0.5000000000
4553  -14.218  -77.395  9.459 0.5000000000
5053  -15.319  -76.378  9.595 0.5000000000
5054  -16.112  -76.167  9.242 0.5000000000
5637  -17.824  -75.629  9.045 0.4000000060
4538  -11.707  -77.539  10.614 0.4000000060
4540  -13.103  -77.145  10.445 0.5000000000
5624  -15.618  -75.638  9.916 0.5000000000
5626  -17.441  -74.894  9.569 0.4000000060
5025  -12.742  -75.865  11.178 0.5000000000
5614  -14.334  -75.247  10.729 0.5000000000
5051  -13.797  -76.956  10.221 0.5000000000
131901  -13.651  -74.574  10.882 0.5000000000
5615  -15.150  -75.022  10.435 0.5000000000
6143  -14.627  -74.383  10.648 0.5000000000
6733  -16.618  -73.348  9.987 0.5000000000
6745  -17.472  -73.279  9.758 0.4000000060
6125  -12.856  -75.096  11.149 0.5000000000
7398  -15.324  -73.020  10.021 0.5000000000
7385  -16.085  -72.864  9.844 0.5000000000
121082  -16.926  -72.726  9.487 0.5000000000
6169  -11.133  -74.159  8.287 0.5000000000
123912  -12.738  -74.416  10.854 0.5000000000
138210  -12.562  -73.914  10.383 0.5000000000
6743  -13.730  -73.223  9.992 0.5000000000
6758  -13.431  -73.025  9.010 0.5000000000
142270  -14.905  -72.754  9.633 0.5000000000
7415  -14.145  -72.685  8.707 0.5000000000
122479  -15.547  -72.598  9.477 0.5000000000
7418  -16.630  -72.381  8.870 0.5000000000
6170  -11.761  -73.913  8.500 0.5000000000
6183  -12.206  -73.831  7.768 0.5000000000
6212  -12.169  -74.451  5.486 0.5000000000
6771  -13.000  -73.353  7.930 0.5000000000
137003  -13.390  -73.596  6.378 0.5000000000
6197  -12.859  -74.034  5.906 0.5000000000
7438  -14.507  -72.586  8.054 0.5000000000
144819  -14.170  -72.861  7.353 0.5000000000
6783  -14.191  -73.191  6.405 0.5000000000
138439  -15.667  -72.442  7.475 0.5000000000
7472  -15.934  -72.832  5.772 0.5000000000
128993  -16.144  -72.329  8.134 0.5000000000
7441  -17.080  -72.331  7.954 0.5000000000
6250  -11.480  -74.094  2.647 0.5000000000
133184  -12.898  -74.392  2.726 0.6000000238
121534  -13.019  -74.348  4.810 0.5000000000
6797  -14.611  -73.548  5.204 0.5000000000
6226  -14.139  -74.358  3.423 0.5000000000
6812  -15.377  -73.680  4.300 0.5000000000
7457  -16.469  -72.564  6.392 0.5000000000
7489  -17.125  -73.092  4.667 0.5000000000
133432  -16.974  -72.400  6.956 0.5000000000
6834  -9.872  -73.582  2.221 0.5000000000
6836  -11.953  -73.737  2.399 0.5000000000
6253  -14.723  -74.251  1.590 0.6000000238
9584  -7.847  -69.277  7.719 0.5000000000
127165  -8.510  -69.511  8.203 0.6000000238
121305  -7.083  -68.435  8.765 0.5000000000
9575  -8.612  -69.311  8.815 0.5000000000
9585  -9.246  -69.785  8.553 0.6000000238
10249  -8.917  -69.065  10.015 0.6000000238
10272  -7.623  -68.572  9.353 0.5000000000
125289  -8.669  -68.772  10.780 0.6000000238
126647  -7.817  -68.508  10.769 0.5000000000
9559  -9.497  -69.239  10.685 0.6000000238
10232  -9.345  -68.959  11.478 0.6000000238
10215  -7.685  -68.509  12.407 0.5000000000
10231  -8.374  -68.600  11.704 0.6000000238
10217  -9.266  -68.704  12.339 0.6000000238
121719  -7.162  -68.530  12.960 0.5000000000
10216  -8.464  -68.536  12.614 0.5000000000
10182  -5.908  -68.531  14.591 0.5000000000
10165  -5.365  -68.148  15.444 0.6000000238
135938  -3.603  -65.659  15.515 0.6000000238
142948  -4.192  -66.881  15.960 0.5000000000
10183  -6.811  -68.359  14.458 0.6000000238
127648  -7.572  -68.332  14.140 0.5000000000
129755  -5.332  -67.428  16.087 0.5000000000
13083  -4.298  -64.190  14.380 0.6000000238
139883  -4.215  -65.348  15.638 0.6000000238
13754  -5.081  -63.609  13.933 0.6000000238
7367  -28.203  -72.926  12.877 0.3000000119
8124  -29.249  -70.937  14.138 0.3000000119
8130  -27.823  -71.491  12.289 0.3000000119
8786  -31.190  -70.577  14.183 0.3000000119
8816  -27.912  -70.770  11.680 0.3000000119
7366  -27.774  -72.624  12.069 0.3000000119
6721  -27.926  -73.725  11.460 0.3000000119
6157  -17.902  -74.059  9.766 0.4000000060
6798  -15.450  -73.225  5.241 0.5000000000
6824  -15.155  -74.279  2.980 0.5000000000
9595  -9.062  -70.169  7.742 0.5000000000
144091  -16.252  -75.460  9.667 0.4000000060
5616  -15.913  -74.870  10.124 0.5000000000
6730  -14.134  -73.722  10.544 0.5000000000
6154  -11.255  -73.945  10.011 0.5000000000
6155  -12.013  -73.824  9.652 0.5000000000
138887  -10.986  -74.375  7.620 0.5000000000
6196  -12.273  -74.226  6.331 0.5000000000
6772  -13.535  -73.257  7.154 0.5000000000
6810  -13.903  -74.096  4.518 0.5000000000
141125  -28.000  -72.084  12.795 0.3000000119
8818  -29.471  -70.149  12.272 0.3000000119
8800  -29.618  -70.438  13.361 0.3000000119
8131  -28.300  -71.327  12.979 0.3000000119
8799  -28.789  -70.637  13.006 0.3000000119
8801  -30.830  -70.262  13.341 0.3000000119
18947  -13.833  -56.371  17.762 0.3000000119
3598  -21.264  -79.755  4.814 0.6000000238
3599  -22.082  -79.552  4.728 0.5000000000
4098  -21.321  -79.575  4.814 0.6000000238
4099  -21.872  -79.031  4.392 0.5000000000
4112  -22.874  -78.365  3.733 0.5000000000
4496  -27.772  -77.357  13.447 0.3000000119
4497  -27.937  -77.512  13.303 0.3000000119
4539  -12.548  -77.648  10.297 0.5000000000
4551  -12.618  -78.130  9.766 0.5000000000
4554  -15.017  -77.062  9.190 0.5000000000
4565  -13.817  -77.996  8.878 0.5000000000
4604  -22.070  -78.248  4.146 0.5000000000
4605  -24.477  -77.721  4.695 0.5000000000
4615  -24.075  -77.527  3.729 0.5000000000
4622  -23.543  -76.909  3.294 0.6000000238
5035  -28.019  -77.326  11.612 0.3000000119
5042  -12.428  -76.763  10.899 0.5000000000
5043  -13.292  -76.406  10.772 0.5000000000
5044  -14.097  -76.138  10.582 0.5000000000
5045  -14.872  -75.861  10.252 0.5000000000
5052  -14.577  -76.666  9.920 0.5000000000
5056  -27.475  -76.148  9.977 0.3000000119
5067  -18.976  -76.153  8.348 0.5000000000
5068  -20.101  -76.262  8.183 0.6000000238
5087  -25.653  -76.533  6.805 0.5000000000
5101  -26.044  -75.965  6.349 0.5000000000
5109  -25.864  -76.001  5.683 0.5000000000
5115  -22.936  -76.414  3.334 0.6000000238
5117  -24.952  -76.367  3.854 0.6000000238
5123  -23.999  -76.086  3.084 0.6000000238
5592  -28.624  -76.440  13.148 0.3000000119
5613  -13.505  -75.544  10.966 0.5000000000
5625  -16.660  -74.866  9.817 0.4000000060
5628  -19.135  -74.801  9.349 0.5000000000
5629  -27.390  -75.484  9.478 0.4000000060
5636  -16.919  -75.689  9.215 0.5000000000
5640  -20.502  -75.453  8.756 0.5000000000
5653  -23.387  -74.718  6.972 0.6999999881
5663  -22.989  -75.617  6.505 0.6999999881
5670  -25.839  -75.752  5.219 0.6000000238
5680  -25.941  -75.164  5.025 0.5000000000
5686  -23.686  -75.486  2.908 0.6000000238
5688  -24.924  -75.043  3.368 0.6000000238
6124  -12.169  -74.836  11.202 0.5000000000
6144  -15.468  -74.227  10.417 0.5000000000
6145  -16.276  -74.118  10.180 0.5000000000
6156  -17.081  -74.076  9.939 0.4000000060
6159  -19.443  -73.877  9.493 0.5000000000
6168  -10.808  -73.949  9.077 0.5000000000
6172  -20.738  -73.878  9.211 0.5000000000
6182  -11.546  -74.195  7.677 0.5000000000
6185  -23.541  -73.911  7.231 0.6999999881
6187  -26.916  -74.752  7.910 0.5000000000
6195  -11.666  -74.440  6.329 0.5000000000
6225  -13.450  -74.424  3.866 0.5000000000
6228  -26.051  -74.263  4.678 0.5000000000
6237  -11.504  -74.429  3.188 0.5000000000
6240  -14.392  -74.438  2.323 0.5000000000
6241  -15.301  -74.381  1.720 0.6000000238
6242  -23.836  -74.916  2.812 0.6999999881
6251  -12.576  -74.123  2.428 0.6000000238
6252  -13.642  -74.292  2.089 0.6000000238
6255  -15.084  -74.145  1.245 0.6999999881
6712  -28.237  -73.789  12.295 0.3000000119
6729  -13.274  -73.809  10.509 0.5000000000
6731  -14.989  -73.617  10.424 0.5000000000
6732  -15.799  -73.480  10.223 0.5000000000
6742  -12.895  -73.467  9.813 0.5000000000
6744  -14.553  -73.148  10.070 0.5000000000
6746  -18.300  -73.282  9.603 0.5000000000
6747  -18.967  -73.338  9.486 0.5000000000
6748  -19.586  -73.013  9.279 0.5000000000
6749  -20.413  -73.071  9.086 0.5000000000
6750  -27.336  -74.105  9.174 0.4000000060
6757  -12.520  -73.552  8.786 0.5000000000
6761  -22.498  -73.387  8.229 0.6000000238
6782  -12.714  -73.754  6.898 0.5000000000
6784  -15.117  -72.932  6.073 0.5000000000
6787  -26.710  -73.186  6.736 0.5000000000
6796  -13.658  -73.789  5.553 0.5000000000
6799  -16.266  -73.260  4.689 0.6000000238
6811  -14.616  -73.998  4.106 0.5000000000
6815  -24.503  -73.404  3.446 0.6999999881
6816  -25.421  -73.506  3.720 0.5000000000
6817  -26.161  -73.215  4.469 0.5000000000
6825  -16.146  -74.328  1.942 0.6000000238
6826  -17.175  -73.919  2.215 0.6000000238
6827  -18.064  -73.498  1.824 0.6000000238
6828  -18.691  -73.069  1.715 0.6000000238
6835  -10.824  -73.626  2.353 0.5000000000
6838  -15.989  -74.244  1.181 0.6000000238
6840  -17.533  -73.680  1.365 0.6000000238
6843  -10.280  -73.037  2.100 0.6000000238
6844  -13.574  -73.650  1.812 0.6000000238
6845  -14.205  -74.093  1.623 0.6999999881
6846  -15.710  -74.170  1.014 0.6000000238
6848  -17.351  -73.657  1.105 0.6999999881
7397  -14.254  -72.809  9.437 0.5000000000
7399  -16.216  -72.540  9.356 0.5000000000
7400  -17.914  -72.757  9.359 0.4000000060
7416  -14.889  -72.471  8.931 0.5000000000
7417  -15.792  -72.363  8.853 0.5000000000
7419  -17.536  -72.445  8.913 0.5000000000
7421  -19.288  -72.635  8.892 0.5000000000
7437  -13.762  -72.870  8.037 0.5000000000
7439  -15.303  -72.412  8.118 0.5000000000
7440  -16.333  -72.400  7.267 0.5000000000
7443  -19.034  -72.408  8.245 0.6000000238
7446  -22.548  -72.674  7.880 0.6999999881
7455  -14.929  -72.654  7.154 0.5000000000
7456  -15.718  -72.592  6.678 0.5000000000
7458  -17.233  -72.562  6.170 0.6999999881
7460  -19.488  -72.309  6.450 0.6000000238
7465  -26.946  -72.233  6.360 0.4000000060
7473  -16.742  -72.807  5.510 0.5000000000
7492  -24.810  -71.969  3.454 0.6000000238
7504  -19.437  -72.653  2.346 0.6999999881
7506  -25.029  -72.910  3.361 0.6999999881
7507  -25.216  -72.183  3.417 0.6000000238
7510  -11.866  -72.373  2.209 0.6000000238
7515  -17.025  -73.070  0.863 0.6999999881
7516  -17.843  -72.824  0.946 0.6999999881
7518  -19.820  -72.140  1.604 0.6000000238
8123  -28.703  -71.083  13.653 0.3000000119
8136  -27.521  -71.637  11.477 0.3000000119
8140  -27.294  -71.678  10.569 0.4000000060
8155  -20.825  -71.831  6.996 0.6000000238
8157  -22.104  -71.544  7.149 0.6000000238
8158  -23.068  -71.725  7.079 0.6000000238
8185  -20.449  -71.562  5.140 0.6999999881
8188  -24.399  -70.894  5.015 0.6000000238
8190  -27.539  -71.158  5.028 0.4000000060
8212  -14.915  -71.331  3.069 0.6999999881
8214  -17.479  -71.514  2.083 0.6999999881
8215  -20.112  -72.005  2.301 0.6999999881
8216  -20.332  -71.181  2.484 0.6000000238
8218  -25.123  -71.415  3.331 0.6000000238
8225  -15.317  -72.285  2.060 0.6999999881
8226  -16.361  -72.401  1.643 0.6999999881
8227  -18.419  -72.094  1.270 0.6000000238
8228  -19.290  -72.151  1.409 0.6000000238
8232  -10.958  -72.075  1.988 0.6000000238
8233  -18.414  -72.809  1.186 0.6000000238
8817  -28.400  -70.675  12.364 0.3000000119
8838  -28.308  -70.096  10.399 0.3000000119
8841  -11.210  -70.095  9.072 0.6999999881
8847  -10.920  -70.397  8.392 0.6000000238
8849  -27.839  -70.435  8.148 0.3000000119
8857  -9.907  -70.749  7.347 0.6000000238
8872  -22.369  -70.415  5.899 0.6000000238
8889  -24.073  -70.209  5.038 0.6000000238
8917  -16.678  -71.203  3.276 0.6999999881
8920  -20.671  -69.454  2.915 0.5000000000
8921  -25.109  -69.990  3.614 0.6000000238
8934  -20.171  -70.766  1.922 0.6000000238
8936  -10.116  -71.137  1.932 0.6000000238
8937  -10.648  -71.401  1.892 0.6000000238
9522  -11.248  -69.320  11.947 0.6999999881
9523  -11.728  -68.861  12.279 0.6999999881
9541  -11.762  -69.307  11.224 0.6999999881
9561  -11.306  -69.675  10.522 0.6999999881
9563  -29.090  -69.677  9.936 0.3000000119
9576  -9.157  -69.444  9.298 0.6000000238
9577  -10.772  -69.874  9.832 0.6999999881
9580  -29.446  -69.565  9.159 0.3000000119
9587  -11.975  -69.770  8.889 0.6000000238
9588  -12.456  -69.309  8.607 0.6000000238
9596  -12.144  -69.792  8.097 0.6000000238
9606  -12.417  -69.198  7.068 0.6000000238
9607  -15.764  -69.541  6.206 0.6000000238
9625  -17.019  -69.985  5.459 0.6000000238
9628  -23.515  -69.606  4.860 0.5000000000
9630  -29.490  -68.762  5.474 0.4000000060
9643  -18.542  -69.320  3.686 0.6000000238
9647  -27.864  -69.261  4.374 0.4000000060
9650  -9.941  -69.618  2.647 0.6000000238
9652  -14.403  -69.703  3.942 0.6000000238
9658  -25.990  -69.325  3.449 0.5000000000
9660  -11.305  -69.176  2.383 0.5000000000
9663  -19.866  -70.148  1.891 0.6000000238
9664  -20.180  -69.701  2.243 0.6000000238
10167  -7.150  -68.014  15.029 0.6999999881
10186  -9.373  -68.094  14.063 0.6999999881
10187  -10.414  -67.897  14.109 0.6000000238
10203  -11.619  -68.438  13.031 0.6999999881
10221  -23.973  -68.267  12.005 0.5000000000
10234  -12.275  -68.673  11.635 0.6999999881
10248  -8.128  -68.639  10.037 0.5000000000
10250  -21.751  -68.315  10.886 0.5000000000
10251  -22.414  -68.551  10.353 0.5000000000
10254  -25.071  -68.576  10.464 0.5000000000
10255  -26.040  -68.410  10.353 0.5000000000
10273  -8.375  -68.941  9.356 0.5000000000
10274  -12.700  -68.658  9.208 0.6000000238
10277  -23.107  -68.696  9.755 0.5000000000
10295  -7.904  -68.873  8.596 0.5000000000
10296  -12.653  -68.768  8.237 0.6000000238
10297  -16.327  -68.222  8.037 0.5000000000
10299  -21.473  -68.062  9.171 0.6000000238
10300  -22.136  -68.119  8.436 0.6000000238
10301  -23.563  -68.491  8.197 0.5000000000
10302  -24.284  -68.622  8.246 0.5000000000
10305  -27.583  -68.056  8.578 0.4000000060
10307  -31.825  -67.943  8.615 0.4000000060
10314  -12.543  -68.806  7.558 0.6000000238
10316  -16.689  -68.576  7.591 0.5000000000
10317  -17.544  -68.387  7.675 0.6000000238
10318  -18.221  -68.388  7.051 0.6000000238
10321  -24.946  -68.588  7.631 0.5000000000
10323  -26.557  -68.325  7.279 0.4000000060
10325  -31.141  -68.052  7.253 0.4000000060
10332  -12.066  -68.754  6.367 0.6000000238
10333  -14.786  -68.258  6.171 0.6000000238
10343  -27.362  -67.882  6.645 0.4000000060
10345  -30.757  -67.999  6.605 0.4000000060
10359  -15.038  -69.151  5.921 0.6000000238
10361  -19.236  -68.229  4.952 0.6000000238
10363  -28.510  -68.202  4.813 0.4000000060
10364  -29.593  -68.195  5.469 0.4000000060
10375  -20.181  -68.209  3.060 0.6000000238
10376  -22.203  -68.101  3.567 0.5000000000
10380  -25.917  -68.190  3.970 0.4000000060
10381  -27.301  -68.679  4.132 0.4000000060
10382  -9.466  -68.001  3.335 0.6000000238
10383  -9.513  -68.627  3.002 0.6000000238
10387  -20.921  -67.821  3.086 0.5000000000
10391  -24.775  -68.230  3.552 0.5000000000
10393  -26.425  -68.728  3.752 0.4000000060
10945  -4.933  -66.617  16.219 0.5000000000
10948  -7.374  -67.161  16.098 0.6000000238
10960  -6.059  -67.621  15.936 0.6999999881
10961  -6.862  -67.622  15.697 0.6999999881
10965  -9.894  -67.002  15.303 0.6000000238
10978  -23.051  -66.974  14.115 0.4000000060
10989  -12.193  -67.719  13.291 0.5000000000
10990  -21.202  -67.253  13.103 0.5000000000
10991  -22.049  -67.336  13.427 0.4000000060
10992  -23.360  -67.372  13.477 0.4000000060
10996  -27.074  -66.767  13.056 0.4000000060
11007  -22.740  -67.716  12.930 0.4000000060
11008  -23.656  -67.753  12.759 0.5000000000
11011  -27.570  -67.042  12.453 0.5000000000
11025  -28.092  -67.431  11.194 0.5000000000
11036  -19.465  -67.154  10.318 0.6000000238
11038  -21.310  -67.957  11.373 0.5000000000
11041  -29.159  -67.433  9.974 0.4000000060
11050  -16.679  -67.274  9.227 0.5000000000
11052  -18.574  -67.244  9.449 0.6000000238
11057  -29.799  -67.406  9.286 0.4000000060
11074  -17.313  -67.683  8.791 0.6000000238
11082  -30.279  -67.473  8.378 0.4000000060
11092  -12.059  -67.472  7.166 0.6000000238
11095  -17.841  -67.964  8.254 0.6000000238
11099  -21.156  -67.423  7.472 0.6000000238
11100  -21.929  -67.302  6.742 0.5000000000
11102  -28.403  -67.662  7.729 0.4000000060
11104  -30.355  -67.726  6.692 0.4000000060
11115  -14.691  -67.271  6.327 0.6000000238
11117  -19.689  -67.654  6.310 0.6000000238
11120  -22.535  -66.953  5.662 0.5000000000
11124  -29.544  -67.660  6.231 0.4000000060
11136  -11.429  -68.254  5.668 0.6000000238
11138  -19.979  -67.572  4.406 0.6000000238
11141  -23.899  -66.921  4.383 0.5000000000
11143  -27.075  -67.786  4.872 0.4000000060
11146  -29.757  -67.916  5.699 0.4000000060
11150  -9.437  -67.370  3.672 0.6999999881
11152  -20.692  -67.453  3.539 0.6000000238
11155  -24.421  -67.327  3.906 0.5000000000
11159  -10.602  -67.209  3.171 0.6000000238
11163  -14.030  -67.591  3.950 0.6000000238
11164  -21.455  -67.232  3.296 0.5000000000
11165  -22.129  -67.027  3.255 0.5000000000
11166  -22.845  -66.919  3.379 0.5000000000
11167  -11.153  -67.773  2.849 0.6000000238
11724  -7.939  -66.683  16.230 0.6000000238
11725  -8.665  -66.280  16.277 0.6000000238
11738  -9.304  -66.671  15.797 0.6000000238
11739  -10.690  -66.654  15.345 0.5000000000
11740  -12.139  -66.045  15.139 0.6000000238
11741  -21.364  -66.020  15.318 0.4000000060
11757  -20.333  -66.139  14.367 0.5000000000
11759  -21.828  -66.512  14.709 0.4000000060
11760  -22.658  -66.527  14.730 0.5000000000
11761  -23.857  -66.888  13.979 0.5000000000
11766  -28.358  -66.455  14.603 0.4000000060
11777  -19.789  -66.135  13.686 0.4000000060
11778  -20.683  -66.599  13.783 0.5000000000
11792  -18.619  -66.082  12.122 0.6000000238
11799  -17.959  -66.114  11.140 0.6000000238
11802  -19.849  -67.057  11.474 0.6000000238
11805  -12.587  -66.502  11.182 0.5000000000
11807  -17.268  -66.070  10.751 0.6000000238
11809  -18.923  -66.777  10.631 0.6000000238
11813  -12.548  -66.578  10.395 0.6999999881
11816  -17.472  -66.667  10.147 0.6000000238
11817  -18.156  -66.911  9.958 0.6000000238
11819  -12.452  -66.954  8.764 0.6999999881
11820  -15.492  -66.439  8.575 0.5000000000
11821  -15.842  -67.070  8.819 0.5000000000
11831  -15.111  -66.275  7.437 0.5000000000
11839  -10.524  -66.371  5.943 0.5000000000
11849  -10.048  -66.790  5.132 0.6000000238
11852  -23.042  -66.643  4.702 0.5000000000
11856  -21.974  -66.572  4.007 0.5000000000
11857  -22.677  -66.545  4.075 0.5000000000
11859  -10.053  -66.716  3.483 0.6000000238
11863  -14.002  -66.877  3.953 0.6000000238
11865  -22.993  -66.743  3.596 0.5000000000
12402  -7.980  -65.084  16.824 0.6000000238
12406  -20.668  -64.866  16.035 0.4000000060
12407  -21.285  -64.877  16.250 0.4000000060
12425  -12.212  -65.262  15.693 0.6000000238
12426  -19.828  -65.148  15.283 0.4000000060
12444  -19.030  -65.431  13.936 0.6000000238
12462  -18.277  -64.881  13.665 0.4000000060
12470  -17.824  -65.431  12.226 0.6000000238
12479  -12.463  -65.649  11.599 0.5000000000
12480  -16.722  -65.378  11.083 0.6000000238
12482  -18.120  -65.925  11.630 0.6000000238
12489  -15.758  -65.201  10.067 0.5000000000
12490  -16.375  -65.674  10.454 0.6000000238
12492  -11.654  -65.227  9.370 0.5000000000
12495  -15.932  -65.968  9.834 0.5000000000
12498  -15.387  -65.729  8.586 0.5000000000
12502  -9.598  -64.799  5.575 0.6000000238
12505  -9.401  -65.029  4.961 0.6000000238
12508  -10.136  -65.422  4.103 0.6000000238
12512  -9.618  -66.175  3.885 0.6000000238
12515  -13.984  -66.031  3.896 0.6000000238
13017  -9.014  -63.961  17.364 0.6000000238
13029  -6.910  -64.012  16.401 0.6000000238
13035  -12.204  -64.631  16.229 0.6000000238
13036  -20.743  -64.235  16.313 0.4000000060
13057  -6.306  -63.939  15.936 0.6000000238
13061  -20.044  -64.516  15.845 0.4000000060
13084  -5.094  -63.954  14.855 0.6000000238
13113  -17.253  -64.626  12.534 0.5000000000
13123  -12.326  -64.752  12.092 0.5000000000
13124  -16.360  -64.640  11.171 0.4000000060
13158  -9.963  -64.675  4.553 0.6000000238
13164  -13.125  -65.187  4.034 0.6000000238
13705  -10.703  -63.502  17.761 0.6999999881
13719  -12.487  -63.972  16.182 0.5000000000
13720  -20.169  -62.878  16.240 0.4000000060
13722  -21.498  -63.478  16.489 0.4000000060
13734  -6.402  -63.192  15.445 0.6000000238
13736  -18.931  -63.330  15.507 0.4000000060
13758  -17.611  -63.567  14.071 0.4000000060
13778  -17.166  -63.424  13.406 0.5000000000
13796  -16.915  -63.841  12.770 0.5000000000
13856  -13.648  -63.908  4.525 0.6000000238
13857  -15.115  -63.598  4.507 0.6000000238
14425  -10.299  -61.964  18.607 0.6000000238
14426  -11.057  -62.149  18.415 0.5000000000
14434  -7.837  -62.306  17.370 0.6999999881
14437  -11.495  -62.848  17.980 0.5000000000
14438  -12.164  -62.452  17.556 0.5000000000
14447  -7.905  -63.037  17.128 0.6000000238
14464  -18.830  -62.581  15.563 0.4000000060
14486  -18.102  -62.183  15.039 0.4000000060
14502  -16.942  -62.757  13.293 0.5000000000
14503  -17.324  -62.878  13.916 0.5000000000
15168  -9.506  -61.580  18.803 0.6000000238
15170  -11.328  -61.427  18.467 0.5000000000
15187  -7.353  -61.987  16.723 0.6000000238
15192  -6.602  -61.458  15.333 0.6000000238
15231  -5.752  -61.638  12.576 0.4000000060
15945  -7.831  -60.187  18.413 0.5000000000
15957  -7.809  -60.951  18.128 0.6000000238
15973  -6.328  -60.833  15.004 0.6000000238
16063  -4.857  -60.490  10.035 0.5000000000
16080  -4.704  -60.529  8.958 0.5000000000
16659  -8.808  -59.361  19.194 0.5000000000
16661  -10.814  -59.663  18.917 0.4000000060
16680  -12.488  -59.592  16.396 0.4000000060
16716  -5.323  -59.531  13.529 0.5000000000
16745  -4.889  -59.581  11.280 0.5000000000
16758  -4.756  -59.685  10.278 0.5000000000
17362  -9.472  -58.709  19.228 0.4000000060
17374  -6.565  -58.024  17.532 0.6000000238
17375  -7.167  -58.572  18.102 0.5000000000
17389  -13.231  -58.349  16.658 0.4000000060
17399  -13.069  -58.668  15.881 0.4000000060
17408  -4.824  -58.037  14.113 0.5000000000
17447  -4.791  -58.530  12.759 0.4000000060
18152  -8.525  -57.561  18.878 0.5000000000
18153  -9.354  -57.072  18.845 0.4000000060
18155  -11.019  -57.294  18.632 0.4000000060
18183  -5.557  -57.846  16.228 0.5000000000
18185  -13.745  -57.686  16.857 0.4000000060
18194  -5.209  -57.342  15.561 0.5000000000
18204  -4.952  -57.685  14.797 0.4000000060
18218  -4.446  -56.302  13.431 0.4000000060
18925  -9.379  -56.300  18.431 0.4000000060
18929  -12.978  -56.445  18.165 0.4000000060
18944  -8.129  -56.505  18.025 0.5000000000
18975  -5.352  -56.568  15.484 0.4000000060
19014  -4.340  -56.546  12.580 0.3000000119
19722  -9.996  -55.685  18.283 0.4000000060
19725  -12.532  -55.711  18.311 0.3000000119
19738  -8.003  -55.900  17.368 0.4000000060
19740  -9.678  -54.981  17.567 0.3000000119
19742  -11.179  -55.161  18.242 0.3000000119
19754  -7.527  -55.515  16.535 0.4000000060
19770  -5.696  -55.821  15.204 0.4000000060
19771  -6.447  -55.477  15.526 0.3000000119
20626  -8.412  -54.623  16.341 0.3000000119
20653  -6.463  -54.361  14.687 0.3000000119
20654  -7.097  -54.082  15.032 0.3000000119
20668  -4.671  -54.572  13.001 0.3000000119
20669  -5.344  -53.935  13.442 0.3000000119
21527  -7.270  -53.434  14.766 0.3000000119
21541  -5.998  -53.285  13.802 0.3000000119
21578  -3.773  -53.062  10.842 0.3000000119
22544  -5.875  -52.096  13.010 0.3000000119
22569  -3.364  -52.338  10.874 0.4000000060
23585  -8.319  -51.001  13.773 0.3000000119
23598  -1.058  -52.037  12.285 0.3000000119
23613  -1.398  -51.489  12.044 0.4000000060
23614  -1.983  -51.043  11.785 0.4000000060
23626  -2.661  -51.650  11.230 0.4000000060
24559  -3.460  -50.011  13.605 0.3000000119
24560  -4.215  -50.063  14.153 0.3000000119
24576  -8.648  -50.389  13.422 0.3000000119
24593  -2.123  -50.379  12.323 0.4000000060
24596  -8.150  -49.944  12.852 0.3000000119
24614  -6.012  -50.082  11.701 0.3000000119
24615  -6.836  -49.814  11.994 0.3000000119
25621  -2.574  -49.719  12.685 0.4000000060
25639  -2.444  -49.769  12.251 0.4000000060
25640  -2.920  -49.166  12.447 0.4000000060
25658  -2.580  -49.678  11.985 0.4000000060
25659  -3.260  -49.517  11.702 0.4000000060
25661  -5.652  -49.607  11.391 0.3000000119
25679  -5.392  -49.296  11.312 0.3000000119
26674  -4.315  -48.638  13.563 0.4000000060
26675  -5.225  -48.542  14.172 0.4000000060
26696  -4.181  -48.253  12.917 0.4000000060
26734  -3.319  -48.892  12.003 0.4000000060
26736  -5.120  -48.208  11.587 0.3000000119
26755  -5.361  -48.803  11.338 0.3000000119
27806  -4.710  -47.763  12.806 0.3000000119
27807  -5.290  -47.277  13.000 0.3000000119
27818  -5.045  -47.455  12.379 0.3000000119
27838  -5.633  -47.524  11.643 0.3000000119
28880  -5.477  -47.099  11.989 0.3000000119
121352  -12.579  -65.060  12.914 0.5000000000
121458  -20.722  -67.643  9.036 0.6000000238
121460  -28.568  -75.464  12.152 0.3000000119
121546  -7.915  -68.451  13.307 0.5000000000
122350  -19.303  -66.606  11.798 0.6000000238
122420  -15.346  -66.866  8.116 0.5000000000
122500  -20.235  -67.344  5.465 0.6000000238
122700  -25.687  -70.755  3.457 0.6000000238
123040  -10.495  -66.088  3.693 0.6000000238
123533  -12.455  -65.989  14.386 0.6000000238
123558  -21.179  -68.066  2.984 0.5000000000
123574  -9.530  -60.913  19.145 0.5000000000
123807  -9.481  -65.723  4.693 0.6000000238
124075  -10.749  -70.841  6.883 0.6000000238
124628  -19.412  -63.862  15.679 0.4000000060
124629  -12.637  -67.317  11.526 0.6000000238
124630  -4.654  -58.868  10.494 0.5000000000
124784  -12.438  -73.371  2.238 0.6000000238
125932  -11.739  -58.020  18.386 0.4000000060
126017  -17.350  -70.170  4.658 0.6000000238
126642  -14.514  -66.922  5.377 0.6000000238
127242  -20.975  -65.412  15.781 0.4000000060
127833  -7.088  -62.194  16.198 0.6000000238
128262  -18.576  -72.743  4.897 0.6000000238
128753  -28.982  -69.607  5.588 0.4000000060
129017  -7.015  -65.882  16.652 0.6000000238
129265  -12.606  -70.047  2.435 0.5000000000
129786  -7.817  -57.183  18.356 0.5000000000
130123  -4.250  -55.989  11.979 0.3000000119
130177  -26.850  -72.152  7.787 0.3000000119
130248  -14.531  -66.305  4.824 0.6000000238
130337  -12.344  -59.959  16.893 0.4000000060
130422  -28.643  -76.133  12.520 0.3000000119
130515  -11.595  -66.236  3.603 0.6000000238
130688  -11.386  -66.263  15.404 0.6000000238
131053  -28.788  -69.850  7.756 0.3000000119
131139  -28.517  -76.642  13.772 0.3000000119
131162  -29.143  -68.325  5.115 0.4000000060
131195  -12.118  -60.048  17.645 0.4000000060
131463  -18.713  -69.536  2.861 0.6000000238
132618  -19.978  -67.429  8.945 0.6000000238
133467  -10.945  -68.745  4.760 0.6000000238
133776  -12.706  -67.469  10.186 0.6000000238
133807  -29.312  -67.472  8.801 0.4000000060
133874  -26.020  -68.575  8.841 0.5000000000
134682  -5.413  -60.075  13.020 0.5000000000
134808  -25.179  -70.771  3.381 0.6000000238
135007  -8.180  -54.287  15.817 0.3000000119
135651  -9.670  -65.349  16.677 0.6000000238
136012  -11.378  -73.930  9.067 0.5000000000
136172  -13.914  -65.307  3.940 0.6000000238
136202  -23.351  -67.296  3.500 0.5000000000
136781  -5.449  -63.173  12.432 0.5000000000
136859  -12.430  -67.691  12.575 0.6999999881
137115  -9.550  -67.639  3.306 0.6000000238
137170  -16.722  -76.321  8.671 0.4000000060
137621  -20.651  -71.674  6.232 0.6000000238
137907  -26.343  -67.413  12.258 0.4000000060
138056  -11.949  -74.209  7.005 0.5000000000
138208  -4.736  -48.746  11.485 0.3000000119
138490  -19.404  -64.530  15.357 0.4000000060
138706  -12.593  -64.924  13.522 0.5000000000
138719  -14.128  -68.839  3.852 0.5000000000
138780  -18.102  -63.569  14.617 0.5000000000
138880  -25.302  -67.543  4.808 0.5000000000
138928  -21.097  -63.870  16.471 0.4000000060
138980  -7.540  -56.666  17.691 0.5000000000
139234  -24.632  -72.590  3.575 0.6000000238
139437  -11.243  -65.687  7.660 0.6000000238
139528  -25.621  -68.298  11.106 0.5000000000
139632  -6.533  -62.014  14.946 0.6000000238
140166  -24.059  -74.199  3.057 0.6999999881
140675  -27.276  -70.700  4.313 0.4000000060
141048  -4.675  -57.931  13.402 0.5000000000
141377  -21.883  -66.853  3.405 0.5000000000
141647  -15.463  -67.952  7.533 0.6000000238
141922  -19.831  -67.472  8.413 0.6000000238
142054  -12.018  -63.107  17.519 0.6000000238
142701  -15.658  -76.763  9.004 0.5000000000
142937  -9.527  -64.489  5.234 0.6000000238
143123  -7.354  -68.199  14.583 0.6000000238
143333  -14.488  -65.828  4.529 0.6000000238
143396  -12.721  -68.216  9.970 0.6000000238
143645  -20.863  -74.690  9.040 0.5000000000
143708  -14.285  -64.817  4.199 0.5000000000
143716  -18.287  -68.099  7.691 0.6000000238
143814  -27.611  -67.935  9.838 0.5000000000
143818  -10.119  -66.015  16.058 0.6000000238
144014  -9.515  -65.344  5.237 0.6000000238
144129  -26.543  -67.852  5.445 0.4000000060
144366  -28.016  -67.231  11.885 0.5000000000
144852  -6.850  -52.639  14.169 0.3000000119
145051  -29.268  -67.720  5.709 0.4000000060
145072  -6.558  -64.315  16.323 0.6000000238
