#!ascii label  , from subject sub-v1s19x0051291_ses-1 vox2ras=TkReg
433
63720  -25.496  -9.997  -5.488 0.0000000000
69614  -24.095  -4.770  -4.730 0.0000000000
80563  -28.391  7.483  -10.205 0.0000000000
124575  -29.389  3.053  -10.047 0.0000000000
123731  -28.486  -2.042  -10.517 0.0000000000
67767  -29.441  -7.137  -9.035 0.0000000000
82158  -26.891  9.512  -11.327 0.0000000000
73407  -29.257  0.265  -10.171 0.0000000000
73356  -27.984  -0.679  -6.706 0.0000000000
66735  -25.187  -7.300  -4.704 0.0000000000
67747  -27.047  -6.258  -6.951 0.0000000000
65828  -27.174  -8.382  -7.013 0.0000000000
60645  -21.483  -13.857  -2.933 0.0000000000
65780  -22.819  -9.071  -3.583 0.0000000000
85291  -24.176  13.849  -14.231 0.0000000000
84561  -26.163  12.590  -14.742 0.0000000000
83809  -28.139  11.610  -13.875 0.0000000000
82179  -30.237  9.688  -13.718 0.0000000000
80585  -30.458  7.216  -13.512 0.0000000000
79686  -29.008  5.722  -9.692 0.0000000000
77950  -29.105  4.377  -13.765 0.0000000000
127843  -27.861  1.430  -14.693 0.0000000000
72568  -28.788  -1.466  -14.339 0.0000000000
126692  -30.324  -3.060  -13.357 0.0000000000
71600  -27.743  -3.010  -6.510 0.0000000000
125338  -28.376  -5.365  -10.643 0.0000000000
74273  -26.886  0.698  -6.776 0.0000000000
73354  -24.951  -0.288  -6.881 0.0000000000
130928  -24.948  -9.015  -5.195 0.0000000000
65826  -25.985  -8.609  -6.421 0.0000000000
64796  -26.053  -9.485  -6.047 0.0000000000
57752  -20.528  -16.225  1.518 0.0000000000
57772  -20.989  -15.656  1.149 0.0000000000
58657  -21.279  -15.309  -0.462 0.0000000000
65790  -22.575  -8.049  -3.898 0.0000000000
65779  -21.809  -8.814  -3.773 0.0000000000
83819  -27.491  12.062  -14.257 0.0000000000
81383  -27.318  8.768  -10.783 0.0000000000
82165  -28.566  9.861  -12.140 0.0000000000
81385  -29.223  8.592  -11.355 0.0000000000
131702  -30.515  7.999  -13.121 0.0000000000
80572  -29.764  7.811  -11.197 0.0000000000
77922  -29.469  4.542  -10.266 0.0000000000
125889  -29.885  5.064  -11.467 0.0000000000
77012  -29.482  3.647  -12.136 0.0000000000
130877  -28.163  2.647  -14.651 0.0000000000
76077  -29.075  2.107  -12.573 0.0000000000
128967  -28.810  -1.109  -10.187 0.0000000000
73418  -28.558  -0.759  -12.613 0.0000000000
121168  -28.476  -2.250  -12.703 0.0000000000
71659  -29.359  -2.407  -14.204 0.0000000000
135766  -28.523  -3.145  -12.509 0.0000000000
70638  -23.928  -3.240  -5.514 0.0000000000
71583  -25.618  -2.593  -5.538 0.0000000000
133948  -26.546  -4.310  -5.235 0.0000000000
67765  -28.060  -6.228  -8.422 0.0000000000
68697  -27.852  -5.262  -8.144 0.0000000000
67776  -29.286  -6.421  -10.120 0.0000000000
68719  -29.821  -5.602  -11.768 0.0000000000
68710  -30.321  -6.517  -10.253 0.0000000000
59660  -23.022  -14.133  -2.640 0.0000000000
61717  -21.762  -13.058  -3.166 0.0000000000
60659  -23.144  -13.224  -3.501 0.0000000000
61719  -23.528  -12.393  -3.824 0.0000000000
76047  -28.413  2.247  -8.286 0.0000000000
132290  -29.359  1.905  -9.719 0.0000000000
75149  -28.383  1.503  -7.867 0.0000000000
128733  -28.695  0.111  -7.774 0.0000000000
72507  -28.814  -1.378  -8.413 0.0000000000
68652  -24.597  -5.633  -4.523 0.0000000000
69631  -26.155  -5.078  -4.927 0.0000000000
67733  -26.136  -6.855  -5.460 0.0000000000
67757  -26.819  -7.230  -7.252 0.0000000000
66775  -28.429  -7.756  -7.990 0.0000000000
123343  -22.219  -14.809  -2.057 0.0000000000
68651  -23.555  -5.409  -4.603 0.0000000000
131878  -23.351  -6.807  -4.235 0.0000000000
127187  -24.381  -8.312  -4.354 0.0000000000
136879  -24.506  -10.137  -4.722 0.0000000000
86859  -24.066  15.850  -15.209 0.0000000000
85283  -24.265  13.083  -13.452 0.0000000000
85292  -24.726  13.612  -14.661 0.0000000000
84570  -27.196  12.873  -16.270 0.0000000000
84571  -28.135  12.454  -15.639 0.0000000000
83828  -29.408  11.407  -15.680 0.0000000000
82971  -28.086  10.524  -12.589 0.0000000000
82987  -29.372  10.713  -13.485 0.0000000000
83009  -29.830  10.785  -15.169 0.0000000000
82190  -30.428  9.361  -15.137 0.0000000000
121964  -30.324  7.848  -15.078 0.0000000000
79733  -29.503  6.342  -15.262 0.0000000000
79700  -28.831  6.559  -9.878 0.0000000000
143219  -30.334  6.482  -11.574 0.0000000000
130436  -29.552  5.692  -14.045 0.0000000000
78862  -28.544  5.108  -16.021 0.0000000000
122957  -28.079  3.535  -16.709 0.0000000000
74357  -28.430  0.901  -15.980 0.0000000000
74317  -28.616  0.652  -13.032 0.0000000000
74339  -28.196  0.138  -14.782 0.0000000000
72477  -25.932  -1.149  -6.209 0.0000000000
71601  -27.971  -2.241  -6.771 0.0000000000
122945  -28.424  -2.923  -8.354 0.0000000000
69651  -27.592  -4.436  -6.527 0.0000000000
70676  -28.123  -3.822  -8.121 0.0000000000
70710  -28.182  -4.103  -11.218 0.0000000000
69691  -29.684  -4.839  -12.368 0.0000000000
70720  -30.575  -4.098  -12.275 0.0000000000
63686  -22.600  -10.483  -3.527 0.0000000000
63708  -24.205  -10.762  -4.470 0.0000000000
62745  -25.101  -11.080  -4.528 0.0000000000
64795  -25.516  -9.438  -5.785 0.0000000000
64803  -25.846  -9.136  -6.243 0.0000000000
64775  -26.592  -9.536  -5.312 0.0000000000
63721  -26.098  -10.061  -5.232 0.0000000000
57753  -21.248  -15.819  2.047 0.0000000000
81372  -27.581  8.052  -10.402 0.0000000000
81384  -28.360  8.373  -10.747 0.0000000000
81386  -29.999  8.306  -11.869 0.0000000000
80571  -29.124  7.927  -10.711 0.0000000000
127145  -29.007  3.079  -9.340 0.0000000000
76972  -28.705  3.649  -9.040 0.0000000000
76986  -29.142  3.918  -9.661 0.0000000000
77004  -29.559  3.466  -11.346 0.0000000000
120915  -29.420  2.844  -11.953 0.0000000000
76071  -29.337  2.094  -11.601 0.0000000000
72537  -28.451  -1.674  -11.902 0.0000000000
71639  -28.357  -2.446  -11.634 0.0000000000
121160  -28.794  -3.091  -13.309 0.0000000000
69630  -24.534  -4.036  -4.969 0.0000000000
70639  -25.036  -3.294  -5.272 0.0000000000
127938  -25.590  -4.143  -4.919 0.0000000000
67766  -28.624  -6.927  -8.781 0.0000000000
67772  -28.834  -6.489  -9.342 0.0000000000
67777  -29.875  -6.545  -10.689 0.0000000000
67773  -29.883  -6.914  -9.806 0.0000000000
67768  -30.387  -6.802  -9.290 0.0000000000
143632  -30.034  -7.210  -9.113 0.0000000000
60646  -22.693  -14.052  -3.206 0.0000000000
76032  -27.676  2.056  -7.708 0.0000000000
75161  -28.860  1.541  -8.536 0.0000000000
75148  -27.904  1.344  -7.391 0.0000000000
74252  -27.483  0.036  -6.701 0.0000000000
74253  -28.216  0.071  -7.108 0.0000000000
73375  -28.579  -0.761  -7.468 0.0000000000
73392  -28.908  -0.504  -8.229 0.0000000000
67721  -24.955  -6.545  -4.509 0.0000000000
68668  -25.687  -5.990  -4.727 0.0000000000
67732  -25.557  -6.881  -4.897 0.0000000000
65827  -26.551  -8.378  -6.894 0.0000000000
66751  -26.344  -7.753  -6.585 0.0000000000
66773  -26.775  -7.910  -7.338 0.0000000000
66774  -27.212  -7.552  -7.706 0.0000000000
65835  -27.095  -8.082  -7.526 0.0000000000
65836  -27.942  -8.079  -7.481 0.0000000000
56843  -20.003  -16.902  1.755 0.0000000000
56842  -19.549  -17.565  2.062 0.0000000000
59641  -21.889  -14.926  -1.206 0.0000000000
59642  -22.617  -14.395  -1.381 0.0000000000
67719  -22.960  -6.011  -4.533 0.0000000000
66734  -23.548  -7.691  -4.049 0.0000000000
65791  -23.635  -8.657  -3.889 0.0000000000
64774  -24.407  -9.318  -4.549 0.0000000000
64773  -23.753  -9.774  -4.005 0.0000000000
86044  -24.479  14.752  -13.910 0.0000000000
86052  -24.355  14.869  -14.820 0.0000000000
86060  -24.419  15.312  -15.641 0.0000000000
86053  -24.475  14.433  -15.087 0.0000000000
84553  -25.740  12.209  -14.035 0.0000000000
84560  -25.276  12.835  -14.412 0.0000000000
85293  -25.586  13.201  -15.133 0.0000000000
84569  -26.310  12.883  -15.609 0.0000000000
85301  -26.131  13.097  -16.481 0.0000000000
84563  -28.158  12.139  -14.710 0.0000000000
130849  -28.824  11.931  -15.199 0.0000000000
140122  -28.736  11.716  -14.462 0.0000000000
82164  -27.544  10.002  -11.953 0.0000000000
82166  -29.366  9.658  -12.478 0.0000000000
82972  -28.984  10.355  -12.793 0.0000000000
82178  -29.702  10.037  -13.181 0.0000000000
83000  -29.693  10.849  -14.242 0.0000000000
83001  -30.201  10.092  -14.568 0.0000000000
140220  -30.425  9.340  -14.312 0.0000000000
127107  -30.504  7.910  -14.081 0.0000000000
79734  -30.141  6.976  -14.555 0.0000000000
80593  -29.792  7.096  -15.616 0.0000000000
141868  -29.645  6.206  -14.508 0.0000000000
78804  -28.447  5.156  -9.348 0.0000000000
79685  -28.214  5.962  -9.477 0.0000000000
79701  -29.555  6.181  -10.195 0.0000000000
79702  -30.085  6.423  -10.864 0.0000000000
78824  -29.919  5.647  -10.740 0.0000000000
129527  -29.495  4.632  -13.017 0.0000000000
78830  -29.884  5.279  -12.475 0.0000000000
77961  -29.092  4.945  -14.342 0.0000000000
78851  -29.144  5.556  -15.001 0.0000000000
78850  -28.666  4.800  -15.121 0.0000000000
134170  -28.292  4.408  -16.675 0.0000000000
77960  -28.598  4.190  -14.651 0.0000000000
76086  -28.175  1.967  -14.283 0.0000000000
76104  -27.747  2.552  -15.501 0.0000000000
75214  -27.706  1.707  -15.421 0.0000000000
75224  -28.018  1.581  -16.205 0.0000000000
75215  -27.933  1.111  -15.632 0.0000000000
75172  -29.404  1.157  -10.233 0.0000000000
75177  -29.328  1.271  -11.305 0.0000000000
74312  -29.007  0.575  -12.035 0.0000000000
120639  -28.554  -1.145  -13.594 0.0000000000
123001  -28.389  -0.257  -13.321 0.0000000000
73435  -28.706  -0.798  -14.847 0.0000000000
73443  -28.674  -0.145  -15.308 0.0000000000
73436  -29.340  -0.706  -15.041 0.0000000000
71653  -29.857  -2.742  -13.914 0.0000000000
140556  -30.815  -2.333  -12.804 0.0000000000
71598  -24.289  -1.696  -6.332 0.0000000000
71585  -27.284  -2.940  -5.790 0.0000000000
140614  -26.982  -2.316  -5.701 0.0000000000
130416  -27.460  -2.275  -6.116 0.0000000000
71613  -28.402  -2.227  -7.512 0.0000000000
70659  -28.182  -3.036  -7.364 0.0000000000
68685  -26.968  -5.844  -6.051 0.0000000000
68670  -26.919  -5.162  -5.559 0.0000000000
68686  -27.391  -5.248  -6.449 0.0000000000
127413  -28.110  -5.288  -9.748 0.0000000000
69673  -27.947  -4.706  -8.875 0.0000000000
127243  -28.032  -4.612  -9.917 0.0000000000
70691  -28.141  -3.807  -9.138 0.0000000000
126145  -28.124  -4.605  -10.727 0.0000000000
126243  -28.546  -4.447  -11.980 0.0000000000
69684  -28.473  -4.947  -11.448 0.0000000000
69685  -30.520  -5.477  -11.357 0.0000000000
69692  -30.271  -4.966  -12.099 0.0000000000
70711  -30.947  -4.322  -11.368 0.0000000000
61720  -24.231  -12.080  -4.112 0.0000000000
62744  -23.802  -11.589  -4.168 0.0000000000
131442  -24.515  -11.289  -4.387 0.0000000000
142212  -24.786  -11.613  -4.207 0.0000000000
75146  -26.172  1.256  -7.176 0.0000000000
134575  -26.129  0.430  -6.791 0.0000000000
74250  -25.766  -0.318  -6.607 0.0000000000
65792  -25.105  -8.095  -4.848 0.0000000000
66750  -25.678  -7.805  -5.536 0.0000000000
65812  -25.489  -8.804  -5.845 0.0000000000
65813  -26.586  -8.792  -6.460 0.0000000000
65814  -27.496  -8.611  -6.185 0.0000000000
64797  -26.928  -9.088  -5.787 0.0000000000
132508  -20.172  -17.163  2.487 0.0000000000
58669  -21.100  -15.579  -1.575 0.0000000000
58644  -21.477  -15.242  0.598 0.0000000000
58645  -22.191  -14.936  1.030 0.0000000000
66749  -21.983  -7.327  -4.601 0.0000000000
66733  -21.566  -8.072  -4.494 0.0000000000
83818  -26.660  12.153  -14.192 0.0000000000
132793  -27.048  11.634  -13.651 0.0000000000
82985  -27.571  11.102  -13.134 0.0000000000
82159  -28.187  9.244  -11.376 0.0000000000
82160  -29.059  9.300  -11.841 0.0000000000
81389  -29.678  8.968  -12.162 0.0000000000
81398  -30.455  8.816  -13.607 0.0000000000
81390  -30.244  8.602  -12.635 0.0000000000
144809  -30.379  8.010  -12.383 0.0000000000
80575  -30.489  7.402  -12.632 0.0000000000
78805  -29.059  4.875  -9.660 0.0000000000
138823  -29.721  4.988  -10.718 0.0000000000
77930  -29.687  4.266  -11.199 0.0000000000
77937  -29.628  4.467  -12.226 0.0000000000
77023  -29.282  3.906  -13.055 0.0000000000
77022  -28.687  3.441  -14.022 0.0000000000
77011  -29.098  2.925  -13.036 0.0000000000
134230  -28.573  2.599  -13.901 0.0000000000
76076  -28.624  2.031  -13.452 0.0000000000
74304  -28.887  -0.464  -10.855 0.0000000000
74311  -28.815  -0.173  -11.804 0.0000000000
73412  -28.628  -0.955  -11.760 0.0000000000
72546  -28.513  -1.551  -13.048 0.0000000000
72569  -29.272  -1.600  -14.614 0.0000000000
71651  -29.069  -2.755  -13.908 0.0000000000
71652  -29.415  -2.954  -13.805 0.0000000000
70735  -29.746  -3.415  -13.446 0.0000000000
71582  -24.641  -2.480  -5.722 0.0000000000
70640  -26.044  -3.424  -5.214 0.0000000000
70641  -26.958  -3.600  -5.477 0.0000000000
68696  -27.507  -5.719  -7.526 0.0000000000
68704  -28.171  -5.643  -9.077 0.0000000000
68709  -28.580  -5.888  -9.981 0.0000000000
68718  -29.102  -5.577  -11.403 0.0000000000
68714  -29.135  -6.101  -10.771 0.0000000000
68716  -30.203  -6.237  -11.116 0.0000000000
69679  -30.714  -5.878  -10.505 0.0000000000
126501  -31.053  -5.167  -9.709 0.0000000000
69674  -30.903  -5.975  -9.350 0.0000000000
59667  -22.236  -14.442  -3.127 0.0000000000
60658  -22.514  -13.482  -3.391 0.0000000000
61718  -22.642  -12.573  -3.561 0.0000000000
62732  -23.118  -11.915  -3.817 0.0000000000
60660  -23.890  -12.752  -3.563 0.0000000000
76046  -27.864  2.911  -8.201 0.0000000000
76059  -29.292  2.510  -9.678 0.0000000000
76065  -29.449  2.125  -10.505 0.0000000000
76048  -29.001  2.270  -9.032 0.0000000000
75162  -29.250  1.421  -9.291 0.0000000000
74297  -29.310  0.765  -9.571 0.0000000000
74275  -28.346  0.799  -7.489 0.0000000000
74287  -28.791  0.839  -8.129 0.0000000000
73402  -29.198  0.151  -9.369 0.0000000000
73401  -29.029  -0.691  -9.167 0.0000000000
72516  -28.712  -1.691  -9.524 0.0000000000
68669  -26.495  -5.931  -5.403 0.0000000000
67746  -26.646  -6.670  -6.267 0.0000000000
67758  -27.307  -6.755  -7.807 0.0000000000
67759  -28.007  -7.162  -8.209 0.0000000000
66781  -28.936  -7.443  -8.491 0.0000000000
66782  -29.770  -7.470  -8.540 0.0000000000
55824  -19.273  -18.307  2.411 0.0000000000
133683  -21.747  -14.659  -2.849 0.0000000000
59658  -21.529  -15.145  -2.255 0.0000000000
59659  -22.311  -14.630  -2.763 0.0000000000
134225  -22.695  -14.423  -2.139 0.0000000000
59643  -23.192  -13.989  -1.682 0.0000000000
67720  -24.008  -6.257  -4.368 0.0000000000
132938  -24.444  -7.276  -4.303 0.0000000000
141623  -22.760  -7.258  -4.200 0.0000000000
64794  -24.963  -9.823  -5.282 0.0000000000
86848  -24.326  15.607  -14.377 0.0000000000
85284  -24.494  12.987  -13.967 0.0000000000
85299  -25.257  13.988  -15.516 0.0000000000
85308  -25.364  14.044  -16.420 0.0000000000
84562  -27.208  12.481  -15.038 0.0000000000
84579  -28.170  12.513  -16.740 0.0000000000
83827  -28.851  11.972  -16.203 0.0000000000
128040  -26.999  10.619  -12.518 0.0000000000
82986  -28.605  11.017  -13.238 0.0000000000
83810  -29.078  11.339  -13.929 0.0000000000
83820  -29.320  11.404  -14.735 0.0000000000
83019  -29.826  10.678  -16.203 0.0000000000
83010  -30.225  10.048  -15.657 0.0000000000
81413  -30.423  8.610  -15.595 0.0000000000
81406  -30.495  8.658  -14.622 0.0000000000
143925  -27.115  6.767  -9.673 0.0000000000
80564  -29.509  7.116  -10.514 0.0000000000
135738  -30.196  7.113  -11.243 0.0000000000
79708  -30.428  6.633  -12.925 0.0000000000
78825  -30.208  5.799  -11.541 0.0000000000
78841  -30.022  5.860  -13.185 0.0000000000
79722  -30.058  6.427  -13.786 0.0000000000
143525  -29.021  5.828  -15.829 0.0000000000
77032  -28.187  3.349  -15.098 0.0000000000
77041  -27.810  2.744  -16.292 0.0000000000
76112  -28.565  2.016  -16.845 0.0000000000
120349  -29.022  1.568  -16.593 0.0000000000
75189  -28.737  1.453  -13.058 0.0000000000
75197  -28.227  1.199  -13.869 0.0000000000
141361  -28.649  0.020  -12.560 0.0000000000
74327  -28.127  0.273  -13.975 0.0000000000
131681  -27.952  0.768  -14.488 0.0000000000
74348  -28.203  0.515  -15.440 0.0000000000
72559  -30.470  -1.431  -13.964 0.0000000000
125030  -25.065  -0.996  -6.496 0.0000000000
138188  -26.466  -0.678  -6.345 0.0000000000
72465  -26.327  -1.922  -5.762 0.0000000000
72466  -27.055  -1.804  -5.885 0.0000000000
72479  -27.586  -1.453  -6.318 0.0000000000
72480  -28.250  -1.474  -6.998 0.0000000000
71624  -28.585  -2.298  -8.942 0.0000000000
71629  -28.425  -2.637  -9.880 0.0000000000
69632  -27.260  -4.435  -5.822 0.0000000000
70675  -27.893  -3.915  -7.099 0.0000000000
69665  -27.742  -4.842  -7.230 0.0000000000
69666  -27.935  -4.505  -7.879 0.0000000000
70700  -28.175  -3.702  -10.158 0.0000000000
71634  -28.256  -3.075  -10.868 0.0000000000
121345  -28.341  -3.587  -11.877 0.0000000000
69697  -28.920  -4.088  -12.745 0.0000000000
70730  -30.188  -3.850  -12.970 0.0000000000
69699  -30.050  -4.495  -12.609 0.0000000000
71640  -30.743  -3.210  -12.546 0.0000000000
64755  -22.193  -9.628  -3.517 0.0000000000
64756  -22.957  -9.877  -3.603 0.0000000000
140253  -23.077  -11.197  -3.731 0.0000000000
63687  -23.415  -10.613  -3.880 0.0000000000
63709  -24.913  -10.511  -4.881 0.0000000000
63710  -25.566  -10.497  -4.871 0.0000000000
58643  -20.772  -15.655  0.221 0.0000000000
60657  -22.117  -14.065  -3.242 0.0000000000
64804  -26.142  -8.907  -6.449 0.0000000000
68715  -29.724  -6.139  -11.234 0.0000000000
69615  -25.131  -4.914  -4.685 0.0000000000
69690  -29.122  -4.969  -12.156 0.0000000000
69698  -29.584  -4.152  -12.872 0.0000000000
70642  -27.504  -3.716  -6.142 0.0000000000
70734  -29.270  -3.425  -13.376 0.0000000000
71584  -26.547  -2.783  -5.493 0.0000000000
71599  -25.285  -1.769  -5.947 0.0000000000
71658  -28.978  -2.174  -14.310 0.0000000000
72478  -26.789  -1.237  -6.046 0.0000000000
72491  -28.580  -1.580  -7.664 0.0000000000
72558  -28.722  -2.164  -13.764 0.0000000000
72570  -29.929  -2.034  -14.352 0.0000000000
73355  -27.212  -0.658  -6.367 0.0000000000
73393  -29.025  0.138  -8.546 0.0000000000
73426  -28.458  -0.550  -14.203 0.0000000000
74251  -26.646  -0.081  -6.581 0.0000000000
74274  -27.721  0.782  -6.990 0.0000000000
74288  -29.134  0.825  -8.863 0.0000000000
74305  -29.163  0.431  -11.069 0.0000000000
74349  -28.753  0.400  -15.677 0.0000000000
75147  -27.213  1.424  -7.154 0.0000000000
75183  -29.056  1.346  -12.285 0.0000000000
75207  -27.871  0.940  -15.070 0.0000000000
75225  -28.683  1.333  -16.373 0.0000000000
76031  -26.740  2.077  -7.477 0.0000000000
76096  -27.724  2.057  -14.910 0.0000000000
76113  -29.063  2.263  -17.174 0.0000000000
76973  -28.524  3.013  -8.709 0.0000000000
76997  -29.517  3.700  -10.529 0.0000000000
77970  -28.300  4.082  -15.749 0.0000000000
78818  -29.466  5.369  -10.152 0.0000000000
78831  -30.337  6.132  -12.316 0.0000000000
79699  -27.842  6.737  -9.705 0.0000000000
79703  -30.458  6.904  -12.070 0.0000000000
80573  -30.282  7.633  -11.840 0.0000000000
82167  -30.040  9.334  -12.923 0.0000000000
82988  -29.918  10.317  -13.820 0.0000000000
123087  -29.512  2.877  -10.984 0.0000000000
126744  -28.625  -2.084  -8.147 0.0000000000
127972  -28.498  -1.411  -12.388 0.0000000000
128420  -29.517  5.129  -13.482 0.0000000000
128430  -28.369  -3.073  -9.301 0.0000000000
130660  -27.658  -7.742  -7.828 0.0000000000
131647  -28.558  -1.423  -11.116 0.0000000000
139378  -29.106  -0.378  -9.948 0.0000000000
140265  -31.085  -3.317  -11.703 0.0000000000
142055  -27.902  3.229  -15.916 0.0000000000
142547  -29.324  -4.553  -12.554 0.0000000000
