#!ascii label  , from subject sub-v1s19x0051291_ses-1 vox2ras=TkReg
875
91249  45.355  31.644  31.554 0.0000000000
89294  52.358  27.920  23.799 0.0000000000
92015  45.626  32.059  21.930 0.0000000000
84702  47.081  23.377  15.133 0.0000000000
87822  44.709  26.513  26.827 0.0000000000
94062  50.292  36.338  22.510 0.0000000000
89357  52.744  28.221  17.475 0.0000000000
91336  40.604  31.709  21.337 0.0000000000
92653  55.194  33.868  27.888 0.0000000000
121578  48.183  31.337  27.453 0.0000000000
125834  48.439  24.909  24.396 0.0000000000
92746  43.054  33.006  15.553 0.0000000000
89343  41.817  28.427  19.656 0.0000000000
90641  51.432  30.891  23.931 0.0000000000
87865  47.053  26.810  20.365 0.0000000000
93394  39.743  34.653  19.852 0.0000000000
92636  48.813  33.962  29.319 0.0000000000
91956  46.425  32.226  28.743 0.0000000000
87057  46.952  25.665  25.933 0.0000000000
92744  47.537  34.207  16.860 0.0000000000
92759  44.866  33.246  13.408 0.0000000000
91352  45.062  31.693  17.983 0.0000000000
90693  43.041  30.222  17.765 0.0000000000
90025  44.014  30.311  21.512 0.0000000000
139971  54.161  30.681  26.201 0.0000000000
91984  55.056  32.524  25.345 0.0000000000
90003  54.963  29.852  23.011 0.0000000000
87132  49.517  25.920  15.849 0.0000000000
88633  49.684  27.695  19.234 0.0000000000
87135  46.965  24.966  16.378 0.0000000000
120554  44.940  25.188  18.811 0.0000000000
84705  44.155  23.269  14.591 0.0000000000
84654  44.143  22.831  19.993 0.0000000000
89942  42.487  29.334  30.086 0.0000000000
89947  43.964  29.986  28.524 0.0000000000
92700  47.912  33.846  22.228 0.0000000000
136854  50.979  26.210  22.046 0.0000000000
88608  53.558  28.013  20.905 0.0000000000
87110  51.695  25.856  18.356 0.0000000000
86349  53.058  25.517  15.758 0.0000000000
95529  53.613  37.570  28.026 0.0000000000
93290  53.327  34.906  30.202 0.0000000000
91965  51.051  32.178  27.793 0.0000000000
89962  50.760  29.539  26.297 0.0000000000
89967  45.965  28.993  27.002 0.0000000000
142400  48.406  27.638  26.132 0.0000000000
87834  49.729  26.358  24.412 0.0000000000
86293  49.428  24.139  22.249 0.0000000000
89240  42.538  28.015  32.709 0.0000000000
139161  41.012  35.656  12.712 0.0000000000
94147  40.205  35.206  16.030 0.0000000000
122521  42.138  32.729  18.327 0.0000000000
90696  41.043  29.415  17.949 0.0000000000
88637  39.610  27.042  18.254 0.0000000000
94032  52.730  36.378  25.376 0.0000000000
92675  50.511  33.690  25.189 0.0000000000
90645  47.803  31.353  23.992 0.0000000000
90032  53.187  29.426  20.222 0.0000000000
89301  48.961  28.890  22.186 0.0000000000
89304  46.131  28.902  22.529 0.0000000000
87857  44.750  27.015  21.235 0.0000000000
87102  42.404  25.503  19.164 0.0000000000
94118  38.403  35.274  19.573 0.0000000000
127445  38.329  35.525  18.000 0.0000000000
139114  46.724  33.337  30.413 0.0000000000
91256  45.371  31.841  29.737 0.0000000000
126498  46.424  33.020  19.686 0.0000000000
92057  46.330  33.014  16.819 0.0000000000
92040  45.707  32.437  19.376 0.0000000000
91348  44.536  31.317  19.440 0.0000000000
91335  44.580  31.045  21.497 0.0000000000
89976  52.749  29.391  25.411 0.0000000000
89974  55.111  30.291  24.619 0.0000000000
89283  54.219  28.906  23.664 0.0000000000
87142  48.292  24.698  15.332 0.0000000000
87133  49.000  26.062  16.336 0.0000000000
86341  46.931  24.596  15.204 0.0000000000
86342  46.147  24.534  15.300 0.0000000000
85558  45.587  23.715  14.368 0.0000000000
131704  45.791  22.680  16.796 0.0000000000
84676  46.884  22.630  16.851 0.0000000000
89252  42.096  28.405  28.711 0.0000000000
93381  49.109  35.004  19.385 0.0000000000
93359  49.645  35.479  21.674 0.0000000000
86307  50.180  24.539  20.262 0.0000000000
87864  51.159  26.119  19.986 0.0000000000
87111  50.911  25.064  18.858 0.0000000000
86332  53.429  25.134  15.992 0.0000000000
85547  52.724  23.853  15.672 0.0000000000
85554  51.371  23.793  15.674 0.0000000000
91954  48.781  32.830  28.282 0.0000000000
92644  50.158  33.497  28.633 0.0000000000
91272  49.778  31.568  27.477 0.0000000000
90624  50.463  30.432  26.859 0.0000000000
90626  49.096  30.192  26.875 0.0000000000
89262  43.621  28.140  27.468 0.0000000000
89260  44.999  29.091  27.369 0.0000000000
88575  45.052  27.449  26.808 0.0000000000
87065  47.866  24.943  24.951 0.0000000000
87828  47.543  26.383  25.868 0.0000000000
87064  48.446  25.599  24.909 0.0000000000
87826  49.318  26.764  25.146 0.0000000000
87063  49.096  25.562  24.279 0.0000000000
86286  49.638  24.848  22.708 0.0000000000
86287  49.088  24.492  23.385 0.0000000000
125218  49.544  20.867  21.867 0.0000000000
92760  43.971  32.871  13.648 0.0000000000
93436  42.831  34.217  12.356 0.0000000000
93429  42.410  33.887  14.280 0.0000000000
94156  40.316  35.391  15.028 0.0000000000
93417  41.833  34.086  16.145 0.0000000000
93410  41.346  34.360  17.557 0.0000000000
92049  42.446  32.999  17.567 0.0000000000
90039  42.572  29.691  18.323 0.0000000000
90695  41.706  29.803  17.790 0.0000000000
90048  41.224  29.259  17.939 0.0000000000
89345  40.069  28.367  18.367 0.0000000000
89344  41.027  28.072  18.835 0.0000000000
93993  54.887  35.202  28.505 0.0000000000
95546  53.507  37.282  26.567 0.0000000000
94013  54.941  34.912  26.902 0.0000000000
91303  53.845  31.571  24.193 0.0000000000
91986  52.108  32.811  25.284 0.0000000000
91995  51.585  32.089  24.912 0.0000000000
125691  48.747  32.406  24.539 0.0000000000
90643  49.415  31.017  24.237 0.0000000000
88631  53.319  28.672  18.822 0.0000000000
89328  53.935  29.062  20.065 0.0000000000
141947  53.206  29.241  18.947 0.0000000000
88634  48.531  27.215  19.718 0.0000000000
89332  49.889  28.395  20.553 0.0000000000
88610  47.878  27.846  21.281 0.0000000000
89302  47.996  28.801  22.379 0.0000000000
88611  46.987  27.721  21.475 0.0000000000
89320  45.602  28.283  22.123 0.0000000000
87856  45.653  27.044  21.139 0.0000000000
86337  42.424  24.078  16.439 0.0000000000
87101  43.460  25.488  19.432 0.0000000000
86324  41.991  24.318  17.317 0.0000000000
87118  40.389  24.738  17.821 0.0000000000
94801  50.266  37.126  23.494 0.0000000000
93383  39.578  34.435  20.651 0.0000000000
92716  40.717  33.286  20.776 0.0000000000
93984  50.144  35.224  30.845 0.0000000000
93295  48.255  34.239  30.040 0.0000000000
92647  47.540  33.250  29.111 0.0000000000
91274  47.431  31.542  27.703 0.0000000000
133386  45.407  26.071  26.631 0.0000000000
92752  46.472  33.426  15.244 0.0000000000
123892  45.226  32.259  14.769 0.0000000000
92068  44.507  31.795  15.570 0.0000000000
92059  43.351  31.849  16.544 0.0000000000
90692  43.823  30.777  17.646 0.0000000000
90686  43.369  30.129  19.096 0.0000000000
90034  42.600  28.969  20.614 0.0000000000
91284  54.536  31.450  26.748 0.0000000000
92662  55.506  33.023  26.450 0.0000000000
91294  55.513  31.644  25.641 0.0000000000
91314  55.237  30.948  23.988 0.0000000000
90652  54.337  30.490  23.109 0.0000000000
88657  52.052  27.609  16.235 0.0000000000
88644  51.330  28.197  17.763 0.0000000000
87896  49.973  26.989  17.079 0.0000000000
87889  48.565  26.614  18.237 0.0000000000
87890  47.579  26.266  18.767 0.0000000000
87098  46.063  25.924  19.675 0.0000000000
122282  46.328  25.398  18.224 0.0000000000
86335  44.757  24.569  16.667 0.0000000000
85548  42.820  23.319  15.225 0.0000000000
84661  45.662  22.558  19.036 0.0000000000
90597  44.250  30.750  30.571 0.0000000000
90600  44.278  30.751  29.686 0.0000000000
89944  43.102  29.794  29.634 0.0000000000
89263  42.735  28.140  27.915 0.0000000000
87810  43.741  26.557  27.222 0.0000000000
93400  48.549  34.968  17.892 0.0000000000
92719  48.209  34.427  19.194 0.0000000000
92701  47.069  33.287  21.931 0.0000000000
87848  51.409  26.637  22.834 0.0000000000
88594  52.908  27.762  22.921 0.0000000000
87853  51.831  26.683  21.300 0.0000000000
87875  52.863  27.667  19.335 0.0000000000
87886  52.880  27.916  18.076 0.0000000000
86320  51.714  25.130  17.848 0.0000000000
87124  53.220  25.797  16.238 0.0000000000
87903  53.079  26.879  16.001 0.0000000000
87140  51.286  25.841  15.476 0.0000000000
86352  49.888  24.642  15.513 0.0000000000
84701  48.669  23.384  15.559 0.0000000000
83757  47.830  22.011  17.250 0.0000000000
93991  54.503  35.654  29.860 0.0000000000
93308  54.255  34.398  29.202 0.0000000000
93303  51.333  34.531  29.711 0.0000000000
129532  52.148  33.385  28.666 0.0000000000
91950  53.236  32.973  28.363 0.0000000000
91286  52.025  30.957  27.064 0.0000000000
89961  52.054  29.787  26.103 0.0000000000
89277  51.316  28.486  25.242 0.0000000000
90603  45.145  30.897  28.540 0.0000000000
90614  46.288  30.490  27.609 0.0000000000
89954  46.987  30.253  27.283 0.0000000000
122161  46.434  26.911  26.390 0.0000000000
89271  47.060  28.222  26.588 0.0000000000
120034  48.376  29.120  26.570 0.0000000000
89269  49.236  28.695  26.281 0.0000000000
88580  50.459  28.166  25.443 0.0000000000
88588  51.365  27.581  24.335 0.0000000000
121749  50.669  26.127  22.988 0.0000000000
143349  49.984  25.110  22.128 0.0000000000
86308  49.733  23.974  20.941 0.0000000000
84636  48.900  22.550  22.625 0.0000000000
84644  49.521  22.348  20.940 0.0000000000
90589  44.022  29.920  31.988 0.0000000000
89243  42.150  28.643  31.628 0.0000000000
88547  41.092  27.632  31.761 0.0000000000
136108  42.236  35.566  11.268 0.0000000000
94901  39.992  36.784  13.601 0.0000000000
94128  39.903  35.139  18.174 0.0000000000
93401  41.155  34.060  18.996 0.0000000000
92032  41.326  32.790  19.944 0.0000000000
91354  42.537  31.001  17.291 0.0000000000
91349  41.710  31.102  18.514 0.0000000000
90681  41.203  30.728  19.193 0.0000000000
94049  51.200  36.897  23.538 0.0000000000
92673  53.414  34.016  25.667 0.0000000000
93330  51.220  34.900  25.102 0.0000000000
93339  50.139  35.173  23.886 0.0000000000
92693  48.618  34.081  23.431 0.0000000000
92005  47.466  32.707  23.548 0.0000000000
91326  46.310  31.882  23.098 0.0000000000
89299  54.470  29.101  21.843 0.0000000000
143413  54.037  29.599  21.638 0.0000000000
90666  52.572  30.137  22.514 0.0000000000
89331  51.182  28.857  20.038 0.0000000000
90023  51.228  29.392  21.506 0.0000000000
89992  50.194  29.923  23.095 0.0000000000
89993  49.162  29.879  23.327 0.0000000000
89995  47.114  30.023  23.313 0.0000000000
90668  45.367  30.920  22.643 0.0000000000
90013  44.424  29.795  22.261 0.0000000000
89322  43.772  28.392  21.763 0.0000000000
130939  43.315  27.822  21.381 0.0000000000
87090  44.809  25.966  20.223 0.0000000000
87869  43.455  26.547  20.619 0.0000000000
88624  42.138  27.309  20.414 0.0000000000
87880  41.066  26.324  19.231 0.0000000000
85509  43.956  22.956  21.058 0.0000000000
94141  37.534  35.820  17.950 0.0000000000
94140  37.938  35.825  17.233 0.0000000000
91938  45.720  32.354  31.167 0.0000000000
91944  45.789  32.414  30.277 0.0000000000
91253  45.261  31.832  30.629 0.0000000000
92030  46.385  32.918  20.610 0.0000000000
92031  45.716  32.422  20.261 0.0000000000
139041  45.230  31.941  20.670 0.0000000000
91334  45.117  31.678  21.358 0.0000000000
89284  52.954  28.503  24.174 0.0000000000
89986  53.509  29.076  24.599 0.0000000000
85557  48.143  24.060  15.003 0.0000000000
86354  47.267  24.275  14.829 0.0000000000
85565  46.515  24.030  14.409 0.0000000000
131867  46.317  23.806  14.441 0.0000000000
84703  46.000  23.319  14.751 0.0000000000
84688  46.585  22.956  15.650 0.0000000000
94826  49.755  36.476  21.961 0.0000000000
94077  49.932  36.130  21.305 0.0000000000
93358  50.266  36.019  21.902 0.0000000000
130785  50.519  25.032  19.651 0.0000000000
86315  50.444  24.331  19.429 0.0000000000
84683  52.799  23.136  15.869 0.0000000000
84684  51.202  22.483  16.112 0.0000000000
90675  40.531  30.811  21.084 0.0000000000
91968  48.269  32.113  27.816 0.0000000000
91967  49.246  32.220  27.803 0.0000000000
91273  48.935  31.480  27.456 0.0000000000
90611  49.562  30.768  27.124 0.0000000000
90612  48.643  30.732  27.175 0.0000000000
88563  44.117  27.387  27.101 0.0000000000
89261  44.534  28.209  27.175 0.0000000000
87056  47.770  25.656  25.439 0.0000000000
87835  49.008  26.145  24.845 0.0000000000
87072  48.896  24.884  23.897 0.0000000000
86277  48.540  24.158  23.938 0.0000000000
92754  43.115  33.190  14.458 0.0000000000
93422  42.404  33.712  15.346 0.0000000000
93423  41.596  34.411  15.122 0.0000000000
92747  42.445  33.498  16.212 0.0000000000
92738  42.046  33.721  17.086 0.0000000000
120267  42.834  32.831  16.586 0.0000000000
90040  42.188  29.127  18.977 0.0000000000
90047  41.837  29.484  17.968 0.0000000000
90041  41.454  28.880  18.354 0.0000000000
93310  55.004  34.630  28.149 0.0000000000
94000  54.898  35.210  27.621 0.0000000000
137303  55.167  34.507  27.446 0.0000000000
91304  52.320  31.429  24.253 0.0000000000
126109  51.018  31.468  24.464 0.0000000000
91305  49.976  31.551  24.558 0.0000000000
90642  50.408  30.904  24.137 0.0000000000
89350  52.901  28.588  18.038 0.0000000000
89339  53.254  29.060  18.743 0.0000000000
89351  52.865  28.706  18.052 0.0000000000
88635  47.749  27.101  20.272 0.0000000000
88621  48.247  27.528  20.578 0.0000000000
88622  47.396  27.337  20.854 0.0000000000
88612  46.085  27.653  21.603 0.0000000000
87855  46.545  27.157  21.001 0.0000000000
86338  41.700  23.824  16.641 0.0000000000
86325  41.067  24.157  17.171 0.0000000000
94117  39.112  35.134  19.356 0.0000000000
93395  38.970  34.896  20.099 0.0000000000
93382  40.349  34.126  20.364 0.0000000000
93294  48.863  34.709  30.710 0.0000000000
93284  48.048  34.419  31.020 0.0000000000
91946  46.744  32.813  29.256 0.0000000000
92630  47.018  33.380  29.797 0.0000000000
124836  47.156  32.574  28.611 0.0000000000
91259  46.878  31.973  28.182 0.0000000000
93415  47.197  34.093  16.046 0.0000000000
140413  46.561  33.949  15.209 0.0000000000
92745  47.074  33.682  16.106 0.0000000000
92058  45.651  32.318  17.458 0.0000000000
92067  46.189  32.783  15.869 0.0000000000
91362  45.283  31.967  15.816 0.0000000000
91358  44.941  31.599  16.945 0.0000000000
91363  44.354  31.523  16.380 0.0000000000
132214  44.438  31.250  17.596 0.0000000000
90679  44.049  30.758  19.878 0.0000000000
90685  43.908  30.662  18.651 0.0000000000
90680  43.591  30.256  20.440 0.0000000000
90033  42.921  29.601  19.778 0.0000000000
124676  43.313  29.686  21.045 0.0000000000
89984  55.172  30.067  23.700 0.0000000000
142606  55.397  30.745  24.780 0.0000000000
90651  55.049  30.389  23.512 0.0000000000
91315  54.684  30.990  23.711 0.0000000000
90664  54.743  30.059  22.790 0.0000000000
87905  51.281  26.986  15.934 0.0000000000
87895  50.909  27.378  16.591 0.0000000000
87906  49.996  26.610  16.359 0.0000000000
141287  48.065  25.678  16.672 0.0000000000
87897  48.991  26.462  17.157 0.0000000000
87898  48.054  26.138  17.725 0.0000000000
87112  47.151  25.614  17.777 0.0000000000
87113  46.639  25.802  18.900 0.0000000000
87126  46.394  25.150  17.389 0.0000000000
86356  45.437  24.151  14.507 0.0000000000
86343  45.077  24.422  15.416 0.0000000000
86357  44.401  24.038  14.639 0.0000000000
86344  43.946  24.207  15.505 0.0000000000
84706  43.331  23.273  14.733 0.0000000000
84690  43.506  22.826  15.046 0.0000000000
83750  46.454  22.394  18.501 0.0000000000
84671  45.700  22.640  17.987 0.0000000000
89941  43.140  29.791  30.552 0.0000000000
90598  43.676  30.296  30.100 0.0000000000
89251  42.874  28.947  28.403 0.0000000000
88564  43.228  27.363  27.489 0.0000000000
87811  42.900  26.564  27.618 0.0000000000
93370  49.195  34.964  20.317 0.0000000000
92707  48.072  34.140  21.182 0.0000000000
92708  47.158  33.507  20.935 0.0000000000
129420  51.795  26.764  22.125 0.0000000000
87097  51.036  25.659  19.398 0.0000000000
87863  51.889  26.727  20.199 0.0000000000
87876  51.995  26.642  19.014 0.0000000000
87887  52.615  26.847  17.667 0.0000000000
85531  52.284  24.302  17.430 0.0000000000
86340  53.381  24.560  15.862 0.0000000000
87130  53.267  26.079  15.959 0.0000000000
87894  53.021  26.703  16.435 0.0000000000
87131  53.031  26.374  15.815 0.0000000000
87904  52.514  26.966  15.775 0.0000000000
131420  52.067  25.446  15.459 0.0000000000
84699  50.663  23.131  15.863 0.0000000000
85555  50.224  23.811  15.676 0.0000000000
84700  49.640  23.183  15.789 0.0000000000
85556  49.205  23.947  15.456 0.0000000000
84685  49.225  22.449  16.118 0.0000000000
83766  48.757  22.016  16.466 0.0000000000
93981  54.048  35.529  30.484 0.0000000000
94720  54.259  36.388  30.520 0.0000000000
93301  54.236  34.967  29.850 0.0000000000
93307  54.755  34.968  29.214 0.0000000000
138801  53.518  34.497  29.625 0.0000000000
93305  49.323  34.540  29.937 0.0000000000
93304  50.297  34.560  29.750 0.0000000000
92635  49.730  34.042  29.221 0.0000000000
91952  50.627  32.846  28.193 0.0000000000
92643  51.150  33.436  28.615 0.0000000000
91951  51.791  32.719  28.183 0.0000000000
143513  51.874  32.058  27.719 0.0000000000
91270  52.478  31.581  27.426 0.0000000000
133439  51.478  31.541  27.450 0.0000000000
90623  51.465  30.344  26.666 0.0000000000
89977  51.620  29.136  25.650 0.0000000000
89978  50.830  28.797  25.748 0.0000000000
90604  44.393  30.615  28.892 0.0000000000
91257  44.902  31.224  29.281 0.0000000000
90615  44.702  30.243  28.220 0.0000000000
130010  45.695  29.753  27.455 0.0000000000
89955  46.536  29.646  27.161 0.0000000000
87820  46.185  26.060  26.409 0.0000000000
138295  46.875  26.417  26.188 0.0000000000
88583  48.028  27.063  26.001 0.0000000000
87819  47.223  27.028  26.231 0.0000000000
88572  47.666  27.766  26.383 0.0000000000
89270  47.643  28.638  26.578 0.0000000000
88571  48.410  28.275  26.357 0.0000000000
89279  49.055  27.918  25.979 0.0000000000
88581  49.717  27.531  25.424 0.0000000000
87833  50.016  27.006  24.830 0.0000000000
88589  50.555  27.511  24.872 0.0000000000
120094  50.694  26.881  24.206 0.0000000000
87840  50.967  26.595  23.477 0.0000000000
87841  50.279  26.249  23.692 0.0000000000
86302  49.783  24.595  21.759 0.0000000000
133696  49.486  23.851  21.708 0.0000000000
83724  49.483  21.575  21.403 0.0000000000
83731  49.816  21.584  20.544 0.0000000000
89239  43.452  28.323  33.038 0.0000000000
89936  42.921  28.922  32.109 0.0000000000
89244  41.436  28.278  31.134 0.0000000000
89241  41.751  28.034  32.021 0.0000000000
126605  42.008  34.511  12.813 0.0000000000
93437  42.299  34.788  11.885 0.0000000000
94178  41.854  35.394  11.514 0.0000000000
94907  41.298  36.216  11.564 0.0000000000
94900  40.490  36.515  12.714 0.0000000000
94893  40.289  36.192  13.740 0.0000000000
94148  39.218  35.558  16.253 0.0000000000
94138  39.812  35.259  17.140 0.0000000000
92729  41.739  33.704  18.204 0.0000000000
133796  41.143  34.354  18.286 0.0000000000
92721  41.569  33.281  19.127 0.0000000000
92041  41.770  32.243  18.961 0.0000000000
91360  42.909  30.872  17.065 0.0000000000
130574  42.970  31.479  16.979 0.0000000000
90687  41.351  30.100  17.999 0.0000000000
91355  41.983  30.530  17.649 0.0000000000
90688  40.786  29.825  18.566 0.0000000000
90035  40.222  29.540  19.374 0.0000000000
90042  40.447  29.098  18.323 0.0000000000
89354  39.581  27.474  18.370 0.0000000000
95540  53.170  37.684  27.081 0.0000000000
94781  53.100  36.797  25.605 0.0000000000
94782  52.641  37.218  25.466 0.0000000000
123759  52.558  36.997  25.038 0.0000000000
94048  51.640  37.080  24.056 0.0000000000
94033  52.199  36.901  24.587 0.0000000000
92671  55.434  32.831  25.869 0.0000000000
92663  55.131  33.703  26.207 0.0000000000
92672  54.685  33.462  25.709 0.0000000000
92674  51.488  33.675  25.436 0.0000000000
93331  50.272  34.466  24.723 0.0000000000
93340  49.383  34.605  23.689 0.0000000000
92682  49.460  34.052  24.463 0.0000000000
91307  48.245  31.933  24.318 0.0000000000
91998  48.220  32.742  24.191 0.0000000000
91318  47.562  32.041  23.952 0.0000000000
92006  46.771  32.399  23.153 0.0000000000
127213  47.120  31.401  23.661 0.0000000000
88600  53.303  27.827  21.964 0.0000000000
89300  53.996  28.446  22.315 0.0000000000
88599  54.132  28.613  21.294 0.0000000000
90031  53.938  29.192  20.362 0.0000000000
90020  54.201  29.234  21.254 0.0000000000
90021  53.684  29.480  20.982 0.0000000000
90005  53.240  29.763  21.722 0.0000000000
90022  52.554  29.536  21.153 0.0000000000
88632  50.888  28.320  18.650 0.0000000000
89341  51.751  28.881  19.016 0.0000000000
89342  50.383  28.323  19.622 0.0000000000
89316  49.408  28.577  21.414 0.0000000000
89315  50.572  28.918  21.007 0.0000000000
90024  50.023  29.118  21.866 0.0000000000
90007  50.645  29.602  22.345 0.0000000000
90008  49.547  29.443  22.628 0.0000000000
90009  48.540  29.383  22.824 0.0000000000
89303  47.068  28.812  22.468 0.0000000000
90010  47.577  29.403  22.896 0.0000000000
89996  46.395  30.052  23.138 0.0000000000
90659  46.601  30.747  23.384 0.0000000000
90012  45.853  29.694  22.806 0.0000000000
124829  45.149  30.112  22.632 0.0000000000
88613  45.170  27.639  21.659 0.0000000000
89321  44.650  28.331  22.046 0.0000000000
88614  44.250  27.676  21.612 0.0000000000
87858  43.837  27.082  21.176 0.0000000000
124606  45.828  25.461  18.913 0.0000000000
143647  45.515  26.087  20.160 0.0000000000
87099  45.293  25.654  19.624 0.0000000000
87091  43.943  25.915  20.196 0.0000000000
87092  43.011  26.011  20.016 0.0000000000
87870  42.577  26.662  20.383 0.0000000000
87879  42.057  26.134  19.742 0.0000000000
87103  41.289  25.535  18.743 0.0000000000
86327  39.985  24.700  17.959 0.0000000000
87119  39.528  25.480  18.093 0.0000000000
94119  37.597  35.455  19.561 0.0000000000
94130  38.452  35.407  18.901 0.0000000000
94129  39.145  35.302  18.558 0.0000000000
92629  47.357  33.845  30.497 0.0000000000
91943  46.250  32.899  30.766 0.0000000000
128940  46.401  32.901  29.973 0.0000000000
91947  46.034  32.354  29.443 0.0000000000
92728  47.345  33.671  18.038 0.0000000000
92737  47.205  33.683  17.124 0.0000000000
92039  46.421  33.062  18.751 0.0000000000
92048  45.686  32.395  18.434 0.0000000000
91347  45.073  31.841  18.970 0.0000000000
91353  44.478  31.233  18.399 0.0000000000
91340  45.129  31.897  19.915 0.0000000000
91341  44.643  31.386  20.561 0.0000000000
132970  44.153  30.786  20.828 0.0000000000
90622  53.303  30.014  25.824 0.0000000000
90634  54.429  30.249  25.443 0.0000000000
89975  54.039  29.676  25.049 0.0000000000
89985  54.692  29.540  24.102 0.0000000000
89991  54.867  29.490  23.228 0.0000000000
123275  49.169  25.173  15.519 0.0000000000
136258  48.608  25.425  15.872 0.0000000000
87134  47.730  24.919  15.666 0.0000000000
84704  45.072  23.276  14.556 0.0000000000
135639  44.534  22.874  14.867 0.0000000000
84689  45.565  22.846  15.351 0.0000000000
141365  46.266  22.765  16.122 0.0000000000
132080  46.416  22.556  17.694 0.0000000000
89246  41.916  28.838  30.599 0.0000000000
89248  41.888  28.716  29.627 0.0000000000
93391  49.021  35.095  19.155 0.0000000000
93380  49.198  35.511  20.022 0.0000000000
93369  49.545  35.699  20.782 0.0000000000
93360  48.991  34.783  21.389 0.0000000000
87084  50.336  25.415  21.544 0.0000000000
87854  51.032  26.102  20.922 0.0000000000
87089  50.535  25.416  20.399 0.0000000000
85539  53.579  24.282  16.054 0.0000000000
85546  53.596  23.785  15.961 0.0000000000
86350  52.206  24.646  15.512 0.0000000000
84698  51.744  23.235  15.807 0.0000000000
93291  52.148  34.971  30.305 0.0000000000
92645  49.235  33.494  28.691 0.0000000000
91953  49.681  32.877  28.216 0.0000000000
91966  50.140  32.243  27.798 0.0000000000
91271  50.603  31.588  27.488 0.0000000000
90610  50.272  31.055  27.228 0.0000000000
89963  49.802  29.271  26.377 0.0000000000
129461  44.060  28.857  27.637 0.0000000000
89956  44.370  29.583  27.905 0.0000000000
89272  45.467  28.266  26.899 0.0000000000
126067  47.283  24.964  25.469 0.0000000000
87827  48.437  26.397  25.436 0.0000000000
88582  48.816  27.232  25.665 0.0000000000
87842  49.690  25.822  23.831 0.0000000000
122509  49.404  25.213  23.560 0.0000000000
86294  49.145  24.007  22.809 0.0000000000
83718  49.124  21.628  22.402 0.0000000000
82789  50.170  20.438  21.676 0.0000000000
92769  43.461  33.838  12.655 0.0000000000
92761  43.211  33.497  13.388 0.0000000000
134088  42.542  34.037  13.240 0.0000000000
94164  41.306  35.031  13.419 0.0000000000
94165  40.626  35.554  14.042 0.0000000000
93424  41.035  34.987  14.507 0.0000000000
138566  40.814  34.951  15.362 0.0000000000
93418  41.109  34.689  16.075 0.0000000000
93411  40.774  34.840  16.913 0.0000000000
125954  41.449  34.379  16.792 0.0000000000
90046  42.266  29.873  17.649 0.0000000000
90694  42.490  30.414  17.482 0.0000000000
90049  40.754  28.874  18.122 0.0000000000
134569  40.901  28.745  18.129 0.0000000000
89353  40.268  28.057  18.328 0.0000000000
88636  40.437  27.179  18.687 0.0000000000
123669  54.113  37.066  27.680 0.0000000000
95539  53.706  37.367  27.232 0.0000000000
94755  54.147  36.837  27.004 0.0000000000
94001  54.513  35.891  26.938 0.0000000000
94031  53.576  35.870  25.907 0.0000000000
91993  54.462  32.111  24.723 0.0000000000
91985  53.602  32.951  25.277 0.0000000000
91994  52.928  32.177  24.784 0.0000000000
91987  50.944  32.860  25.269 0.0000000000
91988  49.934  32.986  25.121 0.0000000000
134730  50.467  32.168  24.919 0.0000000000
91306  49.025  31.730  24.510 0.0000000000
90644  48.540  31.213  24.190 0.0000000000
88619  53.575  28.412  19.824 0.0000000000
88607  54.041  28.833  20.328 0.0000000000
88630  53.725  28.996  19.506 0.0000000000
89329  53.557  29.186  19.496 0.0000000000
88620  49.239  27.797  20.163 0.0000000000
89333  48.812  28.071  20.964 0.0000000000
89317  48.397  28.390  21.701 0.0000000000
89318  47.468  28.294  21.896 0.0000000000
89319  46.552  28.254  22.042 0.0000000000
86322  44.367  24.732  17.790 0.0000000000
87115  43.918  25.038  18.694 0.0000000000
86323  43.181  24.563  17.605 0.0000000000
87116  42.790  24.935  18.456 0.0000000000
87117  41.552  24.821  18.046 0.0000000000
86326  40.732  24.176  17.485 0.0000000000
124913  50.008  36.707  22.657 0.0000000000
94106  38.204  35.119  20.273 0.0000000000
92033  40.955  32.265  20.669 0.0000000000
127079  47.631  33.733  29.744 0.0000000000
92646  48.383  33.397  28.817 0.0000000000
91955  47.929  32.762  28.433 0.0000000000
91969  47.520  32.229  28.108 0.0000000000
87050  45.585  25.400  26.527 0.0000000000
87049  46.239  25.200  26.201 0.0000000000
129481  46.724  24.934  25.827 0.0000000000
86269  46.922  24.311  25.636 0.0000000000
86268  47.467  24.229  25.160 0.0000000000
86278  47.990  24.181  24.595 0.0000000000
93428  45.478  33.762  13.880 0.0000000000
92758  45.598  33.139  13.962 0.0000000000
92075  45.859  32.892  14.457 0.0000000000
92079  45.379  32.762  14.023 0.0000000000
92080  44.649  32.483  14.127 0.0000000000
92076  44.359  32.121  14.929 0.0000000000
92069  43.685  32.120  15.664 0.0000000000
125989  43.892  31.602  16.181 0.0000000000
91359  43.521  31.265  16.789 0.0000000000
90700  43.223  30.726  17.167 0.0000000000
91268  54.953  32.236  27.232 0.0000000000
120127  55.391  33.056  27.199 0.0000000000
137894  55.489  32.482  26.656 0.0000000000
91976  55.642  32.304  26.096 0.0000000000
91983  55.579  32.169  25.600 0.0000000000
90633  55.296  30.837  25.360 0.0000000000
127399  55.486  31.102  24.906 0.0000000000
91992  55.407  31.706  24.980 0.0000000000
91302  55.001  31.419  24.279 0.0000000000
91316  53.499  30.995  23.630 0.0000000000
90653  53.119  30.531  23.059 0.0000000000
88651  52.563  27.998  16.814 0.0000000000
88643  52.394  28.394  17.451 0.0000000000
88652  51.692  28.028  16.919 0.0000000000
88653  50.567  27.563  17.408 0.0000000000
88645  50.149  27.627  18.305 0.0000000000
87888  49.530  27.035  17.843 0.0000000000
88646  49.091  27.134  18.757 0.0000000000
87877  48.276  26.724  19.093 0.0000000000
87878  47.659  26.699  19.697 0.0000000000
123273  46.845  26.320  19.675 0.0000000000
87114  45.542  24.968  17.832 0.0000000000
86334  45.862  24.748  16.533 0.0000000000
86336  43.542  24.359  16.576 0.0000000000
86345  42.943  23.869  15.608 0.0000000000
84678  42.590  22.632  16.383 0.0000000000
125508  44.521  22.684  18.940 0.0000000000
129356  44.743  22.570  17.183 0.0000000000
138826  44.908  22.653  18.223 0.0000000000
144129  45.173  22.635  19.788 0.0000000000
91250  44.769  31.243  31.047 0.0000000000
91254  44.764  31.315  30.139 0.0000000000
90601  43.721  30.241  29.246 0.0000000000
127211  43.242  29.649  28.827 0.0000000000
89945  42.553  29.204  29.178 0.0000000000
126464  43.616  29.315  28.174 0.0000000000
93409  47.568  34.429  17.045 0.0000000000
93408  47.912  34.601  17.434 0.0000000000
93392  48.916  35.025  18.543 0.0000000000
92727  48.200  34.477  18.251 0.0000000000
92715  47.273  33.619  19.945 0.0000000000
92023  46.317  32.733  21.553 0.0000000000
88595  51.692  27.209  23.477 0.0000000000
88601  52.247  27.231  22.539 0.0000000000
88609  52.558  27.286  21.613 0.0000000000
87852  52.727  27.431  20.542 0.0000000000
88642  52.782  28.133  17.432 0.0000000000
86321  51.015  24.296  18.499 0.0000000000
130922  53.419  24.587  16.370 0.0000000000
86333  52.970  25.148  16.703 0.0000000000
87125  52.585  25.943  17.185 0.0000000000
125712  52.843  27.613  17.046 0.0000000000
88650  52.764  27.818  16.884 0.0000000000
88656  52.766  27.439  16.334 0.0000000000
87909  51.609  26.498  15.601 0.0000000000
87910  50.572  26.291  15.719 0.0000000000
86351  51.060  25.073  15.456 0.0000000000
87141  50.184  25.522  15.553 0.0000000000
86353  48.890  24.503  15.357 0.0000000000
134116  47.815  23.591  15.129 0.0000000000
84687  47.591  22.698  16.225 0.0000000000
84686  48.212  22.837  15.898 0.0000000000
83767  48.260  22.154  16.576 0.0000000000
94740  54.302  36.857  28.499 0.0000000000
94739  54.648  35.890  28.968 0.0000000000
144650  54.901  34.782  28.677 0.0000000000
92641  54.303  33.670  28.608 0.0000000000
93292  50.935  35.058  30.411 0.0000000000
92634  50.701  34.006  29.166 0.0000000000
92633  51.762  33.930  29.154 0.0000000000
93302  52.481  34.461  29.663 0.0000000000
92642  53.086  33.853  29.088 0.0000000000
91963  54.720  32.953  27.965 0.0000000000
130460  53.907  32.383  27.799 0.0000000000
91269  53.676  31.767  27.392 0.0000000000
91285  53.245  31.086  26.951 0.0000000000
91287  51.028  30.959  27.155 0.0000000000
127005  52.668  30.441  26.509 0.0000000000
89276  52.277  28.779  24.973 0.0000000000
89285  51.837  28.207  24.578 0.0000000000
91260  45.667  31.678  28.852 0.0000000000
143749  45.023  29.837  27.739 0.0000000000
136597  45.434  30.410  27.906 0.0000000000
123124  46.283  31.665  28.361 0.0000000000
91275  46.612  31.301  27.887 0.0000000000
124184  46.989  30.865  27.540 0.0000000000
90613  47.718  30.623  27.268 0.0000000000
87821  45.617  26.760  26.593 0.0000000000
88574  45.951  27.540  26.628 0.0000000000
122210  46.345  28.254  26.709 0.0000000000
88573  46.785  27.617  26.488 0.0000000000
89966  46.832  28.887  26.779 0.0000000000
89965  47.486  29.586  26.887 0.0000000000
90627  48.392  29.955  26.875 0.0000000000
89964  49.112  29.532  26.595 0.0000000000
89979  50.123  28.754  26.015 0.0000000000
89278  49.711  28.204  25.834 0.0000000000
89286  51.081  27.975  24.905 0.0000000000
87079  49.998  25.643  23.211 0.0000000000
138127  50.256  25.568  22.463 0.0000000000
86301  50.089  24.787  20.998 0.0000000000
85515  50.019  23.707  20.038 0.0000000000
137699  48.788  23.863  23.334 0.0000000000
85499  48.831  23.285  22.988 0.0000000000
85498  49.174  23.356  22.218 0.0000000000
84635  49.243  22.442  21.819 0.0000000000
85508  49.432  23.181  21.352 0.0000000000
85516  49.691  23.075  20.532 0.0000000000
91243  45.015  30.946  31.978 0.0000000000
90594  44.383  30.589  31.499 0.0000000000
90595  43.745  30.228  31.036 0.0000000000
89938  43.333  29.604  31.540 0.0000000000
89935  43.701  29.190  32.507 0.0000000000
89939  42.598  29.288  31.084 0.0000000000
88550  40.834  27.766  30.725 0.0000000000
95620  39.568  37.299  13.996 0.0000000000
94894  39.682  36.584  14.380 0.0000000000
94886  39.112  36.967  14.874 0.0000000000
94139  38.733  35.527  17.067 0.0000000000
127811  39.174  35.378  17.790 0.0000000000
93403  39.843  34.883  19.020 0.0000000000
124135  40.624  34.819  17.802 0.0000000000
93402  40.559  34.609  18.647 0.0000000000
93393  40.488  34.357  19.499 0.0000000000
92722  40.972  33.678  19.843 0.0000000000
92060  42.895  32.317  17.084 0.0000000000
136226  42.635  32.075  17.597 0.0000000000
92050  42.197  31.568  18.011 0.0000000000
91342  41.391  31.751  19.693 0.0000000000
91343  40.951  31.286  20.387 0.0000000000
90682  40.629  30.383  19.855 0.0000000000
95547  52.875  37.488  26.199 0.0000000000
94800  51.149  37.111  23.653 0.0000000000
94061  50.653  36.738  23.192 0.0000000000
94050  50.637  36.347  23.169 0.0000000000
93318  55.385  33.972  26.859 0.0000000000
93327  54.269  34.630  25.999 0.0000000000
93328  53.050  35.212  25.746 0.0000000000
140051  52.510  33.531  25.493 0.0000000000
124978  52.224  34.489  25.573 0.0000000000
93329  52.139  35.785  25.175 0.0000000000
94034  51.635  36.534  24.255 0.0000000000
93338  50.945  35.895  23.977 0.0000000000
93348  50.255  35.753  22.794 0.0000000000
93349  49.504  35.108  22.684 0.0000000000
92699  48.712  34.457  22.499 0.0000000000
92683  48.712  33.632  24.149 0.0000000000
92684  48.128  33.312  23.746 0.0000000000
92694  47.896  33.567  23.134 0.0000000000
92013  47.161  33.031  22.807 0.0000000000
92014  46.357  32.431  22.494 0.0000000000
89293  53.573  28.375  23.263 0.0000000000
89292  54.592  28.940  22.770 0.0000000000
89291  54.684  29.405  22.650 0.0000000000
89313  54.209  29.048  20.782 0.0000000000
90004  54.435  29.548  22.263 0.0000000000
90665  53.992  30.061  22.321 0.0000000000
90654  51.879  30.482  23.270 0.0000000000
89340  52.934  29.146  18.554 0.0000000000
89330  52.705  29.289  19.399 0.0000000000
89314  51.945  29.300  20.538 0.0000000000
90006  51.886  29.720  22.037 0.0000000000
90667  51.281  30.066  22.791 0.0000000000
90655  50.811  30.444  23.498 0.0000000000
90656  49.813  30.428  23.699 0.0000000000
90657  48.849  30.544  23.810 0.0000000000
127491  48.132  30.763  23.852 0.0000000000
89994  48.106  30.043  23.450 0.0000000000
90658  47.467  30.702  23.643 0.0000000000
140576  46.548  31.462  23.369 0.0000000000
91320  45.991  31.211  23.084 0.0000000000
91327  45.747  31.649  22.585 0.0000000000
91328  45.126  31.349  22.094 0.0000000000
90669  44.709  30.614  22.186 0.0000000000
89305  45.088  29.132  22.483 0.0000000000
89306  44.134  29.028  22.129 0.0000000000
137119  43.811  29.597  21.788 0.0000000000
90026  43.352  29.075  21.568 0.0000000000
136354  43.014  28.512  21.331 0.0000000000
89334  42.422  28.071  20.755 0.0000000000
87866  46.130  26.521  20.421 0.0000000000
87867  45.215  26.501  20.673 0.0000000000
87868  44.358  26.483  20.711 0.0000000000
87100  44.428  25.517  19.569 0.0000000000
88623  42.919  27.254  20.901 0.0000000000
138781  41.727  27.780  20.034 0.0000000000
88625  41.399  27.167  19.680 0.0000000000
87881  39.912  26.309  18.317 0.0000000000
87104  40.334  25.618  18.356 0.0000000000
84670  47.075  22.277  17.938 0.0000000000
84677  43.581  22.532  16.224 0.0000000000
84691  42.812  23.011  15.102 0.0000000000
84692  42.347  23.065  15.755 0.0000000000
85559  44.899  23.762  14.335 0.0000000000
85560  44.002  23.615  14.552 0.0000000000
85566  45.830  23.993  14.233 0.0000000000
86355  46.346  24.223  14.562 0.0000000000
86358  43.507  23.700  14.903 0.0000000000
87139  52.364  26.148  15.556 0.0000000000
87871  41.878  26.715  20.036 0.0000000000
89352  52.220  28.741  18.132 0.0000000000
89997  45.846  30.468  22.989 0.0000000000
90011  46.684  29.471  22.864 0.0000000000
90621  55.219  31.271  26.092 0.0000000000
90625  49.795  29.951  26.693 0.0000000000
90640  55.317  30.714  24.270 0.0000000000
90699  44.014  31.126  17.048 0.0000000000
91276  45.894  31.082  28.177 0.0000000000
91283  55.467  31.884  26.421 0.0000000000
91301  55.376  31.135  24.481 0.0000000000
91317  52.392  30.862  23.648 0.0000000000
91319  46.897  32.000  23.522 0.0000000000
91964  52.785  32.240  27.811 0.0000000000
91996  49.481  32.341  24.784 0.0000000000
91997  49.096  33.132  24.684 0.0000000000
92024  45.663  32.310  21.117 0.0000000000
92047  46.388  33.046  17.796 0.0000000000
92637  48.109  33.741  29.397 0.0000000000
92640  54.784  34.388  28.627 0.0000000000
92676  49.785  33.600  24.899 0.0000000000
92714  48.231  34.324  20.141 0.0000000000
92720  47.312  33.695  18.988 0.0000000000
92736  47.872  34.365  17.531 0.0000000000
92753  43.789  32.538  14.676 0.0000000000
93293  49.545  34.903  30.580 0.0000000000
93319  54.872  34.502  26.495 0.0000000000
93399  48.889  35.018  18.305 0.0000000000
93430  41.763  34.456  13.922 0.0000000000
94014  54.347  35.397  26.437 0.0000000000
94076  50.119  36.200  21.837 0.0000000000
94088  49.847  36.244  21.369 0.0000000000
94134  47.991  34.804  17.516 0.0000000000
94170  41.637  35.009  12.377 0.0000000000
94754  54.541  36.161  27.870 0.0000000000
94765  53.789  36.523  26.305 0.0000000000
94766  53.220  37.185  25.926 0.0000000000
95541  52.432  37.685  26.836 0.0000000000
95626  40.067  37.284  12.945 0.0000000000
122442  44.014  33.416  13.006 0.0000000000
122743  45.646  32.300  16.579 0.0000000000
124402  45.838  32.614  15.153 0.0000000000
126742  50.019  34.880  30.279 0.0000000000
131605  44.614  22.621  15.862 0.0000000000
131751  46.042  33.526  14.540 0.0000000000
131937  47.141  23.907  14.651 0.0000000000
135560  50.895  24.362  15.559 0.0000000000
136622  43.341  28.703  27.870 0.0000000000
139199  52.837  27.330  16.405 0.0000000000
141562  43.018  33.819  12.823 0.0000000000
