#!ascii label  , from subject sub-v1s19x0051291_ses-1 vox2ras=TkReg
1174
58518  25.038  -3.874  64.256 0.0000000000
123039  39.383  -3.616  70.436 0.0000000000
73677  40.801  10.346  46.280 0.0000000000
62666  37.654  -0.819  56.041 0.0000000000
60693  43.929  -2.105  61.118 0.0000000000
78984  48.485  16.593  37.518 0.0000000000
122283  43.061  8.684  50.130 0.0000000000
67782  38.036  5.324  50.163 0.0000000000
52235  22.968  -10.220  65.198 0.0000000000
57332  32.647  -3.338  67.393 0.0000000000
55256  35.030  -5.228  64.813 0.0000000000
58579  28.212  -4.264  60.836 0.0000000000
74644  46.445  12.031  42.045 0.0000000000
60601  29.254  -1.332  70.011 0.0000000000
58435  23.613  -4.264  70.448 0.0000000000
77268  45.222  15.047  44.833 0.0000000000
51212  21.427  -10.192  70.088 0.0000000000
49134  16.715  -13.231  69.741 0.0000000000
67722  38.587  4.447  55.029 0.0000000000
63624  40.907  -0.311  58.127 0.0000000000
128938  39.810  -4.524  57.991 0.0000000000
57446  38.002  -4.559  61.911 0.0000000000
70747  42.766  8.260  51.655 0.0000000000
69765  40.403  6.859  49.996 0.0000000000
69739  40.599  6.906  51.686 0.0000000000
73627  44.869  10.841  51.259 0.0000000000
56318  24.266  -6.619  62.606 0.0000000000
52261  23.731  -9.642  63.534 0.0000000000
56288  23.580  -6.842  64.887 0.0000000000
59581  29.146  -2.860  65.982 0.0000000000
58515  30.196  -3.434  64.545 0.0000000000
58549  26.384  -3.982  62.601 0.0000000000
56332  25.274  -6.587  60.370 0.0000000000
74630  40.734  11.220  44.173 0.0000000000
75518  43.616  12.556  47.654 0.0000000000
75540  43.060  13.139  45.914 0.0000000000
122765  42.993  13.136  43.718 0.0000000000
57272  23.038  -5.439  72.755 0.0000000000
55181  22.278  -7.794  69.966 0.0000000000
128652  22.083  -8.248  72.760 0.0000000000
126349  16.889  -10.863  74.489 0.0000000000
123554  18.181  -11.387  71.616 0.0000000000
49110  15.487  -12.789  71.505 0.0000000000
45530  14.168  -16.359  71.682 0.0000000000
138644  13.332  -15.909  73.784 0.0000000000
65668  41.653  1.130  60.798 0.0000000000
62631  42.903  -0.808  59.648 0.0000000000
60727  41.879  -2.505  57.995 0.0000000000
59648  42.187  -3.409  59.401 0.0000000000
57452  32.896  -4.726  61.581 0.0000000000
56312  37.044  -5.109  63.399 0.0000000000
57481  34.915  -4.962  59.963 0.0000000000
57495  36.221  -5.152  58.275 0.0000000000
65716  36.889  2.219  55.292 0.0000000000
65741  35.818  1.994  52.905 0.0000000000
62688  35.808  -1.028  54.137 0.0000000000
79849  49.882  17.381  34.104 0.0000000000
77333  47.936  15.017  35.111 0.0000000000
72705  42.268  9.732  48.147 0.0000000000
69792  39.924  7.005  48.484 0.0000000000
74579  44.547  11.825  49.577 0.0000000000
56190  36.652  -4.083  68.888 0.0000000000
139643  37.164  -4.724  67.296 0.0000000000
56245  34.490  -4.408  66.093 0.0000000000
58544  31.183  -4.443  62.341 0.0000000000
58594  29.964  -4.457  59.354 0.0000000000
77277  49.400  13.978  43.442 0.0000000000
75576  49.398  12.842  41.615 0.0000000000
75593  48.170  12.290  40.266 0.0000000000
75601  47.459  12.338  38.368 0.0000000000
119969  26.980  -2.817  67.684 0.0000000000
126195  24.272  -3.689  67.181 0.0000000000
138694  25.787  -2.430  69.753 0.0000000000
59546  30.504  -2.349  68.293 0.0000000000
76426  46.185  13.901  43.166 0.0000000000
134050  22.739  -7.232  67.663 0.0000000000
52206  22.200  -10.143  67.554 0.0000000000
122841  19.763  -12.128  67.363 0.0000000000
138878  20.407  -10.546  72.524 0.0000000000
138332  18.581  -11.946  69.567 0.0000000000
43330  11.763  -17.725  74.455 0.0000000000
69708  40.309  6.594  54.487 0.0000000000
64640  37.560  1.623  57.511 0.0000000000
64608  39.976  1.155  59.736 0.0000000000
63640  39.394  -0.652  57.154 0.0000000000
61738  41.051  -2.032  56.466 0.0000000000
58645  41.273  -4.144  56.609 0.0000000000
56398  38.270  -6.112  55.091 0.0000000000
56262  38.213  -4.788  66.374 0.0000000000
57408  39.571  -4.217  64.181 0.0000000000
121284  41.774  -3.923  61.759 0.0000000000
58591  39.502  -4.568  59.724 0.0000000000
123314  37.655  -5.370  56.621 0.0000000000
129656  38.268  4.893  53.065 0.0000000000
65775  36.010  2.407  49.779 0.0000000000
142285  43.058  8.477  52.687 0.0000000000
70749  41.788  7.630  51.725 0.0000000000
70726  42.107  7.972  52.941 0.0000000000
71688  44.045  9.080  52.415 0.0000000000
57416  24.195  -5.463  63.556 0.0000000000
55243  23.629  -7.068  64.017 0.0000000000
57398  24.031  -5.255  64.302 0.0000000000
59583  26.937  -3.213  65.434 0.0000000000
59607  27.444  -3.412  63.912 0.0000000000
58533  26.097  -3.754  63.338 0.0000000000
57436  24.965  -4.989  62.341 0.0000000000
74623  40.860  11.095  45.088 0.0000000000
73675  42.186  11.097  47.149 0.0000000000
75529  43.272  12.900  46.849 0.0000000000
74621  42.203  12.114  46.010 0.0000000000
74628  41.909  12.276  45.149 0.0000000000
50168  15.481  -12.105  73.776 0.0000000000
50167  16.356  -11.418  73.226 0.0000000000
49084  14.843  -12.804  73.114 0.0000000000
47901  14.500  -14.771  71.416 0.0000000000
47886  14.138  -14.594  72.186 0.0000000000
46725  13.798  -16.023  72.454 0.0000000000
63595  43.196  -0.465  60.260 0.0000000000
62630  43.404  -1.044  60.235 0.0000000000
60715  42.795  -2.249  59.332 0.0000000000
59638  43.067  -3.356  60.310 0.0000000000
57308  39.967  -3.656  69.551 0.0000000000
58592  32.160  -4.532  59.201 0.0000000000
57466  34.376  -4.970  60.857 0.0000000000
57482  33.704  -4.694  59.127 0.0000000000
139960  34.409  -4.865  58.280 0.0000000000
63641  36.817  0.852  56.335 0.0000000000
63667  36.022  0.757  54.971 0.0000000000
78974  48.787  16.399  38.501 0.0000000000
79831  49.336  17.647  37.985 0.0000000000
79837  49.180  17.647  37.051 0.0000000000
78994  48.867  17.103  35.235 0.0000000000
78143  47.752  15.478  35.956 0.0000000000
143476  42.573  9.281  48.776 0.0000000000
71743  41.248  8.515  48.251 0.0000000000
71733  41.700  8.104  48.987 0.0000000000
68779  38.780  5.790  49.894 0.0000000000
68791  39.270  6.133  49.005 0.0000000000
67792  38.214  5.291  49.124 0.0000000000
71709  44.107  9.615  50.690 0.0000000000
73638  44.091  10.309  49.793 0.0000000000
73644  43.709  10.669  48.928 0.0000000000
129174  23.451  -9.844  64.335 0.0000000000
51278  22.240  -11.264  65.257 0.0000000000
57330  34.264  -3.787  67.696 0.0000000000
56216  35.488  -4.314  67.363 0.0000000000
57367  33.145  -3.880  66.258 0.0000000000
58546  29.291  -4.121  62.634 0.0000000000
128020  30.554  -4.055  63.468 0.0000000000
58560  29.573  -4.353  61.875 0.0000000000
138241  30.311  -4.496  60.680 0.0000000000
58578  29.008  -4.407  60.480 0.0000000000
58597  27.611  -4.615  59.505 0.0000000000
60769  41.073  -3.332  55.154 0.0000000000
140673  47.499  13.002  42.645 0.0000000000
75553  49.219  12.980  42.717 0.0000000000
125220  48.138  12.297  42.274 0.0000000000
74673  48.157  11.841  40.564 0.0000000000
74674  47.696  11.537  39.797 0.0000000000
75594  47.684  12.301  39.379 0.0000000000
60611  28.231  -1.944  68.910 0.0000000000
59550  26.364  -2.632  68.414 0.0000000000
60603  27.572  -1.541  70.121 0.0000000000
59522  30.038  -1.624  69.488 0.0000000000
59548  28.801  -2.459  67.929 0.0000000000
77267  47.099  14.855  43.864 0.0000000000
76415  45.542  14.422  43.793 0.0000000000
75571  43.761  13.232  43.036 0.0000000000
58474  23.897  -3.758  68.834 0.0000000000
57351  22.966  -5.647  67.297 0.0000000000
57316  22.479  -5.949  68.888 0.0000000000
138853  21.907  -9.176  70.081 0.0000000000
52191  22.262  -9.085  68.439 0.0000000000
51225  21.562  -10.254  69.166 0.0000000000
51255  21.000  -11.346  67.449 0.0000000000
126808  20.119  -11.509  68.535 0.0000000000
51172  19.985  -10.510  73.690 0.0000000000
49122  17.278  -12.396  70.241 0.0000000000
144255  18.266  -11.715  70.559 0.0000000000
49133  17.566  -12.787  69.402 0.0000000000
49141  18.058  -13.180  68.102 0.0000000000
66689  38.165  3.148  57.939 0.0000000000
64624  41.921  0.214  59.295 0.0000000000
64607  40.871  0.890  60.117 0.0000000000
63613  40.641  0.113  58.474 0.0000000000
64637  39.839  0.070  58.264 0.0000000000
63625  40.248  -0.341  57.904 0.0000000000
62655  40.117  -1.055  56.888 0.0000000000
62654  40.715  -1.268  57.028 0.0000000000
124005  41.768  -3.517  58.089 0.0000000000
58644  41.728  -3.720  56.697 0.0000000000
58646  40.440  -4.782  56.500 0.0000000000
58659  40.196  -5.370  55.614 0.0000000000
57538  39.497  -5.186  56.347 0.0000000000
138039  36.252  -4.959  66.223 0.0000000000
56243  37.747  -4.848  66.766 0.0000000000
55238  36.553  -5.236  65.701 0.0000000000
57428  37.620  -4.692  62.729 0.0000000000
57410  38.082  -4.801  64.010 0.0000000000
57426  38.991  -4.370  62.964 0.0000000000
57424  40.178  -4.038  62.558 0.0000000000
57444  39.930  -4.279  61.834 0.0000000000
58574  40.353  -4.373  60.938 0.0000000000
57461  38.857  -4.576  60.485 0.0000000000
57542  35.772  -5.502  56.613 0.0000000000
57494  36.827  -5.170  57.983 0.0000000000
68715  39.418  5.360  54.563 0.0000000000
132165  39.516  5.795  53.506 0.0000000000
67748  38.438  4.685  53.849 0.0000000000
64715  35.365  1.103  51.698 0.0000000000
65755  36.027  2.612  51.813 0.0000000000
79001  50.918  16.793  33.077 0.0000000000
70761  42.928  8.355  50.955 0.0000000000
120545  41.822  7.665  50.377 0.0000000000
70763  41.738  7.576  51.103 0.0000000000
69751  40.524  6.908  50.823 0.0000000000
134798  39.189  6.037  51.218 0.0000000000
73612  45.499  10.945  52.191 0.0000000000
71698  43.980  9.139  51.574 0.0000000000
128515  23.873  -8.284  63.156 0.0000000000
54215  23.620  -8.431  64.244 0.0000000000
130742  23.502  -8.070  65.534 0.0000000000
58491  30.829  -2.942  66.396 0.0000000000
57369  31.430  -3.270  65.796 0.0000000000
121932  29.882  -3.193  65.013 0.0000000000
58531  27.983  -3.606  63.380 0.0000000000
136132  27.603  -4.011  61.959 0.0000000000
57470  26.219  -5.162  60.410 0.0000000000
57454  26.052  -4.851  61.273 0.0000000000
56324  24.935  -6.153  61.280 0.0000000000
74656  46.112  11.431  41.501 0.0000000000
61577  28.648  -0.654  71.360 0.0000000000
77236  44.408  13.710  48.186 0.0000000000
77240  44.173  14.433  46.562 0.0000000000
77249  44.352  14.628  45.479 0.0000000000
76417  43.815  13.889  44.457 0.0000000000
75545  43.012  13.418  44.762 0.0000000000
75547  41.837  12.296  43.715 0.0000000000
58419  23.508  -4.500  71.446 0.0000000000
57301  22.658  -5.746  70.321 0.0000000000
56181  22.420  -6.760  71.342 0.0000000000
54149  21.998  -8.395  71.064 0.0000000000
134654  21.585  -9.514  71.173 0.0000000000
50165  18.660  -10.729  73.248 0.0000000000
50186  17.232  -11.132  72.786 0.0000000000
50208  16.294  -12.029  71.544 0.0000000000
141796  15.949  -13.138  70.532 0.0000000000
46750  15.215  -15.476  70.274 0.0000000000
63597  42.358  0.105  59.539 0.0000000000
63611  42.082  -0.230  58.923 0.0000000000
61722  41.693  -1.477  58.067 0.0000000000
61705  42.035  -1.930  58.368 0.0000000000
138292  41.991  -3.233  58.699 0.0000000000
59659  41.688  -3.721  58.931 0.0000000000
56316  33.986  -5.259  63.539 0.0000000000
136106  35.714  -5.413  64.228 0.0000000000
57431  34.869  -5.375  62.528 0.0000000000
57449  35.961  -5.124  61.561 0.0000000000
57448  36.717  -4.839  61.388 0.0000000000
57478  37.191  -4.761  59.574 0.0000000000
120500  35.177  -4.960  59.086 0.0000000000
57520  34.739  -5.174  57.220 0.0000000000
66716  37.697  3.503  55.277 0.0000000000
66732  37.058  3.119  54.209 0.0000000000
65726  36.784  2.496  54.532 0.0000000000
63677  35.382  0.683  53.193 0.0000000000
80787  50.329  18.664  34.979 0.0000000000
78997  49.284  16.781  34.237 0.0000000000
73662  41.817  10.221  47.442 0.0000000000
72718  40.033  9.077  46.758 0.0000000000
72707  40.701  8.845  47.534 0.0000000000
69781  40.188  6.869  49.250 0.0000000000
68804  39.038  6.053  48.263 0.0000000000
74565  45.871  12.283  51.447 0.0000000000
119855  45.459  12.483  50.649 0.0000000000
75509  44.920  13.042  49.477 0.0000000000
142568  44.231  11.808  48.927 0.0000000000
73660  43.317  11.046  48.208 0.0000000000
56188  37.712  -3.950  69.339 0.0000000000
56199  38.369  -4.045  69.007 0.0000000000
129955  36.633  -4.478  67.889 0.0000000000
55200  35.592  -4.625  66.454 0.0000000000
55242  34.573  -4.823  65.180 0.0000000000
125495  31.869  -3.791  64.973 0.0000000000
56286  32.600  -4.385  64.483 0.0000000000
56301  33.701  -5.006  64.177 0.0000000000
57453  32.016  -4.544  62.002 0.0000000000
58576  31.479  -4.509  59.826 0.0000000000
58613  30.962  -4.511  58.154 0.0000000000
76439  49.679  13.337  41.427 0.0000000000
130492  47.933  11.499  41.234 0.0000000000
75587  48.627  12.273  40.823 0.0000000000
128358  49.420  13.945  40.582 0.0000000000
141336  48.507  14.008  39.676 0.0000000000
76465  47.790  13.950  38.946 0.0000000000
77312  47.473  14.047  37.947 0.0000000000
77328  47.478  14.109  36.419 0.0000000000
59584  26.255  -3.287  65.645 0.0000000000
59586  24.727  -3.635  65.655 0.0000000000
59563  25.909  -3.213  67.467 0.0000000000
59551  25.488  -2.995  68.543 0.0000000000
135138  24.620  -3.274  69.961 0.0000000000
60593  27.245  -1.478  70.882 0.0000000000
59510  24.421  -3.409  71.592 0.0000000000
58408  23.798  -4.173  72.987 0.0000000000
143791  38.566  -3.490  71.272 0.0000000000
57281  37.039  -3.458  70.385 0.0000000000
57298  35.499  -3.468  69.325 0.0000000000
58451  33.905  -3.023  69.002 0.0000000000
58433  32.439  -2.352  69.401 0.0000000000
58471  31.988  -2.912  67.938 0.0000000000
58473  30.327  -2.537  67.598 0.0000000000
59573  27.575  -2.996  66.341 0.0000000000
77265  48.973  14.636  43.724 0.0000000000
76425  47.138  13.714  43.140 0.0000000000
75555  46.656  13.406  42.765 0.0000000000
76428  44.417  13.859  43.652 0.0000000000
75570  44.760  13.142  42.586 0.0000000000
74645  45.673  12.002  41.815 0.0000000000
58494  23.583  -4.890  66.175 0.0000000000
143308  23.338  -6.976  66.199 0.0000000000
54180  23.038  -8.618  66.802 0.0000000000
55190  22.397  -7.813  69.206 0.0000000000
54169  22.623  -8.485  67.779 0.0000000000
52221  22.375  -10.374  66.596 0.0000000000
51268  21.343  -11.434  66.569 0.0000000000
50272  19.808  -12.448  66.419 0.0000000000
52149  21.344  -9.934  72.351 0.0000000000
51200  20.883  -10.463  71.440 0.0000000000
50223  19.203  -11.448  70.787 0.0000000000
50237  19.489  -11.468  70.115 0.0000000000
50252  19.060  -12.057  68.693 0.0000000000
44361  12.658  -16.787  74.481 0.0000000000
135509  41.712  7.718  53.518 0.0000000000
67705  38.558  4.524  56.193 0.0000000000
66701  37.727  3.332  56.128 0.0000000000
122855  37.396  2.328  56.819 0.0000000000
128476  37.355  0.299  56.725 0.0000000000
64626  38.850  1.428  58.714 0.0000000000
63627  38.491  0.326  57.756 0.0000000000
62657  38.873  -0.773  56.806 0.0000000000
62664  39.311  -1.339  56.352 0.0000000000
60755  40.465  -2.562  55.451 0.0000000000
59693  41.608  -3.534  55.628 0.0000000000
140742  41.473  -2.339  56.931 0.0000000000
59683  41.778  -3.383  56.426 0.0000000000
122992  41.709  -3.969  55.175 0.0000000000
57565  39.916  -5.891  54.948 0.0000000000
56397  39.267  -6.394  54.821 0.0000000000
60667  43.825  -2.817  62.079 0.0000000000
56211  38.562  -4.215  68.421 0.0000000000
56241  39.131  -4.352  67.325 0.0000000000
57378  40.304  -3.925  66.217 0.0000000000
56282  37.575  -5.098  65.402 0.0000000000
57395  38.842  -4.513  65.012 0.0000000000
57392  40.714  -3.683  65.312 0.0000000000
58527  41.851  -3.325  63.705 0.0000000000
136254  42.481  -3.747  62.082 0.0000000000
59629  42.669  -3.979  61.339 0.0000000000
136767  41.682  -4.142  60.377 0.0000000000
58589  40.906  -4.217  59.320 0.0000000000
58611  39.411  -4.536  58.755 0.0000000000
57477  37.939  -4.698  59.079 0.0000000000
133748  38.536  -4.629  58.518 0.0000000000
57492  39.064  -4.602  57.869 0.0000000000
57540  37.732  -5.661  55.743 0.0000000000
69717  40.510  6.741  53.391 0.0000000000
68736  39.412  5.915  52.840 0.0000000000
67771  37.973  5.300  51.161 0.0000000000
66762  37.072  3.851  53.018 0.0000000000
66774  36.393  3.317  51.433 0.0000000000
66796  36.725  4.086  50.012 0.0000000000
76493  47.689  13.749  35.740 0.0000000000
70736  42.797  8.368  53.071 0.0000000000
70737  42.530  8.195  52.505 0.0000000000
71679  43.454  8.684  53.172 0.0000000000
58535  24.571  -4.598  63.832 0.0000000000
58519  24.388  -4.412  64.573 0.0000000000
59595  26.490  -3.345  64.816 0.0000000000
59609  25.856  -3.585  64.104 0.0000000000
57415  24.716  -4.742  63.061 0.0000000000
73683  41.166  10.936  45.936 0.0000000000
73684  40.408  10.445  45.546 0.0000000000
73676  41.465  10.644  46.706 0.0000000000
74613  42.504  11.861  46.827 0.0000000000
74614  41.839  11.431  46.402 0.0000000000
74622  41.549  11.637  45.581 0.0000000000
49097  14.408  -13.672  72.631 0.0000000000
49085  14.324  -13.661  73.549 0.0000000000
47873  13.878  -14.607  73.160 0.0000000000
126970  43.700  -1.333  60.933 0.0000000000
62621  43.464  -0.724  60.872 0.0000000000
61675  43.641  -1.837  60.384 0.0000000000
60705  43.248  -2.487  59.999 0.0000000000
60694  43.613  -2.787  60.640 0.0000000000
57277  40.252  -3.448  70.713 0.0000000000
57293  39.576  -3.650  69.921 0.0000000000
58612  31.914  -4.564  58.171 0.0000000000
57483  32.920  -4.592  59.611 0.0000000000
57498  32.798  -4.596  58.658 0.0000000000
120728  32.609  -4.651  57.779 0.0000000000
63652  37.148  -0.023  56.271 0.0000000000
62677  36.316  -0.218  55.277 0.0000000000
78127  48.253  15.805  37.946 0.0000000000
78983  49.014  17.066  38.285 0.0000000000
79832  48.893  17.260  37.568 0.0000000000
79838  48.667  17.101  36.772 0.0000000000
78136  47.969  15.778  36.952 0.0000000000
125441  42.418  8.557  49.393 0.0000000000
137789  41.967  7.905  49.710 0.0000000000
67806  37.494  4.427  48.410 0.0000000000
67793  37.417  4.655  49.545 0.0000000000
72689  43.617  9.402  49.996 0.0000000000
71724  43.100  9.270  49.329 0.0000000000
142970  23.233  -9.907  64.887 0.0000000000
52250  23.177  -10.509  64.391 0.0000000000
51277  22.744  -10.891  64.821 0.0000000000
52236  22.566  -10.603  65.655 0.0000000000
57331  33.459  -3.574  67.545 0.0000000000
57347  34.062  -4.012  67.049 0.0000000000
57348  33.303  -3.733  66.874 0.0000000000
58561  28.218  -4.140  61.673 0.0000000000
120712  28.922  -4.336  61.327 0.0000000000
58596  28.293  -4.383  59.955 0.0000000000
58580  27.517  -4.440  60.386 0.0000000000
59703  41.486  -3.855  54.755 0.0000000000
74643  47.307  12.158  42.220 0.0000000000
74683  47.603  10.740  38.788 0.0000000000
60612  27.402  -1.837  69.369 0.0000000000
60602  28.315  -1.567  69.695 0.0000000000
60610  29.119  -1.755  69.228 0.0000000000
77248  44.720  15.186  45.919 0.0000000000
144041  45.848  15.331  44.581 0.0000000000
130679  46.039  14.924  44.108 0.0000000000
142211  45.406  14.738  44.287 0.0000000000
58456  23.414  -4.317  69.463 0.0000000000
58475  23.258  -4.491  68.562 0.0000000000
133153  22.831  -5.063  69.138 0.0000000000
52179  21.857  -9.566  69.470 0.0000000000
51226  20.988  -10.747  69.672 0.0000000000
51240  21.168  -10.810  68.778 0.0000000000
50147  19.557  -10.563  73.869 0.0000000000
47935  16.861  -13.744  68.918 0.0000000000
63612  41.447  0.050  58.702 0.0000000000
142636  41.158  0.289  58.862 0.0000000000
62650  40.494  -0.716  57.502 0.0000000000
62649  41.214  -0.879  57.823 0.0000000000
58626  40.676  -4.412  57.543 0.0000000000
58625  41.476  -3.857  57.414 0.0000000000
58627  39.704  -4.720  57.245 0.0000000000
55240  35.534  -5.096  65.457 0.0000000000
55221  36.588  -5.078  66.173 0.0000000000
55239  36.067  -5.273  65.453 0.0000000000
57447  37.433  -4.656  61.678 0.0000000000
120503  38.391  -4.510  62.569 0.0000000000
129858  39.193  -4.423  62.085 0.0000000000
57445  38.654  -4.531  61.541 0.0000000000
58575  39.456  -4.497  61.216 0.0000000000
57462  38.025  -4.573  61.044 0.0000000000
123362  39.045  4.819  54.848 0.0000000000
67734  39.023  4.963  54.211 0.0000000000
67735  38.542  4.531  54.498 0.0000000000
70762  42.312  7.927  51.037 0.0000000000
134212  42.185  7.869  51.543 0.0000000000
69738  41.274  7.300  52.058 0.0000000000
69750  41.191  7.265  51.306 0.0000000000
69740  39.852  6.486  51.238 0.0000000000
73593  45.917  10.922  52.855 0.0000000000
71699  43.437  8.654  52.018 0.0000000000
72661  44.603  9.676  52.136 0.0000000000
142506  43.345  8.608  51.457 0.0000000000
142289  23.689  -7.885  63.872 0.0000000000
134964  23.609  -7.798  64.736 0.0000000000
54203  23.518  -8.602  64.946 0.0000000000
55226  23.553  -7.496  65.370 0.0000000000
58492  29.988  -2.814  66.232 0.0000000000
58504  29.922  -3.007  65.579 0.0000000000
59592  29.177  -3.056  65.238 0.0000000000
58532  26.972  -3.587  63.268 0.0000000000
59606  28.051  -3.363  64.156 0.0000000000
58548  27.312  -3.798  62.558 0.0000000000
58563  26.749  -4.234  61.787 0.0000000000
58564  25.819  -4.575  62.062 0.0000000000
56317  24.649  -5.870  62.057 0.0000000000
56325  24.518  -6.802  61.816 0.0000000000
75517  44.090  12.791  48.185 0.0000000000
142079  44.191  13.243  48.105 0.0000000000
75528  43.842  13.477  47.301 0.0000000000
76393  43.417  13.464  46.337 0.0000000000
76392  43.733  14.068  46.036 0.0000000000
76406  43.434  13.750  45.431 0.0000000000
135744  41.334  11.743  44.742 0.0000000000
143799  41.711  12.226  44.411 0.0000000000
74629  41.282  11.835  43.931 0.0000000000
58409  23.412  -4.682  72.417 0.0000000000
57284  23.024  -5.253  71.803 0.0000000000
56180  22.700  -6.082  72.070 0.0000000000
55149  22.276  -7.439  72.367 0.0000000000
54127  22.055  -8.131  72.036 0.0000000000
53094  21.756  -8.852  71.519 0.0000000000
50150  17.635  -10.701  74.288 0.0000000000
50166  17.909  -10.806  73.397 0.0000000000
50209  15.766  -12.193  72.066 0.0000000000
50187  16.432  -11.623  72.338 0.0000000000
49109  16.036  -12.649  70.904 0.0000000000
47900  15.371  -13.628  70.815 0.0000000000
47920  15.513  -14.499  70.183 0.0000000000
46736  14.090  -15.470  71.849 0.0000000000
46735  14.619  -15.717  71.015 0.0000000000
46712  13.617  -15.584  73.172 0.0000000000
124322  13.541  -16.391  73.092 0.0000000000
63596  42.814  -0.148  59.832 0.0000000000
63610  42.551  -0.366  59.374 0.0000000000
62639  42.373  -0.795  59.051 0.0000000000
135051  42.126  -1.291  58.644 0.0000000000
61704  42.566  -1.552  59.075 0.0000000000
60706  42.725  -3.021  59.713 0.0000000000
133902  42.312  -2.798  58.990 0.0000000000
122005  33.355  -4.967  62.361 0.0000000000
57432  34.026  -5.262  62.637 0.0000000000
57451  33.761  -5.010  61.695 0.0000000000
123049  34.225  -4.828  59.879 0.0000000000
57450  35.137  -5.239  61.642 0.0000000000
57465  35.400  -5.051  60.777 0.0000000000
121442  36.125  -4.982  60.782 0.0000000000
57480  35.823  -4.982  59.916 0.0000000000
127215  37.335  2.708  55.754 0.0000000000
65715  37.287  2.947  54.912 0.0000000000
62678  35.796  -0.132  54.519 0.0000000000
63668  35.625  0.687  54.057 0.0000000000
62689  35.484  -0.161  53.623 0.0000000000
78995  48.440  16.538  35.488 0.0000000000
78147  48.377  15.464  34.535 0.0000000000
78151  48.670  15.164  33.920 0.0000000000
77339  48.405  14.558  34.393 0.0000000000
72717  40.900  9.777  46.977 0.0000000000
72706  41.482  9.332  47.808 0.0000000000
70803  40.293  7.581  48.200 0.0000000000
70802  40.636  8.174  48.008 0.0000000000
70804  39.558  7.288  47.624 0.0000000000
69793  39.290  6.583  47.942 0.0000000000
69764  41.117  7.248  50.421 0.0000000000
70779  40.727  7.137  49.657 0.0000000000
68792  38.685  5.659  48.588 0.0000000000
68805  38.490  5.494  47.783 0.0000000000
74544  45.661  11.600  51.822 0.0000000000
74566  45.249  11.658  51.154 0.0000000000
73637  44.523  11.159  50.045 0.0000000000
74578  44.896  11.834  50.355 0.0000000000
142946  45.310  12.936  50.084 0.0000000000
75501  44.924  12.439  49.886 0.0000000000
75510  44.476  12.437  49.015 0.0000000000
72694  43.088  10.049  48.591 0.0000000000
73661  42.638  10.616  47.822 0.0000000000
56189  37.036  -4.075  69.066 0.0000000000
128004  37.409  -4.251  68.596 0.0000000000
56202  36.380  -4.325  68.221 0.0000000000
142042  35.747  -4.477  66.975 0.0000000000
56244  35.032  -4.511  66.323 0.0000000000
55211  35.037  -4.663  65.928 0.0000000000
56264  34.303  -4.459  65.715 0.0000000000
58503  30.684  -3.272  65.215 0.0000000000
57382  31.476  -3.511  65.202 0.0000000000
57397  31.129  -3.629  64.621 0.0000000000
57435  31.158  -4.268  63.260 0.0000000000
57413  31.916  -4.312  63.898 0.0000000000
56302  33.219  -4.662  64.503 0.0000000000
57412  32.759  -4.680  63.785 0.0000000000
57433  32.717  -4.736  62.694 0.0000000000
57434  31.945  -4.499  63.040 0.0000000000
122380  29.785  -4.476  60.181 0.0000000000
58577  31.031  -4.494  60.717 0.0000000000
122614  30.565  -4.489  59.977 0.0000000000
58593  30.773  -4.486  59.120 0.0000000000
58614  30.148  -4.511  58.498 0.0000000000
57486  25.808  -5.922  59.960 0.0000000000
77264  49.800  14.520  43.715 0.0000000000
75567  48.970  12.515  42.099 0.0000000000
75566  49.627  13.027  42.262 0.0000000000
140967  49.853  13.259  41.874 0.0000000000
76438  50.265  13.706  41.951 0.0000000000
73712  47.324  11.000  40.787 0.0000000000
76449  48.717  12.864  40.582 0.0000000000
76448  49.296  13.322  40.856 0.0000000000
76457  48.888  13.603  40.289 0.0000000000
76458  48.117  13.158  39.802 0.0000000000
76459  47.596  13.021  38.979 0.0000000000
77311  47.873  14.934  38.293 0.0000000000
76466  47.440  13.224  38.111 0.0000000000
120430  26.945  -3.096  66.902 0.0000000000
59574  26.014  -3.251  66.671 0.0000000000
59562  26.433  -3.136  67.349 0.0000000000
60622  26.524  -2.236  69.152 0.0000000000
59536  25.231  -2.903  69.433 0.0000000000
59537  24.667  -3.318  69.122 0.0000000000
124960  25.116  -2.845  70.280 0.0000000000
61578  27.703  -0.950  71.423 0.0000000000
60579  26.068  -1.795  72.095 0.0000000000
59523  24.998  -2.860  71.160 0.0000000000
59509  24.814  -2.881  72.070 0.0000000000
58418  23.886  -3.999  72.014 0.0000000000
57269  38.008  -3.411  71.110 0.0000000000
57299  34.725  -3.251  69.172 0.0000000000
59531  31.570  -2.213  69.225 0.0000000000
58453  32.195  -2.630  68.653 0.0000000000
58454  31.350  -2.473  68.481 0.0000000000
58472  31.169  -2.690  67.767 0.0000000000
59549  27.940  -2.592  67.797 0.0000000000
59560  28.567  -2.661  67.256 0.0000000000
59561  27.710  -2.849  67.088 0.0000000000
120704  26.885  -3.174  66.142 0.0000000000
71752  39.417  8.499  46.472 0.0000000000
77280  46.635  14.337  43.554 0.0000000000
77279  47.620  14.178  43.503 0.0000000000
75556  45.750  13.423  42.722 0.0000000000
75558  43.698  13.595  43.808 0.0000000000
74647  43.897  12.588  42.285 0.0000000000
74646  44.879  12.346  41.897 0.0000000000
58493  24.059  -4.080  66.208 0.0000000000
58506  23.819  -4.757  65.657 0.0000000000
58485  23.489  -4.596  66.983 0.0000000000
56231  22.909  -6.633  67.234 0.0000000000
56247  23.140  -6.450  66.632 0.0000000000
55201  23.159  -7.323  66.746 0.0000000000
127042  23.293  -8.077  66.346 0.0000000000
126307  22.951  -7.965  67.234 0.0000000000
56192  22.423  -6.600  70.497 0.0000000000
139284  22.429  -6.384  69.658 0.0000000000
135211  22.036  -9.849  68.467 0.0000000000
53135  22.360  -9.550  67.753 0.0000000000
52205  22.619  -9.721  66.948 0.0000000000
51267  22.022  -11.023  66.178 0.0000000000
51254  21.737  -10.814  67.228 0.0000000000
50262  20.270  -11.671  67.785 0.0000000000
50271  20.531  -11.894  66.783 0.0000000000
50273  19.282  -12.520  66.996 0.0000000000
51171  20.471  -10.447  73.306 0.0000000000
51186  20.923  -10.335  72.097 0.0000000000
142088  20.453  -10.613  71.914 0.0000000000
121151  18.192  -11.078  72.454 0.0000000000
50206  18.758  -11.217  71.874 0.0000000000
124701  18.599  -11.739  70.164 0.0000000000
50224  18.593  -11.505  71.068 0.0000000000
141661  19.044  -11.601  70.181 0.0000000000
51214  19.943  -11.190  70.784 0.0000000000
50238  18.964  -11.769  69.571 0.0000000000
50251  19.659  -11.554  69.190 0.0000000000
123441  18.586  -12.213  69.061 0.0000000000
45496  13.035  -16.059  74.437 0.0000000000
45484  12.731  -16.046  75.220 0.0000000000
44362  12.182  -17.178  74.786 0.0000000000
44371  12.335  -17.587  74.099 0.0000000000
68687  39.820  5.963  55.790 0.0000000000
135679  38.024  3.950  56.401 0.0000000000
65693  37.802  2.303  57.729 0.0000000000
66700  37.933  3.193  57.012 0.0000000000
64649  37.206  1.138  57.034 0.0000000000
64609  39.339  1.567  59.236 0.0000000000
63626  39.426  -0.242  57.729 0.0000000000
64638  39.025  0.567  58.294 0.0000000000
122123  38.870  -0.322  57.318 0.0000000000
127080  38.010  0.056  57.189 0.0000000000
62656  39.602  -1.004  56.809 0.0000000000
61739  40.309  -1.577  56.419 0.0000000000
61748  40.550  -2.132  55.963 0.0000000000
60754  41.154  -2.811  55.820 0.0000000000
60744  41.677  -2.197  57.636 0.0000000000
60728  41.740  -2.879  57.181 0.0000000000
58657  41.716  -3.818  55.940 0.0000000000
58658  41.104  -4.563  55.522 0.0000000000
123436  39.234  -5.762  55.428 0.0000000000
56418  38.595  -6.972  54.646 0.0000000000
56212  38.100  -4.300  68.210 0.0000000000
56198  38.554  -4.118  68.736 0.0000000000
122697  38.184  -4.437  67.765 0.0000000000
56242  38.401  -4.612  67.057 0.0000000000
56261  38.904  -4.509  66.633 0.0000000000
57366  39.655  -4.231  66.846 0.0000000000
57379  39.477  -4.336  66.120 0.0000000000
56313  36.230  -5.377  63.611 0.0000000000
121356  36.767  -5.348  64.494 0.0000000000
134869  37.251  -5.228  64.334 0.0000000000
57409  38.782  -4.515  63.973 0.0000000000
56298  38.139  -4.854  64.803 0.0000000000
131119  39.952  -4.064  65.440 0.0000000000
57393  40.344  -3.845  64.482 0.0000000000
58528  41.234  -3.487  64.479 0.0000000000
122818  41.095  -3.612  63.585 0.0000000000
58557  40.743  -4.029  61.775 0.0000000000
58543  40.985  -3.781  62.637 0.0000000000
58572  42.125  -4.117  60.849 0.0000000000
58573  41.259  -4.129  61.005 0.0000000000
133747  39.699  -4.556  60.462 0.0000000000
58590  40.278  -4.524  59.993 0.0000000000
134552  40.086  -4.493  59.272 0.0000000000
57479  36.467  -4.899  59.522 0.0000000000
120502  36.677  -4.963  58.827 0.0000000000
57517  36.971  -5.418  57.057 0.0000000000
57493  37.928  -4.788  58.306 0.0000000000
124368  37.580  -5.071  57.628 0.0000000000
135143  38.318  -4.782  57.729 0.0000000000
57516  38.140  -5.052  57.029 0.0000000000
69716  40.973  7.149  53.909 0.0000000000
143241  40.379  6.625  53.940 0.0000000000
68737  38.967  5.302  53.479 0.0000000000
135581  38.774  5.521  52.560 0.0000000000
68749  38.660  5.665  51.648 0.0000000000
67758  38.075  5.132  52.146 0.0000000000
66746  36.698  3.101  53.389 0.0000000000
66745  37.357  3.708  53.835 0.0000000000
65769  36.012  2.568  50.850 0.0000000000
66783  36.728  4.093  51.020 0.0000000000
66784  36.367  3.300  50.417 0.0000000000
79000  51.525  17.409  33.147 0.0000000000
79008  51.290  16.020  32.620 0.0000000000
79007  51.821  16.734  32.731 0.0000000000
76485  47.542  13.386  36.268 0.0000000000
122680  42.937  8.390  52.244 0.0000000000
70748  42.356  8.017  52.000 0.0000000000
70738  41.909  7.762  52.323 0.0000000000
71689  43.505  8.704  52.606 0.0000000000
57437  24.421  -5.666  62.818 0.0000000000
55258  23.915  -7.315  63.216 0.0000000000
56303  24.008  -6.402  63.382 0.0000000000
56287  23.749  -6.156  64.131 0.0000000000
57399  23.637  -5.864  64.866 0.0000000000
59582  28.228  -3.020  65.619 0.0000000000
59593  28.517  -3.228  64.728 0.0000000000
59594  27.483  -3.251  64.800 0.0000000000
59608  26.719  -3.435  64.014 0.0000000000
58550  25.520  -4.304  62.783 0.0000000000
74599  42.904  11.484  47.527 0.0000000000
74612  43.099  12.218  47.225 0.0000000000
75530  42.783  12.517  46.427 0.0000000000
75541  42.510  12.770  45.489 0.0000000000
57266  23.131  -5.568  73.665 0.0000000000
56173  22.748  -6.177  72.995 0.0000000000
56168  22.826  -6.147  73.851 0.0000000000
50188  15.594  -12.022  72.760 0.0000000000
49096  15.106  -12.870  72.275 0.0000000000
47885  14.736  -13.765  71.675 0.0000000000
134943  13.824  -15.275  72.557 0.0000000000
46697  13.598  -15.158  73.909 0.0000000000
63585  43.321  -0.149  60.965 0.0000000000
61690  43.161  -1.586  59.750 0.0000000000
57468  32.881  -4.634  60.521 0.0000000000
136263  33.508  -4.806  60.956 0.0000000000
57467  33.609  -4.727  60.157 0.0000000000
139438  34.491  -4.845  59.271 0.0000000000
57497  33.393  -4.708  58.005 0.0000000000
64650  36.951  1.822  56.175 0.0000000000
64665  36.526  1.304  55.606 0.0000000000
78114  49.214  16.198  39.177 0.0000000000
78968  49.712  16.677  39.353 0.0000000000
78973  49.282  16.762  38.873 0.0000000000
125826  49.287  17.720  35.545 0.0000000000
79840  48.971  17.487  36.146 0.0000000000
79841  48.568  16.964  35.970 0.0000000000
125485  48.155  15.880  35.316 0.0000000000
71732  41.932  8.926  48.565 0.0000000000
70793  41.005  7.792  48.646 0.0000000000
70794  40.594  7.274  48.977 0.0000000000
69752  39.898  6.558  50.290 0.0000000000
69766  39.802  6.539  49.505 0.0000000000
68778  39.358  6.202  49.721 0.0000000000
139127  38.888  5.838  49.243 0.0000000000
67805  38.155  5.036  48.141 0.0000000000
72673  44.567  9.960  51.345 0.0000000000
73643  44.182  11.207  49.274 0.0000000000
72693  43.568  9.912  49.286 0.0000000000
138676  23.518  -10.437  63.652 0.0000000000
50282  21.780  -11.978  64.787 0.0000000000
51279  21.593  -11.607  65.689 0.0000000000
57312  35.281  -3.725  68.565 0.0000000000
56203  35.731  -4.215  68.041 0.0000000000
57329  35.041  -3.979  67.847 0.0000000000
56229  34.614  -4.306  66.615 0.0000000000
56246  33.768  -4.239  65.880 0.0000000000
124051  29.834  -3.959  63.347 0.0000000000
58529  30.419  -3.746  63.992 0.0000000000
58545  30.266  -4.298  62.656 0.0000000000
58559  30.472  -4.466  61.543 0.0000000000
58595  29.134  -4.447  59.608 0.0000000000
58615  29.333  -4.528  58.743 0.0000000000
141626  28.404  -4.572  58.980 0.0000000000
142370  27.687  -4.842  58.774 0.0000000000
60770  40.329  -2.989  54.794 0.0000000000
76424  48.060  13.504  43.185 0.0000000000
76423  48.948  13.406  43.187 0.0000000000
75554  48.504  12.892  42.745 0.0000000000
74667  47.740  11.332  40.493 0.0000000000
128872  47.566  11.552  38.707 0.0000000000
60621  27.363  -2.299  68.477 0.0000000000
60604  26.600  -1.880  70.130 0.0000000000
59532  30.697  -2.094  69.019 0.0000000000
59547  29.651  -2.349  68.110 0.0000000000
59533  29.838  -2.005  68.759 0.0000000000
60620  28.261  -2.305  68.325 0.0000000000
78074  47.517  15.443  44.233 0.0000000000
75572  43.007  12.685  42.859 0.0000000000
58484  23.720  -4.023  67.908 0.0000000000
134854  23.163  -4.768  67.777 0.0000000000
57333  22.769  -5.342  68.247 0.0000000000
56218  22.628  -6.315  67.984 0.0000000000
129817  22.057  -8.665  70.260 0.0000000000
54159  22.247  -8.293  69.706 0.0000000000
53117  22.118  -8.875  69.472 0.0000000000
51239  21.693  -10.454  68.220 0.0000000000
133510  21.284  -10.929  67.998 0.0000000000
51256  20.727  -11.248  68.283 0.0000000000
121098  19.628  -11.881  68.250 0.0000000000
50162  19.900  -10.601  72.929 0.0000000000
50226  16.884  -12.086  70.937 0.0000000000
50225  17.804  -11.730  70.887 0.0000000000
50240  17.977  -12.019  70.116 0.0000000000
50239  18.248  -12.205  69.513 0.0000000000
49132  18.132  -12.739  68.806 0.0000000000
49142  17.561  -13.435  68.466 0.0000000000
67690  38.223  4.219  57.203 0.0000000000
66681  38.564  3.949  58.379 0.0000000000
65684  38.305  2.221  58.451 0.0000000000
64606  41.895  0.523  60.087 0.0000000000
139693  41.502  0.801  60.340 0.0000000000
64625  41.442  0.456  59.510 0.0000000000
126796  40.677  0.575  59.245 0.0000000000
129439  39.737  0.745  58.866 0.0000000000
63639  39.912  -0.671  57.302 0.0000000000
59658  41.986  -2.945  58.073 0.0000000000
59668  41.786  -3.385  57.254 0.0000000000
55197  36.815  -4.825  66.912 0.0000000000
55196  37.541  -4.806  67.008 0.0000000000
55208  36.884  -4.984  66.434 0.0000000000
55207  37.124  -5.001  66.523 0.0000000000
56263  37.591  -5.017  66.125 0.0000000000
56311  37.608  -4.946  63.760 0.0000000000
57427  37.996  -4.675  63.323 0.0000000000
138707  38.422  -4.553  63.394 0.0000000000
57425  39.582  -4.191  63.260 0.0000000000
57407  40.288  -3.909  63.433 0.0000000000
136296  39.595  -4.245  62.517 0.0000000000
57518  36.164  -5.340  57.396 0.0000000000
57541  36.402  -5.579  56.399 0.0000000000
123652  37.101  -5.624  56.068 0.0000000000
56374  36.550  -5.960  55.477 0.0000000000
68714  39.877  6.077  53.996 0.0000000000
68726  39.373  5.441  53.982 0.0000000000
64705  35.489  1.353  52.664 0.0000000000
128968  36.151  2.567  52.692 0.0000000000
65756  35.692  1.962  52.180 0.0000000000
128577  49.482  16.205  33.553 0.0000000000
79848  50.633  17.594  33.677 0.0000000000
70777  42.428  8.126  50.293 0.0000000000
68762  39.326  6.164  50.500 0.0000000000
68763  38.673  5.744  50.752 0.0000000000
72660  45.007  10.445  51.884 0.0000000000
71710  43.567  8.873  50.819 0.0000000000
53188  23.909  -9.075  63.035 0.0000000000
144106  23.709  -8.351  63.760 0.0000000000
54228  23.724  -8.825  63.682 0.0000000000
53189  23.562  -9.122  64.310 0.0000000000
53174  23.372  -9.334  64.968 0.0000000000
53161  23.146  -9.598  65.518 0.0000000000
57350  31.686  -3.167  66.533 0.0000000000
57349  32.510  -3.447  66.705 0.0000000000
132294  30.592  -3.036  65.839 0.0000000000
58517  28.767  -3.443  63.996 0.0000000000
124579  29.602  -3.588  63.951 0.0000000000
58530  28.972  -3.755  63.298 0.0000000000
58547  28.320  -3.945  62.513 0.0000000000
58562  27.483  -4.251  61.259 0.0000000000
58581  26.796  -4.581  60.842 0.0000000000
57471  25.567  -5.625  60.840 0.0000000000
57455  25.295  -5.300  61.636 0.0000000000
74655  47.136  11.457  41.575 0.0000000000
60591  29.374  -0.878  70.763 0.0000000000
61576  29.571  -0.492  71.378 0.0000000000
77235  44.837  14.502  48.201 0.0000000000
141306  44.317  14.203  47.497 0.0000000000
77269  44.809  14.580  44.534 0.0000000000
76405  44.020  14.249  44.990 0.0000000000
75546  42.314  12.730  44.416 0.0000000000
75559  42.433  12.633  43.486 0.0000000000
57300  23.028  -5.054  70.882 0.0000000000
57315  23.018  -4.975  70.000 0.0000000000
56191  22.652  -5.910  71.172 0.0000000000
55173  22.300  -7.387  70.597 0.0000000000
55161  22.401  -6.828  72.246 0.0000000000
55162  22.227  -7.591  71.446 0.0000000000
125884  22.196  -8.051  70.502 0.0000000000
53105  21.821  -9.056  70.742 0.0000000000
52171  21.345  -10.131  70.915 0.0000000000
50149  18.451  -10.666  74.061 0.0000000000
50207  17.318  -11.506  71.778 0.0000000000
49123  16.492  -12.797  70.398 0.0000000000
136730  15.996  -13.599  70.152 0.0000000000
142295  14.846  -14.250  71.155 0.0000000000
64605  42.381  0.384  60.245 0.0000000000
63623  41.483  -0.392  58.433 0.0000000000
62648  41.850  -0.809  58.512 0.0000000000
60716  42.276  -2.322  58.641 0.0000000000
58609  41.182  -4.022  58.311 0.0000000000
56300  34.432  -5.248  64.188 0.0000000000
55255  35.585  -5.322  64.961 0.0000000000
56315  34.598  -5.373  63.402 0.0000000000
56314  35.379  -5.421  63.390 0.0000000000
57430  35.711  -5.339  62.492 0.0000000000
137304  34.423  -5.220  61.846 0.0000000000
57429  36.493  -5.115  62.446 0.0000000000
136009  37.063  -4.831  62.326 0.0000000000
57463  37.316  -4.666  60.667 0.0000000000
57464  36.616  -4.839  60.309 0.0000000000
120501  35.976  -4.995  58.963 0.0000000000
57496  35.448  -5.108  58.074 0.0000000000
57519  35.441  -5.336  57.148 0.0000000000
66730  38.078  4.104  54.850 0.0000000000
66731  37.576  3.613  54.551 0.0000000000
125144  36.627  2.657  53.932 0.0000000000
64681  36.389  1.730  54.809 0.0000000000
64695  35.748  1.529  53.540 0.0000000000
134475  35.308  0.656  52.410 0.0000000000
79843  50.093  18.010  34.455 0.0000000000
80780  49.732  18.207  35.308 0.0000000000
79844  49.474  17.578  34.786 0.0000000000
77343  48.881  14.515  33.665 0.0000000000
122724  40.156  9.802  46.140 0.0000000000
71744  39.931  8.185  47.366 0.0000000000
70778  41.307  7.519  49.537 0.0000000000
69782  39.608  6.513  48.760 0.0000000000
74587  43.979  12.136  48.359 0.0000000000
74588  43.837  11.471  48.582 0.0000000000
74598  43.488  11.839  47.919 0.0000000000
144652  38.590  -3.735  69.911 0.0000000000
57294  38.888  -3.784  69.773 0.0000000000
56187  38.338  -3.883  69.409 0.0000000000
144189  37.552  -4.334  68.273 0.0000000000
56214  36.924  -4.431  68.052 0.0000000000
56215  36.053  -4.435  67.588 0.0000000000
55189  36.506  -4.545  67.505 0.0000000000
55198  36.501  -4.710  66.932 0.0000000000
144302  36.097  -4.897  66.167 0.0000000000
55224  35.247  -4.865  65.621 0.0000000000
55241  35.049  -5.034  65.153 0.0000000000
57368  32.347  -3.535  66.046 0.0000000000
57380  32.938  -4.048  65.682 0.0000000000
57414  31.186  -3.970  63.980 0.0000000000
56266  32.614  -4.144  65.062 0.0000000000
56265  33.602  -4.395  65.332 0.0000000000
56284  33.880  -4.722  64.905 0.0000000000
55257  34.457  -5.048  64.708 0.0000000000
57411  33.391  -5.047  63.226 0.0000000000
58558  31.338  -4.500  61.475 0.0000000000
57469  31.997  -4.542  60.862 0.0000000000
138293  32.297  -4.555  59.999 0.0000000000
144550  31.467  -4.511  58.900 0.0000000000
58598  26.892  -4.799  59.941 0.0000000000
57485  26.410  -5.485  59.509 0.0000000000
62675  38.189  -1.503  55.644 0.0000000000
77298  50.315  14.396  41.225 0.0000000000
142954  47.850  11.778  41.860 0.0000000000
74654  48.446  11.972  41.618 0.0000000000
74666  48.408  11.812  40.996 0.0000000000
75577  48.872  12.343  41.322 0.0000000000
75586  49.138  12.777  41.079 0.0000000000
76447  49.769  13.865  41.072 0.0000000000
77304  49.879  14.654  40.588 0.0000000000
136012  49.178  14.523  39.996 0.0000000000
78108  49.144  15.458  39.540 0.0000000000
77305  48.469  14.818  39.266 0.0000000000
78115  48.620  15.657  38.826 0.0000000000
78128  47.768  15.252  37.427 0.0000000000
78137  47.577  14.969  36.595 0.0000000000
77322  47.492  14.489  37.270 0.0000000000
59596  25.573  -3.476  64.952 0.0000000000
59597  24.791  -3.728  64.959 0.0000000000
59585  25.429  -3.374  65.786 0.0000000000
59575  24.891  -3.400  66.476 0.0000000000
123143  26.145  -3.048  67.894 0.0000000000
142780  25.526  -3.197  67.906 0.0000000000
59552  24.660  -3.411  68.130 0.0000000000
58455  24.030  -3.690  69.729 0.0000000000
139859  24.182  -3.663  70.414 0.0000000000
60592  28.313  -1.157  70.599 0.0000000000
61579  26.852  -1.354  71.697 0.0000000000
60594  26.339  -1.892  71.205 0.0000000000
60605  25.710  -2.365  70.683 0.0000000000
59524  24.563  -3.324  70.749 0.0000000000
58434  24.076  -3.883  71.108 0.0000000000
59489  24.272  -3.727  73.486 0.0000000000
57271  23.413  -4.871  73.378 0.0000000000
57278  39.773  -3.504  71.096 0.0000000000
57268  39.088  -3.575  71.010 0.0000000000
134300  38.431  -3.594  70.596 0.0000000000
57280  37.718  -3.616  70.251 0.0000000000
57296  37.016  -3.793  69.633 0.0000000000
57282  36.422  -3.384  70.211 0.0000000000
57297  36.240  -3.663  69.469 0.0000000000
57313  34.497  -3.518  68.409 0.0000000000
58470  32.804  -3.167  68.118 0.0000000000
58452  33.043  -2.838  68.838 0.0000000000
58481  31.834  -3.089  67.235 0.0000000000
58482  31.008  -2.842  67.076 0.0000000000
58483  30.149  -2.674  66.906 0.0000000000
59571  29.264  -2.706  66.728 0.0000000000
59559  29.457  -2.543  67.433 0.0000000000
59572  28.377  -2.819  66.508 0.0000000000
142435  27.428  -3.126  65.692 0.0000000000
78072  49.419  15.134  44.083 0.0000000000
77266  48.073  14.775  43.727 0.0000000000
77278  48.529  14.054  43.499 0.0000000000
75568  46.586  12.820  42.407 0.0000000000
76416  44.580  14.221  44.078 0.0000000000
76427  45.232  13.953  43.359 0.0000000000
75557  44.917  13.632  43.086 0.0000000000
75569  45.704  12.667  42.221 0.0000000000
58505  24.228  -4.214  65.319 0.0000000000
57384  23.541  -5.551  65.634 0.0000000000
134851  23.494  -6.338  65.396 0.0000000000
57370  23.277  -5.568  66.432 0.0000000000
56267  23.338  -6.342  65.977 0.0000000000
124529  23.481  -6.969  65.645 0.0000000000
54191  23.312  -8.806  65.794 0.0000000000
143616  22.642  -5.616  69.620 0.0000000000
56219  22.469  -7.018  68.758 0.0000000000
126191  22.583  -7.851  68.217 0.0000000000
54170  22.374  -8.407  68.801 0.0000000000
53148  22.991  -9.294  66.398 0.0000000000
52220  22.842  -9.967  66.053 0.0000000000
125041  21.043  -11.913  66.039 0.0000000000
50284  20.476  -12.360  65.799 0.0000000000
53084  21.775  -8.738  72.321 0.0000000000
52160  21.542  -9.364  71.920 0.0000000000
52161  21.333  -10.008  71.635 0.0000000000
51213  20.783  -10.730  70.654 0.0000000000
50164  19.203  -10.648  73.239 0.0000000000
50184  19.429  -10.726  72.675 0.0000000000
122204  19.283  -11.020  72.028 0.0000000000
141599  19.112  -11.301  71.470 0.0000000000
50205  19.605  -11.133  71.461 0.0000000000
132695  20.251  -10.836  71.412 0.0000000000
51227  20.251  -11.200  69.965 0.0000000000
50263  19.172  -12.364  67.822 0.0000000000
50253  18.577  -12.657  68.186 0.0000000000
49151  18.758  -12.841  67.187 0.0000000000
46698  13.345  -15.504  74.393 0.0000000000
45507  13.152  -16.754  73.672 0.0000000000
44370  12.834  -17.527  73.709 0.0000000000
133753  42.380  8.153  53.646 0.0000000000
68703  39.408  5.252  55.399 0.0000000000
67721  38.876  4.689  55.481 0.0000000000
66715  38.184  4.141  55.596 0.0000000000
65683  38.883  2.275  59.009 0.0000000000
64639  38.130  1.316  58.118 0.0000000000
63651  37.939  -0.470  56.589 0.0000000000
62665  38.547  -1.176  56.261 0.0000000000
61750  39.043  -1.670  55.780 0.0000000000
62663  39.813  -1.357  56.469 0.0000000000
61749  39.826  -1.850  55.861 0.0000000000
61756  39.860  -2.393  55.232 0.0000000000
61723  41.296  -1.668  57.286 0.0000000000
60745  41.559  -2.867  56.354 0.0000000000
57564  40.741  -5.461  54.711 0.0000000000
57576  40.192  -6.328  54.596 0.0000000000
56417  39.551  -7.002  54.597 0.0000000000
60681  43.836  -2.939  61.371 0.0000000000
141662  39.378  -3.790  69.483 0.0000000000
127911  39.779  -3.868  69.016 0.0000000000
57328  40.056  -3.899  68.602 0.0000000000
121886  38.102  -4.635  67.242 0.0000000000
56226  38.659  -4.346  67.798 0.0000000000
56225  39.528  -4.130  67.978 0.0000000000
57377  40.987  -3.587  66.605 0.0000000000
55253  36.547  -5.337  65.220 0.0000000000
56283  37.059  -5.265  65.159 0.0000000000
131769  37.618  -5.086  64.615 0.0000000000
56281  38.770  -4.593  65.902 0.0000000000
57394  39.306  -4.362  65.499 0.0000000000
138793  41.012  -3.563  65.892 0.0000000000
58514  41.464  -3.399  65.232 0.0000000000
58542  41.838  -3.601  62.781 0.0000000000
58526  42.617  -3.217  62.895 0.0000000000
59618  43.208  -3.428  61.858 0.0000000000
59628  43.258  -3.557  60.966 0.0000000000
59639  42.381  -3.778  60.124 0.0000000000
124268  41.033  -4.269  60.245 0.0000000000
59649  41.671  -3.927  59.751 0.0000000000
58610  40.351  -4.413  58.558 0.0000000000
131753  37.988  -4.596  60.044 0.0000000000
57476  38.691  -4.592  59.430 0.0000000000
123048  37.350  -4.896  58.573 0.0000000000
57515  38.832  -4.900  57.059 0.0000000000
57539  38.469  -5.395  56.151 0.0000000000
56373  37.310  -6.093  55.219 0.0000000000
69728  41.316  7.382  52.911 0.0000000000
69729  40.622  6.857  52.548 0.0000000000
68725  39.965  6.328  53.097 0.0000000000
68735  39.956  6.467  52.239 0.0000000000
130614  39.316  6.047  51.974 0.0000000000
67736  37.951  4.184  54.198 0.0000000000
67749  37.768  4.313  53.470 0.0000000000
67759  37.562  4.481  52.594 0.0000000000
66763  36.498  3.255  52.424 0.0000000000
66773  36.850  4.006  52.055 0.0000000000
67772  37.392  4.648  51.616 0.0000000000
67783  37.334  4.711  50.574 0.0000000000
77334  47.637  14.575  35.776 0.0000000000
76492  48.030  14.057  35.100 0.0000000000
142745  48.038  13.508  35.408 0.0000000000
50163  19.578  -10.596  73.273 0.0000000000
51162  20.022  -10.466  74.454 0.0000000000
51201  19.868  -10.791  72.132 0.0000000000
51241  20.501  -11.204  69.099 0.0000000000
52148  21.562  -9.315  72.724 0.0000000000
52170  21.667  -9.611  70.416 0.0000000000
53134  22.674  -9.095  67.339 0.0000000000
55188  36.910  -4.664  67.388 0.0000000000
55199  35.874  -4.455  67.118 0.0000000000
55209  36.406  -4.828  66.537 0.0000000000
55210  36.065  -4.744  66.492 0.0000000000
55212  23.428  -7.527  65.979 0.0000000000
55220  37.050  -5.169  65.890 0.0000000000
55222  36.093  -5.114  65.884 0.0000000000
55223  35.829  -4.979  65.843 0.0000000000
55225  34.723  -4.687  65.554 0.0000000000
55254  36.185  -5.388  64.783 0.0000000000
56200  37.911  -4.152  68.804 0.0000000000
56201  36.918  -4.336  68.390 0.0000000000
56204  22.320  -7.212  69.785 0.0000000000
56210  39.255  -4.098  68.528 0.0000000000
56213  37.265  -4.493  67.842 0.0000000000
56217  34.801  -4.173  67.203 0.0000000000
56227  37.563  -4.544  67.667 0.0000000000
56228  35.190  -4.382  66.840 0.0000000000
56230  33.920  -4.132  66.431 0.0000000000
56285  33.194  -4.477  64.882 0.0000000000
56299  35.107  -5.370  64.201 0.0000000000
57279  38.788  -3.695  70.234 0.0000000000
57295  38.152  -3.701  70.013 0.0000000000
57309  39.167  -3.983  69.058 0.0000000000
57310  39.043  -3.924  69.238 0.0000000000
57311  35.993  -3.959  68.740 0.0000000000
57314  33.656  -3.348  68.265 0.0000000000
57346  39.801  -4.121  67.474 0.0000000000
57381  32.140  -3.695  65.450 0.0000000000
57383  23.926  -5.036  65.044 0.0000000000
57396  31.894  -4.030  64.523 0.0000000000
58432  33.300  -2.546  69.588 0.0000000000
58516  29.369  -3.308  64.564 0.0000000000
58534  25.277  -4.076  63.509 0.0000000000
59534  28.983  -2.152  68.549 0.0000000000
59535  25.849  -2.608  69.021 0.0000000000
59564  25.197  -3.286  67.332 0.0000000000
63653  36.545  0.411  55.746 0.0000000000
64648  37.786  0.874  57.587 0.0000000000
64682  35.936  1.364  54.319 0.0000000000
64694  36.288  2.049  54.086 0.0000000000
65740  36.230  2.356  53.427 0.0000000000
78992  48.205  16.381  36.279 0.0000000000
78998  48.598  16.297  34.750 0.0000000000
79002  50.050  16.819  33.558 0.0000000000
120884  28.860  -4.186  62.025 0.0000000000
121593  44.321  13.558  43.221 0.0000000000
123016  29.681  -4.464  61.011 0.0000000000
123671  42.760  -3.928  60.667 0.0000000000
125339  45.247  11.117  51.677 0.0000000000
126967  39.585  -4.185  64.930 0.0000000000
127098  38.150  -4.871  65.623 0.0000000000
128969  34.914  -4.850  65.374 0.0000000000
130429  34.263  -4.617  65.316 0.0000000000
131815  14.963  -14.734  70.789 0.0000000000
133664  35.636  -4.807  66.068 0.0000000000
135390  20.985  -10.303  72.817 0.0000000000
142839  38.617  -3.882  69.367 0.0000000000
142892  25.117  -3.508  65.312 0.0000000000
143210  37.100  -4.904  66.816 0.0000000000
