#!ascii label  , from subject sub-v1s19x0051291_ses-1 vox2ras=TkReg
1907
24842  27.350  -39.171  14.351 0.8999999762
23985  27.195  -39.977  14.152 0.8000000119
23989  27.051  -40.141  13.388 0.8000000119
124303  26.632  -41.316  12.807 0.6999999881
23120  26.152  -41.506  11.869 0.8000000119
24843  27.187  -39.731  15.007 0.8999999762
24846  27.242  -39.459  13.484 1.0000000000
24850  27.240  -39.041  12.876 1.0000000000
24851  26.969  -39.790  12.599 0.8999999762
23993  26.574  -40.599  12.134 0.8000000119
23997  26.116  -40.717  11.250 0.8000000119
24857  26.550  -39.686  11.375 0.8999999762
23998  25.742  -41.358  11.131 0.8000000119
24031  25.189  -40.409  9.999 0.6999999881
22244  24.471  -42.022  10.503 0.6999999881
25722  26.646  -38.547  15.693 0.8000000119
24835  27.219  -38.891  15.178 0.8999999762
25721  27.259  -38.032  15.234 0.8999999762
26636  26.857  -37.689  15.525 0.8999999762
26638  25.196  -37.863  15.775 0.8999999762
25750  27.522  -38.593  13.553 0.8999999762
122024  27.793  -37.880  13.121 1.0000000000
25768  26.760  -38.675  11.345 0.8999999762
137739  26.909  -38.054  11.229 1.0000000000
137090  26.411  -38.973  10.789 0.8999999762
24866  26.118  -39.449  10.532 0.8999999762
132573  25.875  -40.145  10.567 0.8000000119
24011  23.765  -41.015  9.821 0.6999999881
27592  28.027  -36.937  14.350 0.8999999762
26635  27.380  -37.127  15.210 0.8999999762
124760  26.530  -36.925  15.572 0.8999999762
124216  25.494  -37.097  15.603 0.8999999762
26652  27.659  -37.656  14.666 0.8999999762
26668  27.854  -37.774  13.897 0.8999999762
26680  27.677  -37.486  12.309 1.0000000000
24867  25.512  -39.567  9.909 0.8000000119
130551  24.171  -39.767  9.428 0.8000000119
24887  23.311  -39.417  9.119 0.8000000119
24888  22.254  -39.315  9.079 0.8000000119
134944  21.784  -38.699  8.917 0.8000000119
133309  26.519  -36.134  15.570 0.8999999762
27557  24.853  -36.436  15.402 0.8999999762
27558  23.949  -36.498  15.034 0.8999999762
27573  27.753  -36.329  14.982 0.8999999762
28493  25.131  -35.119  15.315 0.8999999762
28494  24.415  -35.659  15.099 0.8000000119
28507  23.856  -35.044  14.760 0.6999999881
132934  23.525  -35.790  14.726 0.6999999881
28508  22.706  -35.828  14.549 0.6999999881
141091  28.329  -36.411  13.030 0.8999999762
129417  23.084  -35.109  14.550 0.6999999881
130255  22.296  -35.136  14.421 0.6999999881
27608  28.127  -36.470  12.362 1.0000000000
129001  21.858  -34.479  14.231 0.6000000238
27622  27.599  -36.781  11.529 1.0000000000
26688  27.229  -37.534  11.432 1.0000000000
25775  26.500  -38.212  10.592 1.0000000000
25776  26.014  -38.829  10.157 0.8999999762
26694  27.042  -36.988  10.825 1.0000000000
26695  26.409  -37.268  10.205 0.8999999762
26696  25.889  -38.008  9.821 0.8000000119
25794  25.361  -38.706  9.552 0.8000000119
25796  23.757  -38.628  8.838 0.8000000119
26716  23.500  -37.857  8.630 0.8000000119
25797  22.687  -38.517  8.741 0.8000000119
123195  21.696  -37.998  8.744 0.8000000119
26734  22.453  -36.817  8.551 0.8000000119
27650  21.477  -37.070  8.677 0.8000000119
27555  27.156  -36.321  15.421 0.8999999762
27556  25.768  -36.310  15.572 0.8999999762
28491  26.956  -35.598  15.540 0.8999999762
130367  26.654  -34.941  15.547 0.8999999762
28492  26.014  -35.483  15.544 0.8999999762
29422  24.919  -34.394  15.154 0.8999999762
27572  28.193  -36.162  14.465 0.8999999762
27591  28.415  -36.209  13.685 0.8999999762
29437  23.445  -34.370  14.594 0.6000000238
29438  22.643  -34.427  14.415 0.6000000238
28545  28.507  -35.861  12.863 1.0000000000
30360  20.985  -33.208  13.736 0.5000000000
27621  27.939  -35.862  11.512 1.0000000000
31296  21.200  -32.535  13.709 0.5000000000
27632  27.301  -36.216  10.865 1.0000000000
28565  26.854  -35.586  10.362 1.0000000000
27633  26.653  -36.401  10.325 1.0000000000
26713  25.684  -37.153  9.545 0.8999999762
25795  24.585  -38.621  9.125 0.8000000119
27648  25.365  -36.000  9.313 0.8999999762
122004  25.015  -36.791  9.021 0.8000000119
26715  24.285  -37.351  8.736 0.8000000119
27649  24.599  -36.018  8.832 0.8999999762
27668  23.774  -36.106  8.588 0.8000000119
28597  24.106  -35.368  8.654 0.8999999762
27669  22.884  -36.213  8.494 0.8000000119
28581  20.925  -35.308  8.309 0.8000000119
30455  20.881  -33.707  7.682 0.8000000119
30433  20.531  -34.043  7.642 0.8000000119
130335  25.858  -34.491  15.435 0.8999999762
28505  28.060  -35.625  14.863 0.8999999762
29419  28.176  -34.142  15.074 0.8999999762
136778  24.633  -33.809  14.910 0.6999999881
29436  24.203  -34.357  14.818 0.8000000119
28527  28.755  -35.230  13.538 0.8999999762
30359  28.750  -33.977  14.484 0.8999999762
126882  23.002  -33.688  14.410 0.6999999881
131340  22.566  -33.155  14.206 0.6000000238
31282  21.831  -33.002  13.945 0.6000000238
130582  23.289  -32.834  14.313 0.6999999881
31281  22.544  -32.476  14.050 0.6000000238
28557  28.377  -35.705  12.181 1.0000000000
31295  21.816  -32.003  13.819 0.5000000000
32231  20.911  -31.841  13.673 0.5000000000
142681  28.370  -35.237  11.780 1.0000000000
28564  27.508  -35.540  10.870 1.0000000000
29504  26.747  -34.752  10.111 1.0000000000
28579  25.585  -35.215  9.435 0.8999999762
29503  27.488  -34.239  10.500 1.0000000000
28578  26.243  -35.276  9.814 0.8999999762
29518  25.201  -34.572  9.131 0.8999999762
30431  25.466  -33.784  9.128 0.8999999762
29534  24.452  -34.646  8.740 0.8999999762
30453  23.107  -33.871  8.226 0.8999999762
29536  22.461  -34.433  8.250 0.8999999762
30451  24.810  -33.453  8.645 0.8999999762
30452  24.082  -33.899  8.516 0.8999999762
30454  22.066  -33.766  7.906 0.8999999762
31403  23.229  -32.372  7.561 0.8999999762
128192  27.526  -34.037  15.417 0.8999999762
29421  26.831  -34.232  15.556 0.8999999762
30329  25.343  -33.703  15.188 0.8999999762
30328  26.234  -33.602  15.421 0.8999999762
31263  25.734  -32.940  15.168 1.0000000000
30345  24.814  -33.025  14.790 0.8000000119
30326  27.886  -33.460  15.350 0.8999999762
30346  23.926  -33.554  14.603 0.6999999881
29478  29.115  -34.342  13.186 0.8999999762
29457  29.015  -34.440  13.949 0.8999999762
31280  23.788  -32.098  14.267 0.6999999881
32215  22.641  -31.705  13.880 0.6999999881
29479  28.732  -35.022  12.483 1.0000000000
32230  21.393  -31.175  13.832 0.5000000000
131025  20.546  -31.085  13.728 0.5000000000
29493  28.577  -34.541  11.699 1.0000000000
29502  28.224  -34.183  11.086 1.0000000000
120234  28.735  -32.832  10.956 1.0000000000
30417  28.135  -33.486  10.675 1.0000000000
30418  27.337  -33.336  10.032 1.0000000000
31350  28.075  -32.592  10.122 1.0000000000
30429  26.571  -33.222  9.518 0.8999999762
138408  25.475  -32.994  8.773 0.8999999762
32366  24.387  -31.885  5.125 0.6999999881
32378  24.799  -31.081  4.768 0.8000000119
32379  23.886  -31.274  4.725 0.8000000119
33280  23.317  -30.585  4.410 0.8000000119
30344  28.407  -33.536  14.918 0.8999999762
31261  27.552  -32.707  15.459 1.0000000000
31262  26.611  -32.807  15.380 1.0000000000
139451  26.115  -32.291  15.161 1.0000000000
31278  25.380  -32.253  14.829 0.6999999881
31279  24.575  -32.145  14.516 0.6999999881
31275  29.220  -32.674  14.138 0.8999999762
138328  22.122  -31.255  13.834 0.6000000238
138792  29.212  -33.396  12.198 1.0000000000
31294  29.424  -32.813  13.368 0.8999999762
33160  20.052  -30.317  13.684 0.4000000060
30405  28.797  -33.644  11.503 1.0000000000
131856  27.733  -31.838  9.479 1.0000000000
32292  26.962  -31.796  8.965 1.0000000000
32291  27.555  -31.168  8.932 1.0000000000
130008  20.863  -29.698  5.222 0.8999999762
33266  27.993  -30.161  6.030 0.6000000238
33269  25.525  -31.159  5.105 0.6000000238
33278  25.539  -30.478  4.689 0.8000000119
33279  24.175  -30.501  4.428 0.8000000119
32381  22.056  -31.465  4.936 0.8999999762
33283  20.845  -30.172  5.125 0.8999999762
31260  28.317  -32.866  15.158 0.8999999762
32212  25.125  -31.475  14.532 0.8000000119
32213  24.258  -31.307  14.136 0.6999999881
33136  23.680  -30.743  13.718 0.6999999881
34037  22.592  -29.864  13.606 0.6000000238
34039  20.731  -29.611  13.989 0.4000000060
31315  29.398  -32.800  12.536 0.8999999762
30404  29.192  -32.832  11.745 1.0000000000
32259  29.139  -31.586  10.598 1.0000000000
138469  28.760  -32.197  10.569 1.0000000000
31363  28.497  -31.766  9.978 1.0000000000
33208  28.026  -30.663  8.981 1.0000000000
33221  27.501  -30.440  8.485 1.0000000000
34124  21.200  -30.119  6.197 0.8999999762
35077  21.772  -28.677  5.389 0.8999999762
35078  21.202  -28.916  5.150 0.8999999762
34182  22.370  -29.018  3.799 0.8999999762
34170  21.239  -29.335  4.588 0.8999999762
35086  31.125  -28.107  5.896 0.6000000238
34154  28.720  -29.432  6.028 0.6000000238
135723  27.410  -29.906  5.429 0.6000000238
33277  26.673  -29.994  5.008 0.8000000119
34165  25.238  -29.762  4.229 0.8000000119
34168  22.797  -29.828  4.132 0.8999999762
32210  27.470  -31.011  14.986 0.8999999762
32192  26.961  -31.867  15.309 0.8999999762
31277  25.954  -31.614  14.907 0.6999999881
32211  26.545  -30.968  14.897 0.8999999762
140409  24.304  -30.519  13.857 0.6000000238
133195  29.421  -32.128  13.732 1.0000000000
131552  29.499  -31.280  13.586 1.0000000000
32208  29.059  -31.759  14.425 1.0000000000
33156  23.925  -30.033  13.560 0.6000000238
142695  23.290  -30.201  13.535 0.6000000238
31336  29.473  -32.085  12.072 1.0000000000
32244  29.541  -32.078  12.963 1.0000000000
129850  29.708  -31.294  12.554 1.0000000000
32258  29.614  -31.279  11.487 1.0000000000
31337  29.209  -32.151  11.231 1.0000000000
32274  28.944  -31.093  9.919 1.0000000000
33207  28.701  -30.449  9.367 1.0000000000
33220  28.206  -30.059  8.755 1.0000000000
34100  27.131  -30.002  7.938 1.0000000000
142899  27.009  -30.487  8.160 1.0000000000
129599  26.580  -29.633  7.452 1.0000000000
33237  25.662  -30.773  7.487 1.0000000000
125157  25.294  -30.088  6.899 1.0000000000
34121  24.380  -30.135  6.621 0.8999999762
33238  24.802  -30.796  7.103 0.8999999762
34123  22.250  -30.174  6.389 0.8999999762
35114  21.543  -28.370  4.080 0.8999999762
34180  23.892  -29.122  3.739 0.8999999762
35946  33.303  -26.952  3.064 0.6000000238
35920  32.679  -27.216  4.647 0.6000000238
35912  30.023  -27.563  5.252 0.6000000238
35088  28.527  -28.770  5.465 0.6000000238
34164  26.610  -29.263  4.452 0.8000000119
34166  24.451  -29.785  4.149 0.8000000119
32209  28.402  -30.993  14.682 0.8999999762
33134  26.226  -30.301  14.660 0.6999999881
33135  24.921  -30.660  14.251 0.6000000238
34017  24.699  -29.793  13.855 0.6000000238
33155  29.341  -30.332  13.865 0.8999999762
33157  23.375  -29.478  13.380 0.6000000238
140585  22.830  -29.286  13.427 0.5000000000
33178  29.977  -30.496  12.147 1.0000000000
33154  29.787  -30.457  13.084 0.8999999762
33190  29.894  -30.357  11.254 1.0000000000
33196  29.718  -30.121  10.450 1.0000000000
33197  29.297  -30.494  9.954 1.0000000000
35023  29.167  -29.131  9.066 1.0000000000
139758  28.791  -29.765  9.054 1.0000000000
34098  28.433  -29.304  8.588 1.0000000000
34099  27.731  -29.636  8.258 1.0000000000
34119  27.253  -29.210  7.707 1.0000000000
34120  25.874  -29.268  6.823 1.0000000000
34138  24.898  -29.332  6.487 1.0000000000
128245  23.911  -28.311  5.841 0.8999999762
124866  22.531  -28.083  5.388 0.8999999762
35928  21.755  -27.879  4.470 0.8999999762
35941  23.456  -27.575  3.660 0.8999999762
36730  33.011  -26.196  3.369 0.6000000238
35921  31.331  -27.076  4.982 0.6000000238
35923  29.501  -27.275  4.749 0.6000000238
35935  28.981  -26.841  4.151 0.6999999881
35936  28.133  -27.143  3.752 0.6999999881
34178  25.781  -29.029  3.888 0.6999999881
35111  25.206  -28.228  3.345 0.8000000119
125191  24.202  -28.141  3.472 0.8999999762
35954  32.898  -27.520  0.830 0.6000000238
35937  27.309  -27.477  3.326 0.6999999881
35110  26.124  -28.227  3.428 0.8000000119
35938  25.625  -27.577  2.915 0.8999999762
127000  25.546  -30.038  14.358 0.6999999881
34036  24.105  -29.376  13.415 0.6000000238
33131  28.681  -30.243  14.377 0.8999999762
33132  27.835  -30.207  14.731 0.8000000119
34015  26.347  -29.476  14.513 0.6999999881
34034  28.983  -29.560  14.104 0.8000000119
34061  30.046  -29.679  12.670 0.8000000119
35011  30.288  -28.955  11.518 0.8999999762
34060  30.252  -29.071  12.274 0.8000000119
34075  30.087  -29.613  10.996 1.0000000000
34080  29.862  -29.510  10.294 1.0000000000
35041  29.538  -28.328  9.256 1.0000000000
35042  28.735  -28.354  8.515 1.0000000000
35874  28.021  -27.873  7.857 1.0000000000
35060  27.344  -28.325  7.522 1.0000000000
35061  26.665  -28.769  7.197 1.0000000000
35073  25.286  -28.471  6.398 1.0000000000
35901  24.633  -27.729  5.906 0.8999999762
36714  23.635  -27.116  4.920 0.8999999762
35914  22.316  -27.577  4.882 0.8999999762
36737  23.619  -27.161  3.918 0.8999999762
36720  30.883  -26.528  4.483 0.6000000238
36733  28.591  -26.414  3.344 0.6999999881
35939  24.901  -27.425  3.074 0.8999999762
35971  32.010  -27.423  -1.331 0.6000000238
36754  33.243  -26.656  1.465 0.6000000238
36745  28.722  -25.734  2.749 0.6999999881
35947  26.778  -27.120  2.570 0.6999999881
34016  25.482  -29.154  14.111 0.6000000238
132042  28.499  -28.976  14.180 0.8000000119
34014  27.319  -29.451  14.576 0.8000000119
34956  26.114  -28.688  14.255 0.6999999881
34999  29.909  -28.642  13.099 0.6999999881
126327  29.142  -28.828  13.838 0.8000000119
34998  30.307  -28.292  12.190 0.6999999881
35857  30.272  -27.387  10.395 0.8000000119
35847  30.100  -28.224  10.087 0.8000000119
35858  29.920  -27.534  9.544 0.8000000119
35872  29.358  -27.582  8.810 0.8999999762
35873  28.677  -27.383  8.202 1.0000000000
35889  27.396  -27.419  7.327 1.0000000000
35899  26.301  -27.521  6.597 1.0000000000
121189  26.141  -26.816  6.235 1.0000000000
36694  27.435  -26.508  7.042 1.0000000000
36695  26.816  -27.082  6.799 1.0000000000
36705  25.125  -26.883  5.631 1.0000000000
36712  25.193  -26.466  5.047 1.0000000000
36706  24.297  -27.135  5.332 0.8999999762
36713  24.417  -26.754  4.844 0.8999999762
36724  23.731  -27.003  4.426 0.8999999762
36735  24.996  -26.497  3.020 0.8999999762
37559  33.223  -25.873  1.921 0.6000000238
136614  32.289  -25.925  3.776 0.6000000238
36732  30.245  -26.139  3.893 0.6000000238
37549  29.501  -25.887  3.353 0.6999999881
35950  24.882  -26.869  2.863 0.8999999762
125493  26.204  -26.631  2.059 0.8999999762
37562  28.858  -25.079  2.237 0.6999999881
36746  27.868  -26.203  2.546 0.6999999881
37576  26.395  -25.654  1.172 0.8999999762
34954  27.773  -28.765  14.303 0.6999999881
34955  26.874  -28.670  14.344 0.6000000238
34975  26.371  -28.001  13.996 0.6000000238
34035  24.669  -28.745  13.514 0.6000000238
34973  29.125  -27.992  13.661 0.6999999881
35807  27.947  -27.261  13.768 0.6000000238
35822  30.031  -27.738  12.819 0.6999999881
35821  30.371  -27.283  12.033 0.6999999881
35837  30.406  -27.186  11.161 0.6999999881
36658  30.155  -26.710  9.779 0.8000000119
121084  29.743  -26.857  9.013 0.8000000119
36677  29.390  -26.303  8.453 0.8000000119
36678  28.733  -26.598  7.989 0.8000000119
35888  28.052  -26.967  7.647 1.0000000000
37511  28.616  -25.688  7.164 0.8000000119
36703  27.184  -26.030  6.437 1.0000000000
36704  26.572  -26.189  6.020 1.0000000000
122189  25.868  -26.370  5.507 1.0000000000
37530  27.347  -25.444  5.208 1.0000000000
36711  26.505  -25.881  5.273 1.0000000000
37539  25.698  -26.070  4.597 1.0000000000
37550  26.105  -25.099  3.321 1.0000000000
36722  25.118  -26.267  3.708 1.0000000000
37551  25.359  -25.863  2.845 0.8999999762
37547  31.631  -25.286  3.211 0.6000000238
36749  25.318  -26.407  2.334 0.8999999762
36777  32.433  -26.636  -1.316 0.6000000238
37572  32.920  -25.085  1.742 0.6000000238
38519  31.337  -24.500  2.409 0.6999999881
37578  25.544  -25.492  1.350 0.8999999762
38535  30.647  -23.952  1.745 0.6999999881
37575  27.993  -24.931  1.490 0.6999999881
38537  26.898  -25.220  0.972 0.8999999762
132033  25.684  -27.530  13.647 0.5000000000
35806  28.652  -27.257  13.593 0.6000000238
36605  27.406  -27.017  13.729 0.5000000000
36616  29.886  -26.871  12.833 0.6999999881
36603  29.085  -26.643  13.348 0.6999999881
129438  30.400  -26.668  11.520 0.6999999881
36631  30.354  -26.098  11.420 0.6999999881
121762  30.338  -25.864  9.983 0.6999999881
133312  30.431  -25.240  9.368 0.6999999881
36659  30.004  -25.976  9.115 0.8000000119
37493  29.689  -25.682  8.311 0.8000000119
38462  30.036  -25.110  7.189 0.8000000119
37510  29.436  -25.505  7.569 0.8000000119
38470  29.809  -24.951  6.397 0.8000000119
37521  29.199  -25.311  6.808 0.8000000119
37522  28.404  -25.432  6.339 0.8999999762
37523  27.606  -25.638  6.084 1.0000000000
38471  29.084  -25.118  6.160 0.8000000119
37529  28.033  -25.321  5.637 0.8999999762
38481  28.150  -24.963  4.987 1.0000000000
38493  27.433  -24.873  4.405 1.0000000000
37538  26.528  -25.418  4.357 1.0000000000
38522  25.478  -24.438  1.942 1.0000000000
38507  25.504  -25.147  2.336 0.8999999762
37565  25.448  -25.777  1.904 0.8999999762
38521  25.375  -25.133  1.537 0.8999999762
37592  25.580  -25.216  0.988 0.8999999762
37600  32.728  -25.463  -0.738 0.6000000238
38533  32.468  -24.212  1.119 0.6000000238
38536  29.696  -24.118  1.578 0.6999999881
38551  27.516  -24.429  0.802 0.8000000119
124386  26.517  -24.706  0.608 0.8999999762
36791  32.730  -26.259  -2.545 0.6000000238
39451  31.057  -23.116  0.591 0.6999999881
38550  28.755  -24.003  1.122 0.6999999881
39453  26.979  -23.929  0.308 0.8000000119
39454  26.066  -24.143  0.294 0.8999999762
127156  29.128  -23.190  0.488 0.6999999881
39470  26.397  -23.381  -0.097 0.8999999762
36604  28.054  -26.588  13.553 0.5000000000
135231  27.109  -26.376  13.574 0.5000000000
36617  29.523  -26.018  12.953 0.6999999881
37423  27.658  -25.755  13.446 0.5000000000
37433  29.786  -25.410  12.450 0.6999999881
37449  30.256  -25.506  11.775 0.6999999881
37460  30.416  -25.546  10.871 0.6999999881
38419  30.542  -25.068  10.092 0.6999999881
38446  30.773  -24.714  8.799 0.6999999881
37492  30.312  -25.268  8.668 0.6999999881
38461  30.773  -24.794  7.604 0.8000000119
38469  30.673  -24.705  6.778 0.8000000119
38492  28.960  -24.530  5.027 0.8000000119
39398  28.311  -24.224  4.251 0.8999999762
125837  27.056  -23.828  3.156 1.0000000000
38506  26.704  -24.447  3.398 1.0000000000
38479  29.776  -24.369  5.192 0.8000000119
39408  28.844  -23.426  3.682 0.8000000119
38505  27.388  -24.309  3.749 0.8999999762
39426  26.655  -23.432  2.556 1.0000000000
39410  26.182  -24.297  2.723 1.0000000000
127351  26.932  -22.837  2.297 0.8999999762
40359  25.571  -23.050  1.612 1.0000000000
39456  24.880  -23.302  0.617 1.0000000000
144438  25.253  -23.482  0.256 0.8999999762
38549  31.782  -23.554  0.868 0.6999999881
39472  24.846  -22.924  0.234 0.8999999762
127965  32.677  -24.544  0.135 0.6000000238
38548  32.308  -23.820  0.234 0.6000000238
40389  25.625  -22.658  -0.399 0.8999999762
39450  31.783  -23.265  0.045 0.6999999881
39467  30.141  -22.840  0.239 0.6999999881
135629  29.350  -22.695  -0.098 0.6999999881
39452  28.047  -23.597  0.422 0.6999999881
39469  27.441  -23.163  -0.135 0.8000000119
40386  28.923  -22.418  -0.658 0.6999999881
40388  26.818  -22.630  -0.615 0.8000000119
40405  26.092  -21.908  -1.034 0.8999999762
40403  28.332  -22.054  -1.271 0.6999999881
37422  28.597  -25.875  13.322 0.5000000000
37450  30.002  -24.810  12.054 0.6999999881
125015  30.730  -24.279  10.167 0.6999999881
38409  30.517  -24.657  10.856 0.6999999881
136782  30.747  -24.578  9.464 0.6999999881
39328  30.956  -23.490  10.159 0.6999999881
38430  31.203  -24.146  8.948 0.6999999881
39369  31.829  -23.749  7.614 0.6999999881
38445  31.283  -24.363  8.134 0.6999999881
38460  31.371  -24.325  7.242 0.6999999881
38468  31.313  -24.259  6.420 0.8000000119
38478  30.449  -24.506  5.857 0.8000000119
39385  31.289  -23.980  5.694 0.8000000119
39386  30.491  -23.985  5.063 0.8000000119
124651  29.505  -23.867  4.465 0.8000000119
144534  31.065  -22.560  3.765 0.8000000119
40341  29.986  -22.477  3.298 0.8000000119
125714  28.050  -22.494  2.573 0.8999999762
40367  26.680  -22.337  1.853 0.8999999762
40368  25.793  -22.365  1.505 1.0000000000
125624  29.882  -21.490  2.328 0.8000000119
41306  29.030  -21.647  2.226 0.8000000119
40369  24.770  -22.838  0.816 1.0000000000
41317  25.101  -21.751  0.920 1.0000000000
38580  32.613  -24.498  -2.866 0.6000000238
40391  24.443  -22.220  -0.000 1.0000000000
39466  31.077  -22.779  -0.292 0.6999999881
136694  30.030  -22.478  -0.696 0.6999999881
40406  24.988  -21.672  -0.760 0.8999999762
128340  30.237  -22.243  -1.655 0.6999999881
40402  29.312  -22.115  -1.377 0.8000000119
41346  27.724  -21.548  -1.800 0.8000000119
141354  31.002  -23.996  9.593 0.6999999881
39344  31.383  -23.343  9.360 0.6999999881
39356  31.678  -23.610  8.440 0.6999999881
39368  32.334  -23.257  7.121 0.6999999881
40310  32.670  -22.735  6.556 0.6999999881
39384  32.008  -23.508  5.671 0.6999999881
40318  32.571  -22.913  5.808 0.6999999881
121387  32.176  -23.002  5.044 0.8000000119
39396  31.355  -23.498  5.007 0.8000000119
125475  30.755  -22.299  3.399 0.8000000119
40340  31.598  -22.191  3.727 0.8000000119
40355  30.314  -21.924  2.880 0.8000000119
41307  28.129  -21.862  2.109 0.8999999762
41315  27.241  -21.788  1.700 0.8999999762
41314  28.555  -21.253  1.654 0.8000000119
42224  27.983  -20.907  1.062 0.8999999762
42226  25.777  -21.163  0.717 0.8999999762
39480  32.182  -23.700  -2.086 0.6000000238
42239  27.236  -20.515  0.389 0.8999999762
42240  26.314  -20.726  0.473 0.8999999762
42228  24.574  -21.632  0.322 1.0000000000
39503  33.328  -23.734  -3.566 0.6000000238
42257  24.663  -20.984  -0.537 0.8999999762
40418  30.493  -22.032  -2.438 0.6999999881
42267  25.193  -20.205  -1.710 0.8999999762
41345  28.725  -21.673  -1.936 0.8000000119
41347  26.579  -21.386  -1.696 0.8999999762
41363  25.937  -20.593  -2.077 0.8000000119
40293  31.911  -22.768  8.755 0.6999999881
39355  32.238  -23.088  7.912 0.6999999881
133432  32.790  -22.346  5.224 0.6999999881
41272  33.260  -21.658  5.380 0.6999999881
40339  32.472  -21.716  3.895 0.6999999881
41313  29.424  -21.088  1.738 0.8000000119
42238  28.317  -20.480  0.468 0.8000000119
42237  29.241  -20.411  0.417 0.8000000119
42254  28.703  -20.149  -0.268 0.8000000119
133253  25.434  -20.689  0.086 0.8999999762
39481  31.668  -22.911  -2.198 0.6000000238
42255  27.783  -20.127  -0.251 0.8000000119
44201  27.581  -19.111  -1.567 0.8999999762
43195  25.990  -19.711  -0.926 0.8999999762
42241  24.789  -20.812  -0.351 0.8999999762
39504  32.686  -23.318  -3.541 0.6000000238
40417  31.252  -22.381  -2.820 0.6999999881
43211  25.273  -19.534  -1.920 0.8999999762
41359  30.018  -21.533  -2.824 0.6999999881
42282  25.519  -19.799  -2.249 0.8000000119
42279  28.622  -20.675  -2.932 0.6999999881
42280  27.578  -20.467  -2.754 0.8000000119
41250  32.762  -21.708  7.490 0.6999999881
41261  33.332  -21.473  6.111 0.6999999881
42214  30.396  -20.950  1.805 0.8000000119
42222  29.881  -20.629  1.098 0.8000000119
42253  29.562  -20.104  -0.367 0.8000000119
43210  28.619  -19.193  -1.559 0.8000000119
43177  26.904  -20.077  -0.352 0.8999999762
44202  26.434  -19.137  -1.620 0.8999999762
40429  32.364  -22.523  -3.880 0.6000000238
44203  25.570  -19.282  -1.796 0.8999999762
40430  31.595  -22.208  -3.624 0.6999999881
41374  31.258  -21.545  -3.831 0.6999999881
44223  25.673  -18.987  -2.295 0.8999999762
42294  30.041  -20.548  -3.700 0.6999999881
42296  28.001  -19.955  -3.316 0.8000000119
126701  26.389  -18.353  -3.290 0.8000000119
43242  29.145  -19.016  -4.317 0.6999999881
43232  27.936  -19.315  -3.626 0.8000000119
43233  27.079  -19.251  -3.316 0.8000000119
140059  28.296  -19.004  -3.975 0.8000000119
41249  33.183  -21.182  6.875 0.6999999881
42172  33.421  -20.639  6.209 0.6000000238
41372  33.442  -22.081  -3.867 0.6000000238
44220  28.149  -18.454  -2.190 0.8000000119
45334  27.128  -17.688  -2.622 0.8999999762
44222  25.985  -18.687  -2.281 0.8999999762
41383  33.039  -21.323  -4.284 0.6000000238
144486  25.999  -17.593  -2.918 0.8999999762
41375  30.435  -21.230  -3.463 0.8000000119
44255  26.239  -17.411  -3.671 0.8999999762
44241  27.431  -18.682  -3.742 0.8000000119
43241  30.230  -19.314  -4.430 0.6999999881
44253  28.099  -18.287  -4.308 0.8000000119
45372  27.393  -17.348  -4.452 0.8000000119
42307  32.097  -20.701  -4.532 0.6999999881
46514  27.833  -17.016  -2.809 0.8000000119
43239  32.121  -19.872  -4.666 0.5000000000
42308  31.445  -20.384  -4.399 0.6000000238
44250  31.714  -18.984  -4.826 0.6000000238
43240  31.178  -19.569  -4.542 0.6999999881
45374  26.038  -16.852  -4.010 0.8000000119
44264  31.416  -18.247  -5.058 0.6000000238
44265  30.543  -18.006  -5.036 0.6000000238
44266  29.579  -17.742  -4.922 0.6999999881
45387  29.038  -16.760  -5.171 0.8000000119
45373  26.399  -17.068  -4.149 0.8000000119
45386  30.169  -17.191  -5.241 0.6000000238
46530  27.598  -16.381  -3.209 0.8000000119
47685  27.088  -15.686  -3.638 0.8000000119
46541  26.168  -16.468  -3.901 0.8999999762
136918  33.068  -18.356  -4.590 0.6000000238
46563  28.010  -15.754  -5.293 0.8000000119
45389  26.888  -16.525  -4.513 0.8000000119
46565  26.577  -15.870  -4.430 0.8000000119
133020  29.865  -16.463  -5.423 0.6000000238
47684  28.097  -15.720  -3.407 0.8000000119
47710  26.887  -15.293  -4.432 0.8000000119
45370  32.562  -18.079  -4.890 0.6000000238
126466  31.936  -17.110  -5.431 0.6000000238
47725  28.138  -14.802  -5.489 0.8000000119
46560  31.426  -16.495  -5.620 0.6000000238
47724  29.278  -14.918  -5.792 0.6999999881
143944  27.612  -14.588  -5.240 0.8000000119
47737  31.388  -15.065  -6.224 0.6000000238
47723  30.304  -14.868  -6.084 0.6000000238
48940  29.905  -13.957  -6.298 0.6999999881
46559  32.307  -16.486  -5.555 0.6000000238
47722  31.867  -15.812  -5.915 0.6000000238
127229  29.100  -14.449  -3.807 0.8000000119
48873  27.498  -14.983  -3.854 0.8000000119
46549  33.737  -16.464  -4.722 0.6000000238
126549  29.095  -13.853  -4.258 0.8000000119
47708  34.359  -15.763  -4.611 0.5000000000
48942  28.593  -13.625  -5.551 0.8000000119
48902  27.841  -14.110  -4.897 0.8000000119
47709  33.734  -15.898  -5.111 0.6000000238
46558  33.139  -16.381  -5.318 0.6000000238
48941  29.146  -13.307  -6.091 0.6000000238
48901  34.747  -14.947  -4.959 0.5000000000
47720  33.421  -15.581  -5.624 0.6000000238
47735  33.085  -15.150  -6.170 0.6000000238
48938  31.879  -14.388  -6.615 0.6000000238
48936  34.197  -14.345  -6.474 0.6000000238
130170  32.702  -14.704  -6.539 0.6000000238
50032  32.693  -14.177  -6.999 0.6000000238
50046  32.635  -13.387  -7.505 0.6000000238
51018  29.518  -12.841  -4.908 0.8000000119
49995  28.484  -13.616  -4.814 0.8000000119
51017  30.435  -12.863  -4.453 0.8000000119
51032  30.108  -12.311  -5.277 0.6999999881
51033  29.354  -12.693  -5.568 0.6999999881
48916  34.460  -14.640  -5.710 0.6000000238
50034  30.079  -13.264  -6.531 0.6000000238
51062  30.432  -12.399  -6.909 0.6000000238
140015  29.698  -12.684  -6.377 0.6999999881
50029  35.250  -13.446  -6.481 0.5000000000
51072  32.046  -12.475  -7.779 0.6000000238
50043  35.099  -13.323  -7.198 0.5000000000
135338  33.361  -13.946  -7.293 0.6000000238
50045  33.700  -13.409  -7.902 0.6000000238
51070  35.986  -12.283  -7.392 0.5000000000
51031  31.064  -12.335  -4.678 0.6999999881
52011  30.277  -11.756  -6.015 0.6000000238
51074  30.702  -11.677  -7.178 0.6000000238
51049  29.709  -12.264  -5.912 0.6000000238
52049  31.380  -10.997  -8.017 0.6000000238
52023  30.900  -11.302  -7.119 0.6000000238
52034  35.686  -12.108  -8.303 0.5000000000
132918  34.464  -12.981  -8.393 0.6000000238
125099  34.710  -11.972  -9.355 0.6000000238
143270  32.907  -12.826  -8.048 0.6000000238
52035  31.592  -11.616  -7.948 0.6000000238
52978  31.330  -10.914  -7.645 0.6000000238
52045  35.367  -11.808  -9.084 0.6000000238
52052  35.036  -11.309  -9.687 0.6000000238
52033  36.294  -11.420  -7.754 0.5000000000
52044  35.866  -11.450  -8.593 0.5000000000
54021  36.409  -9.783  -8.713 0.4000000060
55043  36.511  -8.891  -9.081 0.5000000000
130900  31.163  -11.441  -5.749 0.6000000238
52968  31.237  -10.854  -7.051 0.6000000238
52053  34.183  -11.305  -9.693 0.6000000238
52048  31.872  -11.145  -8.410 0.6000000238
142250  31.807  -10.350  -7.539 0.6000000238
52994  34.493  -10.665  -10.160 0.6000000238
54029  35.910  -9.680  -9.504 0.5000000000
52993  35.366  -10.457  -9.923 0.6000000238
121173  35.936  -9.054  -9.871 0.5000000000
55056  36.908  -8.098  -9.149 0.4000000060
55057  36.310  -8.273  -9.912 0.4000000060
52996  32.254  -10.027  -9.277 0.6000000238
54022  32.155  -9.538  -8.941 0.5000000000
53994  32.519  -9.719  -7.565 0.5000000000
144424  31.886  -10.564  -6.707 0.5000000000
52054  33.113  -11.044  -9.346 0.6000000238
54033  32.340  -9.312  -9.540 0.5000000000
54031  34.680  -9.934  -10.526 0.6000000238
55058  35.585  -8.872  -10.615 0.5000000000
56090  36.400  -7.443  -10.329 0.4000000060
54009  33.253  -9.196  -7.637 0.4000000060
53002  33.699  -9.913  -10.372 0.6000000238
54040  33.060  -9.224  -10.407 0.5000000000
55067  35.100  -8.625  -11.321 0.4000000060
54039  33.844  -9.315  -10.826 0.6000000238
55068  34.013  -8.701  -11.279 0.6000000238
55060  32.461  -8.905  -10.031 0.4000000060
56099  35.898  -7.231  -11.173 0.4000000060
56100  35.226  -7.904  -11.544 0.4000000060
56091  32.690  -7.866  -10.363 0.4000000060
55073  34.394  -8.185  -11.580 0.4000000060
128477  32.928  -8.432  -10.682 0.4000000060
57210  36.260  -6.385  -11.108 0.4000000060
55074  33.393  -7.791  -11.362 0.4000000060
56066  34.663  -7.936  -7.735 0.4000000060
142518  33.458  -8.053  -9.020 0.4000000060
56101  32.769  -7.537  -10.897 0.4000000060
119866  35.402  -6.079  -12.290 0.4000000060
57222  34.913  -6.717  -12.341 0.4000000060
57220  33.829  -6.495  -12.301 0.4000000060
56108  33.022  -7.061  -11.290 0.4000000060
56079  34.117  -7.614  -8.780 0.4000000060
57186  33.791  -7.045  -9.615 0.4000000060
56080  33.083  -7.826  -9.680 0.4000000060
58344  34.970  -5.676  -12.844 0.3000000119
57211  32.962  -6.807  -11.019 0.4000000060
129989  33.024  -7.313  -10.411 0.4000000060
57185  34.722  -6.781  -8.804 0.4000000060
57200  33.481  -6.516  -10.416 0.4000000060
31448  22.699  -32.061  5.124 0.8000000119
32367  21.208  -31.574  5.419 0.8999999762
32351  20.436  -31.400  6.203 0.8999999762
32368  20.532  -31.792  5.926 0.8999999762
132022  20.406  -32.129  6.636 0.8999999762
31365  26.293  -32.548  8.947 0.8999999762
32306  26.266  -31.710  8.435 1.0000000000
32305  26.866  -31.032  8.391 1.0000000000
31383  22.860  -33.136  7.811 0.8999999762
31381  24.721  -32.693  8.255 0.8999999762
32308  24.952  -31.911  7.841 0.8999999762
33223  26.221  -31.124  7.972 1.0000000000
137087  22.352  -32.498  7.507 0.8999999762
31402  24.134  -32.174  7.684 0.8999999762
32332  23.503  -31.640  7.261 0.8999999762
32307  25.645  -31.519  7.931 1.0000000000
32334  21.065  -31.484  6.840 0.8999999762
33239  23.893  -30.924  6.863 0.8999999762
52977  31.978  -9.897  -8.245 0.4000000060
55046  32.369  -8.939  -9.495 0.4000000060
55031  33.012  -8.827  -8.374 0.4000000060
53993  33.449  -9.524  -6.880 0.4000000060
25741  27.530  -38.358  14.525 0.8999999762
25759  27.011  -38.957  12.124 1.0000000000
24032  24.385  -40.450  9.722 0.8000000119
26637  26.170  -37.774  15.789 0.8999999762
27609  28.112  -37.053  13.240 1.0000000000
24886  24.800  -39.308  9.432 0.8000000119
29435  28.501  -34.879  14.550 0.8999999762
27647  26.017  -36.437  9.738 0.8999999762
26714  25.066  -37.824  9.164 0.8000000119
26733  23.397  -36.934  8.572 0.8000000119
27670  21.902  -36.272  8.488 0.8000000119
29494  27.959  -34.958  11.130 1.0000000000
28598  23.251  -35.498  8.487 0.8999999762
29537  21.812  -35.001  8.337 0.8000000119
31385  20.606  -32.825  7.300 0.8999999762
30430  26.119  -33.733  9.471 0.8999999762
32333  22.500  -31.851  7.258 0.8999999762
30327  27.113  -33.469  15.498 0.8999999762
138967  22.819  -30.847  13.657 0.6000000238
33159  21.046  -30.396  13.929 0.4000000060
33158  21.929  -30.532  13.852 0.4000000060
31364  27.146  -32.546  9.513 1.0000000000
132119  25.568  -32.230  8.375 0.8999999762
31433  22.963  -32.691  5.281 0.6999999881
34167  23.660  -29.861  4.147 0.8000000119
31276  28.225  -31.890  15.305 0.8999999762
33257  20.674  -30.211  5.968 0.8999999762
31430  25.968  -31.728  5.559 0.6000000238
33282  21.439  -30.104  4.610 0.8999999762
130073  25.707  -30.851  14.594 0.6999999881
34038  21.641  -29.698  13.952 0.4000000060
33241  21.573  -30.859  6.583 0.8999999762
35113  22.031  -28.235  3.858 0.8999999762
35112  23.030  -28.349  3.670 0.8999999762
35089  27.840  -28.888  5.066 0.6999999881
35100  27.322  -28.647  4.440 0.6999999881
33133  26.956  -30.207  14.811 0.8000000119
32331  24.415  -31.463  7.375 0.8999999762
34139  23.901  -29.268  6.211 0.8999999762
34140  22.861  -29.458  6.107 0.8999999762
33240  22.723  -31.054  6.779 0.8999999762
121003  22.549  -27.592  3.979 0.8999999762
34033  29.592  -29.584  13.470 0.8000000119
34976  23.786  -28.738  13.165 0.5000000000
135820  30.338  -28.040  11.151 0.8000000119
35016  30.142  -28.913  10.625 0.8999999762
122220  29.686  -25.316  2.797 0.6999999881
36748  25.643  -26.594  2.178 0.8999999762
37564  27.285  -26.060  1.945 0.8000000119
131364  25.548  -28.327  13.835 0.6000000238
34974  28.375  -28.321  14.029 0.8000000119
37512  27.841  -25.849  6.813 1.0000000000
142764  24.960  -26.446  4.444 1.0000000000
37577  25.826  -25.675  1.244 0.8999999762
35808  26.561  -27.102  13.719 0.6000000238
120355  24.978  -27.907  13.454 0.5000000000
36642  30.366  -26.512  10.707 0.6999999881
36606  26.243  -26.248  13.459 0.5000000000
131706  30.707  -24.867  8.248 0.8000000119
38564  25.145  -23.763  0.572 0.8999999762
37434  29.073  -25.215  13.069 0.6000000238
38385  28.177  -25.073  13.333 0.5000000000
142417  30.322  -24.960  11.448 0.6999999881
39409  27.926  -23.628  3.444 0.8999999762
39397  30.504  -23.388  4.361 0.8000000119
40342  29.188  -22.713  3.200 0.8000000119
41348  25.425  -21.063  -1.460 0.8999999762
38394  28.636  -24.440  13.017 0.5000000000
38410  30.213  -24.278  11.588 0.6999999881
39376  31.868  -23.814  6.834 0.6999999881
40357  28.724  -22.297  2.635 0.8999999762
42225  26.963  -21.143  1.054 0.8999999762
41376  29.570  -20.929  -3.159 0.8000000119
41361  28.164  -21.129  -2.397 0.8000000119
40303  32.598  -22.535  7.317 0.6999999881
40317  33.042  -22.227  5.979 0.6999999881
42221  31.161  -20.629  1.394 0.8000000119
43221  25.485  -19.294  -2.249 0.8999999762
41262  33.007  -22.009  6.717 0.6999999881
44252  29.924  -18.538  -4.700 0.6999999881
46531  26.362  -16.714  -3.499 0.8999999762
46562  29.102  -15.768  -5.503 0.6999999881
142923  30.853  -16.197  -5.692 0.6000000238
46561  30.192  -15.820  -5.685 0.6000000238
48919  28.658  -14.121  -5.716 0.8000000119
50033  31.116  -13.489  -6.827 0.6000000238
50019  28.952  -13.153  -5.619 0.6999999881
50031  34.020  -13.976  -7.224 0.6000000238
52047  32.838  -11.603  -8.820 0.6000000238
50044  34.566  -13.441  -7.633 0.6000000238
52988  31.828  -10.433  -8.351 0.6000000238
55030  33.947  -8.665  -7.680 0.4000000060
55045  32.812  -8.487  -9.181 0.4000000060
56078  34.971  -7.251  -8.165 0.4000000060
57223  33.264  -5.829  -12.223 0.4000000060
32310  20.590  -31.942  7.117 0.8999999762
134776  24.488  -47.087  15.099 0.4000000060
18928  24.538  -46.314  16.214 0.4000000060
131828  24.483  -46.250  17.032 0.4000000060
18945  24.397  -46.371  14.166 0.4000000060
19699  24.618  -45.542  16.583 0.4000000060
141250  24.469  -45.744  17.190 0.4000000060
20522  24.931  -45.161  13.978 0.3000000119
19708  24.676  -45.720  15.647 0.4000000060
120903  24.780  -44.906  13.227 0.4000000060
20530  23.756  -44.776  12.076 0.4000000060
20541  23.521  -44.220  11.467 0.4000000060
21370  22.791  -43.793  10.986 0.4000000060
20498  24.831  -44.659  16.752 0.5000000000
19688  24.510  -45.221  17.373 0.4000000060
19707  24.954  -45.214  14.905 0.4000000060
20507  24.897  -44.919  15.870 0.4000000060
20521  25.287  -44.270  13.212 0.5000000000
20529  24.715  -44.408  12.465 0.4000000060
21368  24.479  -43.478  11.367 0.4000000060
22230  23.437  -43.120  10.717 0.5000000000
22246  22.695  -42.829  10.540 0.5000000000
127048  22.538  -42.021  10.225 0.6000000238
22247  21.836  -42.463  10.469 0.5000000000
23140  20.568  -41.335  10.369 0.6000000238
24014  20.156  -40.528  10.184 0.4000000060
21334  25.078  -43.809  16.954 0.5000000000
20485  24.599  -44.303  17.693 0.5000000000
20468  23.986  -44.338  18.484 0.5000000000
129333  23.487  -43.533  18.732 0.5000000000
20506  25.256  -44.361  15.243 0.6000000238
20497  25.254  -44.125  16.119 0.6000000238
121099  25.552  -44.063  13.876 0.5000000000
21352  25.585  -43.810  14.624 0.6000000238
21358  25.661  -43.707  13.348 0.5000000000
129778  25.417  -43.726  12.663 0.5000000000
22228  25.024  -43.027  11.395 0.4000000060
22229  24.303  -42.899  10.837 0.6000000238
22245  23.510  -42.304  10.389 0.6000000238
23138  23.173  -41.560  9.963 0.6000000238
130028  22.417  -41.370  9.868 0.6000000238
24035  21.789  -39.866  9.388 0.6000000238
24889  21.327  -39.181  9.296 0.6000000238
23139  21.594  -41.562  10.150 0.6000000238
135140  20.874  -39.975  9.658 0.6000000238
25777  20.313  -38.895  9.498 0.6000000238
26697  19.770  -38.259  9.220 0.6000000238
21326  25.309  -42.989  17.186 0.5000000000
21327  24.862  -43.440  17.645 0.5000000000
133765  24.017  -42.774  18.391 0.5000000000
22169  23.237  -42.686  18.596 0.5000000000
21342  25.587  -43.573  15.499 0.6000000238
21333  25.538  -43.319  16.351 0.6000000238
21351  25.969  -43.300  13.915 0.6000000238
22210  26.346  -42.493  14.211 0.6000000238
21357  25.942  -43.141  13.023 0.5000000000
22215  26.275  -42.648  13.474 0.6000000238
142260  25.464  -42.541  11.508 0.6000000238
22227  25.077  -42.401  10.945 0.6000000238
24033  23.530  -40.283  9.496 0.6000000238
25799  20.318  -38.121  9.188 0.6000000238
27651  20.108  -36.994  8.567 0.6999999881
22177  24.761  -42.648  17.910 0.6000000238
22168  24.247  -42.148  18.172 0.5000000000
22202  25.926  -42.772  15.757 0.6000000238
22187  25.727  -42.486  16.575 0.6000000238
23080  22.766  -41.424  17.673 0.5000000000
22178  22.188  -41.919  17.926 0.5000000000
22186  26.183  -41.908  16.055 0.6000000238
23114  25.853  -42.263  11.885 0.6000000238
134118  20.438  -37.102  8.705 0.6999999881
22176  25.341  -42.150  17.297 0.6000000238
23079  24.701  -41.650  17.682 0.6000000238
23073  23.704  -41.538  17.921 0.6000000238
23090  25.759  -41.655  16.768 0.6000000238
23957  25.025  -40.890  17.303 0.6000000238
23958  24.180  -40.840  17.442 0.6000000238
23959  23.262  -40.872  17.331 0.6000000238
23091  22.528  -41.001  17.107 0.6000000238
23089  26.181  -40.866  16.346 0.6000000238
139311  21.339  -41.486  16.727 0.5000000000
23106  26.617  -41.655  14.465 0.6000000238
23971  21.229  -40.882  16.181 0.6000000238
28583  20.141  -36.300  8.271 0.6999999881
134331  25.603  -41.037  16.980 0.6000000238
23969  23.669  -40.220  16.901 0.6000000238
139927  25.967  -40.121  16.463 0.6000000238
23967  25.498  -40.471  16.831 0.6000000238
23968  24.647  -40.196  17.002 0.6000000238
23970  22.741  -40.426  16.602 0.6000000238
123752  21.951  -40.948  16.568 0.6000000238
23102  26.510  -41.329  15.408 0.6000000238
23980  22.015  -40.343  15.960 0.6000000238
123595  26.784  -40.937  14.786 0.6000000238
144256  26.867  -40.559  12.933 0.6000000238
134968  20.439  -34.317  7.516 0.6999999881
29564  20.212  -34.079  7.004 0.6999999881
23979  26.766  -40.389  15.504 0.6000000238
24822  24.544  -39.586  16.611 0.6999999881
133335  23.688  -39.625  16.417 0.6999999881
31418  20.288  -32.648  6.810 0.6999999881
24821  25.384  -39.818  16.628 0.6999999881
24836  26.766  -39.484  15.674 0.6999999881
24820  26.108  -39.389  16.210 0.6999999881
24837  24.235  -39.034  16.235 0.6999999881
24838  23.384  -39.110  15.818 0.6999999881
24823  22.797  -39.743  15.992 0.6000000238
129863  22.725  -39.156  15.454 0.6999999881
26640  22.910  -37.951  14.926 0.6000000238
24839  22.022  -39.539  15.432 0.5000000000
31434  21.899  -32.228  5.351 0.8000000119
25723  25.782  -38.532  16.070 0.6999999881
25712  25.208  -39.127  16.388 0.6999999881
139818  24.379  -38.016  15.647 0.6999999881
140270  23.667  -37.923  15.350 0.6999999881
25743  21.590  -38.347  14.865 0.5000000000
26639  23.445  -37.250  14.977 0.6999999881
25742  22.160  -37.863  14.700 0.6000000238
43209  29.462  -19.269  -1.556 0.6999999881
137165  31.925  -21.634  3.325 0.6999999881
42213  31.391  -20.888  2.113 0.6999999881
42235  30.757  -20.452  0.742 0.6999999881
41281  33.160  -21.208  3.993 0.6000000238
41293  32.640  -21.140  3.199 0.6000000238
43191  30.300  -19.987  -0.522 0.6999999881
142245  30.148  -19.268  -1.569 0.6999999881
44219  29.102  -18.766  -2.011 0.6999999881
45333  28.339  -17.636  -2.600 0.6999999881
135845  33.478  -20.678  4.199 0.6000000238
43166  32.931  -20.273  2.064 0.6000000238
120140  32.080  -20.493  1.648 0.6999999881
43190  31.710  -19.451  -0.839 0.6999999881
124682  33.677  -20.021  4.088 0.6000000238
44218  29.852  -18.774  -2.062 0.6999999881
45349  29.974  -17.373  -2.655 0.6999999881
47683  29.162  -15.805  -3.225 0.6999999881
41292  33.362  -20.509  3.440 0.6000000238
42211  33.467  -20.016  2.668 0.6000000238
43174  33.450  -19.370  0.794 0.6000000238
43189  32.599  -19.210  -0.546 0.6999999881
44217  31.485  -18.916  -1.560 0.6999999881
46527  30.534  -16.625  -2.730 0.6999999881
47682  30.171  -15.856  -3.080 0.6999999881
48871  29.642  -15.054  -3.413 0.6999999881
43154  33.720  -19.674  3.364 0.6000000238
138428  33.883  -19.376  2.695 0.6000000238
44187  33.824  -18.648  0.271 0.5000000000
123864  33.312  -18.657  -0.466 0.6000000238
45329  32.810  -17.551  -1.652 0.5000000000
46526  31.287  -16.729  -2.535 0.6999999881
48869  31.555  -14.990  -2.930 0.6999999881
49993  30.761  -13.539  -3.825 0.6999999881
60473  37.267  -3.503  -10.936 0.3000000119
59407  36.625  -4.188  -11.448 0.3000000119
58339  35.995  -5.835  -11.666 0.3000000119
132933  24.546  -47.009  15.861 0.4000000060
120809  24.524  -46.946  16.684 0.3000000119
18922  24.275  -46.930  17.599 0.4000000060
18946  24.265  -47.065  14.385 0.3000000119
18912  23.841  -46.485  18.376 0.4000000060
19732  23.533  -45.496  12.595 0.4000000060
19677  23.862  -45.745  18.391 0.4000000060
20531  23.040  -45.183  12.127 0.4000000060
20542  22.923  -44.634  11.644 0.4000000060
21371  21.721  -43.811  10.984 0.4000000060
21384  22.042  -43.210  10.683 0.5000000000
23122  20.056  -41.878  10.702 0.4000000060
20451  23.099  -45.154  19.161 0.4000000060
24869  19.148  -39.872  10.134 0.5000000000
20470  22.753  -43.866  19.161 0.5000000000
26720  19.776  -37.741  8.838 0.6000000238
21315  22.613  -43.191  18.885 0.5000000000
22170  22.404  -42.484  18.490 0.5000000000
138979  21.627  -42.393  18.133 0.5000000000
27652  20.049  -36.849  8.380 0.6000000238
22188  21.379  -42.019  17.379 0.5000000000
23092  20.709  -41.487  16.554 0.4000000060
28615  20.208  -35.205  7.566 0.6999999881
23981  21.311  -40.074  15.760 0.5000000000
30485  20.339  -33.355  6.793 0.6999999881
25727  21.632  -38.947  15.140 0.5000000000
138701  20.983  -33.221  6.220 0.8000000119
132755  22.308  -32.897  5.484 0.6999999881
140893  20.994  -38.132  14.925 0.5000000000
26654  21.350  -37.573  14.710 0.6000000238
39314  30.565  -23.671  11.021 0.6000000238
39327  31.232  -22.833  10.079 0.6000000238
42187  33.503  -20.924  5.467 0.6000000238
44173  34.258  -18.721  2.271 0.5000000000
45298  34.384  -18.092  0.856 0.5000000000
45317  33.994  -17.182  -0.673 0.5000000000
46513  33.113  -16.654  -1.705 0.5000000000
128579  32.249  -14.855  -2.664 0.5000000000
48885  32.005  -14.294  -3.044 0.5000000000
51030  31.949  -12.391  -4.281 0.5000000000
142644  37.430  -1.763  -11.875 0.3000000119
60474  36.579  -3.493  -11.824 0.3000000119
59409  35.717  -5.334  -12.322 0.3000000119
139155  26.895  -40.881  13.821 0.6000000238
23110  26.613  -41.926  13.549 0.6000000238
22219  26.257  -42.292  12.657 0.6000000238
129120  24.406  -37.289  15.420 0.8000000119
26718  20.735  -37.685  8.907 0.6999999881
121936  20.683  -36.241  8.468 0.6999999881
30471  20.293  -33.377  7.134 0.6999999881
41304  31.717  -21.299  2.739 0.6999999881
46529  28.593  -16.553  -2.984 0.6999999881
51016  31.362  -12.934  -4.017 0.6000000238
59408  36.315  -4.979  -11.546 0.3000000119
30498  20.743  -32.744  6.096 0.8000000119
30497  22.875  -33.452  5.429 0.6999999881
42220  31.812  -20.244  0.683 0.6999999881
18935  24.568  -46.456  15.414 0.4000000060
18960  24.188  -45.750  13.413 0.3000000119
130564  25.208  -44.604  13.739 0.5000000000
134580  24.211  -45.122  18.123 0.5000000000
22231  21.153  -43.035  10.748 0.3000000119
24015  19.284  -40.372  10.288 0.4000000060
20452  22.413  -44.630  19.376 0.5000000000
25726  22.325  -38.665  15.042 0.6000000238
45330  31.265  -18.220  -2.176 0.6999999881
46528  29.615  -16.569  -2.885 0.6999999881
124439  32.815  -20.015  1.194 0.6999999881
43175  32.666  -19.653  0.337 0.6999999881
44200  32.184  -18.915  -1.232 0.6999999881
143636  33.624  -19.555  1.831 0.6000000238
141103  33.728  -18.284  -0.309 0.5000000000
44199  32.811  -18.486  -1.165 0.6000000238
45347  31.855  -17.371  -2.239 0.6999999881
47681  31.183  -15.883  -2.776 0.6999999881
48870  30.644  -15.057  -3.208 0.6999999881
141653  34.411  -18.216  1.622 0.5000000000
45308  34.168  -17.832  -0.072 0.5000000000
44198  33.533  -17.924  -0.868 0.5000000000
46525  31.938  -16.401  -2.421 0.5000000000
47680  32.091  -15.553  -2.556 0.5000000000
51015  32.240  -12.937  -3.673 0.5000000000
48886  31.137  -14.292  -3.372 0.6999999881
44163  34.365  -18.055  2.942 0.5000000000
46505  33.791  -16.517  -1.179 0.5000000000
47669  33.426  -15.864  -1.706 0.5000000000
120709  32.968  -12.916  -3.391 0.5000000000
29563  20.549  -34.241  6.762 0.6000000238
30484  21.891  -33.694  5.789 0.6000000238
30495  24.378  -33.437  5.541 0.5000000000
134142  22.765  -34.166  5.558 0.6000000238
30496  23.596  -33.072  5.355 0.6000000238
32349  27.332  -31.814  6.451 0.5000000000
31416  25.959  -32.541  5.956 0.5000000000
131349  24.148  -32.614  5.309 0.6000000238
28509  21.594  -35.132  14.329 0.5000000000
31432  23.544  -32.125  5.126 0.6000000238
33254  29.320  -30.704  6.936 0.5000000000
32364  26.817  -31.329  5.867 0.5000000000
131099  30.213  -30.185  7.058 0.5000000000
30348  21.437  -33.818  14.003 0.4000000060
139544  20.754  -33.838  13.895 0.4000000060
30361  20.188  -33.402  13.696 0.4000000060
33256  27.619  -31.022  6.235 0.5000000000
35069  32.396  -29.011  6.083 0.5000000000
34136  29.699  -29.502  6.520 0.5000000000
31297  20.382  -32.545  13.587 0.4000000060
35097  32.934  -27.896  5.030 0.5000000000
35070  31.456  -28.760  6.353 0.5000000000
32232  20.107  -31.715  13.565 0.4000000060
34977  23.041  -28.793  13.241 0.4000000060
34978  22.287  -28.965  13.717 0.4000000060
130250  21.294  -28.879  14.109 0.3000000119
37424  26.783  -25.603  13.456 0.4000000060
37425  25.862  -25.385  13.261 0.4000000060
35809  24.176  -27.872  12.993 0.4000000060
131299  26.850  -24.265  13.301 0.4000000060
35823  24.149  -27.078  12.712 0.4000000060
35810  23.340  -28.053  12.977 0.4000000060
36620  23.708  -26.519  12.487 0.4000000060
35824  23.504  -27.268  12.693 0.4000000060
124925  22.633  -28.121  13.369 0.4000000060
34979  21.786  -28.104  13.918 0.4000000060
134963  25.755  -26.827  13.486 0.4000000060
36618  25.377  -26.250  13.186 0.4000000060
36607  24.932  -27.111  13.207 0.4000000060
38396  26.006  -24.456  13.171 0.4000000060
38397  25.168  -24.775  12.849 0.4000000060
36619  24.523  -26.409  12.760 0.4000000060
38398  24.433  -25.116  12.519 0.4000000060
37437  23.239  -25.897  12.138 0.4000000060
35825  22.901  -27.394  12.882 0.4000000060
38399  23.630  -25.139  12.066 0.4000000060
37438  22.800  -25.789  12.075 0.4000000060
35811  22.184  -27.355  13.515 0.4000000060
134387  29.385  -24.657  12.596 0.4000000060
39304  27.236  -23.476  13.036 0.4000000060
39305  26.283  -23.624  13.030 0.4000000060
120792  25.402  -23.893  12.759 0.4000000060
38393  29.653  -24.092  12.207 0.5000000000
39302  29.169  -23.377  12.345 0.4000000060
39303  28.304  -23.525  12.803 0.4000000060
40231  25.717  -23.025  12.658 0.4000000060
40232  24.839  -23.266  12.349 0.4000000060
39306  24.401  -24.278  12.363 0.4000000060
39307  23.459  -24.401  11.777 0.4000000060
37451  22.934  -25.350  11.711 0.4000000060
39315  29.893  -23.465  11.774 0.5000000000
40242  29.345  -22.639  11.888 0.5000000000
40228  28.602  -22.701  12.345 0.4000000060
138081  28.244  -21.963  12.023 0.4000000060
40229  27.595  -22.596  12.533 0.4000000060
40230  26.596  -22.832  12.706 0.4000000060
120613  30.181  -22.741  11.363 0.5000000000
141917  28.808  -22.288  12.017 0.4000000060
40244  26.728  -22.079  12.269 0.4000000060
127837  26.042  -22.383  12.365 0.4000000060
120808  29.701  -22.088  11.444 0.4000000060
41177  28.497  -21.343  11.420 0.4000000060
40243  27.416  -21.841  12.084 0.4000000060
41179  26.858  -21.438  11.696 0.4000000060
42115  29.760  -20.218  9.822 0.4000000060
126355  28.877  -20.110  9.892 0.4000000060
42095  28.240  -20.370  10.305 0.4000000060
42117  27.343  -20.077  9.793 0.4000000060
126603  31.554  -22.403  9.606 0.5000000000
42113  31.371  -20.810  9.498 0.5000000000
42142  30.641  -20.087  9.409 0.4000000060
43065  29.028  -19.663  9.308 0.4000000060
42116  28.212  -19.850  9.520 0.4000000060
43085  27.361  -19.424  8.458 0.3000000119
40292  32.392  -22.238  8.138 0.5000000000
41216  30.062  -20.979  10.473 0.5000000000
41191  29.388  -21.330  11.101 0.4000000060
41192  28.656  -20.837  10.901 0.4000000060
41193  27.947  -20.790  11.045 0.4000000060
42097  26.744  -20.494  10.444 0.4000000060
42094  29.181  -20.590  10.455 0.4000000060
42096  27.478  -20.500  10.529 0.4000000060
42141  32.052  -20.765  8.794 0.5000000000
42143  29.880  -19.588  9.113 0.4000000060
43084  29.226  -19.250  8.598 0.4000000060
43066  28.263  -19.425  8.682 0.3000000119
42159  32.724  -20.760  7.690 0.5000000000
43082  31.437  -20.047  8.929 0.5000000000
43083  30.663  -19.488  8.793 0.4000000060
125727  29.987  -19.199  8.550 0.4000000060
43105  27.836  -19.108  8.057 0.3000000119
43106  27.152  -19.106  7.810 0.3000000119
131435  32.634  -19.917  7.596 0.5000000000
42158  33.107  -20.273  6.963 0.4000000060
44099  31.352  -18.600  7.748 0.3000000119
43103  30.553  -18.903  8.236 0.4000000060
43104  29.635  -18.795  8.090 0.4000000060
125352  28.555  -18.380  7.396 0.3000000119
44103  26.918  -18.689  7.257 0.3000000119
43107  26.509  -19.097  7.594 0.3000000119
132179  32.162  -19.237  7.856 0.3000000119
43118  33.343  -19.723  6.302 0.4000000060
126606  33.506  -19.183  5.650 0.4000000060
135154  33.802  -19.336  3.955 0.4000000060
44115  30.941  -18.005  7.215 0.3000000119
44100  30.226  -18.315  7.579 0.3000000119
44101  29.261  -18.379  7.542 0.3000000119
44118  28.171  -18.054  6.948 0.3000000119
44102  27.797  -18.623  7.469 0.3000000119
44104  26.173  -18.777  7.171 0.3000000119
44105  25.528  -18.895  7.118 0.3000000119
44098  32.171  -18.643  7.420 0.3000000119
44119  27.366  -18.189  6.826 0.3000000119
44120  26.552  -18.285  6.706 0.3000000119
44121  25.763  -18.417  6.675 0.3000000119
43101  32.775  -19.285  7.060 0.3000000119
43119  33.183  -18.834  6.333 0.3000000119
44151  33.589  -18.561  5.085 0.3000000119
124507  33.828  -18.676  4.227 0.4000000060
44172  34.484  -17.857  2.232 0.4000000060
45297  34.592  -17.423  1.556 0.4000000060
45316  34.447  -17.086  -0.059 0.4000000060
47670  32.670  -16.069  -2.169 0.4000000060
44122  24.933  -18.676  6.724 0.3000000119
45213  32.211  -17.648  6.523 0.3000000119
134796  31.762  -18.074  7.120 0.3000000119
44114  32.545  -18.385  6.826 0.3000000119
45212  32.998  -18.044  6.199 0.3000000119
45255  33.653  -17.738  4.585 0.3000000119
45270  34.450  -17.441  2.709 0.3000000119
45287  34.557  -17.213  2.270 0.4000000060
128662  34.726  -15.860  1.749 0.3000000119
46490  34.730  -16.583  1.220 0.4000000060
47664  34.268  -15.723  -1.037 0.4000000060
125704  33.804  -15.109  -1.698 0.4000000060
48867  33.585  -14.375  -2.211 0.4000000060
47679  32.924  -15.161  -2.254 0.4000000060
48868  32.746  -14.347  -2.643 0.4000000060
45230  33.303  -17.835  5.486 0.3000000119
129500  34.870  -15.794  0.881 0.3000000119
47655  35.020  -15.071  0.436 0.3000000119
141973  34.419  -15.000  -1.193 0.4000000060
48858  34.282  -14.499  -1.608 0.4000000060
49982  33.916  -13.622  -2.421 0.4000000060
51977  34.821  -11.446  -3.466 0.4000000060
51978  33.931  -11.809  -3.720 0.4000000060
124860  32.539  -11.583  -4.695 0.4000000060
51990  31.690  -11.796  -4.912 0.5000000000
47644  34.864  -14.921  1.411 0.3000000119
49971  35.382  -13.524  -0.197 0.3000000119
49972  35.186  -13.943  -0.716 0.3000000119
49977  34.801  -13.944  -1.391 0.4000000060
49981  34.760  -13.270  -1.903 0.4000000060
51972  35.388  -11.580  -2.650 0.4000000060
51013  34.576  -12.162  -3.055 0.4000000060
51976  35.457  -11.052  -3.235 0.3000000119
51988  34.268  -11.115  -4.144 0.4000000060
52938  33.775  -10.736  -4.839 0.3000000119
52008  32.920  -10.994  -5.138 0.3000000119
52009  32.071  -11.262  -5.453 0.4000000060
53976  33.797  -9.837  -6.073 0.3000000119
52967  32.737  -10.135  -6.606 0.3000000119
49963  34.994  -13.977  1.298 0.3000000119
50997  35.517  -12.746  -0.399 0.3000000119
51004  35.464  -12.520  -1.342 0.3000000119
51007  35.560  -11.872  -1.852 0.3000000119
52920  35.900  -10.759  -2.671 0.3000000119
52928  35.771  -10.465  -3.418 0.3000000119
53965  35.075  -9.914  -4.977 0.3000000119
52951  34.236  -10.185  -5.312 0.3000000119
53975  34.669  -9.559  -5.698 0.3000000119
53974  35.463  -9.245  -5.326 0.3000000119
50989  35.504  -12.043  0.257 0.3000000119
51958  35.655  -12.053  -0.572 0.3000000119
52910  35.919  -11.080  -1.801 0.3000000119
52927  36.291  -10.026  -2.869 0.3000000119
53948  36.133  -9.803  -3.696 0.3000000119
53964  35.810  -9.545  -4.533 0.3000000119
55000  35.869  -8.504  -5.647 0.3000000119
53991  35.078  -8.909  -6.053 0.3000000119
53992  34.313  -9.260  -6.442 0.3000000119
55014  35.422  -8.334  -6.335 0.3000000119
55015  34.699  -8.568  -6.867 0.3000000119
57171  35.565  -6.539  -8.056 0.3000000119
40257  30.828  -22.784  10.725 0.5000000000
40276  31.132  -22.130  10.331 0.5000000000
136219  20.528  -35.032  7.027 0.6000000238
141170  21.017  -34.938  6.621 0.5000000000
29572  22.287  -34.658  5.820 0.5000000000
29570  24.256  -34.379  5.680 0.5000000000
29571  23.072  -34.863  5.592 0.5000000000
32328  29.457  -31.465  7.328 0.5000000000
30482  26.589  -33.278  6.598 0.5000000000
30494  24.935  -34.161  5.965 0.5000000000
27574  23.115  -36.542  14.686 0.6000000238
27575  22.296  -36.546  14.562 0.6000000238
133145  21.870  -35.818  14.466 0.6000000238
28510  20.927  -35.621  14.422 0.5000000000
29439  20.989  -34.579  14.145 0.5000000000
128077  20.198  -34.983  14.308 0.5000000000
29458  20.145  -34.181  13.973 0.4000000060
31298  19.549  -32.851  13.511 0.4000000060
32233  19.380  -31.553  13.331 0.4000000060
144223  19.975  -29.524  13.752 0.3000000119
34980  20.392  -28.879  13.981 0.3000000119
130056  20.882  -28.103  14.119 0.4000000060
36622  22.153  -25.817  12.898 0.4000000060
37452  22.426  -25.233  11.906 0.4000000060
40245  25.302  -22.448  12.128 0.4000000060
39318  22.393  -23.904  11.157 0.4000000060
39316  23.946  -23.525  11.897 0.4000000060
41180  25.917  -21.696  11.805 0.4000000060
40259  24.021  -22.067  11.217 0.4000000060
43068  26.845  -19.719  9.034 0.4000000060
41194  26.310  -20.942  11.152 0.4000000060
42118  26.369  -20.143  9.670 0.4000000060
43086  26.484  -19.441  8.222 0.3000000119
43108  25.803  -19.269  7.648 0.3000000119
43087  25.215  -19.555  7.964 0.3000000119
33253  31.297  -30.063  7.188 0.5000000000
144491  21.818  -25.048  12.431 0.4000000060
41181  24.917  -21.836  11.525 0.4000000060
40246  24.430  -22.659  11.778 0.4000000060
132346  19.829  -31.073  13.517 0.4000000060
32365  25.147  -31.781  5.259 0.5000000000
38386  27.296  -24.969  13.427 0.4000000060
41235  31.963  -21.704  9.048 0.5000000000
43136  33.538  -20.071  5.534 0.5000000000
38395  27.756  -24.267  13.257 0.4000000060
41234  32.441  -21.336  8.259 0.5000000000
45307  34.570  -17.277  0.635 0.4000000060
51029  32.879  -12.201  -3.975 0.4000000060
51014  33.684  -12.560  -3.305 0.4000000060
131306  23.552  -34.067  5.495 0.6000000238
132777  26.037  -33.199  6.287 0.5000000000
31414  27.829  -32.301  6.984 0.5000000000
132901  22.966  -26.545  12.437 0.4000000060
36621  22.475  -26.713  13.073 0.4000000060
38411  22.635  -24.606  11.438 0.4000000060
41176  29.023  -21.913  11.700 0.4000000060
40258  30.390  -21.875  10.925 0.5000000000
42090  27.163  -20.825  11.147 0.4000000060
41214  31.382  -21.571  9.849 0.5000000000
42114  30.639  -20.737  9.939 0.5000000000
41215  30.818  -21.385  10.283 0.5000000000
42160  32.185  -20.075  8.295 0.5000000000
144144  32.397  -20.742  8.282 0.5000000000
43102  31.426  -19.347  8.369 0.4000000060
44164  34.066  -18.005  3.718 0.3000000119
47663  34.781  -15.802  -0.063 0.4000000060
131398  34.817  -15.090  -0.478 0.4000000060
46417  33.134  -17.049  5.166 0.3000000119
51009  34.240  -12.890  -2.652 0.4000000060
139201  35.129  -14.423  0.731 0.3000000119
48850  35.219  -14.351  -0.075 0.3000000119
52929  35.080  -10.803  -3.842 0.3000000119
51989  33.383  -11.396  -4.406 0.4000000060
131092  35.400  -12.951  0.422 0.3000000119
127998  35.770  -11.649  -1.142 0.3000000119
52919  36.294  -10.235  -2.050 0.3000000119
55029  35.393  -7.865  -6.882 0.3000000119
39317  23.111  -23.780  11.400 0.4000000060
23972  20.642  -40.382  16.089 0.4000000060
23982  20.680  -39.720  15.810 0.4000000060
24824  20.051  -39.803  16.253 0.4000000060
24841  20.230  -38.914  15.709 0.3000000119
123745  21.013  -38.687  15.163 0.4000000060
26655  20.545  -37.690  14.963 0.3000000119
25833  19.508  -38.151  8.696 0.5000000000
125694  20.733  -37.091  14.736 0.5000000000
26656  19.987  -37.104  14.959 0.3000000119
141761  19.967  -37.006  8.303 0.5000000000
27702  20.404  -36.290  7.474 0.5000000000
130318  19.805  -37.536  8.321 0.5000000000
27576  21.374  -36.615  14.574 0.5000000000
27577  20.407  -36.431  14.651 0.4000000060
27688  19.996  -36.073  7.917 0.5000000000
26763  20.665  -37.083  7.351 0.5000000000
27701  21.580  -36.526  6.601 0.3000000119
28629  20.285  -35.601  7.581 0.5000000000
28628  20.999  -35.787  6.795 0.4000000060
27714  22.016  -36.039  6.300 0.4000000060
26772  22.993  -37.074  6.251 0.3000000119
27700  22.254  -36.828  6.378 0.3000000119
27712  23.511  -36.460  6.087 0.3000000119
27713  22.799  -36.272  6.068 0.3000000119
29561  25.392  -34.871  6.386 0.3000000119
28627  24.556  -36.056  6.182 0.3000000119
28638  24.011  -35.850  5.891 0.4000000060
28640  22.575  -35.470  5.902 0.4000000060
142652  19.214  -33.687  13.801 0.3000000119
30481  27.173  -33.480  6.989 0.4000000060
28625  26.041  -34.644  6.658 0.4000000060
29562  24.580  -35.175  6.022 0.4000000060
131566  18.853  -32.965  13.431 0.3000000119
35812  21.337  -27.318  13.923 0.3000000119
36608  21.752  -26.585  13.532 0.3000000119
36609  20.879  -26.577  13.771 0.3000000119
37426  21.287  -25.942  13.501 0.3000000119
37439  21.234  -25.236  13.185 0.3000000119
38420  22.045  -24.092  11.186 0.3000000119
40247  23.536  -22.896  11.428 0.3000000119
40248  22.694  -23.175  11.052 0.3000000119
39329  21.891  -23.453  10.813 0.3000000119
39330  20.858  -23.083  10.980 0.3000000119
41195  25.406  -21.124  11.044 0.3000000119
41196  24.505  -21.317  10.832 0.3000000119
41197  23.630  -21.559  10.580 0.3000000119
40260  23.154  -22.360  10.862 0.3000000119
40261  22.266  -22.641  10.576 0.3000000119
42098  25.869  -20.575  10.368 0.3000000119
42099  24.977  -20.688  10.278 0.3000000119
41217  24.095  -20.854  10.145 0.3000000119
41198  22.730  -21.833  10.327 0.3000000119
42120  24.594  -20.387  9.466 0.3000000119
42121  23.709  -20.571  9.396 0.3000000119
41218  23.239  -21.156  9.912 0.3000000119
42144  25.986  -19.783  8.924 0.3000000119
42119  25.484  -20.252  9.547 0.3000000119
42146  24.167  -20.112  8.727 0.3000000119
25779  19.289  -39.135  9.478 0.5000000000
30483  25.770  -33.948  6.360 0.4000000060
130377  18.915  -32.226  13.248 0.3000000119
38413  21.428  -23.663  11.280 0.3000000119
28511  19.985  -35.723  14.553 0.3000000119
29440  19.457  -34.565  14.226 0.3000000119
19660  22.574  -45.603  19.358 0.4000000060
19661  21.754  -45.329  19.548 0.4000000060
20453  21.414  -44.485  19.489 0.4000000060
20455  19.803  -44.347  19.239 0.4000000060
20471  19.679  -43.702  18.429 0.3000000119
21301  21.893  -43.695  19.258 0.4000000060
141679  20.294  -43.894  19.095 0.4000000060
22171  20.976  -42.786  18.249 0.4000000060
22232  20.404  -42.530  10.796 0.3000000119
127257  21.775  -42.935  18.717 0.4000000060
22180  19.749  -42.634  17.245 0.3000000119
22189  20.177  -42.032  16.907 0.3000000119
22179  20.617  -42.399  17.399 0.4000000060
124066  19.446  -41.029  17.037 0.3000000119
131237  19.518  -41.797  17.003 0.3000000119
141995  20.849  -41.921  16.905 0.4000000060
125425  20.541  -40.993  16.338 0.3000000119
19662  20.907  -45.145  19.632 0.4000000060
20454  20.574  -44.433  19.442 0.4000000060
24825  19.383  -39.176  16.457 0.3000000119
19659  23.330  -45.948  18.940 0.3000000119
128673  19.292  -40.045  16.928 0.3000000119
18090  24.582  -47.684  17.002 0.3000000119
18095  24.599  -47.535  16.253 0.4000000060
19718  24.703  -45.719  14.243 0.4000000060
19731  24.226  -45.105  12.717 0.4000000060
20469  23.263  -44.427  19.025 0.4000000060
20514  25.277  -44.544  14.401 0.5000000000
20528  24.969  -43.666  11.899 0.4000000060
20540  24.243  -44.084  11.684 0.4000000060
21302  20.973  -43.820  19.243 0.4000000060
21314  24.344  -43.484  18.239 0.5000000000
21316  21.224  -43.316  18.867 0.4000000060
21317  20.532  -43.404  18.643 0.4000000060
21369  23.809  -43.634  11.121 0.5000000000
22201  26.261  -42.205  15.115 0.6000000238
22211  25.915  -43.017  14.842 0.6000000238
22220  25.630  -42.990  12.110 0.6000000238
22248  20.948  -42.128  10.540 0.3000000119
23074  23.008  -41.965  18.305 0.5000000000
23078  25.308  -41.449  17.263 0.6000000238
23081  22.001  -41.456  17.225 0.6000000238
23093  20.080  -41.371  16.672 0.3000000119
23121  25.610  -41.961  11.316 0.8000000119
23135  25.224  -41.673  10.712 0.6000000238
23136  24.650  -41.171  10.194 0.6999999881
23137  23.912  -41.617  10.163 0.6000000238
23966  26.408  -40.031  16.128 0.6000000238
23973  20.023  -40.634  16.514 0.3000000119
23986  27.031  -40.387  14.694 0.8000000119
23999  19.654  -41.129  10.555 0.4000000060
24010  25.493  -40.925  10.606 0.8000000119
24012  22.896  -40.866  9.630 0.6000000238
24013  21.878  -40.680  9.659 0.6000000238
24034  22.613  -40.095  9.354 0.8000000119
24840  21.162  -39.346  15.449 0.4000000060
24868  19.940  -39.946  9.986 0.6000000238
25724  24.794  -38.487  16.042 0.6999999881
25725  23.901  -38.511  15.744 0.6999999881
25728  20.511  -38.264  15.234 0.5000000000
25758  27.430  -38.370  12.649 1.0000000000
25767  27.155  -38.178  11.873 1.0000000000
25778  19.655  -38.925  9.717 0.6000000238
25798  20.998  -38.403  9.133 0.6999999881
25800  19.363  -38.571  9.164 0.5000000000
25817  19.343  -38.216  9.102 0.5000000000
26653  22.666  -37.242  14.688 0.6000000238
26717  22.536  -37.549  8.604 0.8000000119
26719  20.032  -37.571  8.981 0.6999999881
26735  19.808  -37.621  8.632 0.5000000000
26748  20.146  -37.631  7.755 0.5000000000
26749  19.983  -36.794  7.936 0.5000000000
26762  21.563  -37.273  6.763 0.3000000119
27671  21.537  -35.672  8.408 0.8000000119
27672  19.996  -36.328  8.102 0.6000000238
28490  27.518  -35.757  15.261 0.8999999762
28504  28.455  -35.642  14.250 0.8999999762
28506  24.488  -34.919  15.017 0.8999999762
28580  24.904  -35.295  8.983 0.8999999762
28582  20.246  -35.490  8.119 0.6999999881
28599  22.379  -35.612  8.425 0.8000000119
28600  20.264  -35.258  7.834 0.6999999881
28601  20.034  -35.971  8.054 0.6999999881
28616  20.078  -35.700  7.929 0.6999999881
28639  23.321  -35.666  5.784 0.3000000119
28641  21.749  -35.235  6.244 0.5000000000
29420  27.571  -34.899  15.358 0.8999999762
29456  29.226  -33.595  13.832 0.8999999762
29517  25.988  -34.462  9.578 0.8999999762
29519  20.861  -34.297  8.075 0.8000000119
29535  23.477  -34.667  8.476 0.8999999762
29538  20.417  -34.744  7.905 0.6999999881
29560  26.524  -34.032  6.777 0.4000000060
29573  21.423  -34.428  6.256 0.6000000238
30343  28.826  -33.201  14.536 0.8999999762
30347  22.211  -33.767  14.198 0.6000000238
30383  29.325  -33.530  12.908 0.8999999762
30384  29.047  -34.102  12.323 1.0000000000
30419  26.679  -33.949  9.885 0.8999999762
30432  24.803  -34.072  8.846 0.8999999762
31366  25.975  -33.256  9.184 0.8999999762
31382  23.821  -32.856  7.961 0.8999999762
31384  21.654  -33.007  7.585 0.8999999762
31404  20.258  -32.736  7.003 0.8999999762
31415  27.090  -32.659  6.661 0.5000000000
31417  25.316  -33.161  5.871 0.5000000000
31431  24.797  -32.533  5.442 0.5000000000
31435  21.032  -32.187  5.733 0.8000000119
32214  23.395  -31.480  13.916 0.6999999881
32229  29.085  -30.913  14.243 0.8999999762
32273  29.479  -30.846  10.591 1.0000000000
32290  28.234  -31.170  9.424 1.0000000000
32309  21.378  -32.123  7.282 0.8999999762
32330  25.112  -31.307  7.521 0.8999999762
32335  20.511  -31.507  6.468 0.8999999762
32347  28.785  -31.317  6.988 0.5000000000
32348  28.097  -31.544  6.772 0.5000000000
32350  26.590  -32.115  6.155 0.5000000000
32380  22.986  -31.374  4.736 0.8000000119
32382  21.318  -30.808  4.981 0.8999999762
32383  20.661  -30.973  5.611 0.8999999762
33222  26.521  -30.466  7.782 1.0000000000
33235  30.859  -30.796  7.474 0.5000000000
33236  30.032  -30.919  7.323 0.5000000000
33242  20.726  -30.833  6.348 0.8999999762
33255  28.443  -30.810  6.578 0.5000000000
33267  27.140  -30.546  5.612 0.6000000238
33268  26.241  -30.779  5.245 0.6000000238
33270  20.634  -30.398  5.759 0.8999999762
33281  22.262  -30.573  4.497 0.8999999762
34013  28.192  -29.515  14.433 0.8000000119
34070  30.185  -29.720  11.806 1.0000000000
34081  29.377  -29.807  9.668 1.0000000000
34122  23.362  -30.187  6.492 0.8999999762
34134  31.783  -29.475  6.733 0.5000000000
34135  30.818  -29.404  6.767 0.5000000000
34137  28.924  -30.120  6.490 0.5000000000
34141  21.903  -29.482  5.904 0.8999999762
34142  21.149  -29.531  5.639 0.8999999762
34153  29.425  -28.711  5.926 0.6000000238
34155  27.954  -29.421  5.510 0.6000000238
34156  21.048  -29.085  4.966 0.8999999762
34163  27.297  -29.364  4.981 0.8000000119
34169  21.932  -29.619  4.180 0.8999999762
34179  24.795  -29.064  3.689 0.8000000119
34181  23.168  -29.261  3.852 0.8999999762
34183  21.692  -28.861  3.988 0.8999999762
34184  21.492  -28.949  4.148 0.8999999762
35022  29.751  -29.011  9.791 1.0000000000
35043  27.928  -28.794  8.046 1.0000000000
35071  30.445  -28.707  6.276 0.6000000238
35072  26.106  -28.267  6.683 1.0000000000
35074  24.535  -28.623  6.178 1.0000000000
35075  23.200  -28.704  5.771 0.8999999762
35076  22.483  -28.914  5.685 0.8999999762
35084  32.685  -28.369  5.480 0.5000000000
35085  32.010  -28.200  5.842 0.5000000000
35087  30.171  -28.070  5.713 0.6000000238
35090  21.674  -28.056  5.013 0.8999999762
35091  21.342  -28.544  4.815 0.8999999762
35096  33.265  -27.892  4.370 0.5000000000
35098  29.170  -27.982  5.268 0.6000000238
35099  28.200  -28.291  4.808 0.6999999881
35101  26.568  -28.666  3.977 0.6999999881
35102  21.534  -28.163  4.439 0.8999999762
35103  21.318  -28.670  4.501 0.8999999762
35109  26.959  -28.125  3.681 0.6999999881
35805  29.459  -27.398  13.294 0.6999999881
35890  26.779  -27.890  7.022 1.0000000000
35900  25.585  -27.566  6.281 1.0000000000
35902  23.781  -27.539  5.448 0.8999999762
35903  21.952  -27.943  5.119 0.8999999762
35909  32.374  -27.723  5.283 0.6000000238
35910  31.659  -27.621  5.440 0.6000000238
35911  30.820  -27.555  5.409 0.6000000238
35913  23.002  -27.464  5.115 0.8999999762
35915  21.904  -27.780  4.735 0.8999999762
35922  30.428  -27.098  4.895 0.6000000238
35924  28.604  -27.548  4.498 0.6999999881
35925  27.743  -27.861  4.107 0.6999999881
35926  22.911  -27.335  4.462 0.8999999762
35927  22.122  -27.684  4.363 0.8999999762
35933  33.129  -27.030  3.884 0.6000000238
35934  32.695  -26.540  4.069 0.6000000238
35940  24.254  -27.293  3.415 0.8999999762
35942  21.829  -27.915  4.117 0.8999999762
35948  25.957  -27.123  2.449 0.8999999762
35949  25.317  -26.930  2.534 0.8999999762
35953  33.303  -27.221  2.010 0.6000000238
36615  30.209  -26.255  12.182 0.6999999881
36692  28.951  -25.944  7.848 0.8000000119
36693  28.220  -26.197  7.434 1.0000000000
36719  31.945  -26.551  4.496 0.6000000238
36721  29.885  -26.675  4.360 0.6000000238
36723  24.406  -26.680  4.014 0.8999999762
36731  31.302  -25.932  3.935 0.6000000238
36734  27.616  -26.812  2.963 0.6999999881
36736  24.539  -26.842  3.444 0.8999999762
36744  33.269  -26.328  2.522 0.6000000238
36747  27.041  -26.565  2.197 0.6999999881
36755  33.161  -26.048  0.834 0.6000000238
36756  26.445  -26.133  1.586 0.8999999762
36757  25.662  -26.108  1.736 0.8999999762
36767  32.605  -26.800  -0.377 0.6000000238
36790  33.011  -26.428  -2.945 0.6000000238
37435  24.919  -25.614  12.843 0.4000000060
37436  24.061  -25.795  12.447 0.4000000060
37509  30.203  -25.226  7.949 0.8000000119
37524  27.016  -25.812  5.854 1.0000000000
37548  30.504  -25.548  3.374 0.6999999881
37560  32.978  -25.613  2.611 0.6000000238
37561  30.632  -25.023  2.835 0.6999999881
37563  27.965  -25.600  2.089 0.6999999881
37573  32.367  -24.976  2.607 0.6000000238
37574  29.032  -24.534  1.753 0.6999999881
37590  32.925  -25.180  0.535 0.6000000238
37591  26.068  -25.328  0.858 0.8999999762
37606  33.383  -25.805  -3.246 0.6000000238
37607  32.954  -25.872  -3.083 0.6000000238
38387  26.555  -24.921  13.381 0.4000000060
38480  28.667  -25.035  5.629 0.8999999762
38520  29.971  -24.598  2.244 0.6999999881
38534  31.643  -23.899  1.650 0.6999999881
38538  25.351  -24.911  1.080 0.8999999762
38539  25.197  -24.427  1.260 0.8999999762
38552  25.769  -24.766  0.651 0.8999999762
38553  25.368  -24.556  0.803 0.8999999762
38554  25.060  -24.167  0.877 0.8999999762
38563  32.525  -24.382  -0.783 0.6000000238
38571  32.462  -24.518  -1.975 0.6000000238
38590  32.885  -24.238  -3.400 0.6000000238
39375  32.288  -23.389  6.369 0.6999999881
39407  29.759  -23.141  3.760 0.8000000119
39425  27.527  -23.087  2.751 0.8999999762
39427  25.911  -23.642  2.122 1.0000000000
39428  25.320  -23.742  1.562 1.0000000000
39439  31.080  -23.504  1.239 0.6999999881
39440  30.082  -23.450  1.059 0.6999999881
39441  24.942  -23.638  1.072 1.0000000000
39449  32.188  -23.615  -0.468 0.6000000238
39455  25.495  -24.095  0.453 0.8999999762
39464  32.261  -23.809  -1.199 0.6000000238
39465  31.804  -23.175  -1.000 0.6999999881
39468  28.473  -22.875  -0.072 0.6999999881
39471  25.615  -23.521  0.098 0.8999999762
39491  32.334  -23.603  -3.017 0.6000000238
39492  31.931  -22.860  -3.313 0.6000000238
40327  32.291  -22.347  4.453 0.6999999881
40328  31.394  -22.861  4.283 0.8000000119
40343  28.379  -22.929  3.054 0.8999999762
40356  29.512  -22.095  2.745 0.8000000119
40358  26.273  -22.949  2.004 1.0000000000
40360  25.037  -23.154  1.262 1.0000000000
40366  27.444  -22.381  2.235 0.8999999762
40376  24.617  -22.487  0.320 1.0000000000
40385  31.026  -22.599  -1.279 0.6999999881
40387  27.911  -22.532  -0.668 0.6999999881
40390  24.735  -22.357  -0.211 0.8999999762
40401  30.980  -22.389  -2.048 0.6999999881
40404  27.273  -22.045  -1.203 0.8000000119
40419  29.645  -21.820  -2.132 0.6999999881
40427  33.671  -23.090  -3.534 0.6000000238
40428  33.025  -22.837  -3.853 0.6000000238
40431  30.843  -21.833  -3.176 0.6999999881
40440  32.721  -22.019  -4.168 0.6000000238
41178  27.683  -21.354  11.586 0.4000000060
41282  32.971  -21.758  4.620 0.6000000238
41294  31.151  -21.792  3.084 0.8000000119
41303  32.314  -20.756  2.431 0.6999999881
41305  30.780  -21.397  2.477 0.8000000119
41308  25.002  -22.503  1.159 1.0000000000
41316  26.249  -21.718  1.341 0.8999999762
41318  24.592  -22.129  0.608 1.0000000000
41323  24.396  -21.860  0.103 1.0000000000
41335  24.518  -21.544  -0.305 1.0000000000
41349  24.792  -20.775  -1.034 0.8999999762
41360  29.134  -21.303  -2.571 0.8000000119
41362  27.078  -20.925  -2.270 0.8999999762
41373  32.017  -21.859  -4.185 0.6999999881
41384  32.401  -21.308  -4.383 0.6000000238
41385  31.704  -21.157  -4.310 0.6999999881
41386  30.910  -20.851  -3.997 0.8000000119
42195  33.573  -20.399  4.799 0.6000000238
42212  33.004  -20.573  2.738 0.6000000238
42223  28.895  -20.745  1.136 0.8000000119
42227  24.881  -21.183  0.270 0.8999999762
42236  30.132  -20.299  0.203 0.8000000119
42242  24.505  -21.318  -0.103 1.0000000000
42256  24.894  -20.458  -0.950 0.8999999762
42268  25.133  -20.041  -1.521 0.8999999762
42281  26.469  -20.176  -2.583 0.8000000119
42283  25.203  -19.692  -1.959 0.8999999762
42293  33.319  -20.509  -4.191 0.6000000238
42295  29.100  -20.284  -3.509 0.6999999881
42297  26.988  -19.828  -2.976 0.8000000119
42306  32.681  -20.604  -4.482 0.6999999881
42309  30.580  -20.081  -4.158 0.6999999881
42310  29.643  -19.818  -3.985 0.6999999881
43067  27.594  -19.682  9.091 0.4000000060
43148  33.670  -19.467  4.768 0.5000000000
43176  31.084  -20.053  -0.187 0.6999999881
43178  26.193  -20.346  -0.158 0.8999999762
43179  25.264  -20.294  -0.659 0.8999999762
43192  29.081  -19.732  -0.960 0.6999999881
43193  28.181  -19.706  -0.932 0.8000000119
43194  27.160  -19.635  -0.918 0.8999999762
43196  25.217  -19.849  -1.360 0.8999999762
43208  30.783  -19.540  -1.139 0.6999999881
43220  26.121  -19.277  -2.735 0.8000000119
43231  28.707  -19.594  -3.808 0.8000000119
43234  25.958  -18.635  -2.675 0.8999999762
44087  28.641  -18.846  7.975 0.3000000119
44133  33.363  -18.473  5.776 0.3000000119
44179  34.128  -18.848  1.242 0.6000000238
44216  32.109  -18.285  -1.756 0.6999999881
44221  26.839  -18.492  -2.130 0.8999999762
44242  26.135  -17.855  -3.171 0.8999999762
44249  32.537  -18.929  -4.712 0.6000000238
44251  30.856  -18.787  -4.795 0.6999999881
44254  26.981  -17.914  -4.175 0.8000000119
44263  32.046  -18.430  -4.989 0.6000000238
45204  29.609  -17.947  7.174 0.3000000119
45328  33.468  -17.172  -1.251 0.5000000000
45331  30.343  -18.180  -2.403 0.6999999881
45332  29.295  -18.128  -2.475 0.6999999881
45335  26.335  -18.107  -2.641 0.8999999762
45348  30.895  -17.427  -2.501 0.6999999881
45350  29.079  -17.220  -2.704 0.6999999881
45351  27.029  -16.927  -2.939 0.8000000119
45361  26.202  -17.180  -3.566 0.8999999762
45369  33.167  -17.676  -4.705 0.6000000238
45371  28.537  -17.539  -4.744 0.8000000119
45383  32.639  -17.247  -5.178 0.6000000238
45384  31.986  -17.788  -5.224 0.6000000238
45385  31.185  -17.377  -5.328 0.6000000238
45388  27.836  -16.628  -4.885 0.8000000119
45390  26.267  -16.492  -4.157 0.8000000119
46480  34.643  -16.636  2.018 0.3000000119
46497  34.681  -16.514  0.361 0.4000000060
46504  34.370  -16.484  -0.469 0.4000000060
46550  26.201  -16.307  -4.067 0.8999999762
46564  27.150  -15.763  -4.939 0.8000000119
47686  26.472  -15.999  -3.797 0.8000000119
47696  26.803  -15.338  -4.010 0.8000000119
47697  26.434  -15.858  -4.068 0.8999999762
47719  34.091  -15.311  -5.349 0.6000000238
47721  32.687  -15.763  -5.789 0.6000000238
47726  27.358  -15.025  -5.193 0.8000000119
47736  32.287  -15.172  -6.222 0.6000000238
48857  34.858  -14.505  -0.954 0.4000000060
48872  28.586  -14.992  -3.609 0.6999999881
48887  30.030  -14.202  -3.670 0.6999999881
48888  28.197  -14.329  -4.253 0.8000000119
48903  27.329  -14.767  -4.408 0.8000000119
48915  35.137  -14.265  -5.320 0.5000000000
48917  33.796  -14.946  -6.020 0.6000000238
48918  29.392  -14.193  -6.054 0.6999999881
48920  27.955  -14.113  -5.289 0.8000000119
48921  27.347  -14.696  -4.939 0.8000000119
48937  33.441  -14.486  -6.671 0.6000000238
48939  30.800  -14.193  -6.445 0.6000000238
49962  35.277  -13.749  0.562 0.3000000119
49976  35.309  -13.359  -1.019 0.3000000119
49978  34.269  -13.964  -1.952 0.4000000060
49983  33.228  -13.841  -2.658 0.4000000060
49990  33.427  -13.257  -2.929 0.4000000060
49991  32.612  -13.611  -3.121 0.5000000000
49992  31.697  -13.606  -3.499 0.6999999881
49994  29.838  -13.428  -4.280 0.8000000119
50004  28.946  -13.110  -5.152 0.8000000119
50005  28.436  -13.616  -5.233 0.8000000119
50018  34.814  -13.963  -6.059 0.6000000238
50030  34.650  -13.792  -6.905 0.6000000238
50047  31.521  -12.903  -7.305 0.6000000238
51008  35.058  -12.419  -2.273 0.4000000060
51050  29.380  -12.640  -6.009 0.6999999881
51061  35.611  -12.890  -6.919 0.5000000000
51071  35.285  -12.864  -7.870 0.5000000000
51073  31.131  -12.015  -7.505 0.6000000238
51079  35.046  -12.438  -8.749 0.6000000238
51080  34.357  -12.422  -8.923 0.6000000238
51081  33.540  -12.530  -8.584 0.6000000238
51082  32.439  -12.055  -8.311 0.6000000238
51991  30.823  -11.871  -5.324 0.6999999881
52010  30.854  -11.330  -6.535 0.6000000238
52024  30.458  -11.734  -6.682 0.6000000238
52036  31.131  -11.362  -7.551 0.6000000238
52046  33.861  -11.929  -9.248 0.6000000238
52055  32.228  -10.776  -8.858 0.6000000238
52936  35.447  -10.197  -4.183 0.3000000119
52937  34.643  -10.497  -4.560 0.4000000060
52952  33.330  -10.429  -5.639 0.3000000119
52953  32.416  -10.700  -5.947 0.4000000060
52954  31.561  -10.992  -6.262 0.6000000238
52986  36.257  -10.680  -8.449 0.5000000000
52987  35.634  -11.051  -9.206 0.5000000000
52992  35.928  -10.334  -9.166 0.5000000000
52995  33.396  -10.453  -9.852 0.6000000238
54008  33.984  -9.065  -7.094 0.4000000060
54010  32.421  -9.363  -8.328 0.4000000060
54030  35.422  -9.604  -10.326 0.6000000238
54032  32.748  -9.590  -9.934 0.6000000238
54038  34.847  -9.300  -11.001 0.4000000060
54986  36.164  -8.887  -4.857 0.3000000119
55013  36.053  -7.808  -6.196 0.3000000119
55032  32.319  -9.007  -8.932 0.4000000060
55044  33.729  -8.274  -8.450 0.4000000060
55059  32.537  -8.384  -9.966 0.4000000060
55066  35.786  -8.053  -10.795 0.4000000060
56065  35.496  -7.270  -7.472 0.3000000119
56106  34.301  -7.651  -11.856 0.4000000060
56107  33.531  -7.067  -11.795 0.4000000060
56109  34.330  -7.113  -12.160 0.4000000060
57219  35.674  -6.624  -11.810 0.4000000060
57221  33.147  -6.352  -11.670 0.4000000060
59418  36.019  -4.375  -12.287 0.3000000119
61460  37.298  -2.426  -11.487 0.3000000119
62438  38.027  -1.559  -11.721 0.3000000119
120278  30.562  -22.809  3.777 0.8000000119
120881  31.977  -19.740  -0.108 0.6999999881
121214  26.484  -27.624  3.042 0.8000000119
121606  23.809  -35.014  5.667 0.5000000000
122078  23.641  -45.135  18.709 0.5000000000
122172  33.413  -21.138  4.738 0.6000000238
122378  21.986  -37.187  14.587 0.6000000238
122672  31.036  -15.741  -5.905 0.6000000238
122779  21.435  -32.808  5.777 0.8000000119
123370  24.226  -45.939  17.739 0.4000000060
123708  24.267  -38.067  8.796 0.8000000119
124188  33.271  -17.005  -4.870 0.6000000238
124284  27.153  -25.670  1.451 0.8000000119
124446  31.810  -23.825  6.197 0.8000000119
124457  33.217  -19.170  0.047 0.6000000238
124949  24.133  -39.167  9.160 0.8000000119
125090  21.053  -36.597  6.998 0.4000000060
125119  25.721  -25.714  3.768 1.0000000000
125139  28.285  -27.713  13.835 0.6000000238
125286  20.382  -32.078  6.452 0.8999999762
125435  26.837  -26.495  6.511 1.0000000000
125950  26.344  -35.893  9.949 0.8999999762
126137  25.217  -35.797  15.429 0.8999999762
126322  23.138  -38.575  15.334 0.6999999881
127126  29.048  -24.006  12.639 0.4000000060
127137  34.054  -18.841  3.317 0.4000000060
128106  24.672  -46.020  14.863 0.4000000060
128290  26.446  -32.741  6.349 0.5000000000
128301  32.549  -26.190  -1.828 0.6000000238
128322  32.029  -27.207  5.009 0.6000000238
128332  24.229  -33.256  8.332 0.8999999762
128657  20.986  -40.838  9.969 0.6000000238
128797  32.211  -27.494  -1.959 0.6000000238
128810  21.468  -34.328  8.106 0.8000000119
128918  20.381  -33.508  7.301 0.6999999881
129105  36.466  -6.809  -10.595 0.4000000060
129622  24.089  -32.736  14.482 0.6999999881
129709  22.711  -35.034  8.389 0.8999999762
129794  29.425  -26.379  3.816 0.6999999881
129969  29.219  -26.946  8.476 0.8999999762
130058  25.994  -30.053  7.271 1.0000000000
130230  25.913  -35.757  9.644 0.8999999762
130655  27.434  -27.828  14.004 0.6000000238
130887  27.803  -21.388  1.523 0.8999999762
131053  21.792  -31.475  6.966 0.8999999762
131492  34.170  -25.527  -3.083 0.6000000238
131714  35.171  -7.306  -11.969 0.4000000060
132129  27.317  -35.016  10.592 1.0000000000
132308  24.844  -30.340  4.433 0.8000000119
132411  20.904  -29.680  5.437 0.8999999762
132566  30.643  -16.616  -5.502 0.6000000238
132960  22.516  -32.474  5.310 0.6999999881
132992  19.661  -32.186  13.457 0.4000000060
133705  34.638  -6.191  -12.558 0.3000000119
133872  29.932  -12.199  -6.271 0.6000000238
133952  29.446  -24.762  5.695 0.8000000119
134002  23.630  -33.401  8.190 0.8999999762
134360  31.988  -13.696  -7.055 0.6000000238
134388  26.180  -17.380  -2.882 0.8999999762
135574  26.082  -18.225  -2.812 0.8999999762
135813  32.559  -25.554  3.150 0.6000000238
136071  33.543  -21.155  -3.857 0.6000000238
136112  25.436  -32.348  5.593 0.5000000000
136175  29.079  -18.262  -4.628 0.6999999881
136616  25.126  -23.038  -0.012 0.8999999762
137006  32.254  -24.384  2.019 0.6000000238
137156  20.959  -33.776  6.367 0.6000000238
137329  32.890  -26.947  0.455 0.6000000238
137601  20.503  -30.867  6.174 0.8999999762
137636  28.755  -32.481  14.718 0.8999999762
137942  23.685  -42.210  18.350 0.5000000000
138182  23.205  -40.003  16.459 0.6000000238
138349  30.672  -18.854  -1.881 0.6999999881
138370  26.835  -37.620  10.837 1.0000000000
138665  20.531  -34.901  8.112 0.8000000119
138947  25.995  -29.830  4.470 0.8000000119
139479  31.090  -21.107  9.938 0.5000000000
139482  29.122  -13.316  -4.702 0.8000000119
139794  32.870  -26.012  -0.172 0.6000000238
140204  24.118  -39.875  16.761 0.6999999881
140580  29.900  -19.708  -1.047 0.8000000119
140722  23.283  -27.964  5.539 0.8999999762
140818  24.766  -26.557  3.519 0.8999999762
140859  24.247  -36.630  8.697 0.8000000119
141197  23.103  -24.997  11.588 0.4000000060
141860  26.109  -30.286  4.818 0.8000000119
142061  32.492  -16.810  -2.088 0.5000000000
142171  21.150  -42.412  17.767 0.5000000000
142183  24.500  -46.617  14.773 0.4000000060
142510  32.285  -12.001  -4.454 0.5000000000
142580  29.522  -30.132  6.751 0.5000000000
142668  28.491  -17.091  -2.746 0.6999999881
143031  20.444  -45.653  19.659 0.4000000060
143314  30.521  -20.661  1.285 0.8000000119
143487  29.679  -27.944  13.252 0.6999999881
143773  25.533  -36.586  9.413 0.8999999762
143809  26.964  -15.260  -4.826 0.8000000119
143856  26.827  -24.816  3.865 1.0000000000
143880  27.645  -32.971  7.117 0.4000000060
143946  24.853  -39.931  9.634 0.8000000119
144331  23.129  -32.119  14.092 0.6999999881
144428  21.064  -34.761  8.221 0.8000000119
144530  27.016  -16.283  -3.389 0.8000000119
144638  26.239  -33.610  6.501 0.5000000000
