#!ascii label  , from subject sub-v1s19x0051303_ses-1 vox2ras=TkReg
1054
40148  -8.116  -17.751  72.771 0.0000000000
49548  -34.778  -8.228  60.588 0.0000000000
55040  -30.133  -2.393  61.540 0.0000000000
49467  -27.471  -8.244  66.097 0.0000000000
61640  -37.925  5.361  51.141 0.0000000000
61595  -31.609  4.349  54.977 0.0000000000
47635  -35.412  -9.719  65.205 0.0000000000
48603  -30.717  -9.576  62.607 0.0000000000
63295  -43.535  6.427  53.976 0.0000000000
66854  -44.964  10.283  52.478 0.0000000000
68576  -46.936  13.382  50.964 0.0000000000
110236  -32.491  3.635  63.993 0.0000000000
58054  -30.069  1.167  58.753 0.0000000000
63196  -33.479  6.750  61.121 0.0000000000
64117  -36.703  7.544  58.753 0.0000000000
46644  -20.356  -11.323  65.346 0.0000000000
38153  -6.584  -20.656  75.603 0.0000000000
52153  -33.621  -5.769  61.796 0.0000000000
56920  -33.536  -0.487  65.647 0.0000000000
48619  -21.426  -9.116  61.887 0.0000000000
50417  -25.577  -7.568  59.149 0.0000000000
68628  -45.622  12.298  44.572 0.0000000000
70467  -49.192  15.532  48.877 0.0000000000
61610  -35.098  5.131  52.765 0.0000000000
62377  -40.759  6.099  56.908 0.0000000000
42003  -10.336  -16.252  69.019 0.0000000000
32679  -4.410  -27.434  73.696 0.0000000000
64180  -44.131  7.876  53.305 0.0000000000
62325  -32.526  5.677  62.947 0.0000000000
44944  -18.227  -13.043  63.601 0.0000000000
39145  -7.018  -19.200  74.292 0.0000000000
50435  -34.574  -6.648  58.500 0.0000000000
51252  -35.424  -6.757  60.804 0.0000000000
50361  -24.170  -7.850  63.816 0.0000000000
49525  -23.498  -7.681  60.560 0.0000000000
50382  -25.642  -7.329  62.789 0.0000000000
48625  -32.682  -9.427  61.549 0.0000000000
49543  -29.777  -8.803  60.041 0.0000000000
130004  -31.906  -8.462  58.806 0.0000000000
49456  -26.360  -7.752  67.306 0.0000000000
49474  -22.937  -8.813  65.442 0.0000000000
66041  -41.194  10.087  48.486 0.0000000000
67757  -43.870  11.854  46.002 0.0000000000
70456  -47.592  14.328  49.895 0.0000000000
60733  -30.578  3.225  56.819 0.0000000000
62439  -33.746  5.394  53.824 0.0000000000
63228  -38.908  6.919  58.118 0.0000000000
44893  -15.091  -13.509  66.578 0.0000000000
119968  -13.795  -13.781  69.197 0.0000000000
42924  -11.994  -14.839  70.694 0.0000000000
42030  -11.610  -15.608  67.447 0.0000000000
33593  -5.931  -25.547  71.820 0.0000000000
48607  -35.110  -8.791  62.851 0.0000000000
51238  -35.006  -7.029  63.511 0.0000000000
51226  -35.588  -7.076  65.970 0.0000000000
47611  -29.832  -9.643  66.991 0.0000000000
48564  -28.697  -8.934  64.983 0.0000000000
46646  -32.288  -10.293  65.728 0.0000000000
47648  -33.408  -10.529  63.524 0.0000000000
62442  -41.117  5.740  53.256 0.0000000000
64189  -41.982  7.714  52.244 0.0000000000
66023  -41.976  9.863  50.909 0.0000000000
67716  -43.657  11.624  50.378 0.0000000000
68583  -44.529  12.662  49.320 0.0000000000
132192  -46.366  11.680  52.235 0.0000000000
57992  -31.581  0.531  62.708 0.0000000000
56985  -29.894  -0.748  60.163 0.0000000000
128395  -31.504  2.284  61.480 0.0000000000
60706  -31.428  3.733  59.506 0.0000000000
62364  -32.567  5.451  58.654 0.0000000000
63264  -34.343  6.427  56.895 0.0000000000
64075  -34.861  7.666  60.144 0.0000000000
44897  -19.699  -12.910  66.803 0.0000000000
44911  -16.973  -13.044  65.290 0.0000000000
118819  -48.920  16.186  44.730 0.0000000000
37219  -5.341  -21.619  76.915 0.0000000000
130341  -33.938  -5.401  58.891 0.0000000000
53070  -31.595  -4.570  62.354 0.0000000000
52129  -33.671  -5.802  64.390 0.0000000000
53049  -32.694  -3.687  65.087 0.0000000000
56009  -31.462  -1.727  63.537 0.0000000000
58883  -32.710  1.631  64.640 0.0000000000
49526  -27.950  -7.851  61.180 0.0000000000
48530  -22.101  -8.994  67.433 0.0000000000
47630  -20.996  -10.069  64.202 0.0000000000
69487  -45.507  13.534  48.379 0.0000000000
113695  -46.841  14.580  47.123 0.0000000000
71386  -47.886  15.449  45.506 0.0000000000
71379  -49.952  16.165  47.840 0.0000000000
38251  -7.881  -19.701  69.147 0.0000000000
37292  -7.099  -21.201  70.538 0.0000000000
61626  -37.217  5.220  52.418 0.0000000000
62393  -36.076  6.192  55.696 0.0000000000
62429  -38.074  5.495  54.653 0.0000000000
61600  -39.613  5.350  54.377 0.0000000000
62419  -42.260  5.551  55.271 0.0000000000
112926  -9.021  -17.039  71.261 0.0000000000
36347  -6.759  -22.665  72.570 0.0000000000
35455  -5.760  -24.478  74.470 0.0000000000
34502  -3.993  -24.575  75.855 0.0000000000
40139  -7.417  -18.519  73.741 0.0000000000
49566  -33.677  -8.286  59.421 0.0000000000
50420  -34.362  -7.470  58.955 0.0000000000
50406  -35.345  -7.323  60.320 0.0000000000
49487  -25.296  -7.949  64.940 0.0000000000
50372  -24.642  -7.537  63.334 0.0000000000
49488  -26.656  -7.948  64.757 0.0000000000
48640  -33.166  -9.078  60.937 0.0000000000
49545  -31.835  -8.781  59.596 0.0000000000
49565  -32.670  -8.463  59.105 0.0000000000
49586  -32.404  -8.028  58.225 0.0000000000
48542  -27.929  -8.410  66.889 0.0000000000
48521  -27.792  -8.536  68.679 0.0000000000
49466  -26.995  -7.912  66.668 0.0000000000
49476  -24.631  -8.053  65.564 0.0000000000
67756  -43.371  11.483  46.433 0.0000000000
54054  -30.169  -3.797  60.619 0.0000000000
54053  -29.583  -3.274  60.227 0.0000000000
60734  -31.146  3.834  56.312 0.0000000000
60757  -30.728  3.145  54.429 0.0000000000
62424  -32.783  5.399  54.887 0.0000000000
43942  -14.184  -13.942  66.580 0.0000000000
44858  -14.647  -13.568  67.923 0.0000000000
43925  -13.407  -14.341  67.081 0.0000000000
42949  -12.192  -14.900  68.451 0.0000000000
42958  -12.235  -15.322  67.035 0.0000000000
48584  -35.162  -9.094  63.662 0.0000000000
49491  -35.556  -8.367  64.818 0.0000000000
119385  -35.760  -8.547  65.725 0.0000000000
46626  -30.623  -10.919  68.068 0.0000000000
47612  -30.755  -9.962  66.577 0.0000000000
46636  -32.151  -10.660  67.302 0.0000000000
46649  -35.204  -10.341  65.507 0.0000000000
46658  -34.064  -10.842  64.408 0.0000000000
46659  -34.492  -10.534  64.310 0.0000000000
47665  -33.964  -10.084  63.120 0.0000000000
62444  -42.016  5.913  53.561 0.0000000000
63303  -41.076  6.430  52.569 0.0000000000
63305  -42.362  6.514  53.185 0.0000000000
65998  -44.584  9.447  52.739 0.0000000000
65122  -43.021  8.919  52.270 0.0000000000
66011  -44.111  9.994  52.187 0.0000000000
66880  -43.048  10.942  50.729 0.0000000000
66866  -44.428  10.741  51.810 0.0000000000
67717  -44.598  11.853  50.801 0.0000000000
116098  -45.687  10.749  52.479 0.0000000000
58904  -32.134  1.921  62.942 0.0000000000
58923  -31.345  1.610  61.684 0.0000000000
59833  -32.199  2.784  62.673 0.0000000000
125258  -32.796  6.314  62.376 0.0000000000
116787  -32.355  5.090  61.209 0.0000000000
62342  -32.623  5.541  60.521 0.0000000000
61557  -32.077  4.881  58.768 0.0000000000
62353  -33.072  6.047  59.913 0.0000000000
63213  -33.638  6.553  59.355 0.0000000000
63205  -34.069  7.222  60.630 0.0000000000
47608  -20.582  -11.021  67.082 0.0000000000
45771  -20.286  -12.529  67.309 0.0000000000
45784  -20.043  -12.350  66.470 0.0000000000
115148  -17.682  -13.183  63.893 0.0000000000
72290  -49.671  16.465  45.240 0.0000000000
72295  -50.406  16.909  44.817 0.0000000000
37228  -5.909  -21.164  76.797 0.0000000000
52174  -34.768  -5.905  59.818 0.0000000000
127902  -34.615  -6.122  58.446 0.0000000000
52172  -33.227  -5.299  60.478 0.0000000000
53091  -32.433  -5.036  60.862 0.0000000000
123966  -32.296  -5.077  61.790 0.0000000000
52130  -34.729  -6.368  65.259 0.0000000000
51231  -34.366  -6.480  64.186 0.0000000000
52120  -34.389  -5.552  65.873 0.0000000000
114846  -33.632  -1.761  65.863 0.0000000000
54000  -33.312  -3.566  65.704 0.0000000000
55995  -33.118  -1.947  65.393 0.0000000000
131075  -31.661  -3.074  64.191 0.0000000000
117602  -32.657  -0.907  64.724 0.0000000000
113194  -32.572  -0.019  64.474 0.0000000000
57951  -33.429  0.297  65.551 0.0000000000
50416  -24.784  -7.551  59.614 0.0000000000
48581  -29.733  -9.310  63.678 0.0000000000
49513  -28.563  -8.518  62.679 0.0000000000
48621  -29.361  -8.901  62.273 0.0000000000
111832  -29.022  -8.269  59.008 0.0000000000
48519  -23.199  -8.373  68.911 0.0000000000
48579  -22.074  -8.871  63.456 0.0000000000
48562  -21.630  -9.610  64.657 0.0000000000
47644  -20.885  -10.054  63.154 0.0000000000
132234  -20.453  -11.078  61.669 0.0000000000
68574  -45.615  12.713  50.284 0.0000000000
68596  -45.003  13.140  48.829 0.0000000000
69477  -46.358  13.554  49.495 0.0000000000
70466  -48.478  15.009  48.942 0.0000000000
70465  -47.133  14.315  48.522 0.0000000000
70471  -47.923  14.772  48.179 0.0000000000
70473  -47.170  14.899  46.382 0.0000000000
70474  -47.972  15.252  46.793 0.0000000000
71382  -48.438  15.612  46.166 0.0000000000
71374  -49.468  15.740  48.193 0.0000000000
58030  -29.910  0.309  59.202 0.0000000000
56052  -29.206  -1.203  58.820 0.0000000000
60776  -35.945  4.258  50.971 0.0000000000
61625  -36.523  5.144  52.444 0.0000000000
112170  -35.220  7.047  57.970 0.0000000000
63265  -35.268  6.524  56.742 0.0000000000
63244  -36.641  6.815  57.268 0.0000000000
63247  -39.402  6.505  57.499 0.0000000000
63267  -38.133  6.298  56.684 0.0000000000
62416  -39.183  5.607  55.504 0.0000000000
61586  -38.923  5.463  54.821 0.0000000000
62417  -39.987  5.516  55.536 0.0000000000
61589  -40.847  5.305  54.763 0.0000000000
62399  -41.353  5.759  56.235 0.0000000000
42923  -11.315  -15.309  70.345 0.0000000000
41991  -10.632  -15.788  70.364 0.0000000000
125391  -10.424  -15.697  71.897 0.0000000000
41062  -9.973  -16.332  70.285 0.0000000000
40177  -8.726  -18.022  68.960 0.0000000000
41084  -9.774  -16.866  68.623 0.0000000000
36385  -6.897  -22.606  70.702 0.0000000000
132070  -6.880  -21.876  71.535 0.0000000000
110728  -6.744  -23.306  71.164 0.0000000000
32680  -5.254  -26.806  72.908 0.0000000000
34517  -5.906  -25.038  73.229 0.0000000000
33583  -5.262  -25.834  74.051 0.0000000000
34503  -4.597  -24.658  75.674 0.0000000000
124937  -3.955  -26.001  75.161 0.0000000000
111942  -33.141  -11.265  67.666 0.0000000000
63288  -44.650  6.818  54.818 0.0000000000
64168  -43.851  7.130  53.614 0.0000000000
64170  -45.186  7.683  54.183 0.0000000000
61529  -32.449  4.275  63.412 0.0000000000
45816  -19.766  -11.915  63.629 0.0000000000
45793  -19.394  -12.278  64.957 0.0000000000
40122  -7.195  -18.685  75.658 0.0000000000
39144  -6.771  -19.848  75.034 0.0000000000
50434  -33.968  -7.117  57.977 0.0000000000
51260  -35.255  -6.627  59.954 0.0000000000
52154  -34.412  -6.077  61.522 0.0000000000
58874  -33.747  0.888  66.150 0.0000000000
49498  -22.669  -8.314  63.042 0.0000000000
49524  -22.267  -8.328  61.221 0.0000000000
50380  -23.785  -7.413  62.252 0.0000000000
50393  -24.415  -7.203  61.833 0.0000000000
50403  -25.665  -7.150  61.077 0.0000000000
48604  -31.544  -9.661  62.408 0.0000000000
48623  -30.456  -9.124  61.285 0.0000000000
48637  -30.788  -9.059  60.640 0.0000000000
49544  -31.017  -8.913  59.923 0.0000000000
49602  -31.269  -8.091  57.166 0.0000000000
49444  -25.750  -7.728  68.488 0.0000000000
49453  -23.737  -8.173  67.292 0.0000000000
49464  -24.375  -8.027  66.354 0.0000000000
121098  -23.327  -8.587  64.879 0.0000000000
66040  -40.709  9.467  48.682 0.0000000000
68621  -44.460  12.261  45.642 0.0000000000
69449  -48.078  13.538  52.389 0.0000000000
69473  -47.222  13.908  50.379 0.0000000000
59898  -30.325  2.670  57.550 0.0000000000
61622  -33.418  4.488  52.452 0.0000000000
62440  -34.701  5.475  53.680 0.0000000000
64078  -38.269  8.127  60.009 0.0000000000
63227  -38.018  7.031  58.032 0.0000000000
64097  -38.785  7.684  59.396 0.0000000000
44879  -17.129  -13.462  67.684 0.0000000000
44860  -16.282  -13.501  68.245 0.0000000000
43877  -14.760  -13.594  70.593 0.0000000000
43893  -13.071  -14.189  69.627 0.0000000000
126942  -11.857  -15.090  69.037 0.0000000000
114175  -10.955  -15.890  67.833 0.0000000000
41095  -9.868  -17.202  67.617 0.0000000000
41105  -10.803  -16.866  66.408 0.0000000000
49529  -34.934  -8.541  61.309 0.0000000000
49530  -35.451  -7.979  61.669 0.0000000000
49515  -35.526  -8.117  62.400 0.0000000000
51232  -35.232  -7.169  65.102 0.0000000000
48543  -28.612  -8.876  66.677 0.0000000000
49478  -27.932  -8.501  65.399 0.0000000000
48555  -29.270  -9.255  65.502 0.0000000000
47631  -30.087  -9.577  65.181 0.0000000000
47645  -31.198  -9.848  64.072 0.0000000000
45795  -33.509  -10.691  65.782 0.0000000000
46656  -32.551  -10.342  64.787 0.0000000000
47663  -32.174  -9.913  63.046 0.0000000000
47664  -33.033  -9.964  62.840 0.0000000000
109294  -33.730  -9.599  62.333 0.0000000000
47600  -29.104  -9.619  68.185 0.0000000000
62451  -39.426  5.612  52.582 0.0000000000
62467  -38.682  6.313  50.802 0.0000000000
63312  -39.622  6.528  51.639 0.0000000000
64187  -40.106  7.254  51.439 0.0000000000
65131  -40.810  8.710  50.876 0.0000000000
65111  -42.813  8.056  52.518 0.0000000000
65121  -42.216  8.585  51.943 0.0000000000
66022  -41.073  9.529  50.377 0.0000000000
66878  -41.644  10.318  50.156 0.0000000000
66888  -42.264  11.152  49.123 0.0000000000
114297  -42.883  11.693  48.978 0.0000000000
68606  -43.524  12.403  47.816 0.0000000000
67728  -44.092  12.192  49.903 0.0000000000
67718  -45.466  12.310  50.881 0.0000000000
68569  -46.826  12.772  51.614 0.0000000000
66856  -46.809  11.555  52.734 0.0000000000
120484  -47.451  12.720  52.405 0.0000000000
56967  -30.839  -0.863  62.010 0.0000000000
56044  -30.055  -1.233  60.748 0.0000000000
56976  -30.488  -0.426  61.097 0.0000000000
58947  -30.586  1.137  60.395 0.0000000000
59869  -30.634  1.824  59.973 0.0000000000
130393  -32.077  3.766  61.599 0.0000000000
60698  -31.344  3.283  60.242 0.0000000000
115244  -30.671  2.592  58.920 0.0000000000
59888  -31.041  3.390  58.686 0.0000000000
61566  -31.755  4.493  57.476 0.0000000000
113965  -32.260  5.030  56.953 0.0000000000
115829  -33.224  5.843  56.242 0.0000000000
63241  -33.601  6.267  57.463 0.0000000000
63224  -34.519  6.876  58.202 0.0000000000
64094  -35.592  7.698  59.583 0.0000000000
65034  -36.002  8.245  60.945 0.0000000000
64077  -37.264  8.141  60.009 0.0000000000
117156  -18.625  -13.505  67.025 0.0000000000
44913  -18.820  -12.690  65.362 0.0000000000
129327  -18.546  -12.793  65.856 0.0000000000
111317  -17.729  -13.321  66.988 0.0000000000
44894  -16.117  -13.261  66.560 0.0000000000
53090  -31.635  -4.715  60.455 0.0000000000
54031  -30.582  -3.422  62.232 0.0000000000
51245  -35.316  -6.975  62.481 0.0000000000
51244  -34.830  -6.502  62.083 0.0000000000
113771  -33.400  -5.885  63.386 0.0000000000
53050  -33.236  -5.061  64.987 0.0000000000
52145  -32.817  -5.493  63.138 0.0000000000
53059  -31.699  -4.370  63.308 0.0000000000
54032  -30.873  -3.107  62.964 0.0000000000
55026  -30.950  -2.212  62.924 0.0000000000
56968  -31.332  -0.400  62.718 0.0000000000
57982  -32.087  0.672  63.447 0.0000000000
59798  -32.750  2.603  64.884 0.0000000000
58873  -33.454  1.798  65.945 0.0000000000
60640  -33.001  3.247  65.893 0.0000000000
118222  -27.534  -8.146  63.829 0.0000000000
50384  -27.211  -7.721  62.337 0.0000000000
50405  -27.143  -7.456  60.064 0.0000000000
49527  -29.285  -8.663  60.664 0.0000000000
109692  -27.850  -7.821  59.040 0.0000000000
47599  -20.928  -10.264  67.739 0.0000000000
47609  -20.995  -10.158  66.836 0.0000000000
48540  -22.400  -8.973  66.469 0.0000000000
47619  -21.153  -9.938  65.936 0.0000000000
47629  -20.665  -10.718  64.684 0.0000000000
46670  -20.196  -11.411  63.285 0.0000000000
68607  -44.101  12.896  47.451 0.0000000000
69493  -44.657  13.320  47.068 0.0000000000
69494  -45.238  13.677  46.741 0.0000000000
69478  -47.002  13.995  49.473 0.0000000000
69491  -45.810  14.006  47.281 0.0000000000
69500  -45.899  14.059  45.646 0.0000000000
69507  -46.246  13.887  44.777 0.0000000000
70478  -46.765  14.501  44.829 0.0000000000
70483  -47.408  14.307  43.687 0.0000000000
71387  -48.372  15.772  45.195 0.0000000000
71388  -49.068  16.075  45.709 0.0000000000
117263  -8.077  -18.238  71.092 0.0000000000
39178  -7.294  -19.491  71.306 0.0000000000
38239  -7.365  -20.472  70.110 0.0000000000
122670  -29.102  -1.947  59.245 0.0000000000
131716  -38.129  5.337  51.970 0.0000000000
115427  -33.550  5.859  55.338 0.0000000000
116698  -35.058  6.062  54.967 0.0000000000
62412  -35.778  5.973  55.017 0.0000000000
63266  -37.214  6.386  56.593 0.0000000000
62394  -36.907  6.134  55.846 0.0000000000
61598  -36.587  5.498  53.683 0.0000000000
61611  -37.302  5.438  53.682 0.0000000000
125774  -38.701  5.345  53.249 0.0000000000
109343  -38.742  5.424  52.607 0.0000000000
61628  -40.201  5.544  53.207 0.0000000000
62443  -41.645  5.453  54.027 0.0000000000
62420  -43.018  5.777  55.052 0.0000000000
41032  -8.913  -16.630  73.513 0.0000000000
41955  -9.647  -16.128  73.082 0.0000000000
41048  -8.478  -17.607  71.565 0.0000000000
40161  -8.214  -18.425  70.091 0.0000000000
39228  -8.287  -19.605  68.261 0.0000000000
129874  -6.901  -19.812  72.591 0.0000000000
38210  -6.801  -21.146  72.890 0.0000000000
37251  -6.650  -21.783  73.702 0.0000000000
111274  -6.378  -24.231  72.605 0.0000000000
36332  -6.564  -22.752  73.615 0.0000000000
36324  -6.144  -22.588  75.223 0.0000000000
36317  -5.533  -22.735  76.116 0.0000000000
35414  -4.923  -23.118  76.317 0.0000000000
32668  -3.412  -27.070  74.230 0.0000000000
33581  -3.259  -26.375  74.565 0.0000000000
40140  -8.306  -17.403  73.457 0.0000000000
128797  -7.820  -17.957  73.369 0.0000000000
49567  -34.679  -7.855  59.770 0.0000000000
109245  -26.187  -7.906  65.234 0.0000000000
50363  -25.925  -7.776  64.297 0.0000000000
110816  -27.052  -8.081  65.392 0.0000000000
49528  -34.065  -8.794  61.110 0.0000000000
49546  -32.732  -8.841  60.126 0.0000000000
49547  -33.866  -8.595  60.301 0.0000000000
109575  -26.566  -7.919  65.973 0.0000000000
49477  -25.625  -7.866  65.782 0.0000000000
67755  -42.929  11.238  46.791 0.0000000000
54041  -29.790  -3.077  61.117 0.0000000000
131739  -29.821  -2.525  61.038 0.0000000000
61584  -31.623  4.395  55.816 0.0000000000
60743  -31.129  3.818  55.466 0.0000000000
60750  -31.144  3.707  54.651 0.0000000000
61596  -32.229  4.798  54.503 0.0000000000
61585  -32.169  4.920  55.341 0.0000000000
43941  -13.568  -14.553  66.276 0.0000000000
42972  -12.926  -14.935  66.604 0.0000000000
48567  -35.257  -9.452  64.485 0.0000000000
48568  -35.553  -9.111  65.175 0.0000000000
46627  -31.519  -11.228  67.938 0.0000000000
46635  -31.251  -10.482  67.350 0.0000000000
45772  -32.471  -11.140  67.716 0.0000000000
47623  -35.409  -10.128  65.685 0.0000000000
47634  -35.032  -10.166  64.870 0.0000000000
47650  -34.809  -9.886  64.033 0.0000000000
46616  -31.090  -11.829  68.305 0.0000000000
62445  -42.782  6.148  53.734 0.0000000000
63306  -43.125  6.787  53.371 0.0000000000
65999  -45.290  9.590  53.041 0.0000000000
66867  -45.168  11.047  51.957 0.0000000000
59812  -32.432  2.581  63.821 0.0000000000
60669  -32.420  3.493  63.134 0.0000000000
113856  -33.331  6.840  61.897 0.0000000000
62332  -32.703  5.722  61.264 0.0000000000
62343  -33.081  6.166  60.804 0.0000000000
63204  -33.587  6.643  60.260 0.0000000000
63197  -33.876  7.326  61.440 0.0000000000
46634  -20.330  -11.601  66.261 0.0000000000
123198  -20.335  -11.866  66.919 0.0000000000
45794  -19.937  -12.088  65.650 0.0000000000
72291  -50.283  16.660  45.702 0.0000000000
72292  -50.965  17.063  45.743 0.0000000000
39134  -6.613  -19.914  75.943 0.0000000000
38134  -6.353  -20.579  76.419 0.0000000000
38120  -6.073  -20.335  77.067 0.0000000000
115824  -6.273  -21.313  76.105 0.0000000000
52164  -34.068  -5.629  60.739 0.0000000000
52163  -33.087  -5.410  61.294 0.0000000000
121451  -32.874  -5.493  62.200 0.0000000000
53041  -34.708  -4.949  66.578 0.0000000000
55980  -33.894  -1.137  66.123 0.0000000000
55979  -33.304  -1.120  65.391 0.0000000000
131323  -32.917  -1.415  65.076 0.0000000000
56935  -33.091  -0.274  65.111 0.0000000000
47673  -21.056  -9.958  61.465 0.0000000000
48634  -21.492  -9.399  60.929 0.0000000000
48602  -29.945  -9.264  62.847 0.0000000000
48601  -29.201  -8.909  63.127 0.0000000000
48599  -21.417  -9.265  62.879 0.0000000000
47661  -21.029  -9.749  62.308 0.0000000000
69506  -45.613  13.341  45.064 0.0000000000
68575  -46.222  12.863  50.806 0.0000000000
68585  -46.000  13.139  49.935 0.0000000000
69472  -46.622  13.474  50.179 0.0000000000
126932  -48.218  15.135  47.509 0.0000000000
71373  -48.804  15.307  48.038 0.0000000000
71377  -48.707  15.479  47.119 0.0000000000
58053  -29.606  0.447  58.293 0.0000000000
61637  -35.064  4.656  51.847 0.0000000000
61624  -35.828  4.945  52.194 0.0000000000
109538  -36.110  5.293  52.946 0.0000000000
63225  -36.042  7.259  58.115 0.0000000000
63243  -35.698  6.809  57.320 0.0000000000
63226  -37.098  7.203  57.976 0.0000000000
62376  -39.908  6.113  56.859 0.0000000000
63268  -39.028  6.218  56.770 0.0000000000
62397  -39.535  5.810  56.165 0.0000000000
62398  -40.411  5.739  56.201 0.0000000000
62418  -40.870  5.426  55.439 0.0000000000
42004  -10.822  -15.728  69.547 0.0000000000
118448  -10.367  -16.155  69.696 0.0000000000
41072  -9.802  -16.625  69.469 0.0000000000
35491  -6.834  -23.231  70.402 0.0000000000
32670  -4.837  -26.623  73.879 0.0000000000
33575  -4.733  -25.676  74.930 0.0000000000
33582  -4.332  -26.361  74.687 0.0000000000
63177  -32.435  5.877  64.402 0.0000000000
45815  -19.359  -12.402  62.985 0.0000000000
40130  -7.334  -18.510  74.691 0.0000000000
40123  -7.639  -17.872  75.271 0.0000000000
123601  -7.009  -19.112  75.047 0.0000000000
39135  -6.877  -19.362  75.587 0.0000000000
50421  -35.070  -7.032  59.429 0.0000000000
52165  -34.923  -6.174  60.671 0.0000000000
128577  -35.050  -6.423  61.338 0.0000000000
49499  -23.424  -8.057  63.477 0.0000000000
49511  -23.222  -7.781  62.639 0.0000000000
112673  -23.929  -7.609  63.041 0.0000000000
114674  -25.020  -7.303  62.921 0.0000000000
111010  -25.047  -7.126  62.309 0.0000000000
114897  -25.077  -7.100  61.603 0.0000000000
50394  -25.747  -7.159  62.000 0.0000000000
48624  -31.808  -9.417  61.503 0.0000000000
125927  -31.128  -9.240  61.143 0.0000000000
49564  -31.080  -8.551  58.983 0.0000000000
127033  -30.755  -8.380  57.980 0.0000000000
49585  -31.569  -8.233  58.081 0.0000000000
49603  -32.076  -7.806  57.308 0.0000000000
48531  -27.151  -8.013  68.035 0.0000000000
49445  -26.311  -7.742  68.092 0.0000000000
48520  -26.713  -7.986  68.991 0.0000000000
49455  -25.487  -7.713  67.750 0.0000000000
49454  -24.560  -7.878  67.534 0.0000000000
109948  -25.147  -7.837  66.941 0.0000000000
49486  -24.447  -8.057  64.632 0.0000000000
121303  -23.943  -8.301  65.023 0.0000000000
49485  -23.686  -8.234  64.303 0.0000000000
49484  -22.906  -8.626  64.021 0.0000000000
66053  -40.996  9.527  48.016 0.0000000000
58995  -29.887  1.875  57.361 0.0000000000
59897  -30.033  2.461  56.743 0.0000000000
61608  -33.162  4.862  53.279 0.0000000000
61609  -34.058  5.056  53.009 0.0000000000
64079  -39.145  8.030  60.037 0.0000000000
63230  -40.639  6.811  58.271 0.0000000000
44878  -16.416  -13.350  67.412 0.0000000000
44877  -15.504  -13.419  67.458 0.0000000000
43912  -13.850  -13.846  68.301 0.0000000000
44842  -14.651  -13.532  68.755 0.0000000000
43894  -14.722  -13.511  69.680 0.0000000000
114438  -13.872  -13.715  70.103 0.0000000000
118186  -12.028  -15.191  67.804 0.0000000000
42948  -11.554  -15.400  68.380 0.0000000000
114840  -11.133  -16.144  66.942 0.0000000000
49514  -35.132  -8.678  62.034 0.0000000000
49503  -35.413  -8.353  63.293 0.0000000000
116134  -35.629  -7.812  65.411 0.0000000000
50365  -35.472  -7.809  64.648 0.0000000000
48554  -28.640  -8.870  65.846 0.0000000000
48544  -29.194  -9.217  66.390 0.0000000000
47621  -31.414  -10.034  65.796 0.0000000000
130551  -30.643  -9.755  65.715 0.0000000000
47632  -31.042  -9.850  64.983 0.0000000000
48566  -30.323  -9.631  64.325 0.0000000000
47622  -31.838  -10.098  65.183 0.0000000000
45787  -33.844  -11.082  66.772 0.0000000000
45786  -33.278  -10.833  66.875 0.0000000000
46672  -33.724  -10.790  63.949 0.0000000000
46657  -33.498  -10.663  64.748 0.0000000000
46671  -33.015  -10.605  63.981 0.0000000000
47646  -32.120  -10.166  63.900 0.0000000000
47647  -32.741  -10.309  63.486 0.0000000000
48583  -34.673  -9.583  63.312 0.0000000000
48606  -34.546  -9.300  62.560 0.0000000000
48627  -34.370  -9.068  61.805 0.0000000000
47601  -29.799  -10.090  67.974 0.0000000000
47610  -29.174  -9.342  67.308 0.0000000000
62460  -40.202  5.974  52.469 0.0000000000
62459  -39.154  5.917  51.822 0.0000000000
64188  -41.052  7.309  51.965 0.0000000000
65119  -40.552  7.920  51.200 0.0000000000
65120  -41.375  8.226  51.590 0.0000000000
64179  -43.379  7.551  53.052 0.0000000000
65112  -43.608  8.357  52.761 0.0000000000
66009  -42.480  9.413  51.626 0.0000000000
66008  -41.598  9.112  51.284 0.0000000000
114278  -42.217  10.931  50.026 0.0000000000
67715  -42.870  11.443  49.859 0.0000000000
67727  -43.410  11.883  49.629 0.0000000000
67706  -45.329  11.683  51.455 0.0000000000
68568  -46.118  12.140  51.616 0.0000000000
56977  -31.005  0.018  61.981 0.0000000000
58012  -30.872  1.050  61.165 0.0000000000
58948  -31.035  1.876  60.825 0.0000000000
120065  -32.418  4.888  62.793 0.0000000000
129804  -32.399  4.149  62.709 0.0000000000
61534  -32.277  4.504  61.955 0.0000000000
60699  -31.788  4.030  60.280 0.0000000000
109603  -32.087  4.282  61.058 0.0000000000
59877  -30.981  3.007  59.531 0.0000000000
131572  -31.809  4.535  58.188 0.0000000000
62374  -32.339  5.143  57.886 0.0000000000
62390  -32.916  5.745  57.103 0.0000000000
62375  -33.030  5.857  58.070 0.0000000000
63214  -34.202  7.106  59.705 0.0000000000
116657  -34.193  6.914  58.908 0.0000000000
64093  -35.048  7.308  58.940 0.0000000000
65010  -36.346  8.462  61.723 0.0000000000
65011  -37.334  8.512  61.591 0.0000000000
65035  -36.857  8.366  60.883 0.0000000000
65036  -37.786  8.351  60.775 0.0000000000
127999  -20.035  -13.279  67.399 0.0000000000
44880  -19.402  -13.449  67.209 0.0000000000
44930  -18.754  -12.589  64.305 0.0000000000
44928  -17.447  -13.053  64.690 0.0000000000
44912  -18.154  -12.806  65.369 0.0000000000
126555  -17.570  -12.880  65.544 0.0000000000
44896  -18.113  -12.924  66.201 0.0000000000
44895  -17.083  -12.934  66.159 0.0000000000
44910  -16.300  -13.305  65.532 0.0000000000
36303  -4.727  -21.887  76.882 0.0000000000
51276  -34.401  -6.143  57.584 0.0000000000
53105  -33.194  -5.104  58.754 0.0000000000
53079  -31.611  -4.652  61.407 0.0000000000
53078  -30.836  -4.279  61.017 0.0000000000
54042  -30.928  -4.133  61.935 0.0000000000
50397  -35.639  -7.430  62.004 0.0000000000
51237  -34.565  -6.604  63.052 0.0000000000
52137  -33.933  -6.252  63.518 0.0000000000
52146  -33.956  -6.187  62.557 0.0000000000
127710  -33.087  -4.309  65.272 0.0000000000
127060  -32.698  -4.605  64.612 0.0000000000
53061  -32.953  -5.388  64.094 0.0000000000
53060  -32.343  -4.885  63.740 0.0000000000
54019  -32.053  -3.894  64.249 0.0000000000
55014  -31.888  -2.204  64.175 0.0000000000
55013  -31.304  -2.655  63.604 0.0000000000
56023  -31.125  -1.269  62.801 0.0000000000
56953  -31.616  -0.851  63.461 0.0000000000
57966  -32.478  0.750  64.161 0.0000000000
58891  -32.308  1.454  63.668 0.0000000000
59779  -33.891  1.968  66.975 0.0000000000
128758  -33.741  1.629  66.467 0.0000000000
59778  -33.528  2.290  66.429 0.0000000000
60639  -32.696  3.850  65.427 0.0000000000
117790  -22.920  -7.786  61.277 0.0000000000
48635  -22.012  -8.864  60.524 0.0000000000
49540  -22.713  -8.258  60.433 0.0000000000
49490  -28.099  -8.530  64.425 0.0000000000
49489  -27.342  -8.187  64.674 0.0000000000
49512  -27.973  -7.986  62.063 0.0000000000
114542  -27.784  -8.049  62.950 0.0000000000
122190  -27.412  -7.673  61.617 0.0000000000
50396  -27.249  -7.468  60.914 0.0000000000
48636  -30.049  -8.947  60.714 0.0000000000
110966  -29.118  -8.433  59.834 0.0000000000
48517  -21.464  -9.527  68.178 0.0000000000
49463  -23.671  -8.305  66.545 0.0000000000
49452  -23.027  -8.603  66.921 0.0000000000
49462  -23.064  -8.698  66.143 0.0000000000
126489  -21.608  -9.649  65.368 0.0000000000
118385  -21.157  -10.116  65.059 0.0000000000
127750  -20.760  -10.550  65.449 0.0000000000
47643  -20.575  -10.771  63.771 0.0000000000
68582  -43.602  12.296  48.898 0.0000000000
68595  -44.216  12.850  48.407 0.0000000000
69486  -44.760  13.295  47.964 0.0000000000
69490  -45.305  13.640  47.578 0.0000000000
70470  -47.220  14.538  47.797 0.0000000000
70469  -46.486  14.245  47.793 0.0000000000
126407  -46.247  14.307  47.019 0.0000000000
69495  -45.779  14.067  46.483 0.0000000000
70472  -46.385  14.450  46.360 0.0000000000
71381  -47.731  15.292  46.065 0.0000000000
70477  -47.239  15.041  45.351 0.0000000000
70479  -47.218  14.780  44.412 0.0000000000
71389  -47.731  15.364  44.734 0.0000000000
71383  -49.243  15.891  46.620 0.0000000000
71384  -49.900  16.231  46.994 0.0000000000
72286  -49.784  16.326  46.145 0.0000000000
39209  -7.827  -19.237  69.877 0.0000000000
39195  -7.670  -18.938  70.707 0.0000000000
39208  -7.618  -19.901  69.778 0.0000000000
56043  -29.537  -1.739  60.145 0.0000000000
129810  -29.451  -1.235  59.553 0.0000000000
61638  -36.475  4.863  51.696 0.0000000000
61639  -37.366  5.110  51.571 0.0000000000
62391  -33.604  6.131  56.762 0.0000000000
109995  -34.002  6.219  56.117 0.0000000000
123699  -35.560  6.376  56.130 0.0000000000
120841  -35.320  6.234  55.556 0.0000000000
63245  -37.604  6.714  57.315 0.0000000000
62395  -37.788  6.000  55.976 0.0000000000
62414  -37.483  5.740  55.249 0.0000000000
62413  -36.611  5.860  55.113 0.0000000000
62428  -37.169  5.593  54.399 0.0000000000
61599  -37.837  5.424  53.997 0.0000000000
61612  -38.645  5.357  54.009 0.0000000000
61613  -39.300  5.352  53.741 0.0000000000
61627  -39.429  5.415  53.214 0.0000000000
115605  -39.990  5.358  53.783 0.0000000000
62430  -41.553  5.342  54.824 0.0000000000
61602  -41.077  5.326  54.334 0.0000000000
62431  -42.343  5.562  54.570 0.0000000000
41990  -9.589  -16.497  70.970 0.0000000000
41974  -9.643  -16.321  71.996 0.0000000000
41049  -8.863  -17.048  72.120 0.0000000000
40162  -8.578  -17.679  70.636 0.0000000000
39229  -8.767  -18.586  68.009 0.0000000000
38227  -7.128  -20.415  71.082 0.0000000000
39163  -7.175  -19.266  72.214 0.0000000000
38211  -6.938  -19.993  71.913 0.0000000000
37266  -6.848  -21.765  72.130 0.0000000000
109945  -6.793  -22.018  72.966 0.0000000000
115720  -6.653  -20.903  73.851 0.0000000000
33600  -5.884  -25.984  71.038 0.0000000000
33594  -6.241  -24.946  71.022 0.0000000000
34522  -6.106  -24.927  72.163 0.0000000000
34512  -6.134  -24.357  73.599 0.0000000000
35456  -6.202  -23.764  74.111 0.0000000000
110908  -6.454  -22.390  74.358 0.0000000000
35441  -6.145  -23.202  74.707 0.0000000000
36323  -5.553  -23.380  75.667 0.0000000000
35427  -4.752  -23.887  76.001 0.0000000000
35413  -4.347  -23.280  76.207 0.0000000000
32667  -2.906  -27.226  73.633 0.0000000000
50362  -24.968  -7.755  64.082 0.0000000000
50373  -25.385  -7.533  63.479 0.0000000000
50374  -26.194  -7.612  63.410 0.0000000000
48639  -32.383  -9.217  60.929 0.0000000000
49587  -33.385  -7.821  58.543 0.0000000000
48522  -28.556  -9.079  68.443 0.0000000000
48532  -27.982  -8.465  67.818 0.0000000000
48541  -27.348  -8.052  67.333 0.0000000000
129846  -25.131  -7.868  66.269 0.0000000000
49465  -25.967  -7.765  66.501 0.0000000000
66897  -41.764  10.690  48.298 0.0000000000
53089  -30.730  -4.425  60.068 0.0000000000
60742  -30.619  3.322  55.900 0.0000000000
128765  -30.240  2.824  56.192 0.0000000000
60749  -30.645  3.276  55.106 0.0000000000
61607  -32.383  4.547  53.663 0.0000000000
61597  -32.917  5.177  54.085 0.0000000000
44876  -14.645  -13.552  67.210 0.0000000000
43926  -13.961  -13.843  67.496 0.0000000000
121380  -13.347  -14.231  67.829 0.0000000000
43911  -12.984  -14.317  68.614 0.0000000000
42959  -12.662  -14.722  67.628 0.0000000000
42046  -11.776  -15.872  66.542 0.0000000000
48585  -35.416  -8.733  64.192 0.0000000000
50355  -35.959  -7.820  66.362 0.0000000000
47602  -30.447  -10.162  67.449 0.0000000000
46645  -31.811  -10.329  66.570 0.0000000000
46648  -34.318  -10.829  65.016 0.0000000000
46660  -34.628  -10.667  65.088 0.0000000000
117691  -34.291  -10.807  64.476 0.0000000000
46673  -34.113  -10.826  64.010 0.0000000000
115666  -33.901  -10.668  63.674 0.0000000000
47649  -34.299  -10.370  63.726 0.0000000000
62452  -41.691  6.268  53.050 0.0000000000
63304  -41.817  6.885  52.631 0.0000000000
64178  -42.605  7.226  52.818 0.0000000000
65113  -44.352  8.660  53.011 0.0000000000
65997  -43.832  9.183  52.490 0.0000000000
66010  -43.303  9.708  51.918 0.0000000000
66864  -42.775  10.180  51.265 0.0000000000
66865  -43.606  10.482  51.539 0.0000000000
66881  -43.985  11.222  51.181 0.0000000000
67705  -44.711  11.323  51.451 0.0000000000
132329  -45.833  11.407  52.047 0.0000000000
57993  -31.979  1.192  63.029 0.0000000000
58002  -31.163  0.845  61.927 0.0000000000
58903  -31.670  1.384  62.425 0.0000000000
59832  -31.805  2.166  62.169 0.0000000000
59853  -31.869  2.988  61.742 0.0000000000
122081  -32.508  5.530  62.044 0.0000000000
61542  -32.166  4.828  60.360 0.0000000000
61552  -31.883  4.525  59.541 0.0000000000
62352  -32.447  5.357  59.537 0.0000000000
62365  -33.060  5.983  58.981 0.0000000000
46613  -20.811  -11.233  68.798 0.0000000000
46624  -20.510  -11.703  67.507 0.0000000000
45783  -19.457  -12.559  65.983 0.0000000000
44927  -16.504  -13.538  64.532 0.0000000000
71394  -48.863  16.097  43.775 0.0000000000
72294  -49.541  16.537  44.247 0.0000000000
72299  -50.142  16.876  43.604 0.0000000000
37227  -5.740  -21.932  76.488 0.0000000000
51267  -34.930  -6.365  59.192 0.0000000000
123878  -34.493  -5.751  58.855 0.0000000000
52173  -33.847  -5.375  59.641 0.0000000000
128055  -34.867  -6.947  64.429 0.0000000000
121673  -34.182  -5.939  65.022 0.0000000000
54993  -33.633  -2.615  65.981 0.0000000000
54008  -32.908  -2.822  65.450 0.0000000000
55002  -32.279  -2.849  64.816 0.0000000000
130373  -32.726  -2.318  65.121 0.0000000000
55994  -32.550  -1.810  64.761 0.0000000000
56010  -32.025  -1.306  64.149 0.0000000000
56954  -32.122  -0.483  64.042 0.0000000000
57967  -32.918  0.608  64.911 0.0000000000
114065  -33.244  1.229  65.429 0.0000000000
60615  -33.474  3.420  67.311 0.0000000000
50415  -24.047  -7.658  59.922 0.0000000000
48580  -28.900  -8.864  63.947 0.0000000000
49502  -28.263  -8.484  63.518 0.0000000000
132252  -28.730  -8.709  63.311 0.0000000000
119408  -28.735  -8.462  61.530 0.0000000000
49562  -29.665  -8.540  59.297 0.0000000000
123902  -22.755  -8.912  64.770 0.0000000000
123980  -22.254  -9.221  65.194 0.0000000000
48563  -22.202  -9.128  64.323 0.0000000000
48578  -21.504  -9.471  63.795 0.0000000000
112888  -20.485  -10.829  62.929 0.0000000000
47660  -20.628  -10.525  62.110 0.0000000000
68584  -45.331  12.898  49.621 0.0000000000
69476  -45.762  13.358  49.172 0.0000000000
111137  -47.746  14.511  49.130 0.0000000000
114952  -47.574  14.867  47.316 0.0000000000
71378  -49.374  15.767  47.470 0.0000000000
38264  -7.961  -20.398  68.533 0.0000000000
38250  -7.636  -20.429  69.321 0.0000000000
56997  -30.029  -0.121  59.810 0.0000000000
56996  -29.631  -0.552  59.360 0.0000000000
57007  -29.406  -0.372  58.558 0.0000000000
117920  -35.702  4.579  51.554 0.0000000000
63242  -34.862  6.731  57.453 0.0000000000
123932  -36.206  6.461  56.512 0.0000000000
63246  -38.513  6.596  57.408 0.0000000000
62396  -38.664  5.894  56.088 0.0000000000
62415  -38.348  5.656  55.394 0.0000000000
61587  -39.611  5.420  55.016 0.0000000000
61601  -40.442  5.321  54.336 0.0000000000
61588  -40.245  5.340  54.906 0.0000000000
119377  -41.633  5.504  55.540 0.0000000000
42910  -11.553  -15.008  71.543 0.0000000000
41975  -10.206  -15.991  71.140 0.0000000000
41061  -9.253  -17.038  70.195 0.0000000000
41071  -9.285  -17.357  69.205 0.0000000000
41083  -9.321  -17.674  68.361 0.0000000000
37291  -6.903  -21.901  70.981 0.0000000000
37279  -6.901  -21.307  71.367 0.0000000000
36365  -6.846  -22.503  71.605 0.0000000000
111336  -6.663  -23.402  72.097 0.0000000000
120150  -5.687  -26.195  72.075 0.0000000000
33588  -5.657  -25.861  72.883 0.0000000000
34511  -5.565  -25.088  74.263 0.0000000000
35440  -5.496  -24.121  75.204 0.0000000000
34508  -5.072  -24.976  75.145 0.0000000000
34507  -4.104  -25.358  75.575 0.0000000000
46638  -35.311  -10.490  66.281 0.0000000000
124847  -43.837  6.271  54.778 0.0000000000
63296  -44.240  6.825  54.225 0.0000000000
64169  -44.548  7.455  53.866 0.0000000000
66000  -45.990  9.726  53.305 0.0000000000
128920  -46.183  10.443  52.987 0.0000000000
61524  -32.452  4.396  64.176 0.0000000000
115746  -32.405  5.121  64.296 0.0000000000
116334  -32.426  5.033  63.571 0.0000000000
62318  -32.457  5.773  63.694 0.0000000000
111779  -32.698  6.412  63.125 0.0000000000
131210  -19.714  -11.974  64.375 0.0000000000
45804  -19.934  -11.878  64.930 0.0000000000
44945  -18.804  -12.745  63.307 0.0000000000
48600  -21.948  -8.631  62.543 0.0000000000
49509  -21.938  -8.532  61.805 0.0000000000
49510  -22.529  -8.040  62.075 0.0000000000
128942  -23.187  -7.612  61.934 0.0000000000
50392  -23.697  -7.440  61.437 0.0000000000
50381  -24.457  -7.320  62.619 0.0000000000
115975  -24.567  -7.305  60.751 0.0000000000
115486  -25.544  -7.289  60.071 0.0000000000
115062  -30.167  -9.234  62.029 0.0000000000
123572  -30.954  -9.427  61.811 0.0000000000
113361  -30.391  -8.955  60.169 0.0000000000
48638  -31.657  -9.110  60.551 0.0000000000
49563  -30.353  -8.756  59.531 0.0000000000
49584  -30.235  -8.509  58.733 0.0000000000
49442  -23.919  -7.998  68.158 0.0000000000
113897  -24.276  -8.046  66.914 0.0000000000
49475  -23.675  -8.367  65.727 0.0000000000
119342  -40.241  8.807  48.789 0.0000000000
68622  -45.031  12.784  45.311 0.0000000000
69448  -47.423  13.384  51.663 0.0000000000
113836  -47.426  13.845  51.060 0.0000000000
69474  -47.860  14.377  50.659 0.0000000000
58984  -30.276  2.024  58.280 0.0000000000
58983  -29.771  1.208  57.903 0.0000000000
127319  -37.170  7.782  59.274 0.0000000000
123931  -37.553  7.459  58.673 0.0000000000
64096  -37.911  7.774  59.347 0.0000000000
64118  -38.415  7.369  58.719 0.0000000000
63229  -39.777  6.816  58.217 0.0000000000
63248  -40.269  6.456  57.569 0.0000000000
44859  -15.389  -13.465  68.298 0.0000000000
44843  -15.597  -13.490  69.054 0.0000000000
42937  -12.499  -14.544  70.121 0.0000000000
42936  -12.377  -14.670  69.271 0.0000000000
113076  -11.878  -14.997  69.782 0.0000000000
42935  -11.386  -15.376  69.296 0.0000000000
42017  -10.861  -15.763  68.700 0.0000000000
42016  -10.371  -16.407  68.202 0.0000000000
41096  -10.536  -16.585  67.313 0.0000000000
49549  -35.204  -7.874  61.027 0.0000000000
50385  -35.499  -7.621  63.036 0.0000000000
50375  -35.508  -8.060  63.950 0.0000000000
50364  -35.245  -7.509  64.096 0.0000000000
47620  -29.947  -9.520  66.057 0.0000000000
48565  -29.484  -9.332  64.592 0.0000000000
48582  -30.519  -9.649  63.445 0.0000000000
132028  -32.731  -10.734  67.189 0.0000000000
45785  -32.764  -10.554  66.476 0.0000000000
45796  -33.861  -10.785  65.061 0.0000000000
46647  -33.004  -10.495  65.492 0.0000000000
47633  -31.770  -10.057  64.586 0.0000000000
47662  -31.352  -9.835  63.248 0.0000000000
48605  -32.380  -9.657  62.247 0.0000000000
130336  -33.029  -9.659  62.097 0.0000000000
48626  -33.461  -9.301  61.641 0.0000000000
48533  -28.609  -8.922  67.552 0.0000000000
62458  -38.600  5.564  51.912 0.0000000000
121862  -38.455  5.753  51.219 0.0000000000
63313  -40.434  6.684  52.028 0.0000000000
64198  -39.318  7.143  50.719 0.0000000000
66021  -40.437  8.936  50.166 0.0000000000
66030  -40.505  9.285  49.490 0.0000000000
66031  -41.042  9.957  49.418 0.0000000000
66887  -41.635  10.592  49.272 0.0000000000
66879  -42.319  10.477  50.630 0.0000000000
66898  -42.358  11.290  48.186 0.0000000000
67736  -42.939  11.865  48.060 0.0000000000
67748  -43.123  11.785  47.198 0.0000000000
68573  -44.945  12.443  50.150 0.0000000000
66855  -46.286  11.114  52.597 0.0000000000
67707  -46.798  12.159  52.227 0.0000000000
56034  -30.364  -1.417  61.404 0.0000000000
56033  -29.902  -1.960  60.894 0.0000000000
125683  -30.284  -0.070  60.360 0.0000000000
132223  -30.799  0.383  61.378 0.0000000000
58001  -30.551  0.425  60.734 0.0000000000
115518  -30.290  0.470  60.020 0.0000000000
115199  -30.323  1.129  59.595 0.0000000000
58968  -30.439  1.849  59.187 0.0000000000
60681  -32.244  3.603  62.291 0.0000000000
131175  -31.757  3.524  60.985 0.0000000000
59852  -31.409  2.763  60.921 0.0000000000
59870  -30.968  2.546  60.190 0.0000000000
125677  -30.712  2.361  59.566 0.0000000000
59887  -30.577  2.853  58.251 0.0000000000
60712  -30.791  3.359  57.767 0.0000000000
61551  -31.565  4.182  58.786 0.0000000000
120276  -31.348  3.970  58.017 0.0000000000
60722  -31.217  3.871  57.180 0.0000000000
61578  -31.674  4.429  56.652 0.0000000000
61579  -32.189  4.935  56.161 0.0000000000
124968  -32.651  5.437  56.433 0.0000000000
63223  -33.717  6.492  58.361 0.0000000000
128856  -34.184  6.607  57.660 0.0000000000
64116  -35.951  7.583  58.975 0.0000000000
64095  -36.410  7.867  59.599 0.0000000000
113243  -34.280  7.870  61.763 0.0000000000
124565  -34.831  8.062  61.459 0.0000000000
64067  -35.220  8.006  60.909 0.0000000000
130368  -36.285  8.517  62.498 0.0000000000
64076  -35.738  7.985  60.256 0.0000000000
126036  -36.454  8.161  60.337 0.0000000000
123930  -38.681  8.308  60.695 0.0000000000
44929  -18.200  -12.853  64.539 0.0000000000
110607  -18.996  -13.005  66.374 0.0000000000
115471  -16.897  -13.159  66.945 0.0000000000
44909  -15.474  -13.595  65.760 0.0000000000
72296  -51.149  17.325  44.910 0.0000000000
123888  -30.358  -3.609  61.476 0.0000000000
131361  -30.159  -3.077  61.766 0.0000000000
50407  -35.530  -7.305  61.240 0.0000000000
51253  -35.475  -6.853  61.606 0.0000000000
126987  -33.302  -5.823  62.595 0.0000000000
53051  -33.790  -5.318  65.456 0.0000000000
53071  -32.226  -5.053  62.760 0.0000000000
54018  -31.388  -3.522  63.563 0.0000000000
122527  -31.100  -3.887  62.783 0.0000000000
55025  -30.489  -2.726  62.298 0.0000000000
56022  -30.650  -1.789  62.152 0.0000000000
57981  -31.825  -0.048  63.371 0.0000000000
125007  -32.621  3.199  64.543 0.0000000000
112380  -33.094  2.113  65.387 0.0000000000
113997  -33.308  2.899  66.358 0.0000000000
59788  -33.249  2.544  65.908 0.0000000000
59799  -32.974  2.768  65.486 0.0000000000
60653  -32.765  3.256  65.204 0.0000000000
60652  -32.579  3.814  64.740 0.0000000000
49500  -26.778  -7.871  64.056 0.0000000000
49501  -26.993  -7.779  63.214 0.0000000000
50383  -26.407  -7.474  62.566 0.0000000000
50395  -26.603  -7.359  61.587 0.0000000000
50404  -26.435  -7.260  60.532 0.0000000000
50418  -26.371  -7.404  59.560 0.0000000000
48622  -29.659  -8.913  61.418 0.0000000000
49542  -28.487  -8.088  60.429 0.0000000000
49541  -27.741  -7.702  60.481 0.0000000000
50419  -27.175  -7.566  59.186 0.0000000000
47589  -21.103  -10.371  68.723 0.0000000000
47618  -20.638  -10.728  66.161 0.0000000000
49441  -22.985  -8.375  67.869 0.0000000000
48552  -22.543  -8.989  65.833 0.0000000000
48551  -21.870  -9.316  65.924 0.0000000000
48539  -21.613  -9.482  66.670 0.0000000000
46655  -20.194  -11.462  64.300 0.0000000000
46681  -20.256  -11.377  62.263 0.0000000000
68613  -43.612  12.239  46.839 0.0000000000
68614  -44.205  12.663  46.508 0.0000000000
68615  -44.744  13.132  46.160 0.0000000000
69499  -45.323  13.574  45.875 0.0000000000
69488  -46.321  13.833  48.693 0.0000000000
115553  -45.869  13.897  47.967 0.0000000000
70476  -46.565  14.524  45.541 0.0000000000
69508  -46.836  14.068  44.186 0.0000000000
71390  -48.288  15.698  44.256 0.0000000000
72287  -50.446  16.640  46.455 0.0000000000
112355  -8.013  -18.036  72.001 0.0000000000
39179  -7.564  -18.702  71.645 0.0000000000
39194  -7.480  -19.734  70.465 0.0000000000
37304  -7.362  -21.256  69.527 0.0000000000
55053  -29.580  -2.550  60.543 0.0000000000
55063  -29.257  -2.626  59.751 0.0000000000
125641  -29.432  0.529  57.556 0.0000000000
62410  -32.735  5.454  55.723 0.0000000000
123467  -33.444  5.579  54.518 0.0000000000
62392  -34.845  6.369  56.138 0.0000000000
62411  -34.519  6.162  55.433 0.0000000000
62425  -34.324  5.835  54.560 0.0000000000
62426  -35.304  5.787  54.363 0.0000000000
62441  -35.679  5.503  53.634 0.0000000000
62427  -36.205  5.714  54.372 0.0000000000
124899  -36.953  5.324  53.068 0.0000000000
109796  -37.855  5.352  53.277 0.0000000000
110734  -38.030  5.314  52.524 0.0000000000
61614  -40.787  5.405  53.812 0.0000000000
120927  -42.396  5.702  54.036 0.0000000000
62432  -43.016  5.935  54.355 0.0000000000
62378  -41.462  6.168  56.958 0.0000000000
41039  -8.611  -17.153  72.813 0.0000000000
41040  -9.112  -16.604  72.717 0.0000000000
129283  -8.418  -17.528  72.262 0.0000000000
40169  -8.677  -17.757  69.731 0.0000000000
40176  -8.271  -18.810  69.125 0.0000000000
40191  -9.377  -18.042  67.477 0.0000000000
40147  -7.548  -18.477  72.698 0.0000000000
39154  -7.033  -19.324  73.240 0.0000000000
38226  -6.801  -20.789  71.954 0.0000000000
38189  -6.790  -20.240  73.169 0.0000000000
39153  -6.706  -20.003  74.037 0.0000000000
38170  -6.685  -20.735  74.764 0.0000000000
37241  -6.541  -21.662  74.693 0.0000000000
35479  -6.503  -24.128  71.597 0.0000000000
111150  -6.522  -23.538  73.080 0.0000000000
119561  -6.542  -21.276  75.371 0.0000000000
36318  -6.167  -21.944  75.698 0.0000000000
36312  -5.164  -22.371  76.577 0.0000000000
125161  -5.153  -23.342  76.122 0.0000000000
36311  -4.542  -22.578  76.487 0.0000000000
31788  -3.626  -27.743  73.851 0.0000000000
32669  -3.951  -27.069  74.404 0.0000000000
32659  -3.675  -26.483  74.775 0.0000000000
33574  -3.447  -25.769  75.034 0.0000000000
45803  -19.273  -12.265  63.950 0.0000000000
48529  -21.371  -9.666  67.383 0.0000000000
48553  -28.148  -8.570  66.179 0.0000000000
48620  -21.774  -8.804  61.265 0.0000000000
49560  -27.819  -7.748  59.767 0.0000000000
64066  -34.520  7.680  61.067 0.0000000000
115346  -32.219  0.177  63.885 0.0000000000
124651  -32.933  6.260  61.600 0.0000000000
128268  -6.814  -20.376  72.492 0.0000000000
128722  -8.448  -18.233  69.469 0.0000000000
131863  -45.623  10.168  52.860 0.0000000000
