#!ascii label  , from subject sub-v1s19x0051303_ses-1 vox2ras=TkReg
809
88587  38.140  32.768  35.110 0.0000000000
84461  39.404  26.474  28.628 0.0000000000
88736  44.653  32.014  22.423 0.0000000000
79654  41.838  21.067  20.001 0.0000000000
85097  39.089  27.984  38.146 0.0000000000
88024  49.560  30.683  24.928 0.0000000000
82236  40.626  24.205  22.786 0.0000000000
87306  38.019  30.883  27.018 0.0000000000
87285  44.537  30.347  29.423 0.0000000000
85808  40.945  28.916  33.063 0.0000000000
81213  40.654  22.800  33.995 0.0000000000
88683  43.299  32.841  26.916 0.0000000000
86594  38.286  29.713  23.175 0.0000000000
130784  42.015  29.556  24.813 0.0000000000
85205  39.822  27.013  18.900 0.0000000000
88674  39.642  32.250  28.675 0.0000000000
87942  42.416  31.542  33.126 0.0000000000
87253  39.176  30.809  34.067 0.0000000000
82897  39.479  24.393  36.446 0.0000000000
88705  46.764  33.079  23.990 0.0000000000
89358  46.318  33.567  27.214 0.0000000000
130148  43.448  32.516  24.447 0.0000000000
113749  41.023  32.133  24.812 0.0000000000
88738  41.554  32.081  22.358 0.0000000000
85842  41.442  28.544  28.612 0.0000000000
86560  43.690  29.558  27.403 0.0000000000
85855  40.321  28.426  26.315 0.0000000000
82265  41.588  23.183  19.085 0.0000000000
84496  40.004  26.281  20.386 0.0000000000
82272  39.768  23.880  18.299 0.0000000000
83039  37.944  25.158  19.528 0.0000000000
80469  40.046  22.179  21.777 0.0000000000
79627  40.000  20.949  25.215 0.0000000000
87931  35.727  31.809  36.982 0.0000000000
86512  36.960  29.552  35.352 0.0000000000
88044  47.925  31.878  23.336 0.0000000000
82188  40.489  23.391  28.050 0.0000000000
83748  39.458  25.523  25.861 0.0000000000
81377  42.049  22.865  24.837 0.0000000000
81400  44.106  23.417  21.818 0.0000000000
88638  47.207  32.739  30.060 0.0000000000
88627  44.667  32.197  31.613 0.0000000000
119354  42.459  29.372  31.183 0.0000000000
85141  40.341  27.478  31.127 0.0000000000
124985  38.173  27.111  34.917 0.0000000000
83686  39.101  25.268  33.093 0.0000000000
82961  39.390  24.464  30.068 0.0000000000
81276  42.311  22.368  30.289 0.0000000000
87925  35.525  32.220  38.639 0.0000000000
89964  45.756  34.993  29.274 0.0000000000
89331  42.144  33.635  29.271 0.0000000000
88012  40.046  31.854  26.985 0.0000000000
87337  37.900  30.025  24.787 0.0000000000
85181  36.143  27.704  24.115 0.0000000000
88011  46.166  30.785  27.920 0.0000000000
129573  45.037  30.448  25.266 0.0000000000
87342  44.052  30.668  22.990 0.0000000000
85186  39.462  27.333  23.753 0.0000000000
86609  41.272  29.023  21.294 0.0000000000
126165  42.562  30.776  19.191 0.0000000000
86619  39.364  28.767  20.013 0.0000000000
131037  36.738  26.557  22.473 0.0000000000
89334  39.952  33.023  29.931 0.0000000000
89333  40.664  33.243  29.622 0.0000000000
88602  40.132  31.989  33.999 0.0000000000
87939  38.479  31.360  34.481 0.0000000000
88718  46.040  32.761  23.558 0.0000000000
88706  45.912  33.022  24.647 0.0000000000
114461  44.215  32.499  23.611 0.0000000000
88730  41.913  32.242  23.392 0.0000000000
131662  42.856  32.010  22.126 0.0000000000
85155  40.134  27.720  28.784 0.0000000000
85848  41.437  28.671  27.640 0.0000000000
85162  39.469  27.176  27.343 0.0000000000
80488  41.925  22.129  18.722 0.0000000000
82271  40.745  23.279  18.238 0.0000000000
123819  40.894  22.118  18.738 0.0000000000
115168  39.626  22.805  19.776 0.0000000000
80476  40.737  21.430  20.386 0.0000000000
79643  40.816  20.578  22.389 0.0000000000
79642  41.397  20.191  21.963 0.0000000000
87245  36.757  30.493  37.798 0.0000000000
125498  49.437  31.653  23.177 0.0000000000
88034  48.757  30.957  24.419 0.0000000000
81331  41.765  22.674  27.410 0.0000000000
126797  41.316  23.059  26.791 0.0000000000
81346  42.590  22.571  26.242 0.0000000000
81388  44.275  23.160  22.962 0.0000000000
82244  45.101  23.724  20.994 0.0000000000
81411  44.224  23.087  20.377 0.0000000000
86519  41.258  29.793  33.185 0.0000000000
87262  42.574  30.273  32.375 0.0000000000
85817  41.337  28.665  32.198 0.0000000000
85826  41.468  28.509  31.239 0.0000000000
85136  40.352  27.520  31.992 0.0000000000
85103  37.524  28.133  37.249 0.0000000000
123794  37.179  28.310  35.633 0.0000000000
84416  37.643  26.959  36.322 0.0000000000
82095  39.695  23.580  35.156 0.0000000000
82914  38.875  24.647  34.397 0.0000000000
82114  39.287  23.887  33.501 0.0000000000
83697  39.238  25.064  31.466 0.0000000000
82141  39.668  23.398  32.106 0.0000000000
81278  40.763  22.680  30.426 0.0000000000
81245  41.341  22.478  32.558 0.0000000000
81258  44.300  22.633  31.697 0.0000000000
89360  44.573  33.384  27.491 0.0000000000
89342  45.886  33.860  28.071 0.0000000000
89344  44.173  33.623  28.263 0.0000000000
89979  43.777  33.931  28.991 0.0000000000
89345  43.341  33.472  28.374 0.0000000000
88672  41.181  32.650  28.156 0.0000000000
88685  41.402  32.499  27.288 0.0000000000
88054  39.708  31.314  23.598 0.0000000000
88049  39.041  30.936  24.861 0.0000000000
87346  38.077  29.877  23.968 0.0000000000
86585  37.388  29.448  24.319 0.0000000000
85877  37.138  28.511  23.012 0.0000000000
88655  46.020  31.928  29.853 0.0000000000
88670  47.056  31.918  28.761 0.0000000000
87994  45.942  31.002  28.722 0.0000000000
111533  43.084  29.664  25.695 0.0000000000
87323  44.599  30.225  25.933 0.0000000000
86574  43.550  30.060  24.962 0.0000000000
133646  44.570  30.498  24.274 0.0000000000
87343  43.090  30.299  23.226 0.0000000000
83008  39.807  24.884  24.396 0.0000000000
84480  39.357  26.432  24.773 0.0000000000
83015  39.952  24.915  23.332 0.0000000000
125131  40.207  26.672  18.946 0.0000000000
85198  40.324  27.618  20.880 0.0000000000
122811  40.723  27.747  19.238 0.0000000000
86616  41.973  29.733  19.322 0.0000000000
85902  41.027  29.120  17.564 0.0000000000
86617  40.883  29.609  17.866 0.0000000000
85897  40.103  28.274  18.757 0.0000000000
83023  38.013  24.234  21.482 0.0000000000
83770  37.576  25.684  20.733 0.0000000000
83024  37.433  24.752  22.315 0.0000000000
83017  36.826  25.142  23.880 0.0000000000
88682  49.353  31.470  27.272 0.0000000000
88675  38.882  32.038  28.915 0.0000000000
87995  39.122  31.750  28.143 0.0000000000
88598  43.234  32.692  33.159 0.0000000000
89275  41.961  32.670  33.721 0.0000000000
87944  40.898  31.437  33.645 0.0000000000
86520  40.504  29.636  33.469 0.0000000000
119694  38.812  26.068  37.512 0.0000000000
89371  46.807  33.368  26.163 0.0000000000
88696  44.607  32.896  25.933 0.0000000000
88697  43.797  32.736  26.133 0.0000000000
118577  42.199  32.497  26.079 0.0000000000
88721  41.818  32.333  24.557 0.0000000000
88731  40.932  32.088  23.230 0.0000000000
87354  39.508  30.703  22.537 0.0000000000
86547  43.419  29.492  29.292 0.0000000000
86553  44.265  29.788  28.057 0.0000000000
112501  42.952  29.218  27.897 0.0000000000
129696  41.984  29.123  26.717 0.0000000000
86576  41.394  29.265  25.146 0.0000000000
82248  40.995  23.723  21.510 0.0000000000
83022  40.091  24.939  22.089 0.0000000000
83029  40.532  24.340  20.187 0.0000000000
127205  40.210  24.417  18.584 0.0000000000
83781  38.936  25.815  17.844 0.0000000000
124057  38.726  26.103  18.056 0.0000000000
82268  38.786  24.077  18.794 0.0000000000
82261  38.287  24.083  19.972 0.0000000000
81402  39.451  22.726  22.270 0.0000000000
80450  40.413  20.745  23.816 0.0000000000
88589  36.528  31.913  35.817 0.0000000000
122050  37.017  30.843  35.261 0.0000000000
87247  36.254  30.490  36.399 0.0000000000
85793  36.753  29.547  37.212 0.0000000000
85788  38.800  29.053  38.214 0.0000000000
88704  49.585  32.159  23.439 0.0000000000
88716  47.955  32.250  23.215 0.0000000000
88735  45.493  32.067  22.670 0.0000000000
131758  39.535  24.653  27.828 0.0000000000
84465  39.317  26.256  27.261 0.0000000000
82202  40.148  24.024  26.552 0.0000000000
82213  40.704  23.688  25.400 0.0000000000
115672  41.489  23.314  24.331 0.0000000000
81360  43.495  22.513  25.031 0.0000000000
133186  42.796  22.830  23.721 0.0000000000
82234  42.254  23.161  22.917 0.0000000000
82257  43.147  23.161  20.352 0.0000000000
81413  42.470  22.412  19.424 0.0000000000
80475  42.845  21.561  20.227 0.0000000000
79647  42.249  20.740  20.792 0.0000000000
88640  45.696  32.232  30.581 0.0000000000
87968  44.659  31.207  30.585 0.0000000000
87948  43.411  31.437  32.310 0.0000000000
87270  43.452  30.455  31.366 0.0000000000
87279  43.663  30.192  30.596 0.0000000000
85833  42.121  28.798  29.963 0.0000000000
85835  40.680  28.008  29.716 0.0000000000
125136  39.655  26.917  29.886 0.0000000000
87254  38.267  30.356  34.429 0.0000000000
86516  38.550  29.372  34.267 0.0000000000
85805  39.627  28.321  33.658 0.0000000000
83672  38.386  25.465  35.591 0.0000000000
84430  38.744  26.139  34.163 0.0000000000
85122  39.729  27.467  33.276 0.0000000000
84446  39.493  26.283  31.748 0.0000000000
120146  39.380  26.159  30.384 0.0000000000
83730  39.309  25.687  28.919 0.0000000000
82165  39.651  23.934  29.453 0.0000000000
81313  41.107  22.783  28.717 0.0000000000
111121  42.941  22.350  29.488 0.0000000000
81244  43.022  22.473  32.444 0.0000000000
126464  44.010  22.408  30.292 0.0000000000
88584  36.050  32.392  36.470 0.0000000000
87928  35.670  32.110  37.813 0.0000000000
86497  35.343  30.171  39.798 0.0000000000
90554  46.647  35.249  29.175 0.0000000000
113733  44.295  35.370  29.839 0.0000000000
89348  40.918  32.914  28.926 0.0000000000
88687  39.857  32.024  27.864 0.0000000000
88029  38.743  31.171  26.707 0.0000000000
88027  40.183  31.752  26.039 0.0000000000
88038  38.915  31.022  25.777 0.0000000000
87315  38.227  30.675  26.178 0.0000000000
88009  47.799  31.084  27.051 0.0000000000
87305  44.898  30.197  27.744 0.0000000000
87303  46.324  30.675  27.028 0.0000000000
88035  47.503  30.922  25.290 0.0000000000
87321  46.760  30.994  24.611 0.0000000000
87332  45.454  31.177  23.216 0.0000000000
88058  44.853  31.821  22.486 0.0000000000
117286  39.355  26.876  26.004 0.0000000000
127551  39.664  27.944  24.917 0.0000000000
86593  40.765  28.983  23.817 0.0000000000
84491  39.743  26.386  21.755 0.0000000000
85192  39.988  27.838  22.462 0.0000000000
86592  41.580  29.533  23.331 0.0000000000
86599  42.795  30.313  21.463 0.0000000000
117272  43.310  30.838  21.186 0.0000000000
88067  42.996  31.288  20.629 0.0000000000
88069  41.310  31.448  20.476 0.0000000000
87362  40.174  30.551  20.961 0.0000000000
86611  38.855  29.250  21.254 0.0000000000
84497  38.515  26.555  19.379 0.0000000000
85893  37.794  28.012  21.392 0.0000000000
85884  37.165  27.877  22.300 0.0000000000
84486  36.516  26.622  23.048 0.0000000000
80441  39.469  21.505  25.653 0.0000000000
89319  40.482  33.716  30.331 0.0000000000
89318  41.158  34.217  30.357 0.0000000000
89264  38.971  33.081  34.824 0.0000000000
88594  39.538  32.538  34.410 0.0000000000
88595  38.697  32.241  34.619 0.0000000000
88727  44.955  32.287  22.840 0.0000000000
125873  45.069  32.620  23.594 0.0000000000
88728  44.097  32.262  22.766 0.0000000000
88729  43.061  32.255  22.900 0.0000000000
124155  43.793  31.954  22.215 0.0000000000
85156  39.566  27.175  28.264 0.0000000000
85161  39.920  27.805  27.803 0.0000000000
124639  39.389  26.621  27.930 0.0000000000
80483  41.987  21.655  19.078 0.0000000000
80489  41.459  22.105  18.605 0.0000000000
80484  41.328  21.582  19.374 0.0000000000
81415  40.481  22.216  19.360 0.0000000000
79655  41.311  21.075  20.443 0.0000000000
79649  40.950  20.900  21.386 0.0000000000
79648  41.618  20.573  21.050 0.0000000000
88007  50.130  30.774  25.781 0.0000000000
88023  50.839  30.579  24.315 0.0000000000
113181  50.016  30.858  23.578 0.0000000000
81330  42.574  22.461  27.835 0.0000000000
117171  42.541  22.521  27.045 0.0000000000
130170  43.091  22.470  26.710 0.0000000000
82243  45.907  24.144  20.947 0.0000000000
129411  46.230  24.095  20.835 0.0000000000
82254  45.659  23.808  20.823 0.0000000000
87317  36.663  30.239  26.643 0.0000000000
86524  41.619  29.371  32.621 0.0000000000
85809  40.730  28.174  32.488 0.0000000000
85102  38.219  27.950  37.674 0.0000000000
85107  37.352  27.732  36.658 0.0000000000
84405  37.829  27.099  37.138 0.0000000000
82105  40.193  23.151  34.587 0.0000000000
82106  39.555  23.538  34.227 0.0000000000
81226  39.739  23.254  33.395 0.0000000000
82128  39.482  23.655  32.742 0.0000000000
81247  39.908  22.987  32.663 0.0000000000
81246  40.536  22.655  32.604 0.0000000000
81224  41.020  22.561  33.303 0.0000000000
89374  44.163  33.031  26.797 0.0000000000
89361  43.727  33.234  27.593 0.0000000000
89362  42.864  33.046  27.701 0.0000000000
88671  41.998  32.851  27.891 0.0000000000
88684  42.325  32.640  26.944 0.0000000000
87344  39.341  30.824  23.214 0.0000000000
87345  38.712  30.374  23.597 0.0000000000
86595  37.576  29.255  23.501 0.0000000000
86603  37.815  29.071  22.680 0.0000000000
87981  44.972  30.945  29.838 0.0000000000
87980  45.651  31.294  29.472 0.0000000000
87284  45.254  30.690  29.078 0.0000000000
86575  42.736  29.763  24.880 0.0000000000
86583  43.289  30.199  24.056 0.0000000000
114586  42.350  29.832  23.960 0.0000000000
83007  40.433  24.293  23.981 0.0000000000
85199  40.454  27.280  19.069 0.0000000000
85204  40.722  27.860  18.070 0.0000000000
85903  40.928  28.472  17.929 0.0000000000
85211  40.712  28.066  17.989 0.0000000000
86624  40.685  28.841  17.540 0.0000000000
85904  39.731  27.484  18.759 0.0000000000
82250  38.349  23.724  22.468 0.0000000000
82238  37.862  24.143  22.862 0.0000000000
82227  37.817  24.013  23.885 0.0000000000
88657  39.425  32.496  29.452 0.0000000000
87996  38.349  31.559  28.376 0.0000000000
89274  42.610  33.065  33.651 0.0000000000
88592  41.190  32.989  34.084 0.0000000000
87945  40.007  31.125  33.817 0.0000000000
87258  40.702  30.465  33.527 0.0000000000
87259  39.894  30.272  33.739 0.0000000000
89380  47.348  33.204  24.780 0.0000000000
89370  47.963  33.329  25.746 0.0000000000
88708  44.252  32.630  24.565 0.0000000000
88695  45.439  33.080  25.652 0.0000000000
132837  44.241  32.712  25.401 0.0000000000
126721  43.538  32.588  25.368 0.0000000000
88709  42.593  32.473  25.226 0.0000000000
88062  40.722  31.785  22.360 0.0000000000
88063  40.017  31.279  22.642 0.0000000000
85841  42.176  28.788  29.122 0.0000000000
86555  42.869  29.129  28.775 0.0000000000
85847  42.223  28.861  28.269 0.0000000000
85849  40.431  28.345  27.302 0.0000000000
85854  41.060  28.701  26.810 0.0000000000
85861  41.262  28.994  26.006 0.0000000000
85862  40.658  28.767  25.374 0.0000000000
82258  41.770  23.298  20.537 0.0000000000
82259  40.970  23.690  19.890 0.0000000000
81425  40.496  23.434  18.303 0.0000000000
83044  39.708  24.670  18.260 0.0000000000
83037  39.697  25.608  17.987 0.0000000000
83045  39.050  25.074  18.196 0.0000000000
81409  39.450  22.799  21.039 0.0000000000
82260  38.958  23.446  20.003 0.0000000000
82249  38.754  23.470  21.492 0.0000000000
80461  40.053  22.019  22.787 0.0000000000
129739  40.690  20.391  23.122 0.0000000000
117701  36.103  31.425  36.374 0.0000000000
87936  36.490  31.054  35.733 0.0000000000
133606  35.942  31.190  36.867 0.0000000000
86507  37.510  30.052  38.064 0.0000000000
85791  37.905  28.996  37.798 0.0000000000
86503  38.509  30.088  38.445 0.0000000000
88043  48.641  32.046  23.081 0.0000000000
115950  48.920  32.118  23.047 0.0000000000
125776  47.819  32.139  23.188 0.0000000000
88725  47.297  32.283  23.158 0.0000000000
88052  46.969  31.927  23.183 0.0000000000
82189  39.914  24.042  27.595 0.0000000000
82988  39.663  24.612  27.076 0.0000000000
116035  40.384  23.679  27.189 0.0000000000
81362  41.981  22.793  25.699 0.0000000000
82212  41.233  23.276  26.044 0.0000000000
82224  41.376  23.288  25.150 0.0000000000
82225  40.833  23.699  24.584 0.0000000000
111114  44.210  22.474  25.512 0.0000000000
111995  44.341  22.598  24.596 0.0000000000
81389  43.305  22.970  22.976 0.0000000000
81401  43.104  23.209  22.115 0.0000000000
82246  42.512  23.230  21.501 0.0000000000
82245  43.615  23.372  21.094 0.0000000000
80480  44.185  22.764  20.440 0.0000000000
81412  43.438  22.846  20.117 0.0000000000
80481  43.352  22.473  20.057 0.0000000000
80482  42.469  21.908  19.345 0.0000000000
79646  43.044  21.013  21.272 0.0000000000
88611  44.981  32.885  32.017 0.0000000000
88626  45.371  32.526  31.311 0.0000000000
88641  45.008  31.886  30.925 0.0000000000
87957  44.368  31.506  31.296 0.0000000000
88599  42.552  32.297  33.330 0.0000000000
88614  43.006  31.855  32.852 0.0000000000
87949  42.809  31.077  32.632 0.0000000000
86531  42.562  29.710  31.771 0.0000000000
87261  43.184  30.723  32.053 0.0000000000
87271  42.984  30.162  31.752 0.0000000000
86530  43.034  29.795  31.062 0.0000000000
86539  43.254  29.621  30.149 0.0000000000
125475  42.621  29.278  30.466 0.0000000000
85827  40.864  27.989  30.705 0.0000000000
85834  41.456  28.442  30.317 0.0000000000
85148  40.216  27.471  30.267 0.0000000000
130382  40.016  27.448  29.532 0.0000000000
87251  36.657  30.285  35.592 0.0000000000
87940  37.648  31.063  34.837 0.0000000000
85116  37.610  28.121  35.096 0.0000000000
85801  38.001  28.697  34.600 0.0000000000
85115  38.306  27.809  34.579 0.0000000000
85806  38.838  28.511  34.145 0.0000000000
85123  39.101  27.663  33.968 0.0000000000
83664  39.009  25.012  36.902 0.0000000000
83665  38.398  25.633  36.530 0.0000000000
82898  38.770  24.797  36.119 0.0000000000
82922  38.866  25.327  33.888 0.0000000000
83679  38.593  25.395  34.692 0.0000000000
84429  39.089  26.040  33.413 0.0000000000
112507  39.163  26.839  33.727 0.0000000000
129012  39.449  26.649  33.097 0.0000000000
85127  39.759  26.923  32.416 0.0000000000
84437  39.295  26.009  32.538 0.0000000000
82949  39.347  24.362  30.989 0.0000000000
83716  39.271  25.227  30.640 0.0000000000
83725  39.281  25.454  29.766 0.0000000000
82973  39.352  24.803  29.178 0.0000000000
126103  39.648  23.809  29.996 0.0000000000
129126  41.507  22.460  30.809 0.0000000000
81296  40.911  22.727  29.586 0.0000000000
81277  41.473  22.491  30.082 0.0000000000
81295  41.904  22.444  29.306 0.0000000000
81221  43.545  22.699  33.114 0.0000000000
113708  43.738  22.422  30.926 0.0000000000
112817  44.715  22.459  29.925 0.0000000000
89252  36.296  33.336  36.438 0.0000000000
88582  35.434  32.885  37.997 0.0000000000
87920  35.860  31.632  39.062 0.0000000000
89977  45.414  34.321  28.753 0.0000000000
89976  46.282  34.484  28.670 0.0000000000
123577  46.525  36.120  29.471 0.0000000000
133655  45.982  35.607  29.475 0.0000000000
118870  45.207  35.624  29.691 0.0000000000
89965  44.897  34.817  29.382 0.0000000000
89330  42.965  33.785  29.130 0.0000000000
89332  41.363  33.441  29.392 0.0000000000
88686  40.603  32.296  27.573 0.0000000000
88013  39.305  31.579  27.290 0.0000000000
88710  41.657  32.354  25.506 0.0000000000
88711  40.890  32.118  25.749 0.0000000000
88036  40.245  31.761  24.928 0.0000000000
88037  39.565  31.385  25.386 0.0000000000
87325  38.395  30.554  25.263 0.0000000000
87326  37.708  30.206  25.626 0.0000000000
86578  37.212  29.622  25.165 0.0000000000
85871  36.313  28.473  24.307 0.0000000000
88637  48.009  32.942  29.867 0.0000000000
87993  46.640  31.302  28.356 0.0000000000
87992  47.410  31.465  28.011 0.0000000000
87991  48.316  31.519  27.650 0.0000000000
88010  46.904  31.043  27.507 0.0000000000
86559  44.400  29.909  27.322 0.0000000000
87313  45.704  30.498  26.658 0.0000000000
118705  45.383  30.456  25.960 0.0000000000
87312  46.370  30.677  25.912 0.0000000000
87322  45.786  30.674  25.004 0.0000000000
87333  44.736  30.723  23.573 0.0000000000
87341  44.868  31.262  22.834 0.0000000000
87340  45.397  31.710  22.771 0.0000000000
87351  44.380  31.313  22.466 0.0000000000
119598  39.345  26.234  26.357 0.0000000000
84475  39.365  26.284  25.562 0.0000000000
115373  39.350  26.694  24.041 0.0000000000
85180  39.397  27.267  24.681 0.0000000000
85870  39.688  27.950  24.206 0.0000000000
85869  40.229  28.494  24.621 0.0000000000
118274  40.142  28.392  23.843 0.0000000000
83030  40.234  25.041  20.549 0.0000000000
83769  39.943  25.668  21.189 0.0000000000
85882  40.558  28.420  21.891 0.0000000000
86601  40.965  29.098  22.661 0.0000000000
86600  41.781  29.672  22.129 0.0000000000
86615  42.454  30.401  19.212 0.0000000000
86607  42.985  30.474  20.063 0.0000000000
87368  42.917  30.779  19.587 0.0000000000
87360  43.144  30.871  20.233 0.0000000000
88075  42.910  31.081  19.669 0.0000000000
88068  42.216  31.613  20.177 0.0000000000
88076  42.319  31.179  19.390 0.0000000000
86618  40.321  29.174  18.916 0.0000000000
87371  40.580  30.161  19.413 0.0000000000
86610  39.740  29.681  20.504 0.0000000000
83777  38.205  25.824  19.319 0.0000000000
84492  37.128  26.415  21.732 0.0000000000
130617  37.546  26.800  21.195 0.0000000000
85194  37.369  27.250  21.655 0.0000000000
85195  36.780  27.159  22.483 0.0000000000
83009  37.286  24.470  24.341 0.0000000000
115417  39.670  21.642  24.814 0.0000000000
88642  39.181  32.794  30.204 0.0000000000
88656  40.191  32.676  29.208 0.0000000000
88593  40.339  32.782  34.250 0.0000000000
87938  39.329  31.686  34.214 0.0000000000
88720  42.686  32.415  24.072 0.0000000000
88719  43.490  32.431  23.570 0.0000000000
130719  42.390  32.137  22.416 0.0000000000
132820  40.807  28.264  28.956 0.0000000000
85843  40.609  28.289  28.197 0.0000000000
85850  39.777  27.918  26.919 0.0000000000
81414  41.866  22.725  19.009 0.0000000000
115507  41.168  23.068  18.262 0.0000000000
81419  41.316  22.538  18.392 0.0000000000
81424  40.889  22.944  18.137 0.0000000000
81421  40.006  23.022  18.221 0.0000000000
82267  39.338  23.454  18.963 0.0000000000
80477  40.152  22.216  20.693 0.0000000000
130185  40.461  21.610  21.321 0.0000000000
80468  40.459  21.399  22.147 0.0000000000
78804  41.111  19.876  22.774 0.0000000000
87927  35.925  31.487  37.674 0.0000000000
111510  36.197  30.812  37.325 0.0000000000
87242  36.616  31.120  38.487 0.0000000000
88042  51.017  31.134  23.393 0.0000000000
112338  48.895  31.493  23.455 0.0000000000
81332  41.238  22.821  27.974 0.0000000000
82187  40.975  23.157  27.323 0.0000000000
81347  41.907  22.728  26.544 0.0000000000
81361  42.695  22.589  25.393 0.0000000000
81387  45.210  23.472  22.959 0.0000000000
81399  45.124  23.671  21.877 0.0000000000
129591  44.417  23.479  20.919 0.0000000000
82255  44.850  23.375  20.759 0.0000000000
81408  44.982  23.315  20.754 0.0000000000
88612  44.291  32.508  32.287 0.0000000000
87256  42.195  30.794  32.977 0.0000000000
87263  41.915  30.054  32.845 0.0000000000
86523  42.161  29.679  32.322 0.0000000000
86532  41.976  29.160  31.759 0.0000000000
86540  42.040  28.911  30.820 0.0000000000
85818  40.886  28.054  31.623 0.0000000000
85796  36.960  28.599  36.800 0.0000000000
85799  36.786  28.853  35.927 0.0000000000
120597  37.042  28.184  36.175 0.0000000000
85112  37.398  27.637  35.790 0.0000000000
85111  37.869  26.950  35.530 0.0000000000
82083  39.947  23.774  35.976 0.0000000000
82907  38.756  24.688  35.217 0.0000000000
82906  39.144  24.035  34.822 0.0000000000
82913  39.126  24.089  34.131 0.0000000000
82921  39.044  24.593  33.642 0.0000000000
127216  39.190  25.123  32.275 0.0000000000
122655  39.205  24.463  32.861 0.0000000000
82935  39.313  24.232  31.962 0.0000000000
129446  39.640  23.526  31.367 0.0000000000
82152  39.651  23.686  30.533 0.0000000000
81279  40.102  22.982  30.890 0.0000000000
81261  40.776  22.597  31.263 0.0000000000
81260  41.619  22.434  31.707 0.0000000000
81243  44.213  22.809  32.570 0.0000000000
81242  45.175  23.112  31.961 0.0000000000
89359  45.432  33.500  27.372 0.0000000000
89343  45.016  33.738  28.167 0.0000000000
89978  44.574  34.144  28.859 0.0000000000
89346  42.500  33.315  28.504 0.0000000000
89347  41.682  33.136  28.689 0.0000000000
88700  40.766  32.187  26.678 0.0000000000
88047  40.042  31.631  24.057 0.0000000000
88048  39.605  31.346  24.452 0.0000000000
87335  39.135  30.918  23.996 0.0000000000
87336  38.538  30.468  24.397 0.0000000000
86596  36.900  28.838  23.869 0.0000000000
85878  36.549  28.153  23.565 0.0000000000
88654  46.733  32.245  29.525 0.0000000000
87979  46.341  31.609  29.113 0.0000000000
86567  43.411  29.604  26.486 0.0000000000
86566  44.154  29.868  26.628 0.0000000000
87324  43.857  29.920  25.801 0.0000000000
111775  44.375  30.323  24.990 0.0000000000
113819  45.154  30.635  24.288 0.0000000000
87334  44.084  30.402  24.159 0.0000000000
83000  39.741  24.815  25.324 0.0000000000
83753  39.494  25.601  24.976 0.0000000000
83758  39.514  25.802  23.899 0.0000000000
84485  39.473  26.643  23.063 0.0000000000
83775  40.097  25.899  19.179 0.0000000000
85891  40.901  28.272  20.286 0.0000000000
85890  41.490  28.899  19.561 0.0000000000
85895  41.425  28.846  18.149 0.0000000000
86623  41.654  29.740  18.542 0.0000000000
87376  41.270  29.965  18.341 0.0000000000
85898  39.109  27.978  19.634 0.0000000000
83031  37.956  24.637  20.107 0.0000000000
83032  37.597  24.948  21.076 0.0000000000
83765  37.149  25.472  21.929 0.0000000000
83766  36.710  26.013  22.584 0.0000000000
83016  37.335  24.624  23.388 0.0000000000
88008  48.877  31.026  26.442 0.0000000000
88658  38.646  32.291  29.683 0.0000000000
88015  37.789  31.138  27.809 0.0000000000
88014  38.557  31.347  27.565 0.0000000000
119425  42.038  31.999  33.457 0.0000000000
88601  40.779  32.284  33.895 0.0000000000
88600  41.425  32.144  33.669 0.0000000000
87943  41.765  31.405  33.384 0.0000000000
87257  41.488  30.630  33.285 0.0000000000
112450  40.148  28.946  33.498 0.0000000000
84404  38.600  26.901  37.706 0.0000000000
84398  39.944  26.847  38.369 0.0000000000
83643  40.027  25.933  38.185 0.0000000000
82887  39.818  24.715  37.176 0.0000000000
82896  40.316  24.165  36.677 0.0000000000
82082  40.834  23.661  36.159 0.0000000000
82094  40.491  23.374  35.378 0.0000000000
82104  41.031  22.963  34.746 0.0000000000
81212  41.595  22.659  34.046 0.0000000000
89381  46.330  33.196  25.332 0.0000000000
89372  45.865  33.323  26.435 0.0000000000
89373  44.992  33.215  26.627 0.0000000000
88698  42.944  32.612  26.154 0.0000000000
117350  41.207  32.149  24.029 0.0000000000
88722  40.586  31.901  24.060 0.0000000000
88053  40.289  31.701  23.311 0.0000000000
87355  38.934  30.250  22.813 0.0000000000
87286  43.894  29.959  29.783 0.0000000000
86546  44.088  29.812  28.936 0.0000000000
86554  43.562  29.462  28.405 0.0000000000
129905  42.322  29.045  27.510 0.0000000000
86561  42.863  29.342  27.054 0.0000000000
86568  42.712  29.438  26.325 0.0000000000
86569  42.163  29.437  25.663 0.0000000000
83021  40.526  24.421  21.527 0.0000000000
82266  41.169  23.666  19.152 0.0000000000
121220  40.077  25.111  19.046 0.0000000000
84502  39.938  26.280  18.143 0.0000000000
84507  39.340  26.076  18.026 0.0000000000
85212  39.098  26.627  18.446 0.0000000000
83776  38.459  25.510  18.294 0.0000000000
83038  38.217  24.736  18.882 0.0000000000
81391  39.449  22.536  23.371 0.0000000000
119732  40.137  21.086  24.490 0.0000000000
80460  40.421  21.163  23.042 0.0000000000
88588  37.299  32.374  35.419 0.0000000000
88596  37.886  31.897  34.943 0.0000000000
87935  37.113  31.525  35.308 0.0000000000
86513  36.527  29.662  36.018 0.0000000000
119194  36.345  30.133  37.056 0.0000000000
86510  36.428  29.773  36.595 0.0000000000
85797  36.628  29.247  36.486 0.0000000000
85792  37.298  29.007  37.382 0.0000000000
89378  48.985  32.905  24.775 0.0000000000
89379  48.484  32.782  23.932 0.0000000000
89385  47.928  32.792  23.554 0.0000000000
88717  47.083  32.603  23.289 0.0000000000
88726  46.430  32.270  23.045 0.0000000000
121588  39.308  25.924  28.116 0.0000000000
124413  39.368  25.348  27.573 0.0000000000
83741  39.405  25.461  26.727 0.0000000000
82994  39.680  24.746  26.205 0.0000000000
82201  40.750  23.475  26.645 0.0000000000
82993  40.176  24.182  25.729 0.0000000000
82999  40.278  24.250  24.899 0.0000000000
82235  41.000  23.685  23.723 0.0000000000
81345  43.409  22.478  26.018 0.0000000000
81376  42.776  22.663  24.513 0.0000000000
120447  44.518  22.872  23.753 0.0000000000
81375  43.622  22.692  23.988 0.0000000000
81390  42.147  22.984  24.008 0.0000000000
125690  41.610  23.342  23.608 0.0000000000
112438  41.315  23.581  22.835 0.0000000000
82247  41.656  23.414  21.964 0.0000000000
82264  42.425  22.807  19.572 0.0000000000
82256  44.108  23.234  20.482 0.0000000000
79653  42.237  21.377  19.761 0.0000000000
79641  42.458  20.125  21.870 0.0000000000
88639  46.437  32.502  30.297 0.0000000000
87967  45.336  31.587  30.211 0.0000000000
87278  44.300  30.556  30.217 0.0000000000
89290  43.880  32.791  32.817 0.0000000000
88613  43.630  32.179  32.555 0.0000000000
87947  44.032  31.811  31.958 0.0000000000
87958  43.747  31.115  31.675 0.0000000000
87269  44.046  30.813  30.979 0.0000000000
86548  42.758  29.171  29.629 0.0000000000
129882  41.449  28.473  29.453 0.0000000000
85149  39.594  27.046  29.087 0.0000000000
86517  37.678  29.520  34.721 0.0000000000
86515  39.172  29.943  33.980 0.0000000000
86521  39.366  29.132  33.858 0.0000000000
85804  40.324  28.219  33.166 0.0000000000
83657  38.336  26.246  37.138 0.0000000000
84415  37.989  26.234  35.928 0.0000000000
84423  38.288  26.304  35.009 0.0000000000
117243  38.642  26.982  34.375 0.0000000000
85121  40.246  27.654  32.699 0.0000000000
85137  39.836  26.911  31.506 0.0000000000
132834  39.306  25.647  31.826 0.0000000000
84451  39.544  26.400  31.091 0.0000000000
85142  39.772  26.911  30.690 0.0000000000
84456  39.388  26.297  29.454 0.0000000000
82982  39.338  25.098  28.358 0.0000000000
130252  39.688  24.151  28.499 0.0000000000
120849  40.124  23.275  29.987 0.0000000000
82176  40.303  23.355  29.050 0.0000000000
81312  41.873  22.532  28.317 0.0000000000
111381  42.699  22.404  28.647 0.0000000000
81311  43.214  22.401  28.131 0.0000000000
81223  41.869  22.513  33.239 0.0000000000
112310  42.192  22.443  32.491 0.0000000000
113648  42.551  22.412  31.742 0.0000000000
133393  43.695  22.600  32.319 0.0000000000
81259  43.381  22.460  31.672 0.0000000000
111383  42.916  22.365  30.985 0.0000000000
111382  43.625  22.385  28.777 0.0000000000
89255  37.549  33.275  35.579 0.0000000000
89256  36.726  32.844  35.902 0.0000000000
118308  35.836  33.062  36.829 0.0000000000
88585  35.652  32.550  37.188 0.0000000000
87924  35.979  31.584  38.572 0.0000000000
120137  35.383  31.511  39.389 0.0000000000
87238  36.031  31.064  39.380 0.0000000000
86496  36.330  30.275  39.628 0.0000000000
90544  44.504  36.172  30.064 0.0000000000
89966  44.044  34.617  29.458 0.0000000000
90545  43.739  35.944  30.258 0.0000000000
128436  41.083  33.706  29.936 0.0000000000
88673  40.403  32.456  28.420 0.0000000000
88699  41.532  32.398  26.394 0.0000000000
88028  39.460  31.455  26.373 0.0000000000
87316  37.477  30.433  26.453 0.0000000000
87327  36.979  29.886  25.931 0.0000000000
86586  36.684  29.108  24.646 0.0000000000
88653  47.517  32.438  29.298 0.0000000000
88668  48.777  32.114  28.265 0.0000000000
87295  44.740  30.218  28.597 0.0000000000
87294  45.449  30.542  28.268 0.0000000000
87314  44.944  30.244  26.817 0.0000000000
87304  45.579  30.482  27.428 0.0000000000
88026  47.167  30.878  26.483 0.0000000000
88025  48.259  30.884  25.811 0.0000000000
112087  47.828  31.302  24.072 0.0000000000
88045  47.004  31.548  23.524 0.0000000000
87331  46.087  31.076  23.814 0.0000000000
88046  46.151  31.779  23.047 0.0000000000
85168  39.493  27.387  26.461 0.0000000000
85856  39.711  27.946  26.182 0.0000000000
132836  39.331  26.892  25.336 0.0000000000
85174  39.501  27.522  25.595 0.0000000000
85863  39.921  28.223  25.521 0.0000000000
86577  40.882  29.048  24.663 0.0000000000
86584  41.479  29.399  24.314 0.0000000000
83764  39.710  25.687  22.624 0.0000000000
85193  39.724  27.136  22.049 0.0000000000
114224  39.604  27.389  23.002 0.0000000000
85875  40.347  28.462  23.071 0.0000000000
86591  42.446  30.096  22.782 0.0000000000
87353  43.375  30.609  22.243 0.0000000000
86608  42.033  29.735  20.676 0.0000000000
87352  43.841  30.991  22.171 0.0000000000
88059  44.052  31.607  22.182 0.0000000000
88737  43.323  31.542  21.684 0.0000000000
88060  42.440  31.859  21.443 0.0000000000
88061  41.419  31.760  21.346 0.0000000000
87370  41.246  30.401  18.910 0.0000000000
87361  40.896  30.992  20.034 0.0000000000
88070  40.616  31.348  21.407 0.0000000000
122982  39.962  30.831  21.962 0.0000000000
87363  39.326  30.172  21.828 0.0000000000
86602  38.514  29.562  22.298 0.0000000000
85206  38.849  27.279  19.450 0.0000000000
85200  38.415  27.796  20.347 0.0000000000
126579  37.782  26.401  20.536 0.0000000000
85201  38.022  27.155  20.601 0.0000000000
85892  38.524  28.441  20.750 0.0000000000
85883  38.087  28.833  21.777 0.0000000000
85885  36.743  27.839  22.924 0.0000000000
85187  36.447  27.387  23.341 0.0000000000
83760  36.548  25.901  23.458 0.0000000000
78809  41.970  19.977  21.727 0.0000000000
78803  41.714  19.482  22.444 0.0000000000
80451  39.957  21.677  23.838 0.0000000000
80490  41.074  22.440  18.300 0.0000000000
81214  40.011  23.020  33.912 0.0000000000
81225  40.248  22.805  33.312 0.0000000000
81262  40.145  22.868  31.831 0.0000000000
81274  44.507  22.532  30.757 0.0000000000
81275  43.290  22.362  30.259 0.0000000000
81329  43.287  22.433  27.393 0.0000000000
81416  39.979  23.031  18.620 0.0000000000
81420  40.715  22.652  18.354 0.0000000000
83043  40.214  23.838  18.310 0.0000000000
83644  39.317  26.359  37.995 0.0000000000
83655  40.321  25.197  37.781 0.0000000000
83656  39.390  25.488  37.560 0.0000000000
83759  36.916  25.287  22.928 0.0000000000
84399  39.341  27.168  38.196 0.0000000000
84410  37.993  26.407  36.655 0.0000000000
84469  39.363  26.811  26.688 0.0000000000
85802  37.288  28.824  35.157 0.0000000000
85876  39.800  27.937  23.415 0.0000000000
85896  41.172  28.153  18.388 0.0000000000
87250  37.324  30.280  34.961 0.0000000000
87359  43.403  31.116  21.387 0.0000000000
87369  41.881  30.647  18.995 0.0000000000
88077  41.623  31.179  19.543 0.0000000000
88707  45.064  32.848  24.771 0.0000000000
88715  50.179  31.411  23.335 0.0000000000
111757  42.175  22.394  31.107 0.0000000000
112238  40.062  26.890  20.523 0.0000000000
114488  39.221  24.153  35.632 0.0000000000
119817  45.657  32.344  23.000 0.0000000000
119895  39.339  25.790  31.180 0.0000000000
121652  40.576  23.697  26.061 0.0000000000
125709  37.556  28.469  22.253 0.0000000000
125957  40.851  22.545  31.987 0.0000000000
126312  38.733  25.632  37.152 0.0000000000
126634  37.822  27.513  35.141 0.0000000000
127021  41.982  30.341  18.874 0.0000000000
127906  39.820  29.595  33.697 0.0000000000
128597  43.608  22.448  26.749 0.0000000000
130607  44.628  22.903  32.240 0.0000000000
132599  40.024  24.052  27.080 0.0000000000
