#!ascii label  , from subject sub-v1s19x0051300_ses-1 vox2ras=TkReg
419
69815  -29.181  8.904  -28.856 0.0000000000
131221  -24.627  4.960  -26.542 0.0000000000
66819  -30.622  5.481  -25.084 0.0000000000
131062  -27.805  0.492  -24.883 0.0000000000
82108  -30.090  21.654  -28.790 0.0000000000
79347  -30.647  17.967  -28.042 0.0000000000
74799  -25.602  13.265  -30.424 0.0000000000
118092  -26.821  -2.568  -21.853 0.0000000000
131031  -26.084  2.418  -26.277 0.0000000000
115349  -24.941  1.054  -24.114 0.0000000000
80280  -30.161  19.668  -28.763 0.0000000000
117859  -27.768  18.502  -30.722 0.0000000000
69802  -25.426  8.528  -29.007 0.0000000000
72724  -24.060  11.579  -28.649 0.0000000000
72757  -27.579  11.132  -30.627 0.0000000000
74807  -29.197  13.598  -29.857 0.0000000000
72726  -30.289  11.350  -28.419 0.0000000000
70763  -31.418  9.355  -26.775 0.0000000000
67800  -23.515  6.628  -26.665 0.0000000000
127185  -26.339  6.308  -28.571 0.0000000000
67805  -30.240  7.229  -26.770 0.0000000000
65825  -28.589  4.496  -27.194 0.0000000000
63905  -29.131  2.976  -25.485 0.0000000000
131004  -30.410  2.120  -22.365 0.0000000000
76615  -24.917  16.072  -29.909 0.0000000000
76616  -28.589  16.125  -30.378 0.0000000000
130103  -30.783  15.844  -27.751 0.0000000000
60123  -24.248  -1.115  -22.524 0.0000000000
131278  -27.270  -0.945  -23.697 0.0000000000
132229  -24.008  2.106  -23.840 0.0000000000
114936  -23.708  1.235  -23.152 0.0000000000
79365  -27.888  19.322  -30.176 0.0000000000
78458  -25.195  18.948  -30.759 0.0000000000
116877  -27.059  8.296  -29.574 0.0000000000
70799  -26.177  9.542  -29.779 0.0000000000
70800  -27.858  9.509  -29.974 0.0000000000
72743  -28.682  11.221  -29.944 0.0000000000
70788  -29.636  10.069  -28.913 0.0000000000
71734  -30.753  10.744  -27.827 0.0000000000
69805  -30.358  9.192  -27.830 0.0000000000
115221  -24.059  6.080  -26.752 0.0000000000
67801  -24.613  6.901  -27.676 0.0000000000
66835  -25.277  5.549  -27.498 0.0000000000
66846  -27.487  5.378  -28.043 0.0000000000
116657  -26.289  4.427  -27.408 0.0000000000
131072  -26.978  1.243  -25.823 0.0000000000
62965  -28.300  1.956  -26.216 0.0000000000
114911  -28.576  1.811  -25.451 0.0000000000
115152  -30.036  2.708  -23.653 0.0000000000
131115  -28.768  1.391  -23.860 0.0000000000
82106  -28.338  21.641  -28.891 0.0000000000
81193  -28.252  21.882  -27.972 0.0000000000
82096  -29.411  22.424  -28.622 0.0000000000
84054  -30.414  23.461  -28.308 0.0000000000
117623  -31.111  21.467  -28.671 0.0000000000
79357  -30.238  18.749  -28.627 0.0000000000
73719  -24.708  12.690  -29.322 0.0000000000
128754  -23.877  13.882  -28.650 0.0000000000
125067  -24.877  15.150  -29.993 0.0000000000
77583  -26.913  16.213  -31.588 0.0000000000
75719  -26.913  14.718  -31.540 0.0000000000
74785  -30.435  13.633  -28.277 0.0000000000
75697  -30.268  14.602  -28.360 0.0000000000
76571  -31.899  14.966  -26.727 0.0000000000
67792  -29.973  6.341  -26.305 0.0000000000
68773  -31.224  7.588  -25.929 0.0000000000
59166  -25.219  -2.630  -21.854 0.0000000000
60124  -25.543  -1.676  -22.961 0.0000000000
114914  -25.578  -1.113  -23.469 0.0000000000
114920  -26.815  -1.807  -22.951 0.0000000000
115396  -24.302  3.886  -25.505 0.0000000000
114955  -25.451  3.782  -26.537 0.0000000000
114926  -24.797  3.129  -25.522 0.0000000000
115194  -25.504  1.688  -25.177 0.0000000000
131113  -26.346  0.368  -24.879 0.0000000000
81205  -28.789  20.875  -29.163 0.0000000000
81206  -29.902  20.714  -28.830 0.0000000000
80279  -28.787  20.029  -29.501 0.0000000000
79356  -29.351  18.665  -29.306 0.0000000000
130358  -29.260  18.091  -29.510 0.0000000000
127635  -23.399  9.003  -27.802 0.0000000000
129699  -24.205  9.951  -28.517 0.0000000000
71777  -25.717  11.023  -29.795 0.0000000000
73729  -26.621  12.463  -31.047 0.0000000000
74812  -27.877  13.646  -31.455 0.0000000000
73730  -28.521  12.486  -30.541 0.0000000000
73700  -29.961  12.247  -28.685 0.0000000000
73687  -31.497  12.712  -27.272 0.0000000000
72695  -31.451  11.867  -27.348 0.0000000000
58227  -28.036  -2.642  -20.415 0.0000000000
59169  -28.209  -1.824  -21.011 0.0000000000
68795  -24.561  7.642  -28.080 0.0000000000
68797  -25.935  7.084  -28.912 0.0000000000
68810  -27.349  7.515  -29.190 0.0000000000
118637  -29.430  8.253  -28.314 0.0000000000
67819  -28.428  6.755  -28.261 0.0000000000
66838  -29.203  5.931  -26.893 0.0000000000
65815  -29.511  4.910  -25.925 0.0000000000
131163  -27.135  3.200  -26.997 0.0000000000
64819  -28.775  3.219  -26.243 0.0000000000
64810  -30.018  4.034  -25.164 0.0000000000
115270  -31.241  3.948  -23.318 0.0000000000
115387  -31.332  3.396  -22.682 0.0000000000
123721  -32.162  20.617  -27.841 0.0000000000
78473  -25.934  18.119  -31.137 0.0000000000
77566  -28.223  17.334  -30.616 0.0000000000
78446  -29.469  17.297  -29.177 0.0000000000
76624  -29.029  15.037  -29.970 0.0000000000
77550  -29.754  16.267  -28.790 0.0000000000
78431  -30.653  17.196  -27.937 0.0000000000
68785  -30.586  8.056  -27.084 0.0000000000
133837  -31.875  8.670  -25.823 0.0000000000
115238  -23.247  0.226  -22.215 0.0000000000
115373  -24.948  0.231  -23.650 0.0000000000
115308  -25.634  -0.455  -23.898 0.0000000000
115177  -27.239  -0.552  -24.245 0.0000000000
115245  -28.449  -1.109  -21.509 0.0000000000
131002  -28.644  -0.365  -22.002 0.0000000000
131082  -28.637  0.829  -23.429 0.0000000000
78445  -24.723  19.292  -29.566 0.0000000000
69813  -27.554  8.943  -29.739 0.0000000000
69814  -28.386  9.016  -29.441 0.0000000000
70801  -28.379  9.902  -29.845 0.0000000000
138040  -29.564  9.450  -28.753 0.0000000000
70789  -30.054  9.672  -28.363 0.0000000000
69804  -29.795  8.989  -28.319 0.0000000000
114953  -24.439  4.490  -26.097 0.0000000000
115162  -24.082  5.310  -26.285 0.0000000000
115168  -24.627  5.529  -26.874 0.0000000000
114957  -25.129  4.975  -26.913 0.0000000000
133812  -25.648  4.894  -27.314 0.0000000000
114946  -25.581  4.405  -26.921 0.0000000000
131116  -27.856  1.131  -25.416 0.0000000000
131054  -28.418  1.208  -24.755 0.0000000000
131063  -28.938  1.908  -24.467 0.0000000000
82107  -29.145  21.683  -28.909 0.0000000000
83043  -30.443  22.525  -28.723 0.0000000000
79348  -31.204  18.519  -27.780 0.0000000000
78433  -31.963  18.121  -26.973 0.0000000000
74783  -24.350  13.279  -29.042 0.0000000000
74798  -24.980  13.351  -29.677 0.0000000000
75706  -24.490  14.276  -29.381 0.0000000000
75707  -25.292  14.214  -30.137 0.0000000000
75712  -26.250  14.903  -31.305 0.0000000000
128469  -26.582  13.858  -31.346 0.0000000000
74771  -31.474  13.619  -27.262 0.0000000000
75682  -31.420  14.520  -27.255 0.0000000000
67783  -30.609  6.267  -25.553 0.0000000000
67784  -31.216  6.913  -25.440 0.0000000000
66820  -31.185  6.174  -24.949 0.0000000000
58238  -26.764  -3.095  -21.379 0.0000000000
59167  -26.083  -2.868  -21.892 0.0000000000
59178  -25.696  -2.258  -22.427 0.0000000000
120815  -26.119  -2.009  -22.901 0.0000000000
59180  -27.211  -2.093  -22.171 0.0000000000
120268  -24.235  3.234  -24.861 0.0000000000
115183  -24.500  1.859  -24.245 0.0000000000
134372  -25.069  1.612  -24.611 0.0000000000
131074  -25.586  0.994  -24.766 0.0000000000
80278  -28.212  20.554  -29.513 0.0000000000
80288  -28.048  20.015  -29.800 0.0000000000
126119  -28.592  18.575  -29.887 0.0000000000
78460  -28.725  17.800  -29.973 0.0000000000
69800  -24.026  9.109  -28.279 0.0000000000
70787  -24.876  9.317  -28.859 0.0000000000
127803  -26.485  10.129  -30.160 0.0000000000
71765  -25.887  10.335  -29.820 0.0000000000
71778  -26.358  10.908  -30.253 0.0000000000
72755  -25.845  11.673  -30.116 0.0000000000
72756  -26.494  11.749  -30.609 0.0000000000
72765  -27.665  12.082  -31.028 0.0000000000
72758  -28.225  11.671  -30.576 0.0000000000
72725  -29.700  11.577  -28.923 0.0000000000
73720  -29.435  12.089  -29.346 0.0000000000
122427  -30.579  12.055  -28.214 0.0000000000
73701  -30.501  12.771  -28.253 0.0000000000
73686  -31.009  12.351  -27.782 0.0000000000
72709  -30.916  11.580  -27.824 0.0000000000
71735  -31.248  10.130  -27.259 0.0000000000
71716  -31.703  10.666  -26.778 0.0000000000
70747  -31.912  9.388  -26.105 0.0000000000
58215  -28.236  -3.015  -19.638 0.0000000000
67791  -23.012  7.257  -26.592 0.0000000000
68782  -23.242  7.738  -27.232 0.0000000000
123674  -23.499  7.132  -27.039 0.0000000000
67816  -25.706  6.490  -28.420 0.0000000000
67815  -25.237  7.046  -28.262 0.0000000000
68809  -26.515  7.678  -29.277 0.0000000000
67817  -26.800  6.879  -28.953 0.0000000000
67818  -27.648  6.777  -28.699 0.0000000000
116478  -27.146  6.132  -28.490 0.0000000000
65824  -27.839  4.477  -27.673 0.0000000000
66837  -28.255  5.271  -27.695 0.0000000000
129000  -28.718  5.350  -27.231 0.0000000000
65826  -29.061  5.073  -26.604 0.0000000000
114954  -25.415  3.099  -26.109 0.0000000000
114945  -26.013  3.102  -26.676 0.0000000000
114941  -26.883  2.639  -26.710 0.0000000000
63904  -28.688  2.423  -25.916 0.0000000000
63913  -28.335  2.547  -26.502 0.0000000000
64809  -29.375  3.660  -25.630 0.0000000000
114940  -29.718  3.368  -25.010 0.0000000000
64800  -30.318  3.783  -24.476 0.0000000000
131011  -30.581  2.808  -22.907 0.0000000000
131215  -31.138  2.627  -22.162 0.0000000000
131108  -31.810  3.056  -21.825 0.0000000000
80281  -31.026  20.035  -28.464 0.0000000000
71750  -23.626  10.692  -28.169 0.0000000000
76584  -24.099  16.048  -28.312 0.0000000000
77548  -24.622  16.591  -29.228 0.0000000000
77565  -25.070  17.279  -30.200 0.0000000000
77574  -25.652  17.244  -30.995 0.0000000000
77584  -27.645  16.093  -31.451 0.0000000000
77576  -27.262  16.811  -31.460 0.0000000000
77577  -27.905  16.704  -31.184 0.0000000000
77567  -29.023  16.779  -29.707 0.0000000000
74806  -28.700  13.312  -30.478 0.0000000000
75713  -28.741  14.231  -30.421 0.0000000000
75714  -29.272  14.268  -29.734 0.0000000000
76588  -30.823  14.997  -27.724 0.0000000000
76602  -29.831  15.358  -28.747 0.0000000000
124903  -30.335  16.212  -28.183 0.0000000000
77534  -31.251  16.412  -27.428 0.0000000000
78420  -31.826  16.649  -26.854 0.0000000000
68784  -29.724  7.569  -27.593 0.0000000000
69787  -30.114  8.460  -27.775 0.0000000000
69765  -31.607  8.145  -25.881 0.0000000000
115375  -23.760  -0.486  -22.408 0.0000000000
114928  -23.881  0.164  -22.685 0.0000000000
114918  -24.435  -0.343  -22.991 0.0000000000
114913  -26.773  -1.358  -23.613 0.0000000000
115292  -26.789  -0.874  -23.981 0.0000000000
131038  -26.434  -0.388  -24.365 0.0000000000
60113  -27.877  -1.713  -21.848 0.0000000000
115614  -28.750  0.399  -22.690 0.0000000000
131053  -24.137  2.597  -24.295 0.0000000000
131144  -23.511  1.956  -23.327 0.0000000000
114930  -24.205  1.391  -23.652 0.0000000000
80287  -27.014  20.175  -29.781 0.0000000000
79364  -26.756  19.567  -30.448 0.0000000000
78459  -26.260  18.913  -31.042 0.0000000000
69811  -26.211  8.573  -29.490 0.0000000000
129596  -25.620  9.153  -29.335 0.0000000000
69812  -26.844  9.107  -29.845 0.0000000000
70811  -26.800  9.728  -30.157 0.0000000000
71780  -27.745  10.147  -30.348 0.0000000000
71766  -28.260  10.714  -30.232 0.0000000000
71767  -29.004  10.510  -29.540 0.0000000000
71751  -29.671  10.871  -28.922 0.0000000000
71752  -30.201  10.418  -28.405 0.0000000000
70772  -30.591  9.913  -27.825 0.0000000000
70773  -30.918  9.334  -27.340 0.0000000000
115231  -23.542  6.011  -26.228 0.0000000000
114956  -24.041  6.731  -27.131 0.0000000000
66834  -24.610  6.178  -27.331 0.0000000000
67802  -25.179  6.291  -27.961 0.0000000000
66844  -25.846  5.856  -28.139 0.0000000000
66845  -26.635  5.583  -28.196 0.0000000000
66836  -26.072  5.154  -27.800 0.0000000000
65823  -26.903  4.843  -27.850 0.0000000000
127100  -27.104  4.199  -27.572 0.0000000000
131114  -26.127  1.719  -25.838 0.0000000000
115169  -26.914  1.849  -26.335 0.0000000000
131710  -27.840  1.616  -26.071 0.0000000000
62954  -28.935  2.441  -25.340 0.0000000000
63896  -29.927  3.088  -24.332 0.0000000000
131005  -29.478  2.474  -24.311 0.0000000000
115188  -29.474  2.039  -23.602 0.0000000000
131064  -29.774  1.919  -22.823 0.0000000000
129317  -27.603  21.268  -28.656 0.0000000000
82095  -28.677  22.227  -28.446 0.0000000000
81208  -32.073  21.319  -28.267 0.0000000000
79358  -30.854  19.248  -28.342 0.0000000000
80269  -31.488  19.338  -27.803 0.0000000000
74765  -23.172  13.599  -28.023 0.0000000000
75695  -24.035  14.646  -28.760 0.0000000000
139552  -25.203  15.677  -30.282 0.0000000000
134485  -25.433  16.283  -30.560 0.0000000000
76621  -25.575  15.197  -30.689 0.0000000000
76629  -26.677  15.487  -31.505 0.0000000000
76631  -27.989  15.296  -31.366 0.0000000000
121520  -29.930  13.983  -28.725 0.0000000000
76589  -31.353  15.424  -27.279 0.0000000000
67793  -30.689  7.028  -26.044 0.0000000000
59165  -24.432  -2.318  -21.634 0.0000000000
135483  -24.870  -1.831  -22.351 0.0000000000
115423  -24.912  -1.153  -23.007 0.0000000000
116959  -26.163  -1.570  -23.375 0.0000000000
114922  -27.348  -1.350  -23.237 0.0000000000
114927  -23.863  4.656  -25.611 0.0000000000
115369  -24.977  4.393  -26.519 0.0000000000
115487  -24.849  3.784  -26.073 0.0000000000
131073  -25.431  2.413  -25.618 0.0000000000
131081  -24.786  2.374  -24.897 0.0000000000
130995  -26.232  1.048  -25.355 0.0000000000
115226  -27.086  0.570  -25.344 0.0000000000
81192  -26.729  20.574  -28.352 0.0000000000
81204  -27.985  21.126  -29.233 0.0000000000
126098  -29.401  20.132  -29.075 0.0000000000
115732  -29.415  19.403  -29.175 0.0000000000
79366  -28.679  19.288  -29.678 0.0000000000
78447  -29.920  17.869  -28.683 0.0000000000
71763  -24.417  10.722  -28.800 0.0000000000
70798  -25.408  9.849  -29.394 0.0000000000
71764  -25.174  10.692  -29.345 0.0000000000
132367  -24.696  11.299  -29.114 0.0000000000
72742  -25.258  11.521  -29.540 0.0000000000
127382  -25.322  12.422  -29.816 0.0000000000
74804  -26.194  13.166  -31.059 0.0000000000
74811  -27.212  13.267  -31.511 0.0000000000
73736  -27.180  12.552  -31.320 0.0000000000
73738  -28.221  13.010  -31.132 0.0000000000
73731  -29.142  12.759  -29.834 0.0000000000
72759  -28.861  11.926  -29.942 0.0000000000
74800  -29.483  13.212  -29.368 0.0000000000
74784  -29.887  13.194  -28.770 0.0000000000
74770  -30.957  13.187  -27.729 0.0000000000
74758  -31.976  13.154  -26.717 0.0000000000
73674  -31.982  12.122  -26.653 0.0000000000
122443  -31.330  11.062  -27.362 0.0000000000
66809  -31.145  5.451  -24.493 0.0000000000
58226  -27.293  -3.271  -20.735 0.0000000000
59168  -27.504  -2.480  -21.363 0.0000000000
69786  -23.739  8.251  -27.874 0.0000000000
69801  -24.642  8.448  -28.461 0.0000000000
68796  -25.296  7.785  -28.628 0.0000000000
68808  -25.871  7.879  -29.163 0.0000000000
68811  -27.894  8.164  -29.406 0.0000000000
69803  -28.670  8.193  -28.884 0.0000000000
68798  -28.171  7.446  -28.859 0.0000000000
68799  -28.926  7.494  -28.289 0.0000000000
67804  -29.069  6.828  -27.702 0.0000000000
66847  -27.952  6.048  -28.154 0.0000000000
67803  -28.673  6.073  -27.625 0.0000000000
139180  -29.121  6.379  -27.328 0.0000000000
66826  -29.546  5.555  -26.269 0.0000000000
66827  -30.041  5.563  -25.705 0.0000000000
114934  -26.084  3.819  -26.949 0.0000000000
64826  -26.802  3.715  -27.277 0.0000000000
64827  -27.679  3.602  -27.324 0.0000000000
64817  -27.730  2.855  -26.843 0.0000000000
64818  -28.295  3.249  -26.916 0.0000000000
65814  -28.618  3.738  -26.882 0.0000000000
117318  -29.061  4.171  -26.316 0.0000000000
65805  -29.602  4.279  -25.652 0.0000000000
65806  -30.082  4.788  -25.343 0.0000000000
65798  -30.612  4.637  -24.658 0.0000000000
64801  -30.898  4.194  -23.952 0.0000000000
114916  -30.613  3.431  -23.612 0.0000000000
135360  -30.759  20.868  -28.631 0.0000000000
81207  -31.529  20.689  -28.268 0.0000000000
81194  -31.825  20.035  -27.791 0.0000000000
78457  -24.870  18.421  -30.031 0.0000000000
78472  -25.307  18.135  -30.734 0.0000000000
77575  -26.479  17.090  -31.390 0.0000000000
78474  -27.160  17.718  -31.256 0.0000000000
128747  -27.249  14.013  -31.506 0.0000000000
75721  -28.201  14.444  -31.182 0.0000000000
76623  -28.436  15.181  -30.745 0.0000000000
75696  -29.603  14.679  -29.146 0.0000000000
76617  -29.354  15.716  -29.465 0.0000000000
77551  -30.107  16.904  -28.395 0.0000000000
78432  -31.427  17.437  -27.378 0.0000000000
69788  -30.627  8.745  -27.391 0.0000000000
69789  -31.078  8.716  -26.899 0.0000000000
69777  -31.165  8.153  -26.421 0.0000000000
69778  -31.534  8.720  -26.328 0.0000000000
115351  -23.490  0.774  -22.717 0.0000000000
114929  -24.191  0.618  -23.215 0.0000000000
138117  -24.559  0.837  -23.659 0.0000000000
114917  -25.085  -0.573  -23.405 0.0000000000
114919  -25.619  0.277  -24.331 0.0000000000
115196  -27.155  -0.051  -24.811 0.0000000000
131083  -27.792  -0.027  -24.291 0.0000000000
114921  -27.585  -1.568  -22.598 0.0000000000
115397  -27.808  -1.123  -22.896 0.0000000000
114938  -28.153  -0.519  -22.935 0.0000000000
131037  -27.759  -0.497  -23.703 0.0000000000
114910  -28.229  0.131  -23.545 0.0000000000
115139  -28.285  0.691  -24.139 0.0000000000
115284  -29.215  1.327  -22.964 0.0000000000
59179  -26.466  -2.320  -22.412 0.0000000000
62964  -28.052  1.826  -26.322 0.0000000000
63912  -27.801  2.083  -26.519 0.0000000000
64828  -28.281  3.839  -27.290 0.0000000000
68772  -30.806  7.636  -26.436 0.0000000000
68783  -23.946  7.408  -27.491 0.0000000000
70797  -24.806  10.109  -28.995 0.0000000000
70802  -29.056  9.624  -29.257 0.0000000000
70812  -27.308  9.627  -30.147 0.0000000000
71779  -27.056  10.338  -30.465 0.0000000000
72741  -24.691  11.991  -29.213 0.0000000000
72744  -29.257  11.355  -29.460 0.0000000000
72764  -27.123  11.855  -30.958 0.0000000000
72766  -28.065  12.387  -31.064 0.0000000000
73728  -25.986  12.452  -30.584 0.0000000000
73737  -27.741  12.781  -31.379 0.0000000000
74805  -26.717  13.025  -31.368 0.0000000000
74813  -28.347  13.723  -30.996 0.0000000000
75681  -30.894  14.086  -27.740 0.0000000000
75694  -23.524  14.494  -28.217 0.0000000000
75708  -29.572  13.819  -29.249 0.0000000000
75711  -25.902  14.080  -30.910 0.0000000000
75720  -27.656  14.596  -31.485 0.0000000000
76603  -30.316  15.542  -28.238 0.0000000000
76622  -26.143  16.091  -31.208 0.0000000000
76630  -27.324  15.423  -31.559 0.0000000000
77533  -30.635  16.516  -27.902 0.0000000000
114912  -26.222  -1.015  -23.847 0.0000000000
114935  -26.557  3.269  -26.934 0.0000000000
115142  -29.048  2.298  -24.883 0.0000000000
115296  -27.694  -0.909  -23.294 0.0000000000
115370  -28.101  -1.090  -22.315 0.0000000000
115410  -29.377  2.769  -24.893 0.0000000000
121645  -29.576  12.697  -29.176 0.0000000000
132121  -29.544  6.716  -27.085 0.0000000000
133492  -26.940  11.175  -30.633 0.0000000000
133959  -30.037  2.373  -23.059 0.0000000000
136273  -28.159  15.909  -31.149 0.0000000000
