#!ascii label  , from subject sub-v1s19x0051300_ses-1 vox2ras=TkReg
1000
114580  43.785  39.598  3.118 0.0000000000
92024  50.074  38.883  1.644 0.0000000000
93311  52.176  41.623  11.700 0.0000000000
92665  39.129  40.031  6.058 0.0000000000
91903  42.442  39.589  9.710 0.0000000000
89348  42.296  35.565  -3.391 0.0000000000
94655  44.378  43.290  3.467 0.0000000000
127785  46.959  44.863  -0.765 0.0000000000
91838  53.895  39.769  17.047 0.0000000000
89240  50.671  35.921  13.254 0.0000000000
126403  50.080  36.163  0.774 0.0000000000
91951  48.548  39.599  6.525 0.0000000000
93339  53.182  41.365  6.671 0.0000000000
95267  50.613  44.911  12.792 0.0000000000
96704  46.297  46.843  -2.899 0.0000000000
92074  48.881  38.795  -4.503 0.0000000000
91219  46.383  38.938  11.781 0.0000000000
92676  40.901  40.271  4.882 0.0000000000
92621  40.521  40.427  7.942 0.0000000000
92649  42.984  40.313  6.380 0.0000000000
90641  42.773  37.639  -0.071 0.0000000000
91331  40.211  38.858  1.911 0.0000000000
96003  42.453  45.355  1.434 0.0000000000
120517  52.082  37.703  18.505 0.0000000000
89223  54.421  35.996  16.293 0.0000000000
88564  51.938  34.732  16.606 0.0000000000
96748  46.837  46.660  -6.647 0.0000000000
90635  52.862  36.265  0.405 0.0000000000
91308  53.421  38.060  3.293 0.0000000000
92684  52.187  40.227  3.791 0.0000000000
94572  45.660  43.521  10.543 0.0000000000
94570  48.967  43.987  10.299 0.0000000000
95270  46.969  45.222  13.067 0.0000000000
93920  48.553  42.119  14.254 0.0000000000
92718  47.316  40.527  -0.351 0.0000000000
133123  49.081  42.284  -1.998 0.0000000000
91374  48.854  38.131  -0.910 0.0000000000
89332  49.909  34.771  -2.667 0.0000000000
93328  49.965  40.899  8.988 0.0000000000
92611  47.573  40.215  9.357 0.0000000000
92600  48.858  40.355  12.042 0.0000000000
127492  40.694  38.878  10.476 0.0000000000
90536  42.168  37.597  11.372 0.0000000000
92075  45.430  38.990  -3.755 0.0000000000
92057  42.041  38.927  -1.655 0.0000000000
93371  46.627  41.283  2.390 0.0000000000
93982  48.698  42.327  5.062 0.0000000000
98493  45.069  49.693  1.663 0.0000000000
97298  47.294  48.687  1.024 0.0000000000
94013  44.781  43.060  0.910 0.0000000000
93279  54.096  41.738  14.601 0.0000000000
91209  50.245  38.961  13.901 0.0000000000
90511  52.655  37.705  14.975 0.0000000000
121316  53.774  35.306  12.136 0.0000000000
91344  46.303  38.068  1.164 0.0000000000
91997  46.216  39.210  4.233 0.0000000000
115377  49.499  38.201  3.794 0.0000000000
92647  52.055  40.096  6.738 0.0000000000
118608  53.096  41.721  9.252 0.0000000000
93967  50.477  43.062  6.209 0.0000000000
121612  51.787  43.960  9.515 0.0000000000
94542  53.098  43.412  12.074 0.0000000000
93918  52.151  42.739  14.845 0.0000000000
91848  49.472  39.822  15.772 0.0000000000
97978  44.204  48.268  -5.119 0.0000000000
96055  47.340  45.334  -4.643 0.0000000000
94712  50.498  43.217  -2.455 0.0000000000
93433  47.463  40.730  -6.005 0.0000000000
90692  46.663  36.640  -4.023 0.0000000000
130315  45.779  36.264  -1.431 0.0000000000
91936  45.661  39.555  7.343 0.0000000000
91891  44.802  39.183  10.704 0.0000000000
89908  44.150  36.503  11.948 0.0000000000
90520  48.062  37.241  13.382 0.0000000000
92001  42.499  39.947  3.652 0.0000000000
92661  42.120  40.378  5.321 0.0000000000
91984  43.506  39.973  4.631 0.0000000000
91347  43.238  38.645  0.948 0.0000000000
91364  41.689  38.198  0.633 0.0000000000
136843  41.686  39.280  1.963 0.0000000000
92002  40.660  39.733  3.476 0.0000000000
89832  51.434  35.919  19.832 0.0000000000
89210  52.468  35.498  18.657 0.0000000000
89211  51.636  35.154  19.158 0.0000000000
89286  41.068  35.237  10.706 0.0000000000
91325  51.843  38.351  1.443 0.0000000000
91324  53.048  38.462  2.097 0.0000000000
129793  51.437  39.788  3.052 0.0000000000
94558  44.524  43.934  11.916 0.0000000000
95284  45.895  44.350  12.178 0.0000000000
92025  48.119  39.530  1.147 0.0000000000
92043  47.758  39.738  -0.493 0.0000000000
91359  49.781  38.106  0.218 0.0000000000
90636  51.029  37.269  -0.199 0.0000000000
93317  50.861  41.464  10.530 0.0000000000
92605  49.270  40.895  10.771 0.0000000000
93308  50.242  41.107  11.864 0.0000000000
91940  37.539  39.644  7.546 0.0000000000
92637  38.738  40.253  7.824 0.0000000000
132689  41.984  40.227  8.334 0.0000000000
91905  40.308  39.653  9.626 0.0000000000
126894  41.632  39.520  9.904 0.0000000000
90537  41.435  37.729  11.201 0.0000000000
91894  42.208  39.186  10.425 0.0000000000
129553  44.428  37.346  -3.352 0.0000000000
92069  43.572  39.073  -2.245 0.0000000000
113137  41.396  37.203  -2.942 0.0000000000
91989  38.763  39.296  4.692 0.0000000000
91976  37.850  39.156  5.807 0.0000000000
93364  45.544  42.257  2.735 0.0000000000
93990  46.564  42.241  3.798 0.0000000000
94647  44.790  43.658  4.407 0.0000000000
122146  43.381  43.884  1.958 0.0000000000
130661  43.808  43.847  1.291 0.0000000000
94004  44.648  42.792  1.740 0.0000000000
135974  45.649  41.919  1.632 0.0000000000
92559  54.241  40.849  16.000 0.0000000000
91196  53.261  39.229  15.318 0.0000000000
135903  54.145  39.261  16.547 0.0000000000
88579  54.206  34.578  14.270 0.0000000000
89234  54.719  35.178  14.311 0.0000000000
88585  54.913  34.828  12.968 0.0000000000
90627  47.791  37.514  1.529 0.0000000000
91326  48.234  38.020  2.855 0.0000000000
90614  49.145  37.579  2.675 0.0000000000
91964  53.310  39.741  4.964 0.0000000000
91280  52.400  38.904  4.867 0.0000000000
92646  53.122  40.378  6.418 0.0000000000
93331  53.213  41.196  7.792 0.0000000000
93330  53.288  41.722  7.627 0.0000000000
94633  48.400  43.248  5.903 0.0000000000
93981  49.674  42.245  5.259 0.0000000000
94622  48.677  43.425  6.593 0.0000000000
95291  49.234  44.447  11.155 0.0000000000
94583  50.447  43.897  9.491 0.0000000000
94555  51.327  44.515  11.421 0.0000000000
94567  52.372  43.955  10.529 0.0000000000
94543  52.304  44.137  12.590 0.0000000000
94516  53.022  43.399  13.918 0.0000000000
94534  51.012  44.075  13.515 0.0000000000
92583  47.668  40.813  14.699 0.0000000000
92581  49.405  41.098  15.060 0.0000000000
97345  45.033  47.204  -3.899 0.0000000000
96735  46.118  46.873  -5.184 0.0000000000
96048  46.974  45.836  -4.035 0.0000000000
96020  47.845  46.021  -0.190 0.0000000000
97312  48.923  47.530  0.338 0.0000000000
95381  48.749  45.360  -0.515 0.0000000000
92739  49.019  40.270  -3.084 0.0000000000
94037  50.478  42.765  -2.556 0.0000000000
93420  49.872  41.300  -3.604 0.0000000000
94051  48.669  42.006  -4.684 0.0000000000
92087  48.471  39.496  -5.433 0.0000000000
91414  47.528  38.779  -5.579 0.0000000000
90699  48.242  37.651  -4.486 0.0000000000
89316  50.229  34.685  -1.661 0.0000000000
89323  48.129  34.943  -2.752 0.0000000000
89953  48.100  36.464  -0.086 0.0000000000
114371  46.297  37.476  0.270 0.0000000000
91969  47.432  39.336  5.774 0.0000000000
114286  45.929  39.490  5.952 0.0000000000
121082  46.816  39.545  6.999 0.0000000000
91884  46.658  39.442  11.341 0.0000000000
121578  45.990  39.569  9.896 0.0000000000
91886  45.105  38.702  11.391 0.0000000000
114707  43.869  37.948  11.646 0.0000000000
132127  45.232  37.246  12.315 0.0000000000
89884  49.944  37.200  14.049 0.0000000000
136771  48.949  38.172  13.593 0.0000000000
89241  49.047  36.251  13.339 0.0000000000
92664  39.863  40.248  5.801 0.0000000000
92636  39.633  40.415  7.436 0.0000000000
92651  41.082  40.491  6.421 0.0000000000
92634  41.674  40.462  7.054 0.0000000000
92619  42.661  40.231  7.859 0.0000000000
89965  42.394  36.198  -1.343 0.0000000000
92003  39.797  39.482  3.659 0.0000000000
127935  52.545  38.454  17.947 0.0000000000
90484  54.321  37.765  17.223 0.0000000000
89844  53.582  36.560  18.243 0.0000000000
88563  53.239  34.889  16.248 0.0000000000
130357  51.447  35.792  0.794 0.0000000000
122589  52.144  36.743  2.287 0.0000000000
90611  53.554  37.168  1.790 0.0000000000
91995  53.475  38.992  3.551 0.0000000000
93353  53.067  40.692  5.007 0.0000000000
113655  46.233  43.443  9.052 0.0000000000
94586  47.849  43.570  9.221 0.0000000000
94571  47.293  43.678  10.266 0.0000000000
134436  48.016  44.601  11.653 0.0000000000
95248  48.498  45.056  13.169 0.0000000000
93939  49.341  43.645  13.735 0.0000000000
93940  47.595  43.163  13.775 0.0000000000
93922  46.972  42.304  14.006 0.0000000000
92585  45.857  40.674  14.499 0.0000000000
97956  45.584  48.309  -2.165 0.0000000000
117985  46.816  42.325  -0.865 0.0000000000
94697  49.057  43.659  -1.353 0.0000000000
93396  47.460  41.067  -1.078 0.0000000000
92729  48.326  39.940  -2.139 0.0000000000
130830  48.739  37.963  -2.871 0.0000000000
90681  49.089  36.154  -3.238 0.0000000000
90672  50.444  35.776  -2.271 0.0000000000
89958  52.137  34.974  -1.176 0.0000000000
92617  49.344  40.556  8.410 0.0000000000
92632  47.810  39.992  8.024 0.0000000000
92610  48.363  40.513  9.631 0.0000000000
92603  47.842  40.264  11.051 0.0000000000
91879  47.705  39.463  12.223 0.0000000000
88607  50.503  35.096  11.111 0.0000000000
89267  49.851  35.339  11.986 0.0000000000
90554  39.079  38.104  10.672 0.0000000000
126585  39.677  39.899  9.250 0.0000000000
91233  39.258  38.951  10.183 0.0000000000
121253  39.673  37.582  10.977 0.0000000000
90538  40.570  37.335  11.168 0.0000000000
135270  40.845  36.469  11.234 0.0000000000
89274  42.014  35.942  11.284 0.0000000000
92745  45.115  40.586  -3.865 0.0000000000
92741  43.951  40.251  -2.347 0.0000000000
119090  48.026  40.440  2.586 0.0000000000
115001  49.807  40.186  3.210 0.0000000000
115212  47.942  41.365  3.741 0.0000000000
94644  47.232  43.077  5.119 0.0000000000
130800  46.902  43.695  6.140 0.0000000000
94601  45.512  43.670  8.010 0.0000000000
113636  45.264  43.436  9.014 0.0000000000
97920  46.587  49.254  1.229 0.0000000000
97314  46.600  47.842  0.651 0.0000000000
96021  46.143  45.502  -0.495 0.0000000000
94687  45.471  43.752  -0.253 0.0000000000
94011  46.061  42.200  -0.029 0.0000000000
134151  46.982  40.562  1.305 0.0000000000
93301  52.829  41.384  13.324 0.0000000000
92595  50.777  40.394  13.328 0.0000000000
91872  51.530  40.067  14.030 0.0000000000
91197  52.027  38.541  14.796 0.0000000000
130891  52.034  36.610  14.205 0.0000000000
133308  54.381  36.595  15.806 0.0000000000
117134  53.391  36.411  14.459 0.0000000000
89251  52.450  35.582  12.409 0.0000000000
91330  44.828  38.966  1.999 0.0000000000
134715  45.303  39.355  3.626 0.0000000000
91314  46.275  38.751  2.868 0.0000000000
91298  47.626  38.744  4.279 0.0000000000
91968  48.972  39.275  5.731 0.0000000000
91310  50.555  38.030  3.788 0.0000000000
91967  50.271  39.178  5.520 0.0000000000
91950  49.704  39.614  6.318 0.0000000000
92629  51.325  40.426  7.491 0.0000000000
136257  51.915  41.410  9.230 0.0000000000
93320  53.029  41.830  10.174 0.0000000000
92674  50.080  41.079  4.274 0.0000000000
93346  50.814  42.063  5.296 0.0000000000
93966  51.612  42.864  6.467 0.0000000000
94597  49.945  43.587  8.227 0.0000000000
94608  50.954  43.542  7.663 0.0000000000
93958  53.007  42.827  7.613 0.0000000000
94594  53.352  42.868  8.890 0.0000000000
93949  53.397  42.397  10.453 0.0000000000
93310  53.131  41.930  12.002 0.0000000000
93304  53.753  42.283  13.411 0.0000000000
93916  54.080  42.058  15.049 0.0000000000
92567  52.342  41.326  15.987 0.0000000000
93282  49.956  41.836  14.769 0.0000000000
92568  50.982  40.869  15.720 0.0000000000
91840  51.707  40.021  16.628 0.0000000000
91172  50.565  38.884  17.021 0.0000000000
97987  45.564  47.947  -6.078 0.0000000000
96734  46.899  46.360  -5.626 0.0000000000
121165  46.769  43.868  -6.059 0.0000000000
94696  50.294  44.164  -1.534 0.0000000000
95408  48.751  44.708  -2.932 0.0000000000
94713  48.924  43.779  -3.510 0.0000000000
94056  47.472  42.262  -5.616 0.0000000000
122710  46.823  41.510  -6.283 0.0000000000
92089  46.414  39.802  -5.780 0.0000000000
91402  45.525  37.702  -3.710 0.0000000000
132807  44.994  35.553  -3.598 0.0000000000
89992  47.807  35.644  -3.517 0.0000000000
89334  46.278  35.251  -3.225 0.0000000000
89327  44.004  34.920  -3.084 0.0000000000
118731  44.341  37.160  -0.635 0.0000000000
90639  44.597  37.909  0.290 0.0000000000
113495  44.718  39.684  5.177 0.0000000000
91955  44.609  39.721  6.612 0.0000000000
116052  43.700  39.685  8.929 0.0000000000
91916  46.286  39.658  8.581 0.0000000000
91901  44.638  39.576  9.187 0.0000000000
128451  43.816  39.471  9.776 0.0000000000
91221  43.315  38.408  11.273 0.0000000000
90535  43.067  37.517  11.561 0.0000000000
91877  49.207  40.073  12.706 0.0000000000
91214  48.117  38.988  12.844 0.0000000000
136657  47.157  38.030  12.884 0.0000000000
89254  47.902  35.807  12.719 0.0000000000
89897  45.740  36.617  12.477 0.0000000000
88566  50.066  34.353  17.165 0.0000000000
135104  50.367  33.979  14.656 0.0000000000
129921  43.022  39.740  3.204 0.0000000000
92000  43.382  39.828  3.899 0.0000000000
92027  43.163  39.149  1.707 0.0000000000
92028  42.293  39.326  2.000 0.0000000000
92015  43.085  39.503  2.524 0.0000000000
115103  42.371  39.675  2.867 0.0000000000
89194  51.177  35.356  19.910 0.0000000000
92011  51.533  39.064  2.235 0.0000000000
92012  50.015  39.553  2.491 0.0000000000
115578  48.942  39.104  1.303 0.0000000000
91342  48.577  39.009  0.742 0.0000000000
91341  49.368  38.637  0.841 0.0000000000
115536  50.629  38.187  0.781 0.0000000000
93312  50.997  41.472  11.398 0.0000000000
93313  50.056  41.226  11.087 0.0000000000
93307  51.207  41.342  12.215 0.0000000000
91939  38.203  39.969  7.196 0.0000000000
120087  38.047  40.005  7.890 0.0000000000
92654  38.940  40.244  6.893 0.0000000000
91921  41.843  39.930  9.159 0.0000000000
90694  42.808  35.824  -3.536 0.0000000000
133781  43.216  37.059  -3.127 0.0000000000
89985  41.925  35.860  -3.526 0.0000000000
91975  38.576  39.507  5.513 0.0000000000
91957  38.392  39.757  6.352 0.0000000000
91958  37.665  39.453  6.671 0.0000000000
93992  45.007  42.650  3.146 0.0000000000
94654  45.270  43.008  3.935 0.0000000000
94663  43.744  43.498  2.644 0.0000000000
94671  44.013  43.380  1.890 0.0000000000
94662  44.410  42.950  2.560 0.0000000000
93997  44.962  42.513  2.459 0.0000000000
92560  53.885  40.551  16.475 0.0000000000
91846  54.161  39.969  15.949 0.0000000000
91837  54.112  39.925  16.577 0.0000000000
88578  54.858  34.950  13.741 0.0000000000
90626  48.728  36.923  1.253 0.0000000000
90615  48.465  37.520  2.091 0.0000000000
114324  49.534  37.015  1.839 0.0000000000
92659  53.288  40.267  5.382 0.0000000000
91947  53.322  40.014  5.725 0.0000000000
92645  53.190  40.541  6.192 0.0000000000
92627  53.300  40.940  6.993 0.0000000000
94623  47.722  43.533  6.368 0.0000000000
94611  47.901  43.577  7.171 0.0000000000
95282  49.468  45.010  12.118 0.0000000000
95290  50.242  44.585  11.312 0.0000000000
95281  50.461  44.945  12.225 0.0000000000
95266  51.405  44.659  12.335 0.0000000000
94544  51.314  44.581  13.019 0.0000000000
95246  50.322  44.714  13.190 0.0000000000
91861  47.207  40.115  14.971 0.0000000000
97332  45.767  47.440  -2.750 0.0000000000
135292  44.442  47.765  -3.815 0.0000000000
96711  45.789  46.716  -3.702 0.0000000000
96710  46.525  46.307  -3.460 0.0000000000
123446  49.123  39.512  -3.794 0.0000000000
92743  49.468  40.479  -3.732 0.0000000000
116309  49.411  40.585  -4.311 0.0000000000
91408  48.546  38.302  -4.892 0.0000000000
91401  48.603  37.991  -4.262 0.0000000000
89959  50.147  35.323  -0.535 0.0000000000
118605  48.919  35.474  -0.993 0.0000000000
89952  48.934  36.280  0.234 0.0000000000
118820  47.948  37.003  0.701 0.0000000000
118043  48.093  39.376  5.976 0.0000000000
91952  47.554  39.530  6.645 0.0000000000
91885  45.881  39.137  11.254 0.0000000000
91217  45.836  38.500  11.928 0.0000000000
90533  45.172  37.987  12.037 0.0000000000
89888  50.066  36.467  13.666 0.0000000000
90518  49.212  36.959  13.723 0.0000000000
132449  49.804  35.912  13.215 0.0000000000
92677  40.099  40.086  5.047 0.0000000000
92663  40.615  40.386  5.654 0.0000000000
92660  42.772  40.323  5.562 0.0000000000
92650  42.068  40.432  6.188 0.0000000000
121466  42.447  40.380  7.055 0.0000000000
92633  43.252  40.179  7.201 0.0000000000
90659  43.156  37.035  -0.678 0.0000000000
89966  41.268  36.193  -1.293 0.0000000000
90660  42.068  36.920  -0.632 0.0000000000
91350  40.756  38.644  1.416 0.0000000000
120094  40.882  37.482  0.140 0.0000000000
91987  40.378  39.911  4.275 0.0000000000
91988  39.551  39.626  4.468 0.0000000000
132814  53.029  37.779  18.408 0.0000000000
90474  52.834  36.871  18.787 0.0000000000
89225  52.789  35.178  17.409 0.0000000000
88572  52.245  34.530  15.554 0.0000000000
97999  46.028  48.511  -6.703 0.0000000000
98573  46.448  49.446  -7.240 0.0000000000
89950  52.695  35.891  0.249 0.0000000000
89946  52.320  36.104  1.260 0.0000000000
89939  53.442  36.779  1.267 0.0000000000
125804  52.673  39.164  2.660 0.0000000000
92010  53.400  38.644  2.804 0.0000000000
91996  52.942  39.466  3.310 0.0000000000
92683  53.213  39.764  4.031 0.0000000000
92672  52.699  40.527  4.456 0.0000000000
94587  46.368  43.484  10.013 0.0000000000
130366  46.961  43.503  9.415 0.0000000000
114381  46.783  44.714  12.358 0.0000000000
118867  47.748  45.007  12.430 0.0000000000
95269  48.606  45.172  12.739 0.0000000000
118517  47.833  45.243  13.066 0.0000000000
94535  48.300  44.246  13.560 0.0000000000
94536  47.224  44.319  13.564 0.0000000000
93941  46.708  43.368  13.760 0.0000000000
93923  45.993  42.477  13.950 0.0000000000
93286  46.398  41.487  14.277 0.0000000000
125295  45.484  41.451  14.273 0.0000000000
93397  46.791  41.413  -0.359 0.0000000000
94031  47.305  41.807  -1.142 0.0000000000
92042  48.256  38.906  -0.698 0.0000000000
92055  48.137  39.357  -1.377 0.0000000000
92054  48.484  38.905  -2.380 0.0000000000
91383  48.650  38.235  -1.806 0.0000000000
90673  49.364  36.737  -2.724 0.0000000000
125173  49.636  37.221  -1.687 0.0000000000
118802  52.455  36.542  0.035 0.0000000000
90654  51.981  35.999  -1.029 0.0000000000
90653  52.432  35.670  -0.339 0.0000000000
89308  52.035  34.838  -0.783 0.0000000000
122483  49.013  40.675  9.101 0.0000000000
92602  48.620  40.524  11.306 0.0000000000
92606  48.482  40.575  10.488 0.0000000000
91883  47.376  39.756  11.539 0.0000000000
91882  48.090  40.105  11.795 0.0000000000
91234  38.393  38.553  10.289 0.0000000000
92613  39.530  40.271  8.450 0.0000000000
128781  40.868  39.375  10.058 0.0000000000
91896  40.139  39.165  10.206 0.0000000000
90553  40.056  38.351  10.675 0.0000000000
121562  39.722  36.851  11.233 0.0000000000
89911  41.521  36.813  11.350 0.0000000000
89275  41.278  35.901  11.130 0.0000000000
92751  45.650  40.302  -5.182 0.0000000000
92076  44.949  39.738  -3.422 0.0000000000
92070  42.763  38.741  -2.022 0.0000000000
92056  43.059  39.621  -1.784 0.0000000000
92732  42.493  40.149  -1.383 0.0000000000
93362  47.534  40.939  2.946 0.0000000000
118049  47.001  41.574  3.371 0.0000000000
93984  46.901  42.654  4.509 0.0000000000
94635  46.719  43.537  5.527 0.0000000000
95321  45.367  44.184  7.001 0.0000000000
136027  45.861  43.518  8.551 0.0000000000
98492  45.848  49.806  1.488 0.0000000000
97921  45.626  49.149  1.350 0.0000000000
97300  45.412  47.692  0.422 0.0000000000
96687  45.368  46.907  0.017 0.0000000000
96686  46.876  46.795  0.101 0.0000000000
94677  44.356  43.819  0.649 0.0000000000
94676  45.060  43.407  0.262 0.0000000000
94021  45.687  43.076  -0.175 0.0000000000
94012  45.406  42.669  0.516 0.0000000000
93379  46.104  41.517  1.611 0.0000000000
92694  47.262  40.579  2.002 0.0000000000
92593  53.439  41.207  14.063 0.0000000000
92594  52.112  40.735  13.634 0.0000000000
92580  52.864  40.455  14.358 0.0000000000
90498  53.103  38.357  15.358 0.0000000000
90512  51.437  37.604  14.568 0.0000000000
89882  52.262  37.043  14.558 0.0000000000
89858  54.444  36.805  16.843 0.0000000000
90496  54.360  37.412  16.483 0.0000000000
89237  54.909  35.077  13.386 0.0000000000
89235  54.178  35.636  14.033 0.0000000000
89238  53.806  35.549  13.047 0.0000000000
89886  52.797  36.073  13.825 0.0000000000
89265  52.985  35.362  11.469 0.0000000000
91345  45.561  38.493  1.502 0.0000000000
91329  45.672  38.767  2.250 0.0000000000
115437  46.302  38.444  1.993 0.0000000000
91311  48.860  38.104  3.382 0.0000000000
91312  48.033  38.406  3.590 0.0000000000
91297  48.726  38.519  4.224 0.0000000000
91283  48.192  38.980  5.142 0.0000000000
91282  49.319  38.802  4.994 0.0000000000
90604  52.882  37.411  2.862 0.0000000000
90605  51.264  37.444  3.121 0.0000000000
91309  52.149  37.899  3.687 0.0000000000
91966  51.807  39.275  5.516 0.0000000000
91281  51.160  38.879  5.062 0.0000000000
91949  51.162  39.618  6.191 0.0000000000
92648  50.479  40.045  6.894 0.0000000000
93326  52.681  41.307  8.548 0.0000000000
93321  51.943  41.576  9.927 0.0000000000
93361  48.948  41.183  4.107 0.0000000000
115755  49.578  40.703  3.767 0.0000000000
93355  49.457  41.722  4.738 0.0000000000
93975  50.094  42.672  5.689 0.0000000000
93974  51.209  42.492  5.867 0.0000000000
123939  51.916  41.867  5.590 0.0000000000
94585  48.803  43.713  9.493 0.0000000000
94598  48.833  43.589  8.594 0.0000000000
134629  50.260  43.700  8.836 0.0000000000
94596  51.129  43.717  8.607 0.0000000000
94607  52.140  43.512  7.932 0.0000000000
94595  52.482  43.559  8.750 0.0000000000
94606  53.095  43.121  8.247 0.0000000000
94582  52.942  43.434  9.562 0.0000000000
94553  53.094  43.296  11.068 0.0000000000
93946  53.354  42.507  11.503 0.0000000000
93944  53.506  42.574  12.633 0.0000000000
127579  52.922  43.049  14.520 0.0000000000
93917  53.593  42.718  14.422 0.0000000000
93909  53.393  42.516  15.053 0.0000000000
93272  53.625  41.745  15.681 0.0000000000
93280  52.433  42.121  15.471 0.0000000000
124784  48.498  42.911  13.855 0.0000000000
93919  49.453  42.547  14.221 0.0000000000
92569  49.913  40.580  15.534 0.0000000000
93274  50.400  41.311  15.287 0.0000000000
91847  50.575  40.086  16.091 0.0000000000
92562  51.594  40.615  16.210 0.0000000000
128322  50.867  39.506  16.651 0.0000000000
118441  43.044  49.373  -4.919 0.0000000000
128835  43.826  49.018  -5.605 0.0000000000
97371  44.971  47.786  -5.455 0.0000000000
131111  47.073  45.967  -4.900 0.0000000000
96065  46.997  45.312  -5.721 0.0000000000
137245  46.856  44.604  -5.946 0.0000000000
95413  47.266  44.635  -5.233 0.0000000000
94029  50.033  43.086  -1.715 0.0000000000
113426  50.485  43.852  -1.803 0.0000000000
95407  50.190  44.195  -2.213 0.0000000000
93427  48.362  41.203  -5.217 0.0000000000
128870  47.723  41.560  -5.604 0.0000000000
92758  46.862  40.177  -6.185 0.0000000000
90700  47.479  37.326  -4.412 0.0000000000
91410  47.181  38.188  -5.099 0.0000000000
90701  46.529  37.501  -4.247 0.0000000000
117552  44.960  36.491  -3.642 0.0000000000
89993  46.168  35.783  -3.776 0.0000000000
90680  49.910  35.265  -2.816 0.0000000000
120151  48.565  35.861  -3.421 0.0000000000
89984  49.224  35.130  -3.111 0.0000000000
89974  47.302  35.366  -2.167 0.0000000000
89324  46.933  35.191  -2.847 0.0000000000
89325  45.702  35.100  -2.919 0.0000000000
89335  44.731  35.035  -3.240 0.0000000000
89976  45.295  35.803  -1.949 0.0000000000
89963  44.595  36.382  -1.395 0.0000000000
89962  45.354  36.745  -0.979 0.0000000000
91361  45.486  38.046  0.677 0.0000000000
118198  44.746  38.489  1.075 0.0000000000
91998  45.315  39.455  4.371 0.0000000000
136705  45.415  39.526  5.303 0.0000000000
91954  45.395  39.574  6.677 0.0000000000
91937  44.935  39.605  7.376 0.0000000000
91938  44.096  39.834  7.318 0.0000000000
91918  44.384  39.664  8.171 0.0000000000
132072  47.513  40.058  8.648 0.0000000000
91915  47.027  39.778  8.219 0.0000000000
117280  46.928  39.875  8.986 0.0000000000
91890  45.580  39.362  10.583 0.0000000000
91900  45.168  39.469  9.943 0.0000000000
131571  44.456  39.410  10.056 0.0000000000
91892  43.947  39.183  10.503 0.0000000000
91231  43.451  38.913  10.831 0.0000000000
91220  44.138  38.694  11.179 0.0000000000
120363  43.766  37.165  11.803 0.0000000000
89909  43.333  36.407  11.669 0.0000000000
114528  42.720  35.909  11.435 0.0000000000
89273  43.365  35.407  11.355 0.0000000000
92596  49.944  40.316  12.842 0.0000000000
91874  49.812  39.697  13.325 0.0000000000
90519  48.616  37.658  13.552 0.0000000000
91211  48.601  38.509  13.334 0.0000000000
91212  47.854  38.067  13.188 0.0000000000
90522  47.383  37.206  13.099 0.0000000000
88609  48.346  34.845  11.396 0.0000000000
89268  48.693  35.368  12.187 0.0000000000
92687  41.941  40.166  4.073 0.0000000000
92675  41.706  40.304  4.746 0.0000000000
91985  42.655  40.200  4.613 0.0000000000
132484  43.285  40.165  5.138 0.0000000000
91363  43.257  38.156  0.404 0.0000000000
90642  41.837  37.550  0.006 0.0000000000
91348  42.429  38.791  1.155 0.0000000000
91349  41.557  38.844  1.384 0.0000000000
92029  41.144  39.197  1.953 0.0000000000
92017  40.892  39.477  2.652 0.0000000000
115985  41.618  39.845  3.330 0.0000000000
89831  51.765  36.835  19.100 0.0000000000
132974  52.245  36.191  19.350 0.0000000000
89193  51.984  35.774  19.488 0.0000000000
88558  51.791  34.903  17.863 0.0000000000
91358  52.207  37.527  0.644 0.0000000000
91340  53.234  37.610  1.424 0.0000000000
94557  45.248  44.028  11.910 0.0000000000
130267  45.674  43.785  11.366 0.0000000000
95250  46.177  45.021  13.193 0.0000000000
92708  47.499  39.971  0.373 0.0000000000
92035  48.037  39.253  0.204 0.0000000000
91360  48.811  38.531  0.024 0.0000000000
90637  49.706  37.694  -0.610 0.0000000000
93322  50.665  41.295  9.647 0.0000000000
92609  49.346  40.878  9.841 0.0000000000
93318  49.976  41.202  10.362 0.0000000000
92601  49.418  40.783  11.557 0.0000000000
92620  41.204  40.232  8.628 0.0000000000
92612  40.385  40.152  8.924 0.0000000000
91904  41.046  39.839  9.399 0.0000000000
91224  41.014  38.310  10.840 0.0000000000
91895  41.389  39.010  10.496 0.0000000000
91223  41.940  38.448  10.970 0.0000000000
91403  44.847  38.342  -3.292 0.0000000000
133250  44.750  39.021  -3.129 0.0000000000
124452  44.065  38.347  -2.799 0.0000000000
91394  43.008  38.106  -2.463 0.0000000000
91384  42.093  38.025  -2.302 0.0000000000
91990  38.061  38.837  4.987 0.0000000000
91285  37.329  38.407  5.281 0.0000000000
91271  37.148  38.745  6.145 0.0000000000
91959  36.947  39.122  7.052 0.0000000000
93363  46.211  41.896  3.012 0.0000000000
93991  45.792  42.476  3.481 0.0000000000
93985  46.103  42.840  4.238 0.0000000000
95368  42.744  44.545  1.888 0.0000000000
95367  43.330  44.313  1.371 0.0000000000
94670  44.298  43.386  1.277 0.0000000000
119375  45.252  42.407  1.291 0.0000000000
94003  45.306  42.233  2.027 0.0000000000
93372  45.879  41.789  2.245 0.0000000000
92578  54.134  41.380  15.345 0.0000000000
91858  53.628  40.213  15.128 0.0000000000
129510  54.157  40.783  15.559 0.0000000000
91182  53.922  38.839  16.029 0.0000000000
89232  54.321  35.260  15.738 0.0000000000
89231  54.609  35.632  15.216 0.0000000000
88570  54.723  35.013  14.753 0.0000000000
89250  54.667  35.020  12.539 0.0000000000
91343  47.020  38.009  1.755 0.0000000000
91327  47.638  37.987  2.317 0.0000000000
90606  49.848  37.711  3.248 0.0000000000
91981  53.293  39.157  4.504 0.0000000000
91294  53.003  38.472  4.142 0.0000000000
91965  53.054  39.524  5.250 0.0000000000
91948  52.711  39.747  6.031 0.0000000000
92628  52.841  40.616  7.252 0.0000000000
93325  53.379  41.749  8.406 0.0000000000
93976  49.044  42.757  5.578 0.0000000000
94632  49.408  43.143  6.059 0.0000000000
94621  49.717  43.399  6.725 0.0000000000
136384  49.530  43.870  9.728 0.0000000000
94569  49.899  44.173  10.379 0.0000000000
94568  51.021  44.248  10.414 0.0000000000
94554  52.359  44.118  11.674 0.0000000000
94533  53.084  43.455  13.040 0.0000000000
114706  52.152  43.941  13.364 0.0000000000
94517  51.844  43.464  14.140 0.0000000000
93284  48.129  41.498  14.472 0.0000000000
93283  48.974  41.625  14.572 0.0000000000
92582  48.517  40.919  14.847 0.0000000000
92570  48.955  40.382  15.323 0.0000000000
97970  43.972  48.129  -4.188 0.0000000000
97359  44.584  47.699  -4.587 0.0000000000
97358  45.299  47.255  -4.908 0.0000000000
96721  45.643  46.839  -4.436 0.0000000000
96720  46.365  46.379  -4.506 0.0000000000
97313  48.007  47.894  0.818 0.0000000000
97297  47.927  48.389  0.706 0.0000000000
96685  48.812  47.118  0.466 0.0000000000
96019  49.449  46.489  0.122 0.0000000000
124398  48.807  40.841  -2.545 0.0000000000
94038  50.287  42.479  -2.410 0.0000000000
93414  49.838  41.370  -2.991 0.0000000000
93413  50.481  42.111  -2.942 0.0000000000
94045  50.004  41.917  -3.624 0.0000000000
94720  49.590  42.719  -3.609 0.0000000000
93426  49.319  41.204  -4.441 0.0000000000
92750  48.623  40.370  -5.195 0.0000000000
92757  47.778  39.794  -5.906 0.0000000000
92081  47.996  39.010  -5.730 0.0000000000
91409  48.033  38.269  -5.265 0.0000000000
89321  50.637  34.643  -2.117 0.0000000000
89322  49.403  34.685  -2.384 0.0000000000
89973  48.058  35.346  -1.746 0.0000000000
115802  47.015  36.072  -1.313 0.0000000000
90657  45.963  37.080  -0.474 0.0000000000
90638  47.280  37.015  0.111 0.0000000000
90628  47.089  37.539  0.942 0.0000000000
91970  46.727  39.338  5.453 0.0000000000
113662  46.063  39.363  5.001 0.0000000000
115863  46.754  39.451  6.308 0.0000000000
91953  46.155  39.526  6.833 0.0000000000
91935  46.376  39.593  7.660 0.0000000000
91888  47.098  39.907  10.782 0.0000000000
91898  46.835  39.913  9.879 0.0000000000
91889  46.333  39.571  10.617 0.0000000000
136471  45.331  39.137  11.007 0.0000000000
121629  44.545  38.187  11.685 0.0000000000
90534  44.497  37.386  12.006 0.0000000000
91199  49.957  38.048  14.107 0.0000000000
91210  49.366  38.688  13.608 0.0000000000
128147  49.305  37.771  13.805 0.0000000000
132454  48.573  36.864  13.495 0.0000000000
92653  39.714  40.373  6.564 0.0000000000
92652  40.398  40.490  6.979 0.0000000000
92635  41.023  40.483  7.236 0.0000000000
92662  41.415  40.422  5.531 0.0000000000
121461  41.410  40.407  7.811 0.0000000000
135806  42.034  40.369  7.626 0.0000000000
91920  42.748  39.922  8.815 0.0000000000
89329  42.313  35.297  -2.888 0.0000000000
136988  41.327  35.701  -3.188 0.0000000000
89967  40.313  36.459  -1.205 0.0000000000
92018  40.006  39.303  2.801 0.0000000000
91315  39.206  38.903  3.057 0.0000000000
91974  39.328  39.794  5.261 0.0000000000
95994  42.021  45.144  2.248 0.0000000000
95360  42.356  44.600  2.751 0.0000000000
121577  43.018  44.051  2.830 0.0000000000
91831  53.352  39.164  17.495 0.0000000000
91170  54.131  38.888  17.275 0.0000000000
91162  53.616  38.300  17.932 0.0000000000
89843  54.148  37.123  17.672 0.0000000000
89859  54.171  36.253  17.392 0.0000000000
89845  52.798  36.095  18.930 0.0000000000
89209  53.371  35.829  18.020 0.0000000000
89224  53.826  35.508  16.878 0.0000000000
88571  53.817  34.677  15.257 0.0000000000
90625  50.934  36.468  1.641 0.0000000000
90603  53.510  37.625  2.447 0.0000000000
91323  53.554  37.721  2.139 0.0000000000
91307  53.530  38.249  2.974 0.0000000000
91293  53.461  38.723  3.757 0.0000000000
91980  53.352  39.363  4.264 0.0000000000
92671  53.306  40.035  4.697 0.0000000000
93345  52.959  41.171  5.703 0.0000000000
113656  47.078  43.512  8.605 0.0000000000
94599  47.948  43.531  8.127 0.0000000000
113283  48.149  43.779  10.140 0.0000000000
94556  46.471  43.841  11.164 0.0000000000
131862  47.490  44.246  11.364 0.0000000000
95292  48.302  44.224  10.995 0.0000000000
95283  48.562  44.833  11.881 0.0000000000
95268  49.616  45.106  12.900 0.0000000000
95247  49.354  44.659  13.340 0.0000000000
93921  47.830  42.202  14.116 0.0000000000
93285  47.298  41.480  14.357 0.0000000000
92584  46.790  40.746  14.581 0.0000000000
91862  46.314  39.998  14.784 0.0000000000
94698  47.242  43.216  -1.179 0.0000000000
95393  47.904  44.229  -1.034 0.0000000000
94030  48.034  42.555  -1.581 0.0000000000
124581  48.034  41.702  -1.712 0.0000000000
92730  47.746  40.229  -1.163 0.0000000000
93407  48.146  40.897  -1.814 0.0000000000
118650  48.686  39.397  -2.946 0.0000000000
92067  48.790  38.548  -3.565 0.0000000000
91393  48.736  37.353  -3.482 0.0000000000
90655  50.764  36.514  -1.347 0.0000000000
90671  51.422  35.197  -1.709 0.0000000000
89972  50.727  34.831  -2.263 0.0000000000
89315  51.356  34.678  -1.302 0.0000000000
113035  51.104  35.257  -0.001 0.0000000000
91932  49.167  39.980  7.085 0.0000000000
91933  48.143  39.816  7.285 0.0000000000
92631  48.717  40.222  7.847 0.0000000000
92618  48.296  40.363  8.707 0.0000000000
92607  47.663  40.284  10.226 0.0000000000
91880  46.980  39.175  12.022 0.0000000000
89252  50.280  35.616  12.674 0.0000000000
90555  38.210  37.874  10.809 0.0000000000
91906  39.065  40.015  9.007 0.0000000000
134626  39.691  39.445  9.787 0.0000000000
90539  38.891  37.285  11.147 0.0000000000
92068  44.366  39.468  -2.740 0.0000000000
92740  44.536  41.020  -3.021 0.0000000000
89997  40.775  36.480  -3.211 0.0000000000
91395  40.560  37.396  -2.738 0.0000000000
92013  48.931  39.493  1.909 0.0000000000
92693  48.839  40.026  2.625 0.0000000000
92686  48.613  40.651  3.331 0.0000000000
93356  48.327  41.829  4.465 0.0000000000
93357  47.388  42.000  4.144 0.0000000000
93983  47.748  42.484  4.787 0.0000000000
93977  48.083  42.902  5.363 0.0000000000
94634  47.504  43.374  5.709 0.0000000000
113654  47.100  43.604  7.697 0.0000000000
94600  46.361  43.571  8.188 0.0000000000
113658  44.842  43.388  10.073 0.0000000000
97299  46.184  48.579  1.020 0.0000000000
94678  43.715  44.418  0.824 0.0000000000
95383  44.998  44.985  -0.265 0.0000000000
95382  45.700  44.479  -0.503 0.0000000000
94686  46.330  43.768  -0.772 0.0000000000
94020  46.319  42.892  -0.633 0.0000000000
93387  46.350  41.423  0.566 0.0000000000
93388  45.783  41.893  0.903 0.0000000000
92709  46.894  40.682  0.558 0.0000000000
92026  47.414  40.188  1.235 0.0000000000
92700  48.043  40.017  1.946 0.0000000000
93306  52.426  41.529  12.550 0.0000000000
93302  51.533  41.101  12.966 0.0000000000
91859  52.370  39.616  14.611 0.0000000000
91860  51.168  39.235  14.271 0.0000000000
91198  50.803  38.312  14.386 0.0000000000
89883  50.966  36.922  14.233 0.0000000000
89887  51.328  36.353  13.745 0.0000000000
91181  54.212  38.310  16.614 0.0000000000
90497  53.852  37.735  15.774 0.0000000000
89881  54.495  36.046  14.857 0.0000000000
90510  53.752  36.971  15.062 0.0000000000
89239  51.977  35.848  13.208 0.0000000000
126828  51.222  35.668  12.713 0.0000000000
89266  51.260  35.436  11.870 0.0000000000
115376  43.890  39.304  2.246 0.0000000000
92014  45.341  39.194  2.924 0.0000000000
128665  45.911  39.159  3.610 0.0000000000
91313  46.830  38.795  3.682 0.0000000000
135997  46.864  38.579  3.057 0.0000000000
91982  46.828  39.122  4.587 0.0000000000
91284  47.378  39.120  5.018 0.0000000000
90613  50.387  37.190  2.482 0.0000000000
91295  51.300  38.437  4.436 0.0000000000
91296  49.866  38.432  4.372 0.0000000000
92630  49.851  40.365  7.647 0.0000000000
92616  50.587  40.682  8.242 0.0000000000
92615  52.146  40.809  8.043 0.0000000000
93327  51.259  41.107  8.789 0.0000000000
93316  52.058  41.649  10.808 0.0000000000
92685  50.751  40.553  3.701 0.0000000000
92673  51.437  40.956  4.283 0.0000000000
135412  50.109  41.895  5.045 0.0000000000
116238  50.644  41.569  4.736 0.0000000000
93354  52.052  41.350  4.957 0.0000000000
93973  52.380  42.070  6.182 0.0000000000
94610  48.989  43.525  7.526 0.0000000000
94609  50.047  43.507  7.379 0.0000000000
94584  49.617  43.692  9.054 0.0000000000
94620  50.788  43.346  6.864 0.0000000000
93959  51.928  43.266  7.134 0.0000000000
93965  52.752  42.421  6.893 0.0000000000
93957  53.392  42.372  8.328 0.0000000000
93955  53.542  42.162  9.032 0.0000000000
93952  53.451  42.606  9.617 0.0000000000
133463  53.470  42.036  9.696 0.0000000000
93315  52.982  41.921  11.048 0.0000000000
93305  53.419  41.901  12.924 0.0000000000
93300  53.799  41.864  13.766 0.0000000000
93299  53.919  42.277  14.225 0.0000000000
93937  53.600  42.833  13.635 0.0000000000
93270  54.076  41.403  15.660 0.0000000000
93271  54.089  41.194  16.049 0.0000000000
92561  52.714  40.660  16.484 0.0000000000
93938  50.395  43.406  13.939 0.0000000000
130352  50.759  42.639  14.480 0.0000000000
93281  51.116  42.016  15.057 0.0000000000
91839  53.020  39.971  17.005 0.0000000000
91171  51.873  39.263  17.309 0.0000000000
91163  51.317  38.386  17.793 0.0000000000
90475  50.954  37.633  18.404 0.0000000000
97369  46.703  47.098  -6.055 0.0000000000
96081  46.646  45.582  -6.735 0.0000000000
94728  46.333  42.990  -6.589 0.0000000000
97324  46.852  47.339  -1.955 0.0000000000
96703  47.104  46.599  -2.428 0.0000000000
95392  49.779  44.779  -0.848 0.0000000000
94704  50.573  43.334  -2.090 0.0000000000
96040  48.760  45.485  -2.258 0.0000000000
96041  47.382  45.878  -2.956 0.0000000000
96047  47.750  45.323  -3.592 0.0000000000
127200  47.886  44.668  -4.166 0.0000000000
94721  48.187  43.004  -4.698 0.0000000000
95422  47.631  43.871  -4.886 0.0000000000
94727  47.123  43.064  -5.742 0.0000000000
94057  46.481  42.273  -6.459 0.0000000000
93434  46.381  40.920  -6.377 0.0000000000
92083  45.986  39.418  -4.792 0.0000000000
92082  46.766  39.006  -5.379 0.0000000000
91411  46.252  38.481  -4.504 0.0000000000
114617  44.057  36.188  -3.707 0.0000000000
137094  43.358  35.280  -3.464 0.0000000000
117386  48.561  36.936  -3.801 0.0000000000
90691  48.030  36.568  -3.943 0.0000000000
121745  47.168  36.163  -3.881 0.0000000000
89343  47.666  35.218  -3.144 0.0000000000
123485  46.750  35.490  -3.482 0.0000000000
89345  44.736  35.125  -3.336 0.0000000000
89346  44.026  35.067  -3.310 0.0000000000
89328  43.155  34.999  -3.052 0.0000000000
89977  43.561  35.377  -2.423 0.0000000000
89964  43.598  36.206  -1.496 0.0000000000
90658  45.341  37.468  -0.141 0.0000000000
90640  43.691  37.756  -0.002 0.0000000000
91362  43.938  38.349  0.685 0.0000000000
91346  43.983  38.870  1.418 0.0000000000
91983  44.221  39.698  4.371 0.0000000000
91973  43.940  39.922  5.158 0.0000000000
91972  44.288  39.840  5.863 0.0000000000
91971  45.063  39.628  5.938 0.0000000000
91956  43.802  40.034  6.519 0.0000000000
91919  43.486  39.934  8.057 0.0000000000
91934  47.273  39.682  7.476 0.0000000000
91899  46.341  39.700  9.292 0.0000000000
121069  45.626  39.605  9.179 0.0000000000
91917  45.416  39.582  8.203 0.0000000000
91902  43.152  39.592  9.524 0.0000000000
91893  43.102  39.300  10.278 0.0000000000
91232  42.775  38.792  10.863 0.0000000000
91222  42.643  38.211  11.276 0.0000000000
89910  42.461  36.687  11.496 0.0000000000
92598  50.510  40.815  12.570 0.0000000000
92599  49.658  40.579  12.267 0.0000000000
91875  48.890  39.344  13.064 0.0000000000
91878  48.442  39.774  12.460 0.0000000000
91215  47.391  38.699  12.614 0.0000000000
91216  46.604  38.412  12.395 0.0000000000
89253  49.319  35.671  12.781 0.0000000000
131982  48.565  35.844  12.933 0.0000000000
89889  48.105  36.465  13.184 0.0000000000
89269  47.714  35.260  12.107 0.0000000000
89895  47.411  36.371  12.908 0.0000000000
89896  46.644  36.704  12.750 0.0000000000
90523  46.729  37.621  12.773 0.0000000000
90524  45.970  37.621  12.492 0.0000000000
89898  44.909  36.534  12.246 0.0000000000
88559  50.917  34.649  18.234 0.0000000000
88565  50.926  34.585  16.932 0.0000000000
88574  50.235  34.292  16.229 0.0000000000
88573  51.010  34.429  15.862 0.0000000000
89307  52.184  35.162  -0.635 0.0000000000
89314  51.975  34.722  -1.175 0.0000000000
89320  51.476  34.780  -1.551 0.0000000000
89326  44.823  35.095  -2.814 0.0000000000
89333  48.929  34.847  -2.983 0.0000000000
89336  43.397  34.757  -3.217 0.0000000000
89337  42.868  35.196  -3.302 0.0000000000
89338  41.989  35.455  -3.220 0.0000000000
89342  48.510  35.202  -3.237 0.0000000000
89344  45.662  35.302  -3.422 0.0000000000
89347  43.444  35.126  -3.375 0.0000000000
89349  41.592  35.803  -3.406 0.0000000000
89350  40.961  36.014  -3.343 0.0000000000
89940  53.167  36.662  1.611 0.0000000000
89944  53.243  36.515  0.892 0.0000000000
89945  53.008  36.251  0.876 0.0000000000
89951  52.301  35.509  0.162 0.0000000000
89960  47.646  36.262  -0.712 0.0000000000
89961  46.174  36.518  -1.063 0.0000000000
89975  46.332  35.685  -1.958 0.0000000000
89978  42.737  35.499  -2.228 0.0000000000
89994  44.022  35.171  -3.438 0.0000000000
89995  42.806  35.392  -3.431 0.0000000000
89996  41.185  36.189  -3.421 0.0000000000
90472  54.109  37.961  17.752 0.0000000000
90473  53.646  37.445  18.197 0.0000000000
90612  53.332  37.054  2.218 0.0000000000
90623  53.554  37.043  1.405 0.0000000000
90624  53.197  36.889  0.796 0.0000000000
90656  46.698  36.797  -0.490 0.0000000000
90682  42.086  36.556  -3.256 0.0000000000
90683  40.828  36.745  -3.223 0.0000000000
90693  45.850  36.510  -3.861 0.0000000000
91244  39.076  39.555  9.528 0.0000000000
91328  46.924  38.381  2.523 0.0000000000
91365  40.808  38.133  0.805 0.0000000000
91873  50.639  39.701  13.758 0.0000000000
91986  41.209  40.102  4.119 0.0000000000
91999  44.641  39.491  3.557 0.0000000000
92016  41.685  39.498  2.479 0.0000000000
92080  48.589  38.838  -5.209 0.0000000000
92088  47.244  39.413  -5.899 0.0000000000
92566  53.526  41.183  16.223 0.0000000000
92579  53.969  41.019  14.852 0.0000000000
92701  46.584  41.019  1.373 0.0000000000
92744  45.435  39.840  -4.156 0.0000000000
93273  51.399  41.535  15.522 0.0000000000
93406  48.984  41.620  -2.340 0.0000000000
94044  50.508  42.491  -2.908 0.0000000000
94566  53.198  43.167  10.217 0.0000000000
94588  45.657  43.420  9.716 0.0000000000
94688  44.902  44.136  -0.003 0.0000000000
95249  47.567  45.029  13.258 0.0000000000
96684  49.592  47.033  0.259 0.0000000000
97370  45.889  47.422  -5.686 0.0000000000
97381  46.365  47.742  -6.434 0.0000000000
115532  42.309  37.354  -2.778 0.0000000000
115983  50.084  44.163  13.578 0.0000000000
119325  42.553  38.204  0.489 0.0000000000
122262  49.073  39.683  -4.636 0.0000000000
122956  43.518  40.147  5.766 0.0000000000
123608  44.329  35.589  -2.176 0.0000000000
124535  40.342  40.441  6.284 0.0000000000
125742  45.343  35.146  -3.255 0.0000000000
128897  47.425  38.415  3.102 0.0000000000
129708  41.463  35.575  -2.743 0.0000000000
130243  44.495  39.370  2.753 0.0000000000
131681  50.542  37.550  14.309 0.0000000000
132355  44.615  40.254  -3.046 0.0000000000
132460  41.346  36.435  -3.369 0.0000000000
133586  50.298  38.721  4.888 0.0000000000
134016  46.197  41.440  1.100 0.0000000000
135415  47.471  38.586  3.670 0.0000000000
135534  44.009  39.649  3.738 0.0000000000
136249  47.795  43.931  10.666 0.0000000000
