#!ascii label  , from subject sub-v1s19x0051292_ses-1 vox2ras=TkReg
803
74787  38.987  30.956  33.392 0.0000000000
73752  47.758  28.116  26.402 0.0000000000
74315  45.236  29.604  25.398 0.0000000000
70566  49.959  23.845  19.316 0.0000000000
103863  42.516  25.028  30.855 0.0000000000
76322  45.684  34.231  30.824 0.0000000000
72668  51.153  27.200  21.180 0.0000000000
74892  40.403  30.787  19.800 0.0000000000
75337  47.775  32.147  32.063 0.0000000000
73731  44.445  28.902  30.107 0.0000000000
100480  46.567  23.136  26.906 0.0000000000
101709  41.582  32.077  23.284 0.0000000000
73825  44.193  28.823  17.705 0.0000000000
75368  52.601  31.943  26.748 0.0000000000
74385  49.291  30.113  19.198 0.0000000000
76373  40.721  33.989  20.560 0.0000000000
75840  42.615  32.717  32.275 0.0000000000
74795  41.193  30.566  31.134 0.0000000000
70501  45.413  23.896  28.782 0.0000000000
75365  42.526  31.692  27.632 0.0000000000
76344  41.413  33.339  26.118 0.0000000000
74318  42.597  29.871  24.611 0.0000000000
74368  42.474  29.596  20.933 0.0000000000
73797  44.758  28.555  21.675 0.0000000000
74282  48.596  29.571  30.327 0.0000000000
74799  51.306  32.064  30.388 0.0000000000
74299  50.452  29.631  27.025 0.0000000000
72697  52.693  26.569  19.126 0.0000000000
73806  51.536  30.121  19.728 0.0000000000
108544  50.405  27.475  18.363 0.0000000000
72702  47.818  27.324  18.010 0.0000000000
104181  47.967  24.272  20.023 0.0000000000
69841  46.232  22.540  22.082 0.0000000000
73720  38.190  28.731  33.234 0.0000000000
73160  40.604  27.712  31.495 0.0000000000
74816  45.402  30.992  28.017 0.0000000000
99168  48.114  25.163  23.942 0.0000000000
73222  49.167  27.838  23.473 0.0000000000
71978  50.689  25.401  21.576 0.0000000000
71985  53.759  25.170  20.072 0.0000000000
77242  48.463  35.402  33.691 0.0000000000
76778  44.362  34.241  33.960 0.0000000000
74803  45.732  30.454  31.114 0.0000000000
73744  46.750  28.266  29.014 0.0000000000
73164  43.356  27.438  30.211 0.0000000000
104158  45.388  26.064  28.788 0.0000000000
72638  46.942  25.876  26.182 0.0000000000
69832  47.883  23.081  24.221 0.0000000000
73719  36.651  28.232  34.993 0.0000000000
76823  43.937  35.013  23.999 0.0000000000
76847  42.830  34.559  21.958 0.0000000000
75911  42.385  32.872  19.444 0.0000000000
109352  42.208  29.866  17.025 0.0000000000
73262  42.833  27.110  18.241 0.0000000000
76312  49.400  34.777  32.509 0.0000000000
75356  49.127  32.103  29.346 0.0000000000
74843  47.961  30.610  25.552 0.0000000000
74338  51.691  30.758  23.707 0.0000000000
74864  50.371  31.339  23.372 0.0000000000
74354  47.001  29.586  22.768 0.0000000000
96247  46.198  28.467  19.366 0.0000000000
103310  44.911  26.954  16.726 0.0000000000
76374  39.961  33.522  21.249 0.0000000000
105740  41.016  34.578  20.918 0.0000000000
75842  40.743  32.053  32.563 0.0000000000
74797  39.694  30.728  32.041 0.0000000000
74831  44.394  30.118  26.744 0.0000000000
74833  42.669  30.584  26.314 0.0000000000
96732  43.882  29.406  24.973 0.0000000000
74344  43.491  29.129  23.604 0.0000000000
74343  44.929  29.132  24.038 0.0000000000
73748  47.844  28.529  27.807 0.0000000000
74295  50.367  29.765  28.145 0.0000000000
73751  48.902  28.826  26.411 0.0000000000
72005  51.072  25.355  18.850 0.0000000000
72699  51.207  27.284  18.467 0.0000000000
72006  50.013  25.572  18.982 0.0000000000
72688  49.334  26.267  18.907 0.0000000000
70567  49.151  23.734  19.552 0.0000000000
69855  47.630  22.517  20.330 0.0000000000
69865  48.785  22.403  19.692 0.0000000000
104010  39.467  27.074  32.178 0.0000000000
75866  44.174  32.666  29.270 0.0000000000
98318  45.196  32.774  29.602 0.0000000000
71281  48.717  24.105  23.065 0.0000000000
101333  49.331  25.076  22.544 0.0000000000
70542  50.021  23.743  21.790 0.0000000000
70549  54.126  23.933  20.383 0.0000000000
69861  55.256  23.252  19.999 0.0000000000
104452  53.899  24.133  19.458 0.0000000000
75345  43.645  31.004  30.931 0.0000000000
105730  43.710  32.007  31.596 0.0000000000
105568  44.822  29.843  30.542 0.0000000000
74284  46.217  29.147  30.223 0.0000000000
73738  45.659  28.483  29.683 0.0000000000
72599  41.680  26.375  31.051 0.0000000000
73166  41.928  27.771  30.765 0.0000000000
71920  42.814  25.761  30.533 0.0000000000
70508  45.851  23.818  28.146 0.0000000000
71245  45.641  24.599  28.403 0.0000000000
71254  46.067  24.476  27.720 0.0000000000
103560  46.230  25.972  27.614 0.0000000000
71261  46.771  24.423  26.238 0.0000000000
71268  47.098  24.412  25.566 0.0000000000
105271  47.192  23.155  25.545 0.0000000000
68277  48.702  20.264  23.656 0.0000000000
75884  41.346  32.423  24.947 0.0000000000
76825  41.964  33.921  25.456 0.0000000000
76351  42.676  33.893  23.228 0.0000000000
76840  43.386  34.857  22.669 0.0000000000
76365  42.439  33.255  21.937 0.0000000000
75901  42.610  33.485  20.989 0.0000000000
75400  42.231  31.980  21.148 0.0000000000
111509  43.700  28.977  18.878 0.0000000000
74387  43.073  30.881  17.923 0.0000000000
74391  43.281  29.600  16.269 0.0000000000
73277  42.405  27.886  17.274 0.0000000000
73287  43.554  28.222  16.061 0.0000000000
76788  47.585  34.308  33.210 0.0000000000
76300  48.726  34.543  33.119 0.0000000000
75836  49.138  34.430  32.840 0.0000000000
75354  52.269  32.246  28.755 0.0000000000
103593  50.951  32.412  30.457 0.0000000000
74818  50.651  31.937  28.150 0.0000000000
74819  48.587  31.188  27.513 0.0000000000
93681  49.124  31.044  26.107 0.0000000000
73234  50.045  27.847  22.406 0.0000000000
73776  51.014  29.580  23.520 0.0000000000
110022  51.278  29.778  22.250 0.0000000000
74376  50.408  30.733  19.860 0.0000000000
74880  51.195  31.128  21.592 0.0000000000
74882  50.102  31.119  21.616 0.0000000000
74339  48.932  30.732  22.934 0.0000000000
74365  47.780  29.686  21.156 0.0000000000
73795  46.815  29.083  21.277 0.0000000000
73821  48.078  29.328  19.302 0.0000000000
72690  47.356  26.440  18.775 0.0000000000
72703  46.586  27.028  17.369 0.0000000000
72678  46.149  26.156  19.892 0.0000000000
93709  44.567  26.591  19.485 0.0000000000
77268  46.366  35.674  32.117 0.0000000000
75407  40.181  32.148  20.693 0.0000000000
75406  40.732  31.799  19.749 0.0000000000
76282  42.391  33.352  34.937 0.0000000000
76304  41.473  32.723  33.491 0.0000000000
103596  41.595  31.728  31.523 0.0000000000
74277  42.696  29.262  30.530 0.0000000000
71235  43.909  24.534  30.085 0.0000000000
75366  41.732  32.110  27.125 0.0000000000
106939  41.520  31.398  25.545 0.0000000000
74858  41.623  30.766  24.341 0.0000000000
74884  41.914  30.916  21.576 0.0000000000
74357  42.165  29.664  22.415 0.0000000000
73799  43.073  28.893  21.203 0.0000000000
96378  44.258  28.598  19.444 0.0000000000
74801  48.046  30.453  31.278 0.0000000000
74791  50.183  32.161  31.463 0.0000000000
74281  49.921  30.278  30.065 0.0000000000
74288  51.853  30.912  28.839 0.0000000000
74293  52.878  31.621  27.201 0.0000000000
72677  52.546  27.128  19.726 0.0000000000
73793  52.042  28.785  20.113 0.0000000000
73261  52.273  28.482  18.977 0.0000000000
73818  51.337  29.941  18.945 0.0000000000
73819  50.417  29.726  18.451 0.0000000000
73834  48.769  28.717  17.839 0.0000000000
73272  48.922  28.040  17.802 0.0000000000
72689  48.026  26.363  19.033 0.0000000000
71996  47.466  25.144  19.972 0.0000000000
69094  46.652  21.810  21.581 0.0000000000
74266  38.595  30.166  33.263 0.0000000000
74265  39.357  29.856  32.157 0.0000000000
73723  39.381  28.796  32.186 0.0000000000
105425  40.586  26.976  31.568 0.0000000000
71221  41.724  25.032  31.353 0.0000000000
97695  43.316  32.542  28.795 0.0000000000
99864  43.969  31.477  28.308 0.0000000000
74830  45.379  30.142  26.747 0.0000000000
72645  47.822  26.525  24.731 0.0000000000
73769  48.449  28.161  25.089 0.0000000000
109182  48.574  27.180  23.830 0.0000000000
72661  49.718  26.749  22.429 0.0000000000
72660  50.444  26.430  21.750 0.0000000000
105056  51.266  23.840  21.271 0.0000000000
101799  52.670  25.292  20.543 0.0000000000
72666  52.601  26.259  20.276 0.0000000000
72003  53.071  25.900  19.553 0.0000000000
111507  52.568  24.932  19.040 0.0000000000
69862  51.228  22.568  19.397 0.0000000000
69113  50.013  21.460  19.543 0.0000000000
76777  46.052  34.551  33.769 0.0000000000
106420  45.588  33.736  32.925 0.0000000000
76302  43.134  33.194  32.823 0.0000000000
75851  44.681  32.320  31.929 0.0000000000
74793  46.609  31.108  31.623 0.0000000000
74274  47.135  29.811  30.750 0.0000000000
73736  47.599  28.888  29.664 0.0000000000
73178  47.319  27.956  27.191 0.0000000000
73726  41.064  29.020  31.074 0.0000000000
73733  42.337  28.516  30.593 0.0000000000
73732  43.292  28.490  30.310 0.0000000000
71924  44.591  25.238  29.451 0.0000000000
72602  44.427  26.766  29.595 0.0000000000
73170  44.840  27.315  29.474 0.0000000000
73169  45.460  27.320  29.114 0.0000000000
98786  46.632  26.644  27.173 0.0000000000
72626  47.233  26.693  25.932 0.0000000000
72637  47.351  25.961  25.380 0.0000000000
71275  47.823  24.337  24.341 0.0000000000
69840  48.648  22.382  23.066 0.0000000000
69062  47.651  22.053  24.864 0.0000000000
69067  48.418  21.726  23.539 0.0000000000
74262  38.096  29.843  34.118 0.0000000000
73721  37.610  28.300  33.672 0.0000000000
110540  36.319  27.777  35.095 0.0000000000
77311  44.271  35.387  24.705 0.0000000000
77335  44.246  35.705  23.265 0.0000000000
76856  42.120  34.267  20.471 0.0000000000
76383  41.637  33.340  19.589 0.0000000000
75412  41.507  32.048  18.902 0.0000000000
74891  42.635  31.509  19.166 0.0000000000
93392  42.539  31.534  18.208 0.0000000000
74394  41.078  29.795  18.468 0.0000000000
76321  47.829  34.691  31.656 0.0000000000
75335  50.122  33.525  31.626 0.0000000000
75863  49.441  33.281  30.767 0.0000000000
75864  47.787  33.020  30.240 0.0000000000
75357  47.282  31.738  28.846 0.0000000000
74820  47.070  30.819  27.394 0.0000000000
74844  46.817  30.261  25.821 0.0000000000
73768  49.520  28.782  24.622 0.0000000000
74311  52.226  30.821  25.500 0.0000000000
74310  52.055  31.308  25.317 0.0000000000
74350  51.446  30.825  22.085 0.0000000000
74863  51.313  31.281  23.034 0.0000000000
74854  51.709  31.403  24.459 0.0000000000
109196  49.172  30.975  25.237 0.0000000000
74326  47.503  30.138  24.135 0.0000000000
74327  46.480  29.708  24.408 0.0000000000
74355  46.093  29.141  23.019 0.0000000000
73809  45.697  28.506  20.302 0.0000000000
94716  45.283  28.439  19.366 0.0000000000
108996  47.738  28.380  17.614 0.0000000000
73835  46.417  28.189  16.879 0.0000000000
73846  45.180  28.013  15.973 0.0000000000
72705  44.292  27.119  16.889 0.0000000000
70537  45.486  23.586  23.170 0.0000000000
76849  40.575  34.753  21.728 0.0000000000
77346  41.088  35.154  22.320 0.0000000000
75326  39.593  31.550  33.607 0.0000000000
75333  39.562  31.233  32.716 0.0000000000
74301  44.862  29.784  26.117 0.0000000000
74302  44.001  29.860  26.088 0.0000000000
74316  44.381  29.584  25.501 0.0000000000
74329  44.657  29.356  24.807 0.0000000000
112324  48.046  28.459  27.030 0.0000000000
73747  48.913  29.052  27.444 0.0000000000
73762  48.281  28.308  25.777 0.0000000000
71316  50.983  24.433  19.088 0.0000000000
71317  50.240  24.736  19.136 0.0000000000
71318  49.349  24.554  19.385 0.0000000000
102128  49.319  23.091  19.573 0.0000000000
76793  45.758  35.238  31.583 0.0000000000
75860  46.105  33.575  30.446 0.0000000000
70543  49.506  23.110  22.094 0.0000000000
104449  49.523  23.888  22.219 0.0000000000
103571  50.222  22.999  21.596 0.0000000000
69854  55.242  22.984  20.194 0.0000000000
69109  55.159  22.068  19.827 0.0000000000
69121  54.487  22.409  19.591 0.0000000000
74380  40.417  30.034  19.349 0.0000000000
74805  43.946  30.248  30.642 0.0000000000
74285  45.365  29.313  30.270 0.0000000000
71921  42.087  25.725  30.939 0.0000000000
72598  42.349  26.421  30.679 0.0000000000
71226  43.325  24.989  30.394 0.0000000000
70507  46.285  23.626  27.411 0.0000000000
71253  46.436  24.424  26.980 0.0000000000
70516  46.636  23.736  26.628 0.0000000000
70523  46.934  23.767  25.925 0.0000000000
69820  46.833  23.131  26.299 0.0000000000
75890  41.480  32.253  24.040 0.0000000000
76352  41.787  33.097  24.170 0.0000000000
76358  41.995  32.999  23.043 0.0000000000
75896  41.869  32.341  22.505 0.0000000000
75902  42.262  32.578  21.621 0.0000000000
75395  41.822  31.678  22.070 0.0000000000
74386  43.623  29.579  17.417 0.0000000000
73838  43.871  29.012  16.084 0.0000000000
73848  43.485  29.013  16.012 0.0000000000
75849  47.680  33.029  32.544 0.0000000000
75837  48.039  33.962  33.081 0.0000000000
75848  49.148  33.555  32.437 0.0000000000
75362  53.021  32.032  27.384 0.0000000000
74827  52.225  32.153  27.544 0.0000000000
74828  49.889  31.457  27.039 0.0000000000
94484  51.109  31.682  26.315 0.0000000000
73233  50.482  27.528  21.818 0.0000000000
73245  50.717  28.714  21.958 0.0000000000
74363  50.256  30.961  20.768 0.0000000000
74377  49.439  30.532  20.205 0.0000000000
74364  48.934  30.506  21.115 0.0000000000
74378  48.423  29.886  20.244 0.0000000000
72008  46.938  25.910  19.724 0.0000000000
72691  46.539  26.451  18.553 0.0000000000
72679  45.324  26.283  20.298 0.0000000000
75913  40.399  33.177  20.595 0.0000000000
75912  40.850  32.811  19.972 0.0000000000
76283  41.708  32.941  34.930 0.0000000000
75829  41.158  32.613  34.428 0.0000000000
75342  41.011  31.324  31.494 0.0000000000
75854  41.121  31.989  31.924 0.0000000000
75347  41.747  31.158  31.130 0.0000000000
74807  41.999  30.429  30.841 0.0000000000
75871  42.521  32.449  28.275 0.0000000000
75872  41.932  33.158  28.110 0.0000000000
75874  41.971  32.457  27.748 0.0000000000
74846  42.456  30.319  25.412 0.0000000000
75377  41.894  30.971  25.943 0.0000000000
74857  42.054  30.369  24.717 0.0000000000
74866  42.019  30.096  24.010 0.0000000000
74345  42.053  29.797  23.167 0.0000000000
93426  42.688  29.549  23.807 0.0000000000
73788  44.554  28.700  22.616 0.0000000000
73780  43.689  28.869  22.797 0.0000000000
73798  43.841  28.681  21.933 0.0000000000
98242  43.976  28.584  20.875 0.0000000000
74273  48.360  29.935  30.894 0.0000000000
74272  49.718  30.560  30.785 0.0000000000
74294  51.990  30.672  27.699 0.0000000000
74287  52.781  31.714  28.034 0.0000000000
74298  52.177  30.674  26.569 0.0000000000
72686  52.737  26.662  19.346 0.0000000000
73254  52.376  28.243  19.507 0.0000000000
72687  52.477  27.543  19.088 0.0000000000
73270  51.147  28.222  18.349 0.0000000000
73832  50.801  29.071  18.309 0.0000000000
73271  50.081  28.166  18.084 0.0000000000
73833  49.723  28.920  18.034 0.0000000000
72700  49.566  27.231  18.425 0.0000000000
71319  48.607  24.698  19.615 0.0000000000
112247  48.631  26.060  19.187 0.0000000000
97767  48.164  25.374  19.558 0.0000000000
110946  47.583  25.911  19.518 0.0000000000
71308  47.297  24.440  20.350 0.0000000000
70557  47.369  23.719  20.491 0.0000000000
69116  47.837  21.905  20.190 0.0000000000
98926  47.452  22.029  20.509 0.0000000000
111407  38.258  29.467  33.453 0.0000000000
96634  38.725  29.349  32.762 0.0000000000
73724  38.748  28.311  32.673 0.0000000000
72594  40.035  26.473  31.871 0.0000000000
72593  40.961  26.254  31.490 0.0000000000
71916  41.113  25.484  31.567 0.0000000000
110430  44.742  32.235  29.044 0.0000000000
75870  44.029  32.024  28.738 0.0000000000
75359  44.846  31.597  28.568 0.0000000000
74822  44.868  30.503  27.384 0.0000000000
72653  48.231  27.049  24.329 0.0000000000
71974  48.232  26.282  23.983 0.0000000000
71290  49.874  24.617  22.057 0.0000000000
71979  49.099  25.809  22.744 0.0000000000
98369  49.810  25.660  22.163 0.0000000000
70551  51.874  23.242  21.094 0.0000000000
71297  54.300  24.576  20.076 0.0000000000
71298  53.420  24.569  20.457 0.0000000000
71986  51.724  25.810  20.963 0.0000000000
71995  53.270  25.770  19.958 0.0000000000
72676  52.935  26.244  19.692 0.0000000000
72002  53.627  25.303  19.856 0.0000000000
69871  52.909  22.837  19.355 0.0000000000
71325  53.226  24.600  19.262 0.0000000000
70576  52.548  23.570  19.252 0.0000000000
104180  51.975  24.207  19.108 0.0000000000
69872  52.040  22.683  19.366 0.0000000000
102907  50.830  21.846  19.454 0.0000000000
76762  45.022  34.677  34.649 0.0000000000
108786  45.585  35.107  35.317 0.0000000000
76292  45.075  34.071  33.246 0.0000000000
76294  42.711  33.396  33.698 0.0000000000
75339  44.461  31.504  31.424 0.0000000000
74794  45.504  31.203  31.508 0.0000000000
108814  45.376  31.896  31.815 0.0000000000
74802  46.857  30.403  31.180 0.0000000000
73737  46.563  28.674  29.698 0.0000000000
74283  47.414  29.268  30.334 0.0000000000
73743  47.703  28.649  28.769 0.0000000000
73174  46.879  27.916  28.085 0.0000000000
74270  40.117  29.184  31.601 0.0000000000
73727  40.581  28.448  31.417 0.0000000000
73165  42.546  27.170  30.534 0.0000000000
73734  41.671  28.526  30.846 0.0000000000
99888  42.676  27.878  30.474 0.0000000000
96640  44.865  23.872  29.365 0.0000000000
105544  44.033  25.205  29.876 0.0000000000
71933  45.473  25.394  28.619 0.0000000000
71923  45.001  25.659  29.131 0.0000000000
72601  45.028  26.530  29.212 0.0000000000
72605  45.676  26.715  28.685 0.0000000000
96123  46.600  25.882  26.893 0.0000000000
72613  46.267  26.886  27.982 0.0000000000
109555  46.884  26.480  26.540 0.0000000000
70529  47.555  23.614  24.769 0.0000000000
71267  47.417  24.355  24.949 0.0000000000
70536  47.990  23.730  24.091 0.0000000000
70535  48.439  23.327  23.387 0.0000000000
69831  48.184  22.478  23.793 0.0000000000
106935  47.843  21.429  24.709 0.0000000000
97985  48.632  21.036  23.333 0.0000000000
68291  49.179  20.659  22.774 0.0000000000
74781  38.106  30.122  35.180 0.0000000000
74260  36.904  29.039  35.279 0.0000000000
73718  37.220  28.691  34.450 0.0000000000
73722  37.028  27.876  34.133 0.0000000000
76824  42.887  34.467  24.670 0.0000000000
77312  43.368  34.864  25.002 0.0000000000
77852  44.917  35.886  24.147 0.0000000000
77323  44.436  35.629  23.681 0.0000000000
76831  44.018  35.366  23.283 0.0000000000
100624  42.851  34.021  22.197 0.0000000000
109301  42.567  34.779  21.804 0.0000000000
76857  41.755  34.565  20.813 0.0000000000
103522  42.357  34.458  21.208 0.0000000000
75906  42.525  33.288  20.174 0.0000000000
108066  42.303  33.496  19.756 0.0000000000
76382  42.111  33.169  19.370 0.0000000000
75917  41.962  32.740  18.941 0.0000000000
75916  42.214  32.518  18.863 0.0000000000
74369  42.036  29.964  21.652 0.0000000000
74883  42.375  30.534  20.636 0.0000000000
74901  43.096  30.098  16.526 0.0000000000
74902  42.865  30.867  17.510 0.0000000000
74903  42.270  31.181  17.834 0.0000000000
102509  41.811  30.301  17.606 0.0000000000
73840  41.049  28.988  18.609 0.0000000000
74393  41.573  29.453  17.702 0.0000000000
73263  42.194  27.446  18.131 0.0000000000
99306  48.871  35.746  34.013 0.0000000000
96199  49.187  34.781  33.023 0.0000000000
76787  48.962  35.053  32.781 0.0000000000
76313  49.033  35.140  32.423 0.0000000000
76320  49.120  34.703  31.824 0.0000000000
74800  50.696  31.664  31.027 0.0000000000
75344  50.682  32.536  30.888 0.0000000000
110272  49.889  32.783  30.344 0.0000000000
75350  48.244  32.457  29.726 0.0000000000
75351  46.765  32.220  29.373 0.0000000000
95777  47.687  30.700  26.540 0.0000000000
74829  46.408  30.371  26.658 0.0000000000
73210  48.661  27.932  24.251 0.0000000000
73761  49.297  28.847  25.460 0.0000000000
73767  51.021  29.663  24.165 0.0000000000
74325  51.950  30.841  24.517 0.0000000000
73794  51.720  29.676  20.297 0.0000000000
73785  51.438  29.911  21.331 0.0000000000
74362  51.312  30.608  20.754 0.0000000000
74873  51.057  31.335  22.043 0.0000000000
74872  51.331  31.164  22.415 0.0000000000
96749  51.424  31.409  23.815 0.0000000000
74855  50.452  31.391  24.443 0.0000000000
74353  47.932  30.113  22.482 0.0000000000
74340  47.743  30.150  23.292 0.0000000000
74341  46.752  29.629  23.589 0.0000000000
73786  46.401  29.016  22.167 0.0000000000
73808  46.436  28.728  20.406 0.0000000000
73823  45.896  28.394  18.007 0.0000000000
73273  47.807  28.187  17.481 0.0000000000
72704  45.826  26.809  17.371 0.0000000000
112857  46.452  27.891  16.618 0.0000000000
72712  45.681  27.593  16.332 0.0000000000
73845  45.834  28.144  16.221 0.0000000000
112682  45.284  27.635  16.080 0.0000000000
73286  44.886  27.789  15.970 0.0000000000
72693  44.807  26.704  17.975 0.0000000000
72680  44.390  26.538  20.802 0.0000000000
93820  43.788  26.767  19.867 0.0000000000
100853  46.389  23.108  21.586 0.0000000000
99993  45.741  22.837  22.894 0.0000000000
76366  39.252  33.808  22.011 0.0000000000
76858  40.187  34.202  21.408 0.0000000000
95675  40.781  32.335  33.429 0.0000000000
75830  40.137  32.020  33.767 0.0000000000
109202  40.317  31.468  32.098 0.0000000000
74796  40.423  30.714  31.550 0.0000000000
75364  43.468  31.179  27.806 0.0000000000
74824  42.977  30.846  27.130 0.0000000000
74832  43.508  30.304  26.594 0.0000000000
74845  43.247  30.043  25.871 0.0000000000
74317  43.193  29.744  25.160 0.0000000000
74330  43.323  29.428  24.418 0.0000000000
93449  44.094  29.112  24.237 0.0000000000
73779  44.331  28.888  23.445 0.0000000000
74290  48.771  29.320  29.491 0.0000000000
73742  48.859  29.174  28.467 0.0000000000
72013  52.160  26.079  18.781 0.0000000000
72698  52.131  27.049  18.736 0.0000000000
72014  51.161  26.314  18.610 0.0000000000
72015  50.229  26.649  18.625 0.0000000000
72007  48.995  25.388  19.308 0.0000000000
100224  48.640  24.014  19.738 0.0000000000
107010  48.249  23.667  19.933 0.0000000000
70568  48.560  23.216  19.772 0.0000000000
69866  48.125  22.491  19.965 0.0000000000
69101  48.063  21.337  20.104 0.0000000000
73152  38.108  27.876  33.067 0.0000000000
73157  38.741  27.308  32.601 0.0000000000
76326  43.632  33.965  29.849 0.0000000000
76325  44.575  33.453  29.976 0.0000000000
75352  45.600  32.174  29.154 0.0000000000
101254  48.715  24.940  23.102 0.0000000000
71291  49.185  24.370  22.592 0.0000000000
109950  53.608  23.143  20.687 0.0000000000
69846  54.754  23.025  20.456 0.0000000000
70548  54.835  23.901  20.092 0.0000000000
71306  54.513  24.369  19.981 0.0000000000
71315  54.161  24.793  19.884 0.0000000000
70574  54.352  23.749  19.608 0.0000000000
69870  53.897  22.974  19.460 0.0000000000
76763  43.926  34.248  35.160 0.0000000000
75340  43.115  31.620  31.244 0.0000000000
75852  42.857  32.245  31.682 0.0000000000
110907  43.719  31.541  31.284 0.0000000000
74804  44.687  30.708  30.984 0.0000000000
74275  46.020  29.787  30.710 0.0000000000
73745  45.927  28.064  29.227 0.0000000000
96893  41.267  27.163  31.179 0.0000000000
73159  41.198  28.116  31.148 0.0000000000
100457  41.944  26.976  30.818 0.0000000000
72597  43.072  26.550  30.324 0.0000000000
71233  45.092  24.750  29.070 0.0000000000
71945  45.915  25.266  28.002 0.0000000000
72614  45.800  26.040  28.269 0.0000000000
71944  46.283  25.188  27.298 0.0000000000
71954  46.639  25.156  26.553 0.0000000000
71961  46.998  25.132  25.831 0.0000000000
101459  47.229  23.847  25.349 0.0000000000
69826  47.540  22.797  24.890 0.0000000000
111960  48.298  20.330  24.437 0.0000000000
66528  49.069  19.375  23.732 0.0000000000
75877  41.259  32.559  25.801 0.0000000000
99244  41.573  33.207  25.183 0.0000000000
108477  42.327  33.848  24.376 0.0000000000
76832  43.351  34.605  23.555 0.0000000000
76364  42.685  34.037  21.463 0.0000000000
76372  42.487  34.095  20.846 0.0000000000
107680  42.552  32.828  20.810 0.0000000000
100536  42.579  32.542  20.208 0.0000000000
73812  42.864  29.283  20.261 0.0000000000
74379  42.719  30.134  19.692 0.0000000000
73826  43.189  29.515  19.053 0.0000000000
74392  43.226  30.337  16.894 0.0000000000
73850  42.174  29.228  16.922 0.0000000000
73849  42.835  29.119  16.190 0.0000000000
73288  42.959  28.345  16.297 0.0000000000
73276  43.021  27.576  16.899 0.0000000000
76776  48.657  34.989  33.293 0.0000000000
76311  49.911  34.474  32.486 0.0000000000
75349  51.780  32.200  29.811 0.0000000000
75355  50.936  32.358  29.652 0.0000000000
74813  49.555  31.828  28.642 0.0000000000
74814  47.855  31.399  28.232 0.0000000000
112354  48.656  30.979  26.782 0.0000000000
72662  49.523  27.590  22.867 0.0000000000
73777  49.802  28.715  23.837 0.0000000000
73221  50.372  28.738  22.938 0.0000000000
74351  51.434  30.357  22.923 0.0000000000
74375  51.142  30.608  19.758 0.0000000000
74890  51.009  31.004  20.664 0.0000000000
74881  50.895  31.229  21.323 0.0000000000
74874  50.258  31.257  22.476 0.0000000000
74352  48.953  30.658  22.079 0.0000000000
109439  48.118  30.073  21.784 0.0000000000
74366  47.303  29.562  21.968 0.0000000000
73807  47.402  29.195  20.352 0.0000000000
94605  47.102  28.747  19.398 0.0000000000
72710  46.928  27.694  17.121 0.0000000000
94732  47.097  26.910  17.798 0.0000000000
72692  45.506  26.438  18.992 0.0000000000
76800  46.820  34.921  31.635 0.0000000000
74893  40.116  31.046  20.526 0.0000000000
76295  41.890  33.061  34.050 0.0000000000
76303  42.164  32.944  33.001 0.0000000000
75841  41.455  32.469  32.619 0.0000000000
75853  41.959  32.304  31.879 0.0000000000
75341  42.290  31.718  31.346 0.0000000000
74806  42.945  30.183  30.652 0.0000000000
74276  43.676  29.487  30.412 0.0000000000
70492  44.190  23.772  29.986 0.0000000000
70491  44.663  23.194  29.623 0.0000000000
112584  45.643  23.270  28.502 0.0000000000
70500  45.994  23.073  27.979 0.0000000000
69806  46.362  22.792  27.417 0.0000000000
112148  47.021  22.603  26.056 0.0000000000
76333  41.685  33.487  27.586 0.0000000000
101119  41.384  32.690  26.652 0.0000000000
75369  42.138  31.277  26.773 0.0000000000
75370  41.476  31.803  26.231 0.0000000000
97733  41.309  31.914  25.498 0.0000000000
75378  41.367  31.526  24.798 0.0000000000
97930  41.433  31.398  23.812 0.0000000000
74875  41.622  30.946  22.481 0.0000000000
74867  41.624  30.605  23.337 0.0000000000
74346  41.780  30.244  22.447 0.0000000000
95811  42.537  29.328  21.891 0.0000000000
74356  42.786  29.266  22.853 0.0000000000
74367  43.129  28.911  22.165 0.0000000000
73811  43.407  28.857  20.049 0.0000000000
74792  47.875  31.256  31.610 0.0000000000
75336  49.420  32.648  31.936 0.0000000000
107858  48.981  31.395  31.538 0.0000000000
74809  51.017  31.413  30.489 0.0000000000
74289  50.239  29.997  29.205 0.0000000000
74280  51.434  31.205  29.817 0.0000000000
106455  51.724  31.878  30.064 0.0000000000
74812  52.395  31.943  29.145 0.0000000000
112751  53.045  32.028  27.519 0.0000000000
74826  52.935  31.945  27.065 0.0000000000
73243  51.982  27.809  20.359 0.0000000000
73244  51.279  28.546  21.010 0.0000000000
73805  52.031  29.288  19.349 0.0000000000
73269  52.082  28.039  18.665 0.0000000000
73817  51.804  28.957  18.710 0.0000000000
74384  50.473  30.357  18.966 0.0000000000
73820  49.538  29.583  18.386 0.0000000000
72701  48.701  26.893  18.560 0.0000000000
71309  46.790  24.226  20.846 0.0000000000
70558  46.871  23.252  20.976 0.0000000000
103425  47.379  23.029  20.523 0.0000000000
69856  47.194  22.525  20.751 0.0000000000
69850  46.725  22.521  21.293 0.0000000000
74789  39.117  30.553  32.644 0.0000000000
110976  38.901  30.021  32.659 0.0000000000
73728  40.005  28.214  31.782 0.0000000000
73156  39.405  27.834  32.235 0.0000000000
73161  40.021  27.357  31.839 0.0000000000
71915  41.510  25.767  31.280 0.0000000000
75868  42.642  33.172  28.751 0.0000000000
75360  43.269  31.850  28.298 0.0000000000
75867  43.465  33.249  29.336 0.0000000000
74823  43.891  30.580  27.308 0.0000000000
73200  47.704  27.600  25.688 0.0000000000
73211  48.032  27.378  24.885 0.0000000000
71973  48.570  25.771  23.361 0.0000000000
72652  48.908  26.735  23.206 0.0000000000
100841  50.981  23.030  21.298 0.0000000000
112761  50.597  23.569  21.500 0.0000000000
71289  50.626  24.313  21.565 0.0000000000
70550  52.939  23.609  20.784 0.0000000000
71299  52.236  24.214  20.923 0.0000000000
71288  51.514  24.816  21.189 0.0000000000
71987  51.127  26.298  21.264 0.0000000000
72667  51.868  26.766  20.662 0.0000000000
72011  53.587  25.177  19.607 0.0000000000
72012  52.911  25.595  19.159 0.0000000000
72004  51.975  25.121  18.909 0.0000000000
70565  50.870  23.399  19.304 0.0000000000
103292  50.012  23.025  19.474 0.0000000000
69863  50.405  22.436  19.451 0.0000000000
76761  46.680  35.091  34.198 0.0000000000
102798  46.777  33.700  32.961 0.0000000000
75850  46.164  32.791  32.365 0.0000000000
76267  43.135  33.689  35.786 0.0000000000
76281  43.298  33.798  34.399 0.0000000000
76293  43.728  33.669  33.403 0.0000000000
75839  43.692  32.744  32.171 0.0000000000
76301  44.253  33.420  32.796 0.0000000000
75838  45.067  33.081  32.475 0.0000000000
75338  46.404  31.935  31.971 0.0000000000
99192  40.001  30.100  31.663 0.0000000000
74269  40.679  29.898  31.258 0.0000000000
74268  41.476  29.801  30.901 0.0000000000
73740  43.992  28.043  30.053 0.0000000000
71919  43.572  25.865  30.112 0.0000000000
72603  43.813  26.662  29.933 0.0000000000
98074  44.347  25.989  29.601 0.0000000000
73171  44.170  27.380  29.818 0.0000000000
73739  44.777  28.128  29.743 0.0000000000
101388  45.294  27.865  29.411 0.0000000000
73175  46.112  27.544  28.665 0.0000000000
99961  46.799  27.340  27.396 0.0000000000
73187  47.134  27.298  26.597 0.0000000000
102380  47.602  26.840  25.309 0.0000000000
71967  47.709  25.648  24.617 0.0000000000
71960  47.324  25.060  25.140 0.0000000000
109004  47.645  24.915  24.589 0.0000000000
71282  48.298  24.270  23.668 0.0000000000
104531  48.937  22.945  22.682 0.0000000000
112270  47.823  22.472  24.404 0.0000000000
68266  48.239  21.053  24.108 0.0000000000
69068  47.999  21.863  24.225 0.0000000000
69839  49.223  22.271  22.384 0.0000000000
96944  38.533  30.547  34.227 0.0000000000
74263  37.777  29.109  33.938 0.0000000000
74259  37.511  29.502  34.899 0.0000000000
73149  36.512  27.518  34.606 0.0000000000
73154  36.821  26.986  33.924 0.0000000000
77879  44.052  35.836  23.136 0.0000000000
77336  43.817  35.502  22.932 0.0000000000
110734  43.696  35.746  22.975 0.0000000000
76848  41.719  34.852  21.461 0.0000000000
76862  41.497  34.250  20.374 0.0000000000
76376  42.376  33.857  20.265 0.0000000000
76377  41.998  33.866  19.855 0.0000000000
76378  41.398  33.869  20.027 0.0000000000
75918  41.385  32.605  19.385 0.0000000000
74898  40.977  31.143  19.065 0.0000000000
75399  42.443  31.591  20.396 0.0000000000
75405  42.535  32.241  19.551 0.0000000000
74897  42.582  31.573  18.300 0.0000000000
75416  42.406  31.946  18.552 0.0000000000
75417  42.174  32.011  18.460 0.0000000000
75418  41.672  31.504  18.417 0.0000000000
74388  40.591  29.291  19.176 0.0000000000
73278  41.733  27.978  17.986 0.0000000000
77241  48.778  35.410  33.172 0.0000000000
76792  47.992  35.242  32.265 0.0000000000
75847  50.072  33.956  32.336 0.0000000000
75846  50.041  34.304  32.284 0.0000000000
75862  50.349  33.049  31.166 0.0000000000
75857  50.214  34.019  31.781 0.0000000000
76319  49.937  34.562  32.263 0.0000000000
75858  49.197  34.060  31.330 0.0000000000
75859  47.663  33.874  30.807 0.0000000000
75865  46.395  32.837  29.901 0.0000000000
75358  46.006  31.598  28.648 0.0000000000
74815  46.518  31.120  28.065 0.0000000000
74821  45.912  30.599  27.389 0.0000000000
74300  45.820  29.906  26.025 0.0000000000
74312  50.675  29.661  25.950 0.0000000000
73760  50.909  29.710  24.985 0.0000000000
74297  52.643  31.506  26.422 0.0000000000
74840  52.520  31.664  26.439 0.0000000000
74337  51.513  31.090  23.116 0.0000000000
74862  51.707  31.239  24.041 0.0000000000
74841  51.871  31.588  25.489 0.0000000000
74842  50.369  31.396  25.429 0.0000000000
74865  48.824  30.743  23.827 0.0000000000
74856  48.423  30.655  24.695 0.0000000000
74313  47.177  30.157  24.976 0.0000000000
74314  46.176  29.790  25.227 0.0000000000
74328  45.536  29.475  24.623 0.0000000000
74342  45.816  29.330  23.826 0.0000000000
73778  45.198  28.879  23.253 0.0000000000
73787  45.468  28.718  22.387 0.0000000000
73796  45.777  28.604  21.324 0.0000000000
73810  44.932  28.457  20.580 0.0000000000
73824  44.930  28.470  17.933 0.0000000000
97380  48.623  29.185  18.302 0.0000000000
108935  47.761  28.812  18.443 0.0000000000
73822  46.922  28.478  18.163 0.0000000000
73274  46.784  27.975  16.896 0.0000000000
73836  45.519  28.284  16.644 0.0000000000
73837  44.651  28.415  16.383 0.0000000000
73847  44.259  28.364  16.096 0.0000000000
73275  43.927  27.688  16.276 0.0000000000
72706  43.515  27.213  17.250 0.0000000000
72694  43.779  26.854  18.495 0.0000000000
69114  49.047  21.598  19.662 0.0000000000
68319  48.565  21.042  19.903 0.0000000000
69103  47.109  21.902  20.920 0.0000000000
69115  48.358  21.779  19.894 0.0000000000
69864  49.565  22.325  19.536 0.0000000000
69869  54.841  23.191  19.724 0.0000000000
70544  49.033  23.627  22.652 0.0000000000
70556  54.977  23.774  19.980 0.0000000000
70564  54.947  23.722  19.884 0.0000000000
70569  47.870  23.243  20.118 0.0000000000
70575  53.501  23.705  19.350 0.0000000000
70577  51.698  23.292  19.307 0.0000000000
71234  44.452  24.566  29.628 0.0000000000
71307  54.132  24.888  19.996 0.0000000000
71323  54.524  24.267  19.852 0.0000000000
71324  53.989  24.680  19.637 0.0000000000
72711  46.300  27.611  16.699 0.0000000000
73284  46.038  28.026  16.391 0.0000000000
73285  45.490  27.985  15.987 0.0000000000
73289  42.264  28.503  17.039 0.0000000000
73839  41.584  28.684  17.824 0.0000000000
74278  41.882  29.149  30.744 0.0000000000
74398  43.125  29.533  16.125 0.0000000000
74399  42.757  29.768  16.423 0.0000000000
74811  52.893  32.002  27.947 0.0000000000
74847  41.724  30.847  25.154 0.0000000000
74904  41.342  30.698  18.383 0.0000000000
74909  42.612  30.429  16.983 0.0000000000
75325  40.162  31.808  32.993 0.0000000000
75346  42.599  31.044  30.934 0.0000000000
75363  44.391  30.986  27.935 0.0000000000
75390  41.558  31.479  22.934 0.0000000000
75411  42.443  32.188  18.888 0.0000000000
75875  41.608  32.884  27.417 0.0000000000
76786  48.441  35.407  32.642 0.0000000000
96221  40.982  33.526  20.088 0.0000000000
97556  49.347  30.928  31.221 0.0000000000
99124  55.383  22.556  20.172 0.0000000000
99938  42.179  29.760  30.703 0.0000000000
100221  55.213  22.749  19.855 0.0000000000
104927  41.962  32.896  35.711 0.0000000000
109176  51.417  32.321  29.184 0.0000000000
109579  45.291  28.827  29.959 0.0000000000
111852  53.203  25.794  19.778 0.0000000000
112718  42.035  32.647  32.403 0.0000000000
112841  43.731  29.697  25.534 0.0000000000
