#!ascii label  , from subject sub-v1s19x0051295_ses-1 vox2ras=TkReg
1478
81817  -39.102  31.680  46.172 0.0000000000
77257  -46.520  25.023  33.514 0.0000000000
86892  -46.778  39.789  44.163 0.0000000000
81190  -47.944  30.834  42.454 0.0000000000
131478  -44.231  28.120  50.554 0.0000000000
83733  -47.288  34.635  37.018 0.0000000000
84384  -43.436  35.529  28.657 0.0000000000
89384  -41.267  43.474  29.605 0.0000000000
77099  -36.412  25.706  54.423 0.0000000000
80452  -42.345  29.314  43.328 0.0000000000
81238  -45.904  30.639  39.008 0.0000000000
83710  -42.663  33.916  41.833 0.0000000000
84278  -39.831  35.801  35.304 0.0000000000
84283  -44.959  35.834  35.328 0.0000000000
124722  -40.004  38.127  30.597 0.0000000000
88161  -42.695  41.732  25.469 0.0000000000
88729  -46.570  42.811  29.160 0.0000000000
78980  -47.552  27.805  29.701 0.0000000000
83063  -37.610  34.253  50.087 0.0000000000
84215  -43.796  35.096  47.468 0.0000000000
80434  -51.185  30.636  45.135 0.0000000000
113367  -46.660  28.510  46.283 0.0000000000
77998  -40.447  26.814  47.020 0.0000000000
77956  -38.603  26.842  51.377 0.0000000000
80528  -50.647  29.250  35.475 0.0000000000
83187  -52.990  33.260  31.969 0.0000000000
85628  -49.456  38.288  41.538 0.0000000000
85040  -49.562  37.149  33.506 0.0000000000
83814  -48.753  36.028  25.246 0.0000000000
84403  -41.317  35.708  24.760 0.0000000000
129130  -37.729  40.145  27.729 0.0000000000
81168  -40.600  30.333  44.432 0.0000000000
81846  -42.160  31.505  42.035 0.0000000000
82431  -41.355  32.430  44.036 0.0000000000
116213  -38.446  38.636  33.151 0.0000000000
85058  -39.698  36.556  32.570 0.0000000000
112038  -39.748  41.202  31.529 0.0000000000
88125  -42.074  41.357  30.041 0.0000000000
78114  -46.796  26.017  31.538 0.0000000000
83652  -37.309  34.080  52.973 0.0000000000
83661  -40.479  34.718  51.436 0.0000000000
78813  -45.344  27.901  48.817 0.0000000000
78002  -43.911  26.850  47.153 0.0000000000
77984  -42.590  27.092  49.139 0.0000000000
77938  -37.542  26.383  52.477 0.0000000000
79626  -33.710  28.322  49.765 0.0000000000
112400  -33.716  30.820  49.360 0.0000000000
81125  -31.679  30.034  50.795 0.0000000000
78898  -48.795  28.510  40.673 0.0000000000
82476  -45.801  32.535  37.823 0.0000000000
81256  -47.894  30.407  36.823 0.0000000000
82503  -48.483  32.295  35.636 0.0000000000
126233  -51.310  30.916  34.124 0.0000000000
83752  -50.355  34.657  34.686 0.0000000000
85583  -47.139  37.868  46.508 0.0000000000
84899  -45.539  37.027  44.338 0.0000000000
86264  -49.322  39.980  43.321 0.0000000000
84341  -43.944  35.480  31.552 0.0000000000
109988  -47.123  36.719  35.113 0.0000000000
129008  -46.669  35.716  30.543 0.0000000000
84347  -49.935  36.355  30.107 0.0000000000
84386  -46.954  36.082  26.512 0.0000000000
83272  -44.391  34.689  23.521 0.0000000000
84404  -43.135  36.122  23.507 0.0000000000
121262  -41.712  42.477  26.957 0.0000000000
87539  -39.456  40.879  25.022 0.0000000000
88747  -39.401  42.511  27.565 0.0000000000
88141  -36.643  42.066  28.084 0.0000000000
90012  -37.992  44.300  29.385 0.0000000000
79700  -44.956  28.906  43.009 0.0000000000
111850  -47.334  30.361  40.381 0.0000000000
80482  -43.875  30.133  41.505 0.0000000000
118965  -43.596  32.075  40.305 0.0000000000
83718  -45.120  34.403  39.232 0.0000000000
84959  -43.020  36.985  39.168 0.0000000000
85648  -45.241  37.968  39.179 0.0000000000
84280  -42.518  35.593  35.366 0.0000000000
84324  -41.925  35.522  32.347 0.0000000000
85083  -41.170  36.336  29.348 0.0000000000
85749  -41.867  37.556  26.166 0.0000000000
86985  -40.719  39.569  28.228 0.0000000000
121931  -44.827  41.925  27.140 0.0000000000
116280  -44.486  43.269  28.783 0.0000000000
80547  -48.572  29.676  30.819 0.0000000000
83086  -38.102  33.489  48.034 0.0000000000
126653  -41.402  33.611  46.833 0.0000000000
116436  -40.965  34.322  49.028 0.0000000000
84208  -44.367  35.500  49.232 0.0000000000
86222  -48.041  38.883  48.898 0.0000000000
85554  -45.011  37.907  48.973 0.0000000000
86253  -43.807  38.472  44.360 0.0000000000
81176  -50.440  31.258  43.142 0.0000000000
81164  -49.658  31.324  45.282 0.0000000000
80430  -47.166  29.684  44.354 0.0000000000
78863  -44.603  27.643  44.719 0.0000000000
78859  -41.364  27.992  44.988 0.0000000000
79595  -43.706  28.331  52.875 0.0000000000
77912  -39.453  26.789  54.367 0.0000000000
77941  -40.134  27.078  52.810 0.0000000000
125335  -41.824  27.478  50.919 0.0000000000
77980  -39.337  27.228  49.239 0.0000000000
81148  -36.866  30.567  47.150 0.0000000000
78088  -46.409  26.223  36.484 0.0000000000
113834  -49.005  29.381  38.876 0.0000000000
121917  -49.181  28.033  37.306 0.0000000000
78944  -48.209  27.526  34.668 0.0000000000
114479  -50.195  28.482  32.570 0.0000000000
80560  -51.293  29.622  30.637 0.0000000000
82575  -51.761  32.451  29.553 0.0000000000
83702  -43.033  34.811  44.713 0.0000000000
125984  -45.179  36.177  41.395 0.0000000000
84962  -48.039  37.097  39.546 0.0000000000
86305  -47.415  38.477  38.629 0.0000000000
86320  -50.620  38.419  37.998 0.0000000000
85014  -50.875  36.811  37.069 0.0000000000
127910  -52.227  36.664  32.931 0.0000000000
84377  -52.049  35.357  28.529 0.0000000000
83781  -48.521  34.198  29.178 0.0000000000
86393  -41.346  38.482  22.874 0.0000000000
86377  -39.141  38.279  26.543 0.0000000000
85734  -38.246  37.242  29.548 0.0000000000
86970  -37.177  39.685  29.947 0.0000000000
87512  -35.925  41.182  30.558 0.0000000000
81161  -39.473  31.051  45.657 0.0000000000
81831  -40.549  31.293  44.592 0.0000000000
82424  -40.246  32.222  45.571 0.0000000000
123806  -38.901  40.026  32.150 0.0000000000
88109  -41.744  42.034  31.998 0.0000000000
78106  -46.756  25.948  32.665 0.0000000000
79630  -45.610  28.354  49.662 0.0000000000
113640  -44.627  27.515  48.658 0.0000000000
78811  -43.423  27.487  49.633 0.0000000000
79618  -33.034  28.069  50.244 0.0000000000
79625  -33.091  28.824  49.829 0.0000000000
80487  -49.588  30.950  41.980 0.0000000000
80494  -49.097  30.246  40.767 0.0000000000
83139  -46.677  33.763  36.988 0.0000000000
82487  -46.977  32.318  36.657 0.0000000000
83147  -47.871  33.911  36.113 0.0000000000
114742  -48.906  33.176  35.228 0.0000000000
83740  -48.495  34.713  36.102 0.0000000000
86880  -48.269  40.138  46.032 0.0000000000
86256  -48.763  39.715  45.315 0.0000000000
131993  -47.784  40.092  43.896 0.0000000000
84356  -43.735  35.487  30.296 0.0000000000
84343  -45.797  35.566  31.374 0.0000000000
84370  -45.124  35.540  29.307 0.0000000000
110110  -47.036  35.821  29.074 0.0000000000
110105  -44.520  35.583  27.334 0.0000000000
84406  -44.855  35.516  24.916 0.0000000000
110861  -43.235  35.741  25.904 0.0000000000
88735  -40.953  43.153  28.733 0.0000000000
88748  -40.676  42.720  27.834 0.0000000000
89394  -39.893  43.111  28.538 0.0000000000
89393  -38.782  43.151  28.256 0.0000000000
89367  -39.751  43.823  30.057 0.0000000000
79699  -44.007  28.990  42.814 0.0000000000
80483  -44.441  29.780  41.739 0.0000000000
126523  -42.894  30.133  42.156 0.0000000000
83111  -42.296  33.132  42.134 0.0000000000
82438  -42.913  32.255  40.963 0.0000000000
83114  -43.310  33.198  40.571 0.0000000000
83121  -44.543  33.542  39.338 0.0000000000
83715  -43.546  34.264  40.799 0.0000000000
84992  -42.216  36.198  37.418 0.0000000000
125574  -43.035  36.367  37.376 0.0000000000
84279  -40.674  35.627  35.378 0.0000000000
85066  -39.700  37.530  31.505 0.0000000000
114378  -40.302  36.251  32.044 0.0000000000
84338  -40.833  36.011  31.203 0.0000000000
84355  -41.621  35.685  30.645 0.0000000000
110696  -40.633  36.963  29.673 0.0000000000
85740  -40.908  37.903  28.332 0.0000000000
86979  -40.280  39.432  29.387 0.0000000000
88127  -44.280  41.776  29.328 0.0000000000
114897  -44.238  41.646  28.354 0.0000000000
88137  -45.031  41.914  28.235 0.0000000000
88751  -44.836  42.348  27.401 0.0000000000
89386  -46.134  43.041  28.506 0.0000000000
79784  -48.613  28.774  29.751 0.0000000000
83071  -38.134  34.165  49.521 0.0000000000
83080  -39.434  34.095  48.838 0.0000000000
83073  -39.518  34.351  49.719 0.0000000000
84189  -42.687  35.341  51.678 0.0000000000
83671  -42.378  35.002  50.414 0.0000000000
84195  -43.892  35.486  50.510 0.0000000000
119900  -46.780  36.784  49.554 0.0000000000
84839  -47.650  37.673  50.524 0.0000000000
85544  -44.032  37.504  49.451 0.0000000000
86238  -43.991  38.329  46.349 0.0000000000
85602  -43.029  38.061  44.213 0.0000000000
85624  -42.535  37.342  41.768 0.0000000000
84931  -41.209  36.660  41.662 0.0000000000
79678  -50.211  30.067  43.478 0.0000000000
80443  -50.840  30.673  44.159 0.0000000000
80414  -48.573  30.042  47.065 0.0000000000
80423  -47.660  29.477  46.023 0.0000000000
115985  -48.427  30.678  44.780 0.0000000000
79663  -46.674  28.898  45.228 0.0000000000
79662  -45.875  28.366  44.855 0.0000000000
78852  -45.165  27.616  45.324 0.0000000000
78000  -42.013  26.591  47.227 0.0000000000
78017  -42.991  26.891  45.698 0.0000000000
78839  -41.062  27.166  45.951 0.0000000000
77899  -37.980  26.268  54.860 0.0000000000
77939  -38.900  26.618  52.821 0.0000000000
77940  -39.135  26.806  52.006 0.0000000000
78789  -41.399  27.475  51.538 0.0000000000
77972  -40.192  27.210  51.033 0.0000000000
117205  -40.317  27.153  50.219 0.0000000000
77971  -39.576  27.202  50.000 0.0000000000
81808  -35.915  31.443  47.717 0.0000000000
81142  -35.444  30.807  47.962 0.0000000000
124125  -46.020  25.614  37.052 0.0000000000
81219  -46.201  30.295  40.234 0.0000000000
81231  -47.303  30.210  39.632 0.0000000000
80500  -47.222  30.130  39.047 0.0000000000
81258  -49.764  29.655  36.296 0.0000000000
80510  -49.668  28.851  37.708 0.0000000000
79740  -49.934  28.733  36.652 0.0000000000
78934  -48.494  27.740  35.682 0.0000000000
78945  -49.271  28.169  35.050 0.0000000000
114013  -48.752  27.838  33.957 0.0000000000
79756  -50.994  28.954  34.223 0.0000000000
81938  -52.469  31.631  33.067 0.0000000000
81286  -52.179  30.157  32.155 0.0000000000
118283  -52.865  31.604  31.047 0.0000000000
121581  -51.524  30.972  29.979 0.0000000000
82577  -52.727  32.936  29.947 0.0000000000
117430  -42.721  34.335  47.088 0.0000000000
83098  -42.158  33.775  45.909 0.0000000000
119481  -43.216  34.755  46.143 0.0000000000
85618  -47.919  38.088  43.055 0.0000000000
84920  -45.075  36.470  42.756 0.0000000000
84935  -46.818  37.120  41.392 0.0000000000
84960  -46.211  36.358  40.218 0.0000000000
84948  -47.936  37.300  40.331 0.0000000000
84994  -45.105  36.910  37.094 0.0000000000
86297  -47.073  38.646  39.597 0.0000000000
85684  -45.888  37.093  36.850 0.0000000000
85039  -48.575  36.830  33.991 0.0000000000
85687  -49.099  38.051  36.261 0.0000000000
85688  -50.978  38.206  36.502 0.0000000000
84997  -51.042  37.474  37.711 0.0000000000
85704  -51.342  37.609  35.190 0.0000000000
84287  -51.917  36.610  35.156 0.0000000000
85052  -51.711  37.247  33.517 0.0000000000
84374  -49.909  36.322  27.369 0.0000000000
84360  -50.732  36.103  28.827 0.0000000000
83805  -50.096  36.084  26.993 0.0000000000
83793  -50.476  35.558  27.571 0.0000000000
118015  -49.174  35.272  26.709 0.0000000000
83790  -47.276  34.277  28.430 0.0000000000
83801  -46.508  34.294  27.064 0.0000000000
83830  -42.793  35.162  23.614 0.0000000000
83258  -42.957  33.400  26.045 0.0000000000
86997  -42.206  39.846  24.351 0.0000000000
86389  -42.175  38.171  22.883 0.0000000000
87547  -42.078  39.962  23.888 0.0000000000
87538  -38.589  40.689  25.722 0.0000000000
86994  -38.646  39.970  25.265 0.0000000000
122533  -38.406  39.667  26.494 0.0000000000
85746  -38.762  38.244  27.632 0.0000000000
86984  -37.946  39.448  28.209 0.0000000000
109779  -37.563  38.779  29.825 0.0000000000
86977  -37.551  39.531  29.096 0.0000000000
88734  -35.864  42.917  28.491 0.0000000000
88123  -36.137  41.549  29.498 0.0000000000
88726  -35.345  42.511  30.017 0.0000000000
88718  -35.102  42.184  30.943 0.0000000000
80438  -41.044  29.608  44.243 0.0000000000
117879  -42.428  29.834  42.765 0.0000000000
81187  -41.458  30.768  43.242 0.0000000000
82433  -41.623  32.334  43.224 0.0000000000
83108  -41.963  33.098  42.932 0.0000000000
111754  -39.528  36.242  34.001 0.0000000000
85715  -38.909  37.985  32.673 0.0000000000
86353  -39.300  38.391  31.753 0.0000000000
116263  -39.647  39.812  30.788 0.0000000000
86978  -40.157  40.156  29.925 0.0000000000
88124  -41.053  41.353  30.537 0.0000000000
88117  -41.943  41.597  31.026 0.0000000000
78971  -47.899  27.217  30.693 0.0000000000
83658  -37.586  34.311  51.832 0.0000000000
128530  -39.401  34.505  51.007 0.0000000000
110924  -39.282  34.583  52.201 0.0000000000
78832  -46.219  28.105  47.632 0.0000000000
78841  -45.380  27.494  46.359 0.0000000000
78821  -44.413  27.236  47.819 0.0000000000
77994  -43.683  27.003  47.842 0.0000000000
77991  -41.413  26.653  47.972 0.0000000000
77115  -37.023  26.021  53.772 0.0000000000
77937  -36.735  26.297  52.112 0.0000000000
79636  -34.719  29.303  48.771 0.0000000000
121965  -34.182  30.118  48.873 0.0000000000
122121  -33.633  30.034  49.296 0.0000000000
81126  -32.355  30.373  50.368 0.0000000000
81892  -45.551  31.416  38.649 0.0000000000
81247  -46.840  30.430  37.901 0.0000000000
81914  -46.803  31.571  37.014 0.0000000000
81916  -48.274  30.742  36.155 0.0000000000
81265  -49.920  30.317  35.500 0.0000000000
81272  -51.247  30.056  34.563 0.0000000000
82517  -50.058  32.058  34.529 0.0000000000
121990  -50.605  32.789  34.277 0.0000000000
83163  -52.051  33.389  33.668 0.0000000000
127962  -45.441  36.487  46.692 0.0000000000
84223  -44.548  36.135  45.538 0.0000000000
85594  -46.556  37.592  45.330 0.0000000000
85609  -48.309  38.567  44.056 0.0000000000
86272  -49.664  39.538  42.907 0.0000000000
117386  -44.098  35.497  32.974 0.0000000000
85036  -45.981  36.140  34.895 0.0000000000
125219  -45.878  35.656  32.911 0.0000000000
84328  -46.699  35.861  32.513 0.0000000000
85060  -48.575  36.450  32.314 0.0000000000
85068  -49.297  36.461  31.455 0.0000000000
84358  -47.826  35.980  29.699 0.0000000000
84372  -48.187  36.328  27.411 0.0000000000
84396  -47.997  36.204  25.145 0.0000000000
83824  -47.301  35.343  24.791 0.0000000000
84416  -45.920  35.235  23.811 0.0000000000
84422  -44.438  35.223  23.001 0.0000000000
132023  -42.007  36.177  23.476 0.0000000000
88767  -43.135  41.860  25.482 0.0000000000
88168  -40.826  41.052  24.656 0.0000000000
88151  -40.445  41.822  26.143 0.0000000000
88150  -39.211  41.562  26.239 0.0000000000
88148  -37.669  41.715  27.021 0.0000000000
88142  -37.096  41.592  27.736 0.0000000000
88745  -37.121  42.454  27.704 0.0000000000
89391  -36.838  43.237  28.083 0.0000000000
90011  -37.095  44.542  29.146 0.0000000000
80471  -46.721  30.017  42.762 0.0000000000
81209  -47.655  30.537  41.102 0.0000000000
80484  -45.310  29.845  41.690 0.0000000000
81207  -45.519  30.216  40.972 0.0000000000
81218  -45.222  30.426  40.444 0.0000000000
81204  -42.565  30.877  41.872 0.0000000000
81868  -43.857  31.237  40.505 0.0000000000
81879  -44.618  31.673  39.523 0.0000000000
82467  -44.970  32.902  38.753 0.0000000000
83122  -45.198  33.729  38.683 0.0000000000
83725  -46.237  34.565  38.183 0.0000000000
86278  -44.538  38.272  41.510 0.0000000000
86287  -45.699  38.516  40.675 0.0000000000
85647  -44.436  37.671  39.451 0.0000000000
109643  -43.734  36.402  36.958 0.0000000000
84281  -43.352  35.656  35.482 0.0000000000
84308  -40.973  35.558  33.762 0.0000000000
84309  -41.837  35.501  33.725 0.0000000000
116895  -43.243  35.480  33.195 0.0000000000
84340  -43.144  35.484  31.667 0.0000000000
125619  -42.335  35.555  30.202 0.0000000000
84367  -41.881  35.810  28.739 0.0000000000
84394  -42.575  35.947  26.604 0.0000000000
85741  -41.414  37.236  27.667 0.0000000000
86990  -41.347  39.301  26.828 0.0000000000
126472  -42.358  40.720  25.975 0.0000000000
88134  -41.633  40.820  28.506 0.0000000000
88143  -42.787  41.265  27.364 0.0000000000
115025  -43.622  41.955  25.505 0.0000000000
88762  -43.801  42.322  26.435 0.0000000000
88737  -43.185  43.261  28.728 0.0000000000
89385  -42.429  43.503  29.698 0.0000000000
82415  -38.599  32.694  46.999 0.0000000000
123746  -40.229  32.705  46.217 0.0000000000
82416  -39.315  33.267  47.326 0.0000000000
83081  -41.012  34.117  48.241 0.0000000000
83686  -42.479  34.521  48.368 0.0000000000
83669  -40.756  34.627  50.715 0.0000000000
122609  -42.207  34.612  49.181 0.0000000000
118112  -44.044  35.248  48.355 0.0000000000
84217  -45.840  36.408  48.353 0.0000000000
85569  -48.271  38.902  48.354 0.0000000000
86870  -47.899  39.943  46.598 0.0000000000
85529  -47.401  37.328  51.850 0.0000000000
86221  -47.335  38.770  49.072 0.0000000000
112034  -46.329  39.181  47.378 0.0000000000
86254  -44.714  38.851  44.412 0.0000000000
85625  -43.308  37.618  41.446 0.0000000000
84958  -42.101  36.654  39.515 0.0000000000
84990  -40.758  35.880  37.644 0.0000000000
80455  -49.956  30.184  42.569 0.0000000000
81191  -49.026  31.219  42.419 0.0000000000
81818  -50.840  31.592  45.902 0.0000000000
130905  -51.166  31.283  44.934 0.0000000000
81834  -50.280  31.625  44.412 0.0000000000
81169  -48.576  31.079  43.985 0.0000000000
80454  -47.441  30.414  43.262 0.0000000000
79691  -45.970  29.198  43.400 0.0000000000
117820  -45.105  28.472  43.751 0.0000000000
79673  -43.114  28.231  43.847 0.0000000000
78018  -43.830  26.878  45.800 0.0000000000
78849  -42.745  27.287  45.053 0.0000000000
79671  -41.884  28.498  44.331 0.0000000000
79670  -41.188  28.893  44.522 0.0000000000
78752  -41.440  27.643  54.626 0.0000000000
77923  -38.388  26.435  53.479 0.0000000000
77924  -40.016  27.013  53.708 0.0000000000
78763  -41.607  27.647  53.733 0.0000000000
121929  -42.121  27.786  53.027 0.0000000000
78790  -42.204  27.656  51.563 0.0000000000
78801  -43.461  27.826  50.520 0.0000000000
77973  -41.949  27.253  50.081 0.0000000000
122073  -41.158  26.821  48.867 0.0000000000
77997  -40.099  26.855  47.689 0.0000000000
81816  -38.173  31.198  46.483 0.0000000000
82414  -37.222  32.099  47.273 0.0000000000
82411  -36.607  33.139  47.860 0.0000000000
111018  -36.236  33.604  49.616 0.0000000000
109648  -36.166  34.105  51.097 0.0000000000
75619  -46.131  23.813  36.805 0.0000000000
76418  -46.348  24.611  35.550 0.0000000000
121284  -46.376  25.253  34.932 0.0000000000
80493  -48.539  30.075  40.071 0.0000000000
124160  -49.107  28.782  39.607 0.0000000000
80515  -48.737  29.545  38.059 0.0000000000
125979  -49.488  28.534  38.023 0.0000000000
78917  -48.378  27.615  38.134 0.0000000000
78082  -47.189  26.979  36.914 0.0000000000
132266  -46.761  26.475  35.176 0.0000000000
78095  -46.963  26.495  34.483 0.0000000000
78952  -47.891  27.175  33.574 0.0000000000
78961  -48.673  27.580  31.863 0.0000000000
78962  -49.413  28.127  31.594 0.0000000000
80542  -51.459  29.309  33.389 0.0000000000
80548  -51.004  29.031  31.218 0.0000000000
79779  -50.137  28.835  30.155 0.0000000000
116488  -49.953  29.664  29.745 0.0000000000
81953  -50.402  31.481  30.204 0.0000000000
82564  -49.791  32.428  30.611 0.0000000000
83097  -41.481  33.214  45.478 0.0000000000
83101  -41.995  33.515  44.251 0.0000000000
83705  -42.873  34.758  43.245 0.0000000000
84226  -44.033  35.820  44.544 0.0000000000
84232  -44.264  35.870  42.843 0.0000000000
84234  -43.698  35.267  42.125 0.0000000000
84241  -44.891  35.312  40.217 0.0000000000
84243  -46.293  35.980  39.486 0.0000000000
84247  -47.361  35.964  38.381 0.0000000000
86288  -46.821  38.810  40.502 0.0000000000
86909  -49.358  39.556  41.147 0.0000000000
86910  -50.235  39.329  40.533 0.0000000000
85686  -47.526  37.665  36.615 0.0000000000
86307  -50.281  38.853  38.838 0.0000000000
85639  -50.652  38.924  40.400 0.0000000000
85662  -50.633  37.895  39.037 0.0000000000
84996  -49.504  36.701  37.896 0.0000000000
84272  -48.714  35.570  36.707 0.0000000000
84299  -50.466  35.480  35.261 0.0000000000
84332  -52.704  35.323  32.144 0.0000000000
85070  -51.224  36.514  31.343 0.0000000000
84348  -52.102  35.834  30.960 0.0000000000
83773  -52.585  34.561  30.572 0.0000000000
83233  -51.911  34.361  28.507 0.0000000000
83218  -50.054  33.654  29.552 0.0000000000
83261  -45.446  34.062  25.735 0.0000000000
111040  -42.361  37.086  24.743 0.0000000000
85761  -42.116  37.385  22.776 0.0000000000
85760  -41.658  37.297  23.163 0.0000000000
87552  -40.277  40.011  23.881 0.0000000000
86387  -40.108  38.639  23.680 0.0000000000
85753  -39.618  37.525  25.840 0.0000000000
85092  -39.262  36.688  27.738 0.0000000000
85086  -38.963  36.616  28.632 0.0000000000
85074  -38.227  35.982  29.997 0.0000000000
88133  -36.681  41.324  28.693 0.0000000000
87506  -36.289  40.426  30.939 0.0000000000
132022  -41.722  43.967  31.129 0.0000000000
89992  -40.461  44.463  31.623 0.0000000000
89991  -39.421  44.642  31.382 0.0000000000
110827  -37.638  44.691  29.930 0.0000000000
90003  -36.825  45.087  29.851 0.0000000000
81824  -40.109  31.577  45.319 0.0000000000
81823  -39.683  32.023  45.845 0.0000000000
78099  -46.627  25.875  33.623 0.0000000000
79620  -45.496  28.546  50.623 0.0000000000
79629  -44.819  28.245  50.174 0.0000000000
78802  -44.116  27.911  49.906 0.0000000000
78796  -32.576  27.516  50.760 0.0000000000
119725  -48.648  30.794  41.560 0.0000000000
80486  -49.489  30.320  41.363 0.0000000000
83146  -47.242  33.211  36.377 0.0000000000
83140  -47.312  34.027  36.527 0.0000000000
83739  -47.880  34.684  36.542 0.0000000000
86888  -47.150  40.127  44.981 0.0000000000
86893  -48.256  40.270  44.665 0.0000000000
86898  -46.510  39.489  43.276 0.0000000000
84369  -43.579  35.497  29.592 0.0000000000
110111  -44.388  35.498  29.888 0.0000000000
110108  -44.384  35.518  28.915 0.0000000000
84385  -44.789  35.569  28.050 0.0000000000
125146  -44.082  35.535  28.211 0.0000000000
84395  -43.596  35.565  27.522 0.0000000000
89383  -40.285  43.487  29.435 0.0000000000
89368  -40.621  43.742  30.294 0.0000000000
79688  -42.793  28.721  43.526 0.0000000000
80453  -43.064  29.275  42.821 0.0000000000
83112  -42.728  33.102  41.366 0.0000000000
126557  -43.054  33.827  41.186 0.0000000000
83711  -43.262  34.539  41.556 0.0000000000
84254  -40.968  35.800  36.886 0.0000000000
84255  -41.755  35.901  36.807 0.0000000000
85727  -39.764  38.092  31.115 0.0000000000
85067  -40.121  36.782  31.314 0.0000000000
85721  -40.043  37.518  30.864 0.0000000000
113658  -40.476  36.744  30.483 0.0000000000
85728  -40.290  37.635  30.167 0.0000000000
85735  -40.567  37.793  29.326 0.0000000000
86362  -40.192  38.546  29.934 0.0000000000
88738  -45.386  42.310  29.216 0.0000000000
88753  -45.976  42.939  28.413 0.0000000000
88740  -46.591  43.007  28.865 0.0000000000
78979  -46.745  27.326  29.838 0.0000000000
79777  -47.097  28.009  29.614 0.0000000000
79783  -47.895  28.312  29.727 0.0000000000
83072  -38.900  34.227  49.376 0.0000000000
83678  -38.844  34.367  50.020 0.0000000000
84190  -43.770  35.615  51.963 0.0000000000
84194  -43.097  35.331  50.999 0.0000000000
115628  -44.176  35.636  51.265 0.0000000000
131772  -45.739  36.246  50.498 0.0000000000
84197  -46.687  36.646  51.268 0.0000000000
85601  -42.281  37.705  44.076 0.0000000000
85607  -41.981  37.453  43.371 0.0000000000
80433  -50.521  29.678  45.091 0.0000000000
80442  -50.167  29.600  44.410 0.0000000000
79664  -47.120  29.078  45.877 0.0000000000
78853  -46.018  28.052  45.808 0.0000000000
77999  -41.171  26.653  47.099 0.0000000000
78010  -41.582  26.768  46.425 0.0000000000
78009  -40.889  26.882  46.545 0.0000000000
78838  -40.264  27.298  46.397 0.0000000000
77100  -37.262  26.045  54.473 0.0000000000
77957  -39.437  27.047  51.270 0.0000000000
129751  -39.706  27.169  50.639 0.0000000000
77970  -39.024  27.126  50.662 0.0000000000
80405  -35.656  30.054  47.897 0.0000000000
80404  -34.928  30.240  48.381 0.0000000000
78074  -46.837  26.593  38.618 0.0000000000
81229  -45.641  30.531  39.732 0.0000000000
81230  -46.455  30.331  39.393 0.0000000000
81239  -46.656  30.362  38.676 0.0000000000
80527  -50.351  29.399  35.881 0.0000000000
80523  -50.107  29.077  36.581 0.0000000000
79741  -50.456  28.963  35.998 0.0000000000
79748  -50.163  28.646  35.731 0.0000000000
79755  -50.282  28.592  34.768 0.0000000000
79749  -50.666  28.927  35.235 0.0000000000
82537  -52.810  32.384  32.582 0.0000000000
81944  -52.959  31.527  32.166 0.0000000000
82552  -53.127  32.222  31.790 0.0000000000
81955  -52.632  32.095  30.189 0.0000000000
82565  -53.014  32.566  30.956 0.0000000000
83696  -43.220  34.651  46.928 0.0000000000
83695  -42.711  34.271  46.394 0.0000000000
84219  -43.654  35.106  46.665 0.0000000000
85627  -47.797  37.635  42.136 0.0000000000
84922  -46.573  37.213  42.271 0.0000000000
85636  -48.033  37.508  41.255 0.0000000000
85637  -49.029  37.728  40.855 0.0000000000
85023  -44.947  36.141  35.884 0.0000000000
117011  -45.598  36.244  35.525 0.0000000000
85703  -49.571  37.401  34.394 0.0000000000
118516  -49.699  37.677  35.215 0.0000000000
130693  -50.480  37.679  34.908 0.0000000000
85697  -50.803  37.960  35.673 0.0000000000
85709  -51.807  37.278  34.602 0.0000000000
85708  -50.815  37.539  34.130 0.0000000000
83815  -49.135  36.113  25.943 0.0000000000
84389  -49.639  36.152  26.554 0.0000000000
83804  -49.818  35.864  26.667 0.0000000000
83803  -48.646  35.365  26.060 0.0000000000
83802  -47.487  34.495  27.119 0.0000000000
83813  -47.902  35.232  25.455 0.0000000000
83821  -42.076  34.540  25.163 0.0000000000
83820  -41.335  34.901  25.634 0.0000000000
84402  -40.410  35.980  25.906 0.0000000000
87540  -42.320  40.888  24.978 0.0000000000
88169  -42.065  40.871  24.667 0.0000000000
86989  -38.174  40.534  26.328 0.0000000000
126830  -38.020  39.999  27.249 0.0000000000
112909  -38.383  39.125  27.517 0.0000000000
119909  -37.487  40.218  28.270 0.0000000000
89379  -35.723  43.707  28.626 0.0000000000
88131  -35.756  42.347  29.232 0.0000000000
81173  -41.234  30.131  43.785 0.0000000000
126488  -40.905  30.917  43.901 0.0000000000
81832  -40.924  31.919  44.341 0.0000000000
81839  -41.233  31.609  43.624 0.0000000000
83104  -41.757  33.021  43.747 0.0000000000
85034  -38.866  36.812  33.954 0.0000000000
87502  -39.216  40.815  31.927 0.0000000000
86959  -38.982  39.293  31.984 0.0000000000
122869  -39.254  39.959  31.554 0.0000000000
86964  -39.335  39.229  31.365 0.0000000000
87507  -39.624  40.641  31.198 0.0000000000
87515  -39.975  40.587  30.595 0.0000000000
88115  -40.226  41.192  30.966 0.0000000000
88727  -43.786  42.177  31.005 0.0000000000
77270  -46.345  25.392  31.738 0.0000000000
78115  -47.368  26.559  31.156 0.0000000000
83653  -38.325  34.417  52.326 0.0000000000
79641  -46.706  28.618  48.715 0.0000000000
78822  -45.760  27.960  48.172 0.0000000000
78831  -45.485  27.602  47.353 0.0000000000
111940  -45.110  27.565  48.066 0.0000000000
129131  -43.446  27.250  48.975 0.0000000000
78820  -43.913  27.232  48.496 0.0000000000
77993  -43.165  27.006  48.324 0.0000000000
77992  -42.342  26.729  48.105 0.0000000000
78805  -34.483  27.879  49.715 0.0000000000
79628  -35.029  28.396  49.132 0.0000000000
79627  -34.263  28.678  49.330 0.0000000000
80398  -33.965  29.425  49.189 0.0000000000
123788  -33.655  28.915  49.498 0.0000000000
80389  -32.657  29.554  49.972 0.0000000000
81902  -45.887  31.729  38.000 0.0000000000
82477  -46.352  32.245  37.337 0.0000000000
82488  -47.713  32.350  36.142 0.0000000000
81915  -47.477  31.352  36.497 0.0000000000
82489  -48.128  31.587  35.956 0.0000000000
81264  -49.066  30.378  35.950 0.0000000000
81923  -48.907  31.205  35.530 0.0000000000
81924  -49.795  31.257  34.912 0.0000000000
82504  -49.273  32.167  35.098 0.0000000000
83154  -49.600  33.824  34.841 0.0000000000
121152  -49.697  32.966  34.625 0.0000000000
83161  -50.387  33.708  34.442 0.0000000000
83162  -51.311  33.551  34.104 0.0000000000
84881  -46.475  37.210  46.883 0.0000000000
84889  -45.772  37.006  45.954 0.0000000000
86262  -48.958  39.619  44.575 0.0000000000
85603  -48.491  38.937  44.801 0.0000000000
122904  -49.114  39.405  44.138 0.0000000000
85610  -49.216  39.181  43.664 0.0000000000
86901  -49.584  39.754  42.809 0.0000000000
84327  -44.435  35.493  32.227 0.0000000000
121877  -44.938  35.504  32.941 0.0000000000
116268  -46.047  35.632  32.127 0.0000000000
84344  -46.652  35.750  31.592 0.0000000000
84329  -47.677  36.238  32.630 0.0000000000
84345  -47.313  36.016  31.882 0.0000000000
84330  -48.130  36.254  31.608 0.0000000000
111118  -47.528  35.981  30.950 0.0000000000
110106  -47.010  35.963  27.761 0.0000000000
84387  -48.141  36.369  26.126 0.0000000000
113056  -46.807  35.913  25.476 0.0000000000
84408  -47.373  35.748  24.833 0.0000000000
84405  -43.860  35.574  24.601 0.0000000000
126604  -44.399  35.436  23.808 0.0000000000
84414  -43.517  35.551  23.238 0.0000000000
84413  -43.046  35.788  23.071 0.0000000000
85105  -42.505  36.265  23.482 0.0000000000
88761  -43.016  42.263  26.017 0.0000000000
120908  -41.788  42.088  26.066 0.0000000000
88759  -39.574  42.046  26.767 0.0000000000
88758  -38.559  41.970  26.843 0.0000000000
88746  -38.090  42.524  27.503 0.0000000000
89381  -38.344  43.737  28.818 0.0000000000
89392  -37.710  43.192  28.096 0.0000000000
89380  -37.268  43.902  28.497 0.0000000000
80470  -45.594  29.495  42.517 0.0000000000
80485  -46.210  30.034  41.991 0.0000000000
81206  -44.670  30.196  41.119 0.0000000000
81217  -44.432  30.742  40.480 0.0000000000
81188  -42.103  30.634  42.523 0.0000000000
81856  -43.344  31.400  40.924 0.0000000000
81869  -44.219  31.441  40.055 0.0000000000
82447  -44.118  32.136  39.763 0.0000000000
82460  -44.992  31.997  38.953 0.0000000000
82459  -44.483  32.531  39.323 0.0000000000
83717  -44.598  34.491  39.796 0.0000000000
130017  -45.692  33.967  38.224 0.0000000000
83724  -45.695  34.531  38.708 0.0000000000
85646  -43.642  37.408  39.730 0.0000000000
85635  -44.231  37.796  40.285 0.0000000000
85658  -43.839  37.284  38.869 0.0000000000
84269  -42.896  35.792  36.119 0.0000000000
131196  -43.690  36.698  37.596 0.0000000000
84270  -43.667  35.997  36.234 0.0000000000
85047  -39.662  36.288  33.343 0.0000000000
84307  -40.190  35.815  33.880 0.0000000000
84323  -41.046  35.708  32.197 0.0000000000
112233  -41.380  35.566  33.029 0.0000000000
116399  -42.310  35.490  33.108 0.0000000000
84310  -42.589  35.468  33.931 0.0000000000
84325  -42.793  35.486  32.404 0.0000000000
84354  -41.039  36.095  30.218 0.0000000000
110862  -41.696  35.752  29.737 0.0000000000
84368  -42.632  35.554  29.327 0.0000000000
85088  -41.597  36.423  28.231 0.0000000000
118798  -40.936  38.692  27.685 0.0000000000
87532  -41.539  40.058  27.069 0.0000000000
111523  -41.274  41.073  29.628 0.0000000000
87520  -40.740  40.548  29.297 0.0000000000
88144  -43.598  41.488  27.787 0.0000000000
88152  -44.128  41.898  26.077 0.0000000000
88162  -43.973  42.064  25.766 0.0000000000
88763  -44.602  42.168  26.487 0.0000000000
89395  -44.220  42.858  27.942 0.0000000000
129848  -43.353  43.431  29.340 0.0000000000
81291  -49.082  30.629  31.080 0.0000000000
126261  -38.533  33.244  47.497 0.0000000000
83087  -38.931  33.616  48.081 0.0000000000
110767  -40.268  34.087  48.538 0.0000000000
83691  -41.740  34.203  47.966 0.0000000000
121274  -41.666  34.381  48.699 0.0000000000
83660  -39.724  34.595  51.493 0.0000000000
128110  -40.008  34.546  50.878 0.0000000000
83672  -43.076  35.218  50.247 0.0000000000
83681  -42.656  34.936  49.729 0.0000000000
84201  -43.548  35.275  49.656 0.0000000000
83687  -42.942  34.899  49.028 0.0000000000
84207  -43.609  35.152  48.912 0.0000000000
84216  -44.717  35.662  47.849 0.0000000000
84209  -45.130  35.902  48.813 0.0000000000
84853  -47.991  37.870  49.763 0.0000000000
84868  -47.920  38.012  48.815 0.0000000000
86865  -48.243  39.515  47.192 0.0000000000
86864  -47.547  39.538  47.402 0.0000000000
110572  -45.618  37.879  49.988 0.0000000000
85537  -47.265  37.745  51.362 0.0000000000
85545  -47.511  38.133  50.482 0.0000000000
85555  -46.690  38.432  49.555 0.0000000000
86246  -43.833  38.401  45.680 0.0000000000
86239  -45.139  38.722  46.775 0.0000000000
114636  -44.207  38.655  45.079 0.0000000000
114635  -45.190  39.110  45.107 0.0000000000
86260  -44.318  38.623  43.764 0.0000000000
86269  -44.351  38.518  42.910 0.0000000000
86268  -43.549  38.107  42.801 0.0000000000
84945  -42.054  36.782  40.445 0.0000000000
85633  -42.696  37.216  40.925 0.0000000000
111354  -41.613  36.369  38.782 0.0000000000
84971  -41.205  36.111  38.199 0.0000000000
84970  -40.604  35.949  38.258 0.0000000000
78877  -48.484  28.127  43.853 0.0000000000
131253  -50.386  30.796  42.910 0.0000000000
79692  -49.408  29.114  43.162 0.0000000000
80473  -50.127  30.915  42.433 0.0000000000
81192  -49.896  31.290  42.656 0.0000000000
81156  -49.104  30.690  46.167 0.0000000000
81149  -49.462  30.782  47.017 0.0000000000
81157  -50.023  31.360  46.052 0.0000000000
81825  -50.609  31.546  45.185 0.0000000000
80441  -47.836  30.278  44.593 0.0000000000
80440  -47.737  30.443  43.854 0.0000000000
81175  -48.297  31.025  43.170 0.0000000000
131919  -47.290  30.050  43.766 0.0000000000
80439  -46.783  29.712  43.591 0.0000000000
79675  -45.161  28.058  44.462 0.0000000000
128577  -45.705  28.620  44.141 0.0000000000
79674  -44.463  27.988  44.125 0.0000000000
78875  -43.708  28.029  43.927 0.0000000000
78862  -43.929  27.554  44.536 0.0000000000
78830  -44.708  27.143  46.948 0.0000000000
78840  -44.604  27.085  45.998 0.0000000000
78013  -44.108  26.855  46.464 0.0000000000
78016  -41.937  27.157  45.512 0.0000000000
78860  -42.254  27.771  44.696 0.0000000000
79607  -43.845  28.302  52.077 0.0000000000
114445  -39.032  26.651  54.928 0.0000000000
118165  -39.641  26.962  55.024 0.0000000000
78751  -40.792  27.405  54.867 0.0000000000
77913  -40.164  27.147  54.610 0.0000000000
77130  -37.623  26.277  53.259 0.0000000000
77910  -37.823  26.253  54.025 0.0000000000
127081  -39.557  26.810  53.103 0.0000000000
78775  -40.816  27.342  53.278 0.0000000000
131613  -41.446  27.544  52.935 0.0000000000
129051  -43.117  27.954  51.552 0.0000000000
78800  -42.555  27.601  50.773 0.0000000000
78810  -42.798  27.445  50.028 0.0000000000
77981  -40.267  27.003  49.257 0.0000000000
77982  -41.084  27.036  49.737 0.0000000000
77990  -40.576  26.787  48.300 0.0000000000
77989  -39.807  27.017  48.483 0.0000000000
80413  -37.156  29.709  47.086 0.0000000000
80421  -37.886  29.535  46.673 0.0000000000
81815  -37.606  30.427  46.701 0.0000000000
113558  -38.329  30.256  46.292 0.0000000000
81810  -37.373  31.271  46.907 0.0000000000
81811  -37.975  32.007  46.924 0.0000000000
82412  -35.708  32.121  47.960 0.0000000000
82413  -36.432  32.297  47.647 0.0000000000
81136  -34.410  30.894  48.748 0.0000000000
81793  -34.132  31.621  49.139 0.0000000000
83060  -35.037  33.356  50.629 0.0000000000
83061  -35.843  33.690  50.456 0.0000000000
83055  -35.512  33.663  51.313 0.0000000000
75620  -46.388  23.385  37.115 0.0000000000
75612  -45.819  23.903  37.645 0.0000000000
77248  -45.967  24.736  36.563 0.0000000000
77252  -46.110  25.397  36.025 0.0000000000
78094  -46.309  26.027  35.527 0.0000000000
81208  -46.390  30.258  41.147 0.0000000000
81220  -48.358  30.447  40.770 0.0000000000
80501  -48.291  29.885  39.270 0.0000000000
80502  -49.079  29.326  39.679 0.0000000000
81248  -47.735  30.148  37.570 0.0000000000
79733  -49.593  28.498  37.442 0.0000000000
78918  -49.206  28.014  37.973 0.0000000000
121559  -48.287  27.594  37.329 0.0000000000
78933  -47.464  27.131  35.238 0.0000000000
78943  -47.510  27.023  34.360 0.0000000000
78100  -47.180  26.512  33.633 0.0000000000
78954  -49.313  28.089  33.050 0.0000000000
78953  -48.528  27.530  33.021 0.0000000000
80535  -51.445  29.601  34.114 0.0000000000
81273  -51.733  30.246  33.885 0.0000000000
81293  -52.012  30.151  31.031 0.0000000000
80552  -51.708  29.568  31.733 0.0000000000
125476  -50.588  29.263  30.221 0.0000000000
80559  -49.915  29.234  29.683 0.0000000000
111047  -50.553  29.754  29.980 0.0000000000
81954  -51.309  31.472  29.880 0.0000000000
82574  -50.840  32.361  29.904 0.0000000000
83094  -40.659  33.349  46.880 0.0000000000
83095  -41.010  33.194  46.198 0.0000000000
83698  -42.694  34.324  45.444 0.0000000000
114843  -42.059  33.672  45.014 0.0000000000
83701  -42.412  34.163  44.346 0.0000000000
83704  -42.472  34.272  43.539 0.0000000000
125811  -42.807  34.703  43.956 0.0000000000
125169  -45.309  36.805  45.084 0.0000000000
84898  -44.647  36.373  44.449 0.0000000000
84933  -45.504  36.533  42.079 0.0000000000
84235  -44.580  35.851  41.905 0.0000000000
84238  -44.637  35.594  40.955 0.0000000000
84961  -47.031  36.681  39.862 0.0000000000
84975  -47.161  36.350  39.102 0.0000000000
86280  -46.628  39.040  41.424 0.0000000000
86296  -45.924  38.401  39.779 0.0000000000
86289  -48.080  39.254  40.317 0.0000000000
86298  -48.437  39.065  39.466 0.0000000000
86299  -49.871  39.249  39.580 0.0000000000
85037  -46.637  36.288  34.540 0.0000000000
85024  -46.430  36.537  35.350 0.0000000000
86333  -50.091  38.434  36.929 0.0000000000
118874  -48.632  38.169  36.799 0.0000000000
86300  -50.611  38.950  39.872 0.0000000000
85651  -50.610  38.531  39.465 0.0000000000
85650  -50.357  38.236  39.891 0.0000000000
131025  -50.796  38.184  38.924 0.0000000000
85015  -51.338  37.403  37.011 0.0000000000
84978  -50.550  37.414  38.251 0.0000000000
116271  -50.495  36.940  37.716 0.0000000000
85013  -49.601  36.410  37.222 0.0000000000
84273  -49.720  36.140  36.605 0.0000000000
84284  -49.279  35.465  36.097 0.0000000000
84285  -50.475  36.147  36.070 0.0000000000
85053  -52.222  36.978  34.050 0.0000000000
84301  -52.159  36.405  34.501 0.0000000000
84316  -52.411  36.218  33.648 0.0000000000
84317  -52.620  35.826  32.813 0.0000000000
84346  -48.731  36.245  30.211 0.0000000000
85061  -50.425  36.769  31.987 0.0000000000
84376  -51.197  35.742  28.145 0.0000000000
84361  -51.457  35.783  29.175 0.0000000000
84362  -52.042  35.601  29.659 0.0000000000
84363  -52.366  35.306  30.165 0.0000000000
83795  -52.326  35.022  28.668 0.0000000000
83234  -52.304  34.414  28.954 0.0000000000
115886  -52.209  34.884  28.365 0.0000000000
83782  -49.813  34.347  28.619 0.0000000000
83232  -51.058  34.543  28.395 0.0000000000
83217  -48.811  33.728  30.065 0.0000000000
83780  -47.394  34.117  29.524 0.0000000000
83833  -46.131  34.939  23.857 0.0000000000
83823  -46.396  34.717  24.706 0.0000000000
83260  -44.597  33.736  25.276 0.0000000000
83257  -42.198  33.632  26.225 0.0000000000
83251  -43.496  33.227  27.039 0.0000000000
114133  -42.138  36.628  26.572 0.0000000000
87010  -41.959  38.552  22.745 0.0000000000
85764  -41.899  37.895  22.594 0.0000000000
86388  -41.185  38.016  23.038 0.0000000000
87545  -40.137  40.582  24.415 0.0000000000
86382  -38.916  39.113  25.902 0.0000000000
86995  -39.238  39.202  24.773 0.0000000000
86383  -39.511  38.384  25.227 0.0000000000
85759  -40.413  37.727  24.298 0.0000000000
85097  -39.655  36.697  26.524 0.0000000000
85747  -39.210  37.480  27.163 0.0000000000
86365  -38.426  37.869  28.939 0.0000000000
114951  -38.641  37.141  28.998 0.0000000000
85081  -38.552  36.459  29.373 0.0000000000
85725  -37.783  37.291  30.171 0.0000000000
121786  -37.479  38.053  30.401 0.0000000000
86360  -37.150  38.892  30.616 0.0000000000
86969  -36.699  39.752  30.778 0.0000000000
87505  -35.783  40.718  31.492 0.0000000000
90006  -40.086  44.157  30.846 0.0000000000
89990  -38.399  45.087  31.565 0.0000000000
81162  -40.082  30.741  45.055 0.0000000000
82427  -40.592  32.062  45.021 0.0000000000
82428  -41.143  32.554  44.831 0.0000000000
86958  -38.564  39.540  32.761 0.0000000000
124981  -40.212  41.503  31.588 0.0000000000
88108  -40.646  41.880  32.072 0.0000000000
88711  -42.839  42.340  32.358 0.0000000000
117075  -37.282  33.813  54.044 0.0000000000
109847  -37.942  34.222  53.562 0.0000000000
78812  -44.779  27.895  49.411 0.0000000000
115197  -44.078  27.488  49.203 0.0000000000
124668  -33.799  27.768  50.112 0.0000000000
80472  -49.714  30.311  41.934 0.0000000000
128510  -49.488  29.751  41.474 0.0000000000
79709  -49.243  29.554  40.825 0.0000000000
83138  -46.113  33.110  37.420 0.0000000000
119966  -46.584  32.957  36.875 0.0000000000
82502  -48.063  33.137  35.801 0.0000000000
83153  -49.100  33.986  35.324 0.0000000000
83746  -49.617  34.648  35.163 0.0000000000
85584  -48.330  38.898  47.170 0.0000000000
114115  -47.785  38.560  46.115 0.0000000000
86249  -48.550  39.994  45.786 0.0000000000
86257  -48.779  40.030  44.888 0.0000000000
86894  -48.942  40.172  43.925 0.0000000000
111119  -44.277  35.483  30.735 0.0000000000
84342  -44.840  35.494  31.398 0.0000000000
84357  -45.473  35.548  30.219 0.0000000000
84371  -46.019  35.691  28.981 0.0000000000
110107  -45.649  35.653  28.166 0.0000000000
110104  -45.622  35.729  27.013 0.0000000000
110346  -45.314  35.655  26.006 0.0000000000
110314  -44.134  35.562  26.223 0.0000000000
88749  -41.785  42.828  27.898 0.0000000000
89382  -39.342  43.591  29.150 0.0000000000
89366  -38.906  44.058  29.748 0.0000000000
80469  -44.668  29.405  42.321 0.0000000000
80468  -43.733  29.659  42.134 0.0000000000
129070  -43.408  30.142  41.803 0.0000000000
82434  -41.965  32.313  42.413 0.0000000000
82437  -42.387  32.293  41.660 0.0000000000
82458  -43.902  32.893  39.809 0.0000000000
83115  -43.943  33.865  40.067 0.0000000000
131939  -42.571  36.463  37.945 0.0000000000
84973  -43.247  36.783  38.236 0.0000000000
84268  -42.089  35.714  36.067 0.0000000000
126891  -41.567  35.565  35.216 0.0000000000
124827  -39.756  36.878  31.892 0.0000000000
85059  -40.410  35.835  32.978 0.0000000000
84339  -41.703  35.595  31.532 0.0000000000
85082  -40.943  37.049  28.779 0.0000000000
86366  -40.541  38.683  28.857 0.0000000000
88136  -43.171  41.485  29.242 0.0000000000
88138  -45.226  42.160  27.762 0.0000000000
88154  -44.911  42.071  27.098 0.0000000000
88752  -45.300  42.364  28.002 0.0000000000
89396  -45.366  42.954  28.196 0.0000000000
89371  -45.371  43.345  29.259 0.0000000000
80556  -48.024  28.639  29.885 0.0000000000
80557  -48.769  29.086  29.687 0.0000000000
83079  -38.525  33.891  48.762 0.0000000000
83685  -40.234  34.335  49.375 0.0000000000
84188  -41.906  35.218  51.917 0.0000000000
83662  -41.292  34.886  51.312 0.0000000000
83663  -42.127  35.088  51.131 0.0000000000
121019  -44.642  35.691  50.079 0.0000000000
84202  -45.513  36.155  49.759 0.0000000000
84838  -46.914  36.780  50.562 0.0000000000
85546  -48.003  38.144  50.126 0.0000000000
85568  -44.559  38.030  48.022 0.0000000000
86226  -44.212  38.193  47.154 0.0000000000
85593  -43.252  38.180  45.139 0.0000000000
85616  -43.095  37.722  42.311 0.0000000000
117318  -42.849  37.816  43.272 0.0000000000
84932  -41.935  36.899  41.283 0.0000000000
79677  -49.310  28.763  44.330 0.0000000000
80456  -50.692  30.952  43.410 0.0000000000
80424  -48.310  30.009  46.155 0.0000000000
81163  -48.739  30.686  45.392 0.0000000000
80432  -48.016  30.113  45.356 0.0000000000
80431  -47.406  29.570  45.221 0.0000000000
79676  -46.379  29.074  44.262 0.0000000000
78012  -43.415  26.724  46.485 0.0000000000
78011  -42.505  26.678  46.437 0.0000000000
131444  -41.237  27.499  45.498 0.0000000000
78848  -40.604  27.803  45.614 0.0000000000
130206  -38.157  26.438  52.837 0.0000000000
111980  -38.326  26.582  52.169 0.0000000000
130161  -39.542  26.865  52.532 0.0000000000
78788  -40.887  27.372  52.319 0.0000000000
109513  -39.998  27.104  51.919 0.0000000000
77958  -40.693  27.326  51.492 0.0000000000
77959  -41.062  27.296  50.701 0.0000000000
79644  -36.825  28.914  47.589 0.0000000000
80412  -36.412  29.853  47.523 0.0000000000
81809  -36.644  31.370  47.344 0.0000000000
81147  -36.135  30.680  47.562 0.0000000000
81801  -35.285  31.525  48.142 0.0000000000
122100  -45.738  24.842  37.619 0.0000000000
81257  -48.827  30.052  36.575 0.0000000000
81249  -48.680  29.772  37.290 0.0000000000
80522  -49.616  29.274  37.124 0.0000000000
130601  -49.860  28.873  37.170 0.0000000000
78926  -49.461  28.305  36.900 0.0000000000
78925  -48.799  27.892  36.626 0.0000000000
78935  -49.417  28.259  36.152 0.0000000000
117183  -49.559  28.284  34.145 0.0000000000
79764  -50.292  28.543  33.718 0.0000000000
116461  -51.787  31.721  33.704 0.0000000000
114049  -52.047  30.913  33.497 0.0000000000
81280  -52.494  30.828  32.648 0.0000000000
81287  -52.618  30.778  31.550 0.0000000000
81300  -51.397  30.309  30.218 0.0000000000
81949  -52.236  30.909  30.401 0.0000000000
113495  -52.057  31.638  29.803 0.0000000000
83089  -41.768  33.971  47.351 0.0000000000
124583  -41.643  33.535  46.240 0.0000000000
83699  -43.252  34.939  45.459 0.0000000000
85617  -46.795  37.528  43.304 0.0000000000
84910  -45.730  37.049  43.480 0.0000000000
84921  -45.867  36.951  42.749 0.0000000000
84934  -45.932  36.609  41.446 0.0000000000
84946  -46.237  36.610  40.870 0.0000000000
84947  -46.961  36.945  40.626 0.0000000000
85660  -45.461  37.728  38.362 0.0000000000
86304  -46.157  38.258  38.895 0.0000000000
85674  -45.660  37.428  37.585 0.0000000000
85661  -46.307  38.013  38.052 0.0000000000
86318  -47.131  38.113  37.709 0.0000000000
85038  -47.638  36.659  34.467 0.0000000000
85025  -47.861  37.176  35.301 0.0000000000
85696  -48.849  37.645  35.592 0.0000000000
110972  -49.995  38.165  36.000 0.0000000000
86334  -51.072  38.191  37.347 0.0000000000
86321  -51.029  38.093  38.073 0.0000000000
85016  -51.581  37.267  36.281 0.0000000000
85027  -51.569  36.940  36.382 0.0000000000
85705  -51.776  37.230  35.508 0.0000000000
84359  -49.882  36.379  28.733 0.0000000000
84375  -50.573  36.122  27.684 0.0000000000
83806  -50.733  35.858  27.648 0.0000000000
83794  -51.513  35.308  28.165 0.0000000000
83792  -49.573  34.852  27.571 0.0000000000
83791  -48.358  34.421  28.139 0.0000000000
131053  -48.236  34.606  27.262 0.0000000000
83831  -43.491  34.753  23.551 0.0000000000
83266  -43.997  33.907  24.458 0.0000000000
83822  -42.717  34.114  24.873 0.0000000000
125204  -41.856  39.242  25.485 0.0000000000
86384  -42.277  38.783  24.158 0.0000000000
87003  -42.108  39.073  23.375 0.0000000000
87554  -41.985  39.171  23.191 0.0000000000
87001  -39.181  40.243  24.678 0.0000000000
130615  -38.697  38.878  26.870 0.0000000000
86372  -38.369  38.549  28.326 0.0000000000
85733  -37.907  37.967  29.672 0.0000000000
86364  -37.990  38.677  29.049 0.0000000000
88744  -36.433  42.717  28.122 0.0000000000
88132  -36.200  42.161  28.598 0.0000000000
115501  -35.484  41.793  30.583 0.0000000000
88114  -35.413  41.453  31.271 0.0000000000
88725  -34.792  42.989  30.421 0.0000000000
80451  -41.676  29.294  43.867 0.0000000000
81174  -41.850  29.978  43.211 0.0000000000
81845  -41.686  31.516  42.776 0.0000000000
83707  -42.377  33.978  42.743 0.0000000000
129807  -40.290  35.672  34.954 0.0000000000
129770  -39.265  36.578  33.580 0.0000000000
85046  -39.081  36.979  33.063 0.0000000000
86352  -38.785  38.759  32.446 0.0000000000
85716  -39.368  37.404  32.214 0.0000000000
86361  -39.696  38.791  30.813 0.0000000000
86971  -39.964  39.338  30.188 0.0000000000
87516  -40.512  40.908  30.174 0.0000000000
88116  -40.932  41.629  31.347 0.0000000000
88126  -43.158  41.732  30.419 0.0000000000
88728  -44.506  42.149  30.211 0.0000000000
128513  -45.736  42.475  29.924 0.0000000000
78123  -47.043  26.933  29.979 0.0000000000
83667  -37.728  34.389  50.858 0.0000000000
83668  -38.727  34.440  50.780 0.0000000000
126633  -38.293  34.430  51.432 0.0000000000
83659  -38.988  34.490  51.506 0.0000000000
83654  -40.087  34.773  52.125 0.0000000000
110965  -38.803  34.536  53.184 0.0000000000
83655  -40.958  35.021  52.186 0.0000000000
79655  -46.748  28.436  47.178 0.0000000000
78842  -46.147  27.916  46.770 0.0000000000
130361  -44.932  27.375  47.534 0.0000000000
78001  -43.022  26.686  47.372 0.0000000000
117151  -40.738  26.706  47.594 0.0000000000
77114  -36.179  25.737  53.506 0.0000000000
77129  -36.821  26.114  52.958 0.0000000000
77128  -35.878  25.874  52.613 0.0000000000
80397  -33.331  29.484  49.566 0.0000000000
81135  -33.094  30.237  49.738 0.0000000000
81127  -33.025  31.072  50.053 0.0000000000
81893  -46.146  30.857  38.296 0.0000000000
81903  -46.436  31.172  37.604 0.0000000000
81904  -47.078  30.719  37.189 0.0000000000
81266  -50.693  29.781  35.230 0.0000000000
81271  -50.582  30.571  34.760 0.0000000000
81931  -50.496  31.332  34.477 0.0000000000
82518  -50.923  31.884  34.141 0.0000000000
82519  -51.528  32.619  33.902 0.0000000000
82536  -52.262  32.492  33.375 0.0000000000
83172  -52.609  33.346  33.009 0.0000000000
84220  -44.427  35.667  46.789 0.0000000000
85595  -47.971  38.678  45.367 0.0000000000
85608  -46.947  37.839  44.352 0.0000000000
85619  -48.982  38.539  42.796 0.0000000000
85620  -49.886  38.817  42.339 0.0000000000
129192  -44.810  35.563  34.212 0.0000000000
84297  -45.331  35.764  34.701 0.0000000000
84313  -45.409  35.625  33.773 0.0000000000
84314  -46.342  35.891  33.700 0.0000000000
116894  -45.300  35.533  32.171 0.0000000000
129949  -46.462  35.850  33.102 0.0000000000
85048  -47.051  36.232  33.922 0.0000000000
85049  -47.721  36.408  33.586 0.0000000000
85050  -48.552  36.604  33.122 0.0000000000
110660  -49.474  36.775  32.572 0.0000000000
110109  -48.235  36.206  28.433 0.0000000000
110603  -48.978  36.350  28.615 0.0000000000
84373  -49.169  36.425  27.261 0.0000000000
84388  -49.044  36.253  26.183 0.0000000000
83826  -48.738  36.224  25.345 0.0000000000
83835  -47.226  35.548  24.743 0.0000000000
83844  -46.213  35.105  23.918 0.0000000000
83843  -45.683  35.211  23.563 0.0000000000
84415  -45.336  35.287  23.744 0.0000000000
83841  -44.174  35.245  23.089 0.0000000000
130153  -43.210  35.536  23.077 0.0000000000
84412  -42.253  35.693  23.760 0.0000000000
88160  -41.690  41.534  25.304 0.0000000000
88159  -40.043  41.385  25.420 0.0000000000
88760  -40.555  42.305  26.903 0.0000000000
88149  -38.317  41.300  26.343 0.0000000000
87531  -37.955  41.086  26.463 0.0000000000
87530  -37.552  40.865  27.242 0.0000000000
89390  -36.225  43.395  28.262 0.0000000000
90015  -36.376  44.128  28.538 0.0000000000
81189  -47.274  30.513  41.805 0.0000000000
81205  -43.229  30.688  41.507 0.0000000000
81855  -42.713  31.501  41.443 0.0000000000
81216  -43.868  30.677  40.961 0.0000000000
81228  -44.861  30.894  39.899 0.0000000000
81880  -45.231  31.150  39.290 0.0000000000
82468  -45.422  32.307  38.374 0.0000000000
83130  -45.537  33.199  38.090 0.0000000000
83131  -46.105  33.854  37.701 0.0000000000
83732  -46.717  34.588  37.565 0.0000000000
86270  -45.406  38.857  42.626 0.0000000000
86279  -45.406  38.641  41.620 0.0000000000
86295  -45.014  38.116  40.019 0.0000000000
85659  -44.652  37.503  38.631 0.0000000000
84974  -44.092  37.097  38.078 0.0000000000
85673  -44.877  37.248  37.850 0.0000000000
84993  -44.332  36.795  37.352 0.0000000000
85010  -44.495  36.381  36.514 0.0000000000
84295  -43.791  35.541  34.810 0.0000000000
84293  -40.723  35.598  34.587 0.0000000000
84294  -41.556  35.517  34.357 0.0000000000
111830  -42.218  35.512  34.611 0.0000000000
113942  -42.976  35.511  34.703 0.0000000000
111490  -43.433  35.464  34.060 0.0000000000
114287  -44.167  35.500  34.176 0.0000000000
84311  -43.888  35.480  33.594 0.0000000000
84326  -43.605  35.486  32.332 0.0000000000
126843  -42.454  35.500  31.789 0.0000000000
113419  -42.551  35.503  31.002 0.0000000000
111120  -43.451  35.482  30.923 0.0000000000
110315  -43.054  35.489  30.238 0.0000000000
84383  -42.630  35.682  27.868 0.0000000000
84382  -42.108  35.969  27.722 0.0000000000
85748  -41.333  37.990  27.322 0.0000000000
86378  -41.649  38.472  26.070 0.0000000000
86996  -42.063  40.080  25.648 0.0000000000
127498  -40.453  40.077  29.037 0.0000000000
87525  -41.017  40.291  28.276 0.0000000000
88135  -42.312  41.226  28.857 0.0000000000
87526  -42.120  40.756  27.136 0.0000000000
87533  -42.999  41.502  25.823 0.0000000000
128344  -42.635  42.542  27.017 0.0000000000
118440  -44.144  42.503  27.137 0.0000000000
88750  -43.060  42.811  27.725 0.0000000000
88736  -42.046  43.235  28.765 0.0000000000
82421  -39.354  32.501  46.542 0.0000000000
82417  -39.957  33.105  46.888 0.0000000000
129833  -39.655  33.743  48.080 0.0000000000
83088  -40.291  33.644  47.643 0.0000000000
115162  -41.150  33.814  47.505 0.0000000000
83692  -42.336  34.270  47.554 0.0000000000
83693  -43.077  34.631  47.689 0.0000000000
126629  -39.461  34.451  50.441 0.0000000000
111611  -40.173  34.463  50.185 0.0000000000
83679  -41.024  34.502  49.883 0.0000000000
83670  -41.573  34.761  50.558 0.0000000000
83680  -41.898  34.680  49.862 0.0000000000
128232  -41.553  34.496  49.338 0.0000000000
126045  -43.282  34.874  48.375 0.0000000000
84866  -45.304  36.210  47.469 0.0000000000
84867  -46.569  37.017  47.802 0.0000000000
130511  -47.113  37.225  48.886 0.0000000000
84882  -47.668  38.037  47.672 0.0000000000
124920  -48.397  39.417  46.986 0.0000000000
86879  -47.184  40.024  45.795 0.0000000000
84827  -47.389  37.374  51.324 0.0000000000
86227  -45.491  38.637  47.696 0.0000000000
86228  -47.231  39.155  48.283 0.0000000000
115759  -46.389  39.483  46.516 0.0000000000
130623  -46.166  39.621  45.201 0.0000000000
86261  -45.324  39.075  43.647 0.0000000000
111486  -44.679  38.477  42.105 0.0000000000
85626  -44.037  37.917  41.100 0.0000000000
85634  -43.469  37.510  40.587 0.0000000000
85645  -42.843  37.088  40.061 0.0000000000
125952  -42.417  36.599  38.623 0.0000000000
84972  -41.913  36.299  38.087 0.0000000000
84991  -41.471  36.044  37.520 0.0000000000
84266  -40.386  35.703  36.123 0.0000000000
85007  -40.116  35.766  36.958 0.0000000000
79702  -49.399  29.322  42.139 0.0000000000
81177  -50.813  31.288  43.842 0.0000000000
81842  -50.521  31.483  43.738 0.0000000000
81170  -49.209  31.267  44.593 0.0000000000
81833  -49.739  31.564  43.784 0.0000000000
81841  -50.117  31.495  43.218 0.0000000000
81840  -49.301  31.424  43.145 0.0000000000
130854  -46.496  29.634  43.265 0.0000000000
79690  -44.279  28.458  43.483 0.0000000000
79689  -43.465  28.607  43.391 0.0000000000
78851  -44.270  27.263  45.228 0.0000000000
78850  -43.476  27.190  45.093 0.0000000000
78861  -43.104  27.703  44.424 0.0000000000
79672  -42.569  28.280  44.107 0.0000000000
79687  -42.249  28.800  43.814 0.0000000000
80437  -40.587  29.476  44.716 0.0000000000
129712  -40.152  30.035  44.919 0.0000000000
111662  -39.637  30.113  45.339 0.0000000000
81155  -38.792  30.974  46.105 0.0000000000
79619  -44.762  28.369  50.978 0.0000000000
78742  -41.223  27.638  55.398 0.0000000000
77911  -38.637  26.482  54.307 0.0000000000
125580  -39.166  26.655  53.631 0.0000000000
78762  -40.810  27.359  54.140 0.0000000000
78753  -42.195  27.974  54.404 0.0000000000
78764  -42.371  27.970  53.684 0.0000000000
78765  -42.945  28.076  53.143 0.0000000000
129066  -43.236  28.111  52.397 0.0000000000
78776  -41.772  27.611  52.289 0.0000000000
78777  -42.568  27.855  52.334 0.0000000000
78791  -44.006  28.177  51.243 0.0000000000
77983  -41.729  26.957  49.295 0.0000000000
131693  -41.850  26.776  48.674 0.0000000000
77979  -38.749  27.263  49.947 0.0000000000
78809  -38.417  27.431  49.098 0.0000000000
78819  -39.117  27.306  48.556 0.0000000000
78828  -39.412  27.213  47.857 0.0000000000
78829  -39.737  27.131  47.100 0.0000000000
131072  -38.704  31.448  46.333 0.0000000000
82420  -38.659  31.925  46.566 0.0000000000
117583  -37.792  32.943  47.348 0.0000000000
128551  -37.033  32.907  47.527 0.0000000000
83085  -37.259  33.338  47.952 0.0000000000
116338  -37.171  33.902  49.494 0.0000000000
81141  -34.931  30.997  48.340 0.0000000000
81800  -34.705  31.602  48.598 0.0000000000
83062  -36.789  34.130  50.412 0.0000000000
83666  -36.855  34.251  51.385 0.0000000000
83657  -36.866  34.065  52.262 0.0000000000
130139  -35.329  33.385  52.201 0.0000000000
83050  -36.404  33.620  53.257 0.0000000000
83051  -36.731  33.612  54.033 0.0000000000
75624  -46.787  23.523  35.970 0.0000000000
76404  -45.881  24.197  36.956 0.0000000000
76411  -46.259  24.110  36.216 0.0000000000
123727  -46.466  25.875  34.586 0.0000000000
123767  -49.139  29.630  40.302 0.0000000000
79713  -49.128  29.050  40.127 0.0000000000
80508  -47.754  30.003  38.433 0.0000000000
80516  -49.397  29.204  37.774 0.0000000000
79726  -49.270  28.443  38.538 0.0000000000
117084  -48.856  27.943  38.628 0.0000000000
78075  -47.492  27.129  37.883 0.0000000000
78924  -47.811  27.404  36.291 0.0000000000
78089  -46.922  26.759  35.943 0.0000000000
78107  -47.362  26.508  32.565 0.0000000000
78960  -47.993  27.050  32.236 0.0000000000
78972  -48.572  27.869  30.352 0.0000000000
80534  -50.973  29.420  34.839 0.0000000000
79757  -50.993  28.857  33.158 0.0000000000
127084  -51.813  29.660  32.756 0.0000000000
80549  -51.403  29.165  32.468 0.0000000000
79772  -50.857  28.794  32.206 0.0000000000
79771  -50.218  28.567  31.319 0.0000000000
78973  -49.366  28.433  30.336 0.0000000000
78981  -48.483  28.410  29.785 0.0000000000
79778  -49.277  28.852  29.641 0.0000000000
80558  -49.293  29.134  29.607 0.0000000000
81298  -49.356  29.647  29.977 0.0000000000
81299  -50.724  30.523  29.987 0.0000000000
81292  -49.914  30.554  30.181 0.0000000000
81948  -49.319  31.653  31.124 0.0000000000
82422  -40.777  32.658  45.559 0.0000000000
83100  -41.624  33.076  44.561 0.0000000000
83105  -42.130  33.672  43.568 0.0000000000
83708  -43.003  34.667  42.378 0.0000000000
84222  -43.742  35.364  45.929 0.0000000000
84225  -43.629  35.426  45.034 0.0000000000
84228  -43.381  35.293  44.022 0.0000000000
84909  -44.820  36.460  43.583 0.0000000000
84229  -44.067  35.878  43.729 0.0000000000
84231  -43.500  35.333  43.028 0.0000000000
83712  -43.891  35.120  41.247 0.0000000000
83716  -44.191  34.801  40.472 0.0000000000
125599  -45.461  36.111  40.681 0.0000000000
84242  -45.577  35.703  39.901 0.0000000000
84245  -45.694  35.167  39.285 0.0000000000
84246  -46.422  35.400  38.730 0.0000000000
84256  -46.802  35.206  38.078 0.0000000000
84257  -47.539  35.468  37.646 0.0000000000
86271  -46.509  39.283  42.358 0.0000000000
86905  -47.865  39.633  42.274 0.0000000000
86281  -47.957  39.444  41.288 0.0000000000
86906  -49.178  39.828  42.235 0.0000000000
86907  -49.980  39.541  42.062 0.0000000000
86282  -50.178  39.197  42.234 0.0000000000
85629  -50.421  38.954  41.743 0.0000000000
85012  -46.173  36.785  36.111 0.0000000000
85685  -46.659  37.330  36.632 0.0000000000
125657  -48.112  38.431  38.031 0.0000000000
111320  -48.126  37.583  36.076 0.0000000000
85675  -47.896  38.155  37.312 0.0000000000
86306  -49.016  38.913  38.700 0.0000000000
85630  -50.631  39.043  41.185 0.0000000000
85638  -50.182  38.463  40.858 0.0000000000
85649  -49.201  37.596  40.163 0.0000000000
84963  -49.351  37.397  39.355 0.0000000000
84977  -49.472  37.092  38.585 0.0000000000
84976  -48.224  36.739  38.816 0.0000000000
84995  -48.381  36.375  38.098 0.0000000000
84258  -48.553  36.019  37.421 0.0000000000
84271  -47.941  35.305  37.047 0.0000000000
117649  -49.671  35.304  35.578 0.0000000000
84286  -51.480  36.434  35.598 0.0000000000
116518  -52.385  34.120  33.412 0.0000000000
83761  -52.747  34.517  32.669 0.0000000000
85051  -50.670  37.275  32.981 0.0000000000
85062  -51.550  36.981  32.425 0.0000000000
85075  -50.862  36.135  30.190 0.0000000000
85076  -51.608  35.999  30.546 0.0000000000
85071  -51.928  36.469  31.770 0.0000000000
84331  -52.411  36.053  32.047 0.0000000000
83766  -52.791  34.431  31.636 0.0000000000
83202  -52.826  33.574  30.834 0.0000000000
83221  -52.496  33.924  29.821 0.0000000000
83220  -52.261  33.526  29.246 0.0000000000
82584  -52.004  33.399  29.022 0.0000000000
83219  -51.215  33.412  29.293 0.0000000000
131259  -50.230  33.063  30.155 0.0000000000
83812  -46.563  34.493  25.784 0.0000000000
83259  -43.787  33.434  25.756 0.0000000000
83252  -44.486  33.519  26.496 0.0000000000
85100  -42.698  36.525  24.333 0.0000000000
85754  -42.309  37.700  23.973 0.0000000000
85099  -42.312  36.936  23.223 0.0000000000
84411  -42.188  36.843  23.183 0.0000000000
115706  -41.412  36.373  23.999 0.0000000000
87546  -41.337  40.397  24.062 0.0000000000
87008  -40.617  39.242  23.256 0.0000000000
87002  -39.499  39.550  24.163 0.0000000000
85098  -40.468  36.866  24.940 0.0000000000
121079  -39.656  35.962  27.288 0.0000000000
85087  -39.271  35.943  28.229 0.0000000000
131497  -38.965  35.952  28.904 0.0000000000
85720  -37.381  37.355  30.890 0.0000000000
87524  -37.141  40.899  28.161 0.0000000000
87514  -37.126  40.384  29.058 0.0000000000
87513  -36.619  40.619  29.968 0.0000000000
88105  -35.275  41.108  32.088 0.0000000000
88721  -46.631  42.807  30.026 0.0000000000
89370  -43.737  43.559  29.948 0.0000000000
119487  -42.473  43.723  30.696 0.0000000000
89369  -41.538  43.708  30.464 0.0000000000
116742  -41.453  44.338  31.765 0.0000000000
89354  -40.959  44.046  31.056 0.0000000000
90005  -39.339  44.249  30.525 0.0000000000
90004  -38.502  44.566  30.487 0.0000000000
125871  -36.347  44.732  29.090 0.0000000000
81279  -52.057  30.240  33.110 0.0000000000
82576  -52.259  32.638  29.558 0.0000000000
83090  -42.136  33.934  46.778 0.0000000000
83148  -48.540  33.884  35.680 0.0000000000
83265  -43.327  33.774  24.911 0.0000000000
83267  -44.671  34.297  24.317 0.0000000000
83268  -45.420  34.420  24.608 0.0000000000
83677  -38.225  34.360  50.246 0.0000000000
83745  -49.053  34.658  35.656 0.0000000000
83783  -52.458  34.816  29.470 0.0000000000
83816  -49.640  36.102  26.500 0.0000000000
83825  -48.177  36.051  25.006 0.0000000000
83832  -45.309  34.792  23.632 0.0000000000
83834  -46.673  35.196  24.340 0.0000000000
83840  -43.529  35.453  23.147 0.0000000000
83842  -44.912  35.215  23.220 0.0000000000
84196  -45.208  36.000  51.021 0.0000000000
84267  -41.245  35.677  36.104 0.0000000000
84282  -44.270  35.823  35.607 0.0000000000
84292  -39.959  35.818  34.565 0.0000000000
84296  -44.568  35.606  34.817 0.0000000000
84298  -45.949  35.891  34.321 0.0000000000
84312  -44.547  35.509  33.603 0.0000000000
84315  -46.970  36.084  33.251 0.0000000000
84349  -52.509  35.313  31.305 0.0000000000
84378  -52.316  35.256  29.193 0.0000000000
84397  -48.745  36.092  25.298 0.0000000000
84407  -46.216  35.546  24.595 0.0000000000
84417  -46.615  35.323  24.378 0.0000000000
84818  -47.342  37.145  52.289 0.0000000000
84998  -51.169  37.834  37.603 0.0000000000
85008  -42.535  35.999  36.754 0.0000000000
85009  -43.175  36.096  36.693 0.0000000000
85011  -45.377  36.571  36.353 0.0000000000
85026  -48.630  37.265  34.792 0.0000000000
85028  -51.881  37.005  35.691 0.0000000000
85041  -52.020  36.999  34.943 0.0000000000
85069  -50.316  36.484  31.045 0.0000000000
85538  -47.566  37.795  50.907 0.0000000000
85556  -48.054  38.424  49.360 0.0000000000
85570  -48.390  39.245  47.574 0.0000000000
85615  -42.337  37.436  42.597 0.0000000000
85623  -41.805  37.051  42.088 0.0000000000
85676  -50.986  37.964  38.382 0.0000000000
85689  -51.319  37.787  36.864 0.0000000000
85695  -47.095  37.102  35.878 0.0000000000
85698  -51.386  37.683  36.064 0.0000000000
86215  -47.845  38.449  49.631 0.0000000000
86220  -46.007  38.570  48.635 0.0000000000
86229  -48.195  39.267  48.001 0.0000000000
86240  -48.451  39.514  46.235 0.0000000000
86247  -44.880  38.837  45.847 0.0000000000
86248  -45.867  39.452  45.677 0.0000000000
86255  -45.798  39.437  44.561 0.0000000000
86259  -43.616  38.300  43.544 0.0000000000
86263  -49.137  39.883  43.858 0.0000000000
86273  -50.013  39.389  42.405 0.0000000000
86277  -43.937  38.060  42.016 0.0000000000
86283  -50.420  39.131  41.739 0.0000000000
86286  -44.783  38.223  40.844 0.0000000000
86290  -49.226  39.381  40.179 0.0000000000
86291  -50.673  39.073  40.940 0.0000000000
86308  -50.746  38.386  38.834 0.0000000000
86319  -49.292  38.580  37.786 0.0000000000
86871  -48.294  39.762  46.445 0.0000000000
86889  -48.279  40.248  45.432 0.0000000000
86899  -47.816  39.853  43.164 0.0000000000
86900  -49.115  40.129  43.141 0.0000000000
87009  -41.628  39.001  22.950 0.0000000000
87553  -41.510  39.655  23.432 0.0000000000
88122  -35.694  41.823  29.978 0.0000000000
88153  -44.434  42.180  26.356 0.0000000000
88158  -38.994  41.089  25.765 0.0000000000
88163  -44.298  42.198  26.117 0.0000000000
88739  -45.782  42.630  28.502 0.0000000000
111235  -47.075  37.767  37.102 0.0000000000
112427  -45.161  35.009  39.676 0.0000000000
113400  -46.423  37.597  37.319 0.0000000000
116364  -41.480  36.498  40.070 0.0000000000
125553  -40.783  36.512  29.933 0.0000000000
126715  -50.333  39.327  41.362 0.0000000000
127642  -52.070  34.159  28.756 0.0000000000
127912  -46.420  26.811  29.985 0.0000000000
128549  -45.283  35.234  23.454 0.0000000000
129096  -42.066  35.494  34.149 0.0000000000
129491  -40.871  31.423  44.102 0.0000000000
129644  -43.552  34.924  47.971 0.0000000000
130485  -48.829  38.155  42.036 0.0000000000
131016  -38.609  38.014  28.333 0.0000000000
131057  -36.633  43.687  28.284 0.0000000000
131609  -51.743  29.794  33.474 0.0000000000
131640  -52.481  31.509  30.298 0.0000000000
