#!ascii label  , from subject sub-v1s19x0051295_ses-1 vox2ras=TkReg
1117
51292  59.322  3.636  62.629 0.0000000000
46401  50.671  0.405  73.875 0.0000000000
38333  44.603  -8.584  77.670 0.0000000000
34796  41.489  -12.867  82.381 0.0000000000
41095  51.497  -4.027  80.794 0.0000000000
40232  47.268  -6.721  71.501 0.0000000000
123084  59.629  -4.250  65.255 0.0000000000
57861  59.455  9.688  70.830 0.0000000000
42474  55.657  -4.359  68.934 0.0000000000
43539  54.199  -3.368  70.980 0.0000000000
45499  48.159  -1.651  67.034 0.0000000000
38290  46.738  -8.415  81.828 0.0000000000
37405  42.902  -9.624  80.541 0.0000000000
116147  45.653  -10.405  85.434 0.0000000000
39230  48.261  -7.450  78.169 0.0000000000
42583  53.954  -4.420  63.260 0.0000000000
114844  50.448  1.902  75.951 0.0000000000
50032  54.342  3.899  73.757 0.0000000000
47452  55.950  2.027  73.477 0.0000000000
46434  51.611  -0.152  70.342 0.0000000000
44535  51.671  -2.332  68.420 0.0000000000
45465  48.121  -1.052  70.076 0.0000000000
37493  43.906  -9.399  71.212 0.0000000000
39325  44.198  -7.208  67.954 0.0000000000
53728  58.920  5.337  67.099 0.0000000000
54806  62.006  5.544  70.674 0.0000000000
37455  42.564  -9.040  74.782 0.0000000000
36601  40.156  -10.048  77.348 0.0000000000
44454  51.485  -2.005  77.368 0.0000000000
43509  47.943  -3.804  73.314 0.0000000000
125908  49.663  -6.575  75.181 0.0000000000
38368  46.314  -8.392  74.588 0.0000000000
45581  58.390  -1.606  60.541 0.0000000000
34751  44.274  -12.771  86.571 0.0000000000
117819  42.267  -16.815  83.976 0.0000000000
52520  56.375  5.108  65.157 0.0000000000
48890  56.401  1.345  62.373 0.0000000000
43663  56.973  -2.685  63.082 0.0000000000
41339  57.459  -5.964  67.311 0.0000000000
40221  58.373  -5.736  72.624 0.0000000000
46444  54.884  -0.328  69.560 0.0000000000
43497  57.472  -2.611  74.650 0.0000000000
39275  56.215  -7.059  73.430 0.0000000000
41299  53.910  -5.975  69.446 0.0000000000
43541  46.264  -3.497  70.017 0.0000000000
39179  46.274  -7.099  83.282 0.0000000000
37384  46.242  -9.631  83.125 0.0000000000
39158  44.720  -6.785  86.162 0.0000000000
39192  47.321  -6.848  82.008 0.0000000000
47417  53.291  2.010  76.604 0.0000000000
48733  53.065  2.801  74.807 0.0000000000
48772  52.852  2.194  72.878 0.0000000000
47468  50.151  0.436  71.831 0.0000000000
120794  50.142  0.159  70.301 0.0000000000
46411  49.300  -0.178  72.214 0.0000000000
109066  42.351  -9.459  70.899 0.0000000000
37521  42.977  -9.436  69.264 0.0000000000
52530  59.267  4.475  64.771 0.0000000000
52508  60.555  4.392  66.813 0.0000000000
51275  60.656  3.936  63.675 0.0000000000
37446  43.454  -8.686  75.876 0.0000000000
110197  41.145  -9.355  76.093 0.0000000000
37432  42.240  -9.151  77.452 0.0000000000
35654  42.141  -11.229  81.731 0.0000000000
35668  40.905  -10.744  79.650 0.0000000000
34808  40.337  -12.647  81.349 0.0000000000
33062  40.022  -14.132  82.115 0.0000000000
45388  52.065  -0.388  79.215 0.0000000000
43476  52.142  -3.046  79.237 0.0000000000
42390  50.392  -4.539  76.341 0.0000000000
113558  50.693  -5.862  77.537 0.0000000000
111090  46.157  -8.294  78.019 0.0000000000
122800  47.465  -7.794  76.445 0.0000000000
38346  45.629  -8.434  76.183 0.0000000000
38371  44.134  -8.729  74.477 0.0000000000
43662  58.474  -3.176  63.072 0.0000000000
44639  58.961  -2.261  60.083 0.0000000000
42595  59.585  -4.618  62.474 0.0000000000
29137  42.746  -18.744  84.858 0.0000000000
45541  56.807  -1.143  62.562 0.0000000000
44609  55.843  -2.609  62.320 0.0000000000
42513  54.770  -4.834  66.552 0.0000000000
41377  55.703  -5.449  65.563 0.0000000000
41318  56.439  -5.791  68.427 0.0000000000
111491  57.960  -6.411  70.206 0.0000000000
41279  56.952  -5.576  70.702 0.0000000000
45451  54.616  -1.253  72.168 0.0000000000
46399  57.542  0.403  74.213 0.0000000000
43518  55.714  -3.140  73.745 0.0000000000
42411  56.436  -4.879  74.717 0.0000000000
42425  55.358  -4.708  72.774 0.0000000000
40231  55.149  -6.378  71.425 0.0000000000
42452  54.158  -4.147  70.452 0.0000000000
43574  51.630  -3.507  67.305 0.0000000000
42428  47.685  -5.216  72.539 0.0000000000
43530  46.964  -3.957  71.660 0.0000000000
41281  46.349  -5.397  70.647 0.0000000000
118784  44.264  -5.208  66.772 0.0000000000
59961  60.604  12.287  66.966 0.0000000000
120104  60.494  10.514  69.720 0.0000000000
38309  46.083  -8.638  80.089 0.0000000000
112537  43.322  -9.141  79.701 0.0000000000
112154  44.714  -9.422  81.080 0.0000000000
36558  44.793  -10.091  82.430 0.0000000000
35634  43.737  -11.655  83.499 0.0000000000
41082  49.554  -4.155  81.902 0.0000000000
116653  50.102  -5.997  79.724 0.0000000000
40146  49.108  -6.004  80.937 0.0000000000
38296  47.403  -7.990  80.348 0.0000000000
43684  54.138  -3.572  61.809 0.0000000000
43572  54.178  -2.966  67.204 0.0000000000
113465  54.475  2.731  73.122 0.0000000000
46421  53.557  0.504  71.697 0.0000000000
45463  53.353  -1.441  70.658 0.0000000000
43550  52.908  -3.083  69.290 0.0000000000
126211  51.412  -0.868  69.541 0.0000000000
45487  49.683  -1.032  68.323 0.0000000000
119696  47.845  -1.353  68.704 0.0000000000
38397  45.974  -8.543  71.372 0.0000000000
40240  45.597  -6.963  69.753 0.0000000000
38416  44.868  -8.639  69.596 0.0000000000
122078  58.526  6.858  69.724 0.0000000000
55780  60.705  7.125  71.366 0.0000000000
52492  61.169  4.518  69.903 0.0000000000
37413  41.872  -9.686  79.016 0.0000000000
47399  53.146  1.377  78.081 0.0000000000
45422  50.602  -0.650  75.252 0.0000000000
45434  48.915  -1.080  73.608 0.0000000000
44464  49.958  -2.433  75.515 0.0000000000
42402  48.968  -5.209  74.211 0.0000000000
40216  48.750  -6.826  73.577 0.0000000000
39245  49.670  -6.939  77.102 0.0000000000
39267  48.615  -7.462  74.509 0.0000000000
38387  47.188  -8.171  72.942 0.0000000000
37477  45.272  -8.838  72.541 0.0000000000
37479  43.356  -9.315  72.568 0.0000000000
48911  58.883  1.130  60.506 0.0000000000
50151  60.723  2.186  61.764 0.0000000000
47602  59.474  0.361  60.256 0.0000000000
35605  45.254  -11.660  86.388 0.0000000000
33916  44.050  -14.020  84.859 0.0000000000
33023  44.337  -15.893  85.863 0.0000000000
33051  41.525  -14.947  83.174 0.0000000000
54859  56.701  6.962  67.933 0.0000000000
53741  57.581  5.162  65.927 0.0000000000
51268  57.662  4.214  64.633 0.0000000000
50154  57.846  1.994  62.000 0.0000000000
125228  57.614  0.375  61.699 0.0000000000
44625  57.828  -1.879  62.374 0.0000000000
42557  58.391  -3.668  64.483 0.0000000000
42581  55.440  -4.440  63.377 0.0000000000
41391  57.067  -5.087  65.001 0.0000000000
41356  59.204  -4.944  66.876 0.0000000000
41317  60.203  -4.944  68.745 0.0000000000
41258  61.168  -5.111  71.731 0.0000000000
44532  55.273  -2.290  69.128 0.0000000000
123367  56.662  1.655  72.601 0.0000000000
45450  57.491  -0.484  72.279 0.0000000000
43517  57.298  -2.865  72.260 0.0000000000
42410  58.029  -3.936  74.764 0.0000000000
40204  57.943  -6.441  75.590 0.0000000000
42475  53.152  -4.563  68.802 0.0000000000
45443  47.868  -1.517  71.966 0.0000000000
44525  47.010  -1.960  69.750 0.0000000000
44538  46.623  -2.263  68.455 0.0000000000
41301  45.540  -5.186  69.439 0.0000000000
43577  45.597  -3.387  67.926 0.0000000000
110131  45.600  -6.618  84.310 0.0000000000
40088  44.448  -5.526  85.451 0.0000000000
111434  51.623  0.842  74.851 0.0000000000
47442  53.060  2.688  75.561 0.0000000000
47443  52.201  1.624  74.718 0.0000000000
116621  50.951  0.961  72.687 0.0000000000
47454  50.228  0.394  72.850 0.0000000000
46402  49.485  -0.293  73.149 0.0000000000
52541  59.079  4.300  63.971 0.0000000000
52540  59.908  4.397  64.223 0.0000000000
51291  60.198  3.629  62.683 0.0000000000
114974  44.362  -8.578  76.871 0.0000000000
37441  42.670  -8.892  76.561 0.0000000000
38334  43.810  -8.665  77.490 0.0000000000
34806  41.732  -12.009  82.096 0.0000000000
35655  41.358  -11.587  81.327 0.0000000000
34807  41.044  -12.361  81.664 0.0000000000
33947  40.109  -13.389  81.709 0.0000000000
33946  40.724  -13.121  82.040 0.0000000000
43456  50.830  -3.533  81.339 0.0000000000
43460  51.462  -2.885  80.929 0.0000000000
112273  52.223  -2.100  79.869 0.0000000000
42354  52.034  -3.739  79.609 0.0000000000
42369  51.665  -4.115  78.616 0.0000000000
41141  51.365  -5.123  79.188 0.0000000000
111724  45.425  -8.478  77.886 0.0000000000
38332  45.936  -8.364  77.179 0.0000000000
110247  45.124  -8.512  77.010 0.0000000000
38348  44.212  -8.585  76.107 0.0000000000
42578  58.888  -3.736  64.339 0.0000000000
120314  58.914  -3.864  62.054 0.0000000000
42577  59.482  -4.287  63.993 0.0000000000
46537  55.490  -0.029  61.362 0.0000000000
130915  55.669  -0.599  61.778 0.0000000000
45560  55.550  -1.331  61.685 0.0000000000
42492  54.891  -4.320  67.426 0.0000000000
42512  55.361  -5.189  67.191 0.0000000000
41319  55.853  -5.259  68.502 0.0000000000
40237  56.846  -5.941  69.951 0.0000000000
112842  56.520  -5.228  70.105 0.0000000000
44500  54.317  -2.502  71.499 0.0000000000
44490  55.574  -2.188  73.489 0.0000000000
43519  55.088  -3.166  72.810 0.0000000000
119075  55.349  -3.817  73.108 0.0000000000
42426  54.864  -4.009  72.273 0.0000000000
42439  54.830  -4.834  71.711 0.0000000000
41264  47.506  -5.904  71.977 0.0000000000
42441  47.178  -4.946  71.855 0.0000000000
129114  46.839  -6.447  71.109 0.0000000000
58879  60.309  11.269  69.678 0.0000000000
119429  60.163  9.756  71.014 0.0000000000
38298  46.146  -8.875  80.984 0.0000000000
38299  45.512  -8.933  80.472 0.0000000000
37393  46.084  -9.258  81.842 0.0000000000
37376  46.148  -9.466  83.919 0.0000000000
36545  45.620  -10.195  83.243 0.0000000000
36546  45.235  -10.704  84.009 0.0000000000
36552  43.976  -10.852  82.841 0.0000000000
35625  44.983  -11.431  84.657 0.0000000000
40125  48.688  -4.495  81.809 0.0000000000
40145  49.354  -4.919  81.578 0.0000000000
40126  48.234  -5.272  81.906 0.0000000000
39208  47.075  -7.762  81.825 0.0000000000
39207  47.675  -7.240  81.459 0.0000000000
38289  47.216  -8.104  81.196 0.0000000000
38308  46.816  -8.286  79.710 0.0000000000
50011  53.546  3.986  75.078 0.0000000000
51208  52.657  4.145  73.214 0.0000000000
127048  54.144  4.085  73.545 0.0000000000
50053  54.285  3.437  72.879 0.0000000000
48755  54.487  3.431  73.334 0.0000000000
47478  51.602  0.669  71.065 0.0000000000
47465  53.814  1.657  72.449 0.0000000000
47477  52.595  0.577  71.309 0.0000000000
46432  53.177  -0.663  70.856 0.0000000000
46433  52.564  -0.368  70.657 0.0000000000
45464  52.665  -1.319  70.156 0.0000000000
46446  52.031  -0.860  69.997 0.0000000000
126932  49.369  -0.141  70.412 0.0000000000
46448  49.685  -0.290  69.642 0.0000000000
46459  49.195  -0.616  68.958 0.0000000000
45488  48.706  -1.059  68.280 0.0000000000
45478  48.351  -0.923  69.177 0.0000000000
37504  45.352  -8.898  71.060 0.0000000000
38406  45.136  -8.806  70.312 0.0000000000
37519  44.462  -9.195  69.922 0.0000000000
53707  58.638  6.082  68.372 0.0000000000
53694  59.864  5.766  69.802 0.0000000000
52501  60.119  4.978  68.249 0.0000000000
52500  61.539  3.770  68.509 0.0000000000
37466  41.591  -9.353  73.773 0.0000000000
37456  41.735  -9.265  74.536 0.0000000000
109394  42.671  -9.212  78.817 0.0000000000
37412  42.376  -9.598  79.722 0.0000000000
34816  39.628  -11.822  79.870 0.0000000000
35669  40.018  -11.189  79.188 0.0000000000
45393  52.668  -0.469  78.801 0.0000000000
46357  52.933  0.404  78.737 0.0000000000
46363  52.996  0.235  78.414 0.0000000000
46377  52.984  0.950  76.927 0.0000000000
45404  51.551  -1.131  76.895 0.0000000000
45416  50.586  -1.397  75.858 0.0000000000
44463  50.648  -2.201  76.396 0.0000000000
41182  50.287  -5.615  76.040 0.0000000000
42401  49.508  -4.968  74.917 0.0000000000
41201  49.486  -5.983  74.610 0.0000000000
41223  48.958  -6.090  73.909 0.0000000000
40206  49.202  -6.677  74.357 0.0000000000
39228  49.621  -6.673  79.065 0.0000000000
39237  49.691  -6.821  78.067 0.0000000000
39238  48.997  -7.216  77.540 0.0000000000
38357  46.437  -8.288  75.486 0.0000000000
39256  48.006  -7.741  75.067 0.0000000000
38367  47.163  -8.085  74.814 0.0000000000
39278  47.818  -7.811  73.405 0.0000000000
38376  47.005  -8.195  73.862 0.0000000000
113072  45.971  -8.608  72.748 0.0000000000
38378  45.559  -8.645  73.439 0.0000000000
109198  43.322  -8.983  74.089 0.0000000000
37465  44.196  -8.889  73.663 0.0000000000
109222  42.860  -9.273  73.278 0.0000000000
47603  58.604  0.218  60.409 0.0000000000
112772  59.097  -0.353  60.074 0.0000000000
45606  59.730  -2.019  59.643 0.0000000000
34742  44.633  -12.313  86.602 0.0000000000
34759  45.224  -12.859  86.020 0.0000000000
33888  45.068  -13.539  86.095 0.0000000000
30919  43.629  -17.588  85.266 0.0000000000
31969  43.201  -16.643  84.675 0.0000000000
126597  43.266  -15.028  84.422 0.0000000000
31970  41.915  -15.971  83.570 0.0000000000
31982  40.838  -15.462  82.966 0.0000000000
31971  41.158  -16.482  83.368 0.0000000000
55842  57.075  7.555  68.293 0.0000000000
54873  55.744  6.759  67.059 0.0000000000
53742  56.628  5.510  65.845 0.0000000000
108480  58.050  4.589  65.271 0.0000000000
52519  57.216  4.748  65.263 0.0000000000
50141  56.602  2.186  62.650 0.0000000000
50140  57.273  2.351  62.719 0.0000000000
48889  57.109  1.633  62.453 0.0000000000
48901  57.613  1.181  61.830 0.0000000000
47565  57.234  0.606  62.165 0.0000000000
44608  56.758  -2.048  62.717 0.0000000000
111372  57.389  -1.657  62.578 0.0000000000
44607  57.626  -2.296  62.952 0.0000000000
44592  58.049  -2.800  63.479 0.0000000000
42579  57.937  -3.269  64.018 0.0000000000
43667  53.980  -4.124  62.477 0.0000000000
43666  54.736  -3.843  62.399 0.0000000000
42582  54.711  -4.756  63.779 0.0000000000
41359  56.786  -5.792  66.693 0.0000000000
41376  56.379  -5.453  65.419 0.0000000000
110597  56.988  -5.541  65.826 0.0000000000
41375  57.860  -4.998  65.661 0.0000000000
108393  58.212  -5.534  66.870 0.0000000000
41337  59.717  -5.056  67.768 0.0000000000
41338  58.498  -5.772  67.665 0.0000000000
40228  58.364  -6.180  71.402 0.0000000000
40236  59.553  -5.695  71.496 0.0000000000
40227  59.809  -5.563  72.515 0.0000000000
40212  59.327  -6.211  73.635 0.0000000000
45473  55.242  -1.209  69.485 0.0000000000
48754  55.826  2.256  73.215 0.0000000000
46418  56.051  2.149  72.591 0.0000000000
48753  56.379  2.046  73.461 0.0000000000
45432  57.531  -0.593  74.304 0.0000000000
46398  57.876  -0.004  74.103 0.0000000000
45439  58.004  -0.721  73.946 0.0000000000
44499  57.280  -1.815  72.085 0.0000000000
43516  57.709  -2.570  73.588 0.0000000000
42424  57.514  -3.752  72.809 0.0000000000
43505  57.716  -2.882  74.534 0.0000000000
41221  56.479  -5.837  74.658 0.0000000000
41181  57.349  -5.249  75.691 0.0000000000
40214  56.879  -6.431  74.969 0.0000000000
39264  57.885  -7.917  74.903 0.0000000000
39274  56.802  -7.322  74.210 0.0000000000
39282  56.386  -7.678  73.137 0.0000000000
40238  54.712  -6.556  70.688 0.0000000000
39290  55.093  -7.159  71.043 0.0000000000
44534  52.343  -2.719  68.779 0.0000000000
43560  53.159  -3.775  69.182 0.0000000000
43562  51.990  -3.106  68.077 0.0000000000
42494  52.041  -4.394  67.291 0.0000000000
124804  48.526  -1.991  73.705 0.0000000000
44492  48.194  -1.737  72.990 0.0000000000
45444  47.645  -2.428  72.522 0.0000000000
43531  46.591  -3.765  70.879 0.0000000000
44515  46.682  -2.895  70.567 0.0000000000
44526  46.591  -2.595  69.882 0.0000000000
126440  46.689  -2.266  69.290 0.0000000000
116745  46.233  -2.838  69.268 0.0000000000
40250  45.089  -6.988  69.163 0.0000000000
112168  45.310  -6.186  69.305 0.0000000000
40264  44.704  -6.479  68.533 0.0000000000
42495  45.172  -4.061  67.701 0.0000000000
43589  46.158  -2.749  66.676 0.0000000000
54807  61.473  5.957  71.215 0.0000000000
55826  60.734  7.972  69.763 0.0000000000
50136  61.401  2.367  62.447 0.0000000000
38277  46.651  -8.194  82.529 0.0000000000
37383  46.521  -9.015  82.376 0.0000000000
38265  46.375  -8.225  83.295 0.0000000000
38266  46.112  -8.574  83.932 0.0000000000
38253  45.833  -8.890  84.781 0.0000000000
39193  46.840  -7.003  82.469 0.0000000000
48696  53.131  2.410  76.704 0.0000000000
48712  51.810  2.911  75.852 0.0000000000
129392  53.189  3.098  75.771 0.0000000000
48732  53.103  3.418  75.419 0.0000000000
48756  53.959  3.500  74.347 0.0000000000
117559  54.259  3.372  73.609 0.0000000000
48757  52.224  1.892  73.366 0.0000000000
47467  51.312  1.157  72.169 0.0000000000
47479  50.712  0.610  71.121 0.0000000000
46435  50.878  0.241  70.431 0.0000000000
46436  49.856  0.282  70.929 0.0000000000
46422  49.266  -0.142  71.277 0.0000000000
46437  48.645  -0.577  70.677 0.0000000000
124732  43.250  -9.442  70.857 0.0000000000
37520  43.766  -9.386  69.566 0.0000000000
108898  42.232  -9.458  69.895 0.0000000000
52509  59.103  4.989  66.445 0.0000000000
52502  59.808  4.935  67.194 0.0000000000
52516  60.377  4.398  65.784 0.0000000000
128616  60.939  4.052  65.583 0.0000000000
37454  43.397  -8.791  75.027 0.0000000000
37448  41.855  -9.175  75.379 0.0000000000
37447  42.663  -8.898  75.625 0.0000000000
37442  41.736  -9.263  76.827 0.0000000000
37433  41.485  -9.476  77.667 0.0000000000
36572  42.664  -10.367  81.302 0.0000000000
124113  41.454  -10.639  80.251 0.0000000000
35663  41.724  -10.840  80.959 0.0000000000
34811  40.647  -11.903  80.961 0.0000000000
33948  39.553  -13.630  81.571 0.0000000000
44434  52.262  -1.292  79.263 0.0000000000
44442  52.115  -1.976  78.648 0.0000000000
111384  50.850  -2.808  76.821 0.0000000000
43477  51.564  -3.358  78.119 0.0000000000
41171  50.651  -5.345  77.007 0.0000000000
40186  50.384  -6.132  76.624 0.0000000000
38319  47.713  -7.723  78.687 0.0000000000
39239  48.092  -7.550  77.042 0.0000000000
38331  46.700  -8.066  77.535 0.0000000000
38345  46.654  -8.122  76.507 0.0000000000
38358  45.590  -8.494  75.164 0.0000000000
38369  45.531  -8.562  74.315 0.0000000000
38359  44.866  -8.550  75.637 0.0000000000
38360  44.158  -8.639  75.306 0.0000000000
44624  58.216  -2.435  61.827 0.0000000000
43698  58.409  -2.477  60.824 0.0000000000
114752  58.568  -3.248  61.285 0.0000000000
42626  59.121  -3.949  60.903 0.0000000000
29980  43.616  -18.065  85.423 0.0000000000
29992  43.018  -18.200  84.738 0.0000000000
30931  41.003  -17.392  83.545 0.0000000000
29151  41.543  -18.636  84.322 0.0000000000
47567  56.032  0.760  62.207 0.0000000000
47566  56.629  0.472  62.366 0.0000000000
46516  55.958  0.011  62.158 0.0000000000
45542  56.045  -1.665  62.312 0.0000000000
43664  56.317  -2.942  62.730 0.0000000000
42535  53.969  -4.539  65.129 0.0000000000
42561  55.127  -5.111  64.501 0.0000000000
41361  55.008  -5.249  65.746 0.0000000000
108307  56.035  -5.641  66.959 0.0000000000
41340  56.672  -5.936  67.625 0.0000000000
40269  57.623  -6.228  68.151 0.0000000000
40247  56.852  -6.157  69.149 0.0000000000
108774  57.524  -6.158  70.689 0.0000000000
40229  57.834  -5.973  71.597 0.0000000000
46419  55.013  0.604  72.822 0.0000000000
47451  56.663  1.712  73.690 0.0000000000
45441  55.975  -0.948  73.819 0.0000000000
44481  56.388  -1.531  74.150 0.0000000000
43506  57.086  -2.611  74.799 0.0000000000
119454  57.371  -3.523  75.121 0.0000000000
126131  56.409  -3.156  74.530 0.0000000000
120270  55.787  -5.016  73.664 0.0000000000
41246  55.615  -5.654  72.897 0.0000000000
40230  55.508  -6.379  72.243 0.0000000000
41262  55.247  -5.589  71.973 0.0000000000
41263  54.797  -5.675  71.134 0.0000000000
117516  54.133  -4.987  69.930 0.0000000000
44548  50.620  -2.250  67.438 0.0000000000
44547  51.342  -2.649  67.705 0.0000000000
43575  50.995  -2.917  67.021 0.0000000000
43587  50.685  -3.238  66.379 0.0000000000
42516  51.056  -3.944  66.108 0.0000000000
42414  47.998  -4.746  73.143 0.0000000000
44493  47.618  -3.241  72.802 0.0000000000
43520  47.465  -4.143  72.520 0.0000000000
42442  46.659  -4.722  71.156 0.0000000000
42453  46.257  -4.483  70.451 0.0000000000
40272  44.263  -6.295  67.678 0.0000000000
40282  43.938  -5.988  66.854 0.0000000000
59951  60.268  12.359  68.585 0.0000000000
119459  60.600  11.692  67.523 0.0000000000
58909  60.592  10.636  67.663 0.0000000000
38322  44.863  -8.642  78.589 0.0000000000
38323  44.011  -8.697  78.299 0.0000000000
38310  45.061  -8.787  79.676 0.0000000000
37411  44.222  -9.034  79.940 0.0000000000
37404  43.923  -9.384  80.643 0.0000000000
128301  46.257  -9.410  82.512 0.0000000000
37395  44.250  -9.684  81.520 0.0000000000
36559  43.636  -10.198  81.962 0.0000000000
36560  42.968  -10.922  82.231 0.0000000000
35644  43.226  -11.469  82.835 0.0000000000
34795  43.040  -12.259  83.249 0.0000000000
41096  50.807  -4.358  81.151 0.0000000000
41118  51.208  -4.786  80.195 0.0000000000
41097  50.084  -4.611  81.442 0.0000000000
40160  49.437  -6.433  80.012 0.0000000000
39222  48.751  -7.019  80.210 0.0000000000
39206  48.352  -6.499  81.222 0.0000000000
128945  48.308  -7.245  80.566 0.0000000000
119455  48.360  -7.447  79.243 0.0000000000
38307  47.558  -7.856  79.488 0.0000000000
38321  45.920  -8.477  78.935 0.0000000000
109341  60.276  -4.459  66.065 0.0000000000
41374  60.397  -4.700  65.112 0.0000000000
45561  54.788  -1.721  60.966 0.0000000000
42562  53.928  -4.587  64.118 0.0000000000
42514  53.935  -4.100  66.095 0.0000000000
43584  54.277  -3.884  66.871 0.0000000000
43571  54.626  -3.329  67.654 0.0000000000
110412  54.599  2.885  72.710 0.0000000000
47463  55.314  2.114  73.247 0.0000000000
48771  54.155  2.529  73.007 0.0000000000
47464  54.658  2.125  72.955 0.0000000000
46420  54.429  0.999  72.451 0.0000000000
45452  53.957  -0.482  71.568 0.0000000000
44501  53.914  -1.806  71.108 0.0000000000
44512  53.472  -2.167  70.493 0.0000000000
44522  53.287  -2.724  69.997 0.0000000000
44513  53.084  -1.989  70.134 0.0000000000
44523  52.632  -2.193  69.528 0.0000000000
45476  51.366  -1.527  68.852 0.0000000000
46447  50.629  -0.333  69.720 0.0000000000
45477  50.814  -0.900  69.079 0.0000000000
45486  50.528  -1.265  68.513 0.0000000000
45496  50.209  -1.596  67.843 0.0000000000
45497  49.394  -1.395  67.674 0.0000000000
45498  48.674  -1.402  67.573 0.0000000000
39292  46.944  -7.674  71.419 0.0000000000
40233  46.707  -6.994  70.963 0.0000000000
39299  45.795  -7.720  70.151 0.0000000000
39308  45.190  -7.823  69.441 0.0000000000
39317  44.645  -7.516  68.694 0.0000000000
37538  44.285  -9.073  69.138 0.0000000000
37539  44.018  -8.803  68.439 0.0000000000
55813  58.687  8.090  70.782 0.0000000000
56855  59.811  8.317  71.434 0.0000000000
54808  60.049  6.644  71.338 0.0000000000
53680  60.743  5.960  71.462 0.0000000000
52475  61.842  4.597  70.773 0.0000000000
112721  60.955  4.407  68.871 0.0000000000
52491  61.687  3.829  69.516 0.0000000000
37422  43.249  -8.834  78.127 0.0000000000
37423  42.019  -9.387  78.244 0.0000000000
37434  40.757  -9.856  77.894 0.0000000000
123585  41.286  -10.170  79.089 0.0000000000
36591  40.645  -10.433  78.666 0.0000000000
48685  52.300  2.122  77.419 0.0000000000
47406  53.166  1.798  77.391 0.0000000000
47418  51.948  0.659  75.722 0.0000000000
46389  50.617  -0.088  74.596 0.0000000000
127473  49.777  -0.428  73.892 0.0000000000
46390  49.680  -0.945  74.423 0.0000000000
45424  49.048  -1.782  74.304 0.0000000000
43498  49.037  -3.398  74.575 0.0000000000
43490  50.259  -3.327  76.049 0.0000000000
121521  49.372  -4.035  74.898 0.0000000000
43508  48.478  -4.483  73.766 0.0000000000
42413  48.522  -5.368  73.539 0.0000000000
41248  48.037  -6.065  72.617 0.0000000000
125853  48.041  -7.163  72.537 0.0000000000
40178  50.828  -5.797  78.400 0.0000000000
40179  50.287  -6.437  77.494 0.0000000000
40187  49.888  -6.712  76.224 0.0000000000
39246  48.148  -7.640  75.960 0.0000000000
39255  48.831  -7.426  75.311 0.0000000000
39266  49.246  -7.101  74.759 0.0000000000
39277  48.474  -7.436  73.773 0.0000000000
39284  48.325  -7.306  73.060 0.0000000000
38395  47.200  -8.038  72.160 0.0000000000
38396  46.575  -8.289  71.734 0.0000000000
37491  45.485  -8.827  71.740 0.0000000000
37492  44.720  -9.168  71.714 0.0000000000
38379  44.838  -8.834  73.293 0.0000000000
37478  44.304  -9.138  72.744 0.0000000000
112498  43.860  -9.307  71.976 0.0000000000
127566  43.032  -9.405  71.676 0.0000000000
50153  58.644  2.365  61.578 0.0000000000
50138  59.739  3.150  62.022 0.0000000000
48899  59.176  1.918  60.944 0.0000000000
45580  59.167  -1.246  59.885 0.0000000000
46559  59.960  -0.504  59.892 0.0000000000
42576  60.072  -4.903  63.710 0.0000000000
40076  44.268  -5.856  86.260 0.0000000000
38222  44.653  -7.712  86.337 0.0000000000
37345  45.097  -8.809  86.371 0.0000000000
111843  44.872  -10.238  86.846 0.0000000000
35614  45.444  -11.451  85.782 0.0000000000
35624  45.237  -11.628  85.360 0.0000000000
121286  43.691  -12.384  84.024 0.0000000000
34785  42.723  -13.037  83.413 0.0000000000
33002  44.682  -14.820  86.156 0.0000000000
33022  44.232  -15.120  85.411 0.0000000000
33917  43.100  -14.007  84.085 0.0000000000
33932  42.108  -13.418  83.128 0.0000000000
33052  40.675  -14.567  82.521 0.0000000000
56886  58.536  9.267  69.709 0.0000000000
55814  58.134  7.884  70.074 0.0000000000
54844  58.088  6.700  68.988 0.0000000000
53717  58.315  5.843  67.554 0.0000000000
54860  55.912  7.065  67.355 0.0000000000
53718  57.290  6.227  67.420 0.0000000000
53729  58.088  5.457  66.696 0.0000000000
52518  58.511  4.865  65.852 0.0000000000
52531  58.505  4.348  64.609 0.0000000000
110123  58.933  4.005  63.261 0.0000000000
51278  57.143  3.638  63.968 0.0000000000
51294  57.577  3.090  63.234 0.0000000000
50139  58.111  2.671  62.438 0.0000000000
48900  58.377  1.626  61.167 0.0000000000
47586  58.129  0.802  60.916 0.0000000000
45582  57.941  -0.961  61.105 0.0000000000
130328  57.249  -0.595  62.340 0.0000000000
45540  57.641  -1.137  62.155 0.0000000000
45558  58.045  -1.750  61.409 0.0000000000
44606  58.107  -2.484  62.812 0.0000000000
43640  58.407  -3.336  63.880 0.0000000000
42556  58.948  -3.874  65.084 0.0000000000
43683  55.025  -3.157  61.915 0.0000000000
43665  55.587  -3.439  62.524 0.0000000000
43642  56.311  -3.674  63.161 0.0000000000
42560  55.627  -4.875  64.043 0.0000000000
42559  56.563  -4.700  64.279 0.0000000000
42580  57.066  -3.844  63.852 0.0000000000
42558  57.608  -4.061  64.467 0.0000000000
42532  58.769  -4.225  65.668 0.0000000000
42531  59.388  -4.242  65.781 0.0000000000
42490  60.322  -4.533  67.327 0.0000000000
42473  60.643  -4.500  68.098 0.0000000000
123751  59.388  -5.803  69.906 0.0000000000
41277  60.175  -5.345  70.746 0.0000000000
44533  54.927  -2.796  68.367 0.0000000000
43559  55.408  -3.254  68.960 0.0000000000
46430  56.082  1.049  71.457 0.0000000000
46409  57.721  1.007  73.972 0.0000000000
46429  57.057  0.666  72.016 0.0000000000
45461  56.604  -0.642  71.173 0.0000000000
121093  56.132  -1.503  70.619 0.0000000000
43538  56.098  -2.338  70.467 0.0000000000
117301  56.467  -3.830  70.686 0.0000000000
42451  56.641  -4.691  70.720 0.0000000000
41260  57.701  -5.411  72.199 0.0000000000
41245  58.215  -5.243  73.221 0.0000000000
42399  57.816  -4.256  75.291 0.0000000000
41199  58.571  -5.172  75.192 0.0000000000
40213  58.955  -5.910  74.421 0.0000000000
38364  58.765  -7.275  74.583 0.0000000000
39289  55.477  -7.601  71.553 0.0000000000
39296  55.060  -7.884  70.770 0.0000000000
43549  53.356  -3.439  69.663 0.0000000000
119148  53.634  -4.185  69.640 0.0000000000
42463  53.659  -5.044  69.308 0.0000000000
43573  52.227  -3.811  67.801 0.0000000000
42493  52.579  -4.481  67.996 0.0000000000
46412  48.622  -0.867  72.600 0.0000000000
45453  47.964  -1.201  70.990 0.0000000000
45454  47.350  -2.366  71.677 0.0000000000
117152  47.503  -1.801  71.198 0.0000000000
45466  47.430  -1.706  70.398 0.0000000000
45479  47.634  -1.456  69.523 0.0000000000
126803  47.352  -1.684  68.345 0.0000000000
44550  47.246  -1.848  67.623 0.0000000000
120545  46.486  -6.272  70.732 0.0000000000
41300  45.944  -5.097  70.120 0.0000000000
42465  45.589  -4.376  69.142 0.0000000000
42477  44.841  -4.891  68.054 0.0000000000
126100  45.191  -4.391  68.256 0.0000000000
43551  45.848  -3.653  69.225 0.0000000000
43576  46.128  -2.728  67.668 0.0000000000
44551  46.743  -2.292  67.111 0.0000000000
56873  60.522  8.896  70.629 0.0000000000
56885  60.608  8.784  69.328 0.0000000000
56910  60.252  8.868  67.046 0.0000000000
51290  61.055  3.247  62.917 0.0000000000
47453  51.504  1.251  73.642 0.0000000000
51276  59.686  4.139  63.330 0.0000000000
121364  42.248  -12.540  82.754 0.0000000000
42328  50.916  -3.867  81.424 0.0000000000
42327  51.529  -3.381  80.978 0.0000000000
42339  52.028  -3.465  80.411 0.0000000000
41117  51.733  -4.317  79.908 0.0000000000
124564  59.325  -4.069  64.699 0.0000000000
111629  55.264  -0.803  61.056 0.0000000000
42491  55.411  -4.822  68.016 0.0000000000
41298  56.272  -5.342  69.283 0.0000000000
44491  54.825  -2.365  72.456 0.0000000000
43529  54.598  -3.282  71.866 0.0000000000
42440  54.494  -4.107  71.342 0.0000000000
129871  59.822  10.445  70.784 0.0000000000
57860  59.949  10.260  70.951 0.0000000000
57846  59.913  9.331  71.279 0.0000000000
38291  46.603  -8.687  81.523 0.0000000000
125680  45.858  -10.207  84.158 0.0000000000
36536  45.531  -10.966  84.902 0.0000000000
42331  48.251  -4.535  81.812 0.0000000000
41083  47.600  -4.808  81.851 0.0000000000
38297  46.775  -8.450  80.687 0.0000000000
50033  53.818  3.977  74.540 0.0000000000
51191  53.210  4.247  74.235 0.0000000000
51196  53.799  4.233  73.787 0.0000000000
51195  54.372  3.803  73.556 0.0000000000
46449  48.847  -0.480  69.774 0.0000000000
37505  44.607  -9.238  70.744 0.0000000000
53716  59.246  5.490  67.802 0.0000000000
53706  59.535  5.606  68.737 0.0000000000
109211  42.349  -9.239  73.950 0.0000000000
36581  42.094  -10.178  80.417 0.0000000000
35670  39.321  -11.620  79.224 0.0000000000
44453  52.431  -0.865  78.005 0.0000000000
41183  49.925  -5.833  75.308 0.0000000000
39229  49.014  -7.134  78.597 0.0000000000
111566  46.160  -8.475  73.891 0.0000000000
46560  58.451  -0.690  60.417 0.0000000000
35607  44.155  -11.691  86.628 0.0000000000
33879  44.644  -13.875  86.343 0.0000000000
30929  43.137  -17.579  84.703 0.0000000000
55858  56.732  7.675  67.523 0.0000000000
55871  56.633  7.792  66.723 0.0000000000
53743  55.680  6.000  65.790 0.0000000000
53731  55.948  6.269  66.433 0.0000000000
117862  56.994  1.031  62.326 0.0000000000
43641  57.458  -3.018  63.465 0.0000000000
42597  54.631  -4.358  62.994 0.0000000000
41358  57.603  -5.551  66.411 0.0000000000
111661  59.199  -5.893  73.453 0.0000000000
44469  57.404  -1.571  74.341 0.0000000000
45431  57.727  -0.797  74.160 0.0000000000
44479  57.639  -1.693  74.188 0.0000000000
44488  57.854  -1.515  73.669 0.0000000000
40215  56.325  -6.519  74.084 0.0000000000
40248  54.265  -6.790  69.943 0.0000000000
44482  48.074  -2.755  73.399 0.0000000000
54823  61.681  6.306  70.481 0.0000000000
39180  45.956  -7.667  83.876 0.0000000000
39167  45.507  -7.554  84.885 0.0000000000
38237  45.276  -8.192  85.759 0.0000000000
117496  45.733  -5.961  83.684 0.0000000000
40112  46.376  -6.062  82.938 0.0000000000
49990  52.980  2.953  76.158 0.0000000000
48711  53.100  2.820  76.116 0.0000000000
115579  53.649  3.814  75.057 0.0000000000
121025  51.711  1.166  71.764 0.0000000000
46423  48.547  -0.712  71.625 0.0000000000
112342  43.083  -9.455  70.137 0.0000000000
52517  59.405  4.633  65.628 0.0000000000
110372  59.852  4.697  66.366 0.0000000000
126197  59.942  4.485  65.032 0.0000000000
52529  60.664  4.159  64.854 0.0000000000
51267  61.284  3.673  64.453 0.0000000000
37431  43.019  -8.828  77.383 0.0000000000
34812  39.983  -12.226  80.617 0.0000000000
34813  39.304  -12.454  80.348 0.0000000000
33951  39.689  -12.895  81.102 0.0000000000
33070  39.055  -13.870  81.497 0.0000000000
33063  39.494  -14.374  82.012 0.0000000000
44436  50.701  -2.037  79.492 0.0000000000
43465  52.345  -2.832  80.033 0.0000000000
125964  52.264  -2.213  79.614 0.0000000000
41140  51.227  -5.156  78.176 0.0000000000
42370  51.053  -4.409  77.518 0.0000000000
38320  46.915  -8.094  78.612 0.0000000000
38330  47.460  -7.737  77.855 0.0000000000
43682  58.422  -3.051  62.224 0.0000000000
125165  59.659  -4.627  63.261 0.0000000000
42611  59.651  -4.579  61.481 0.0000000000
29981  43.478  -18.494  85.185 0.0000000000
29991  43.595  -18.161  85.096 0.0000000000
29993  41.849  -18.122  84.128 0.0000000000
45559  56.050  -0.820  62.294 0.0000000000
114533  54.419  -4.751  65.833 0.0000000000
42534  54.679  -5.065  65.107 0.0000000000
41341  55.911  -5.528  67.789 0.0000000000
40261  57.025  -6.214  68.379 0.0000000000
41278  57.432  -5.746  71.291 0.0000000000
46410  55.512  -0.293  73.194 0.0000000000
43507  56.391  -2.369  74.263 0.0000000000
44480  57.070  -1.504  74.478 0.0000000000
42412  55.909  -4.033  74.053 0.0000000000
114769  54.481  -4.922  70.800 0.0000000000
41280  54.412  -5.815  70.296 0.0000000000
43600  50.418  -3.606  65.706 0.0000000000
41265  46.909  -5.772  71.266 0.0000000000
58896  60.489  11.531  68.682 0.0000000000
121750  60.616  10.597  68.771 0.0000000000
37402  45.431  -9.234  81.092 0.0000000000
37403  44.801  -9.128  80.484 0.0000000000
37375  46.501  -9.012  83.154 0.0000000000
37385  45.813  -9.721  82.503 0.0000000000
36547  44.521  -11.177  83.769 0.0000000000
35645  42.534  -11.734  82.471 0.0000000000
42319  49.057  -3.945  81.667 0.0000000000
42330  48.917  -3.933  81.904 0.0000000000
42318  49.625  -3.888  81.802 0.0000000000
41081  50.253  -4.046  81.774 0.0000000000
115355  49.797  -5.533  80.760 0.0000000000
40127  47.596  -5.999  81.942 0.0000000000
39216  47.866  -7.510  80.786 0.0000000000
115243  48.055  -7.556  80.108 0.0000000000
43616  53.385  -4.009  64.682 0.0000000000
43585  53.717  -3.123  66.522 0.0000000000
49999  52.878  3.415  75.511 0.0000000000
48770  55.327  2.540  72.956 0.0000000000
45475  52.017  -1.468  69.492 0.0000000000
44524  52.032  -2.021  68.985 0.0000000000
46458  50.079  -0.654  68.974 0.0000000000
121111  47.983  -1.424  67.911 0.0000000000
38404  46.388  -8.154  71.153 0.0000000000
39298  46.346  -7.688  70.767 0.0000000000
38405  45.829  -8.349  70.654 0.0000000000
38415  45.429  -8.314  69.996 0.0000000000
38428  44.555  -8.378  68.891 0.0000000000
110413  43.613  -9.249  68.780 0.0000000000
109550  43.604  -8.539  67.812 0.0000000000
38429  44.158  -8.108  68.174 0.0000000000
54826  58.677  7.433  70.446 0.0000000000
54809  59.409  7.233  71.106 0.0000000000
54825  59.354  6.581  70.411 0.0000000000
53693  60.684  5.183  70.423 0.0000000000
53681  60.305  5.900  70.921 0.0000000000
119473  60.904  5.350  71.179 0.0000000000
52476  61.325  5.365  71.231 0.0000000000
52484  61.350  4.798  70.788 0.0000000000
117046  60.728  4.402  67.826 0.0000000000
111238  41.034  -9.356  75.056 0.0000000000
114106  43.447  -8.903  78.835 0.0000000000
36590  41.331  -9.785  78.445 0.0000000000
36592  39.939  -10.808  78.430 0.0000000000
46364  51.846  0.494  78.790 0.0000000000
46356  53.011  0.667  78.535 0.0000000000
47391  52.939  0.698  78.641 0.0000000000
48684  53.019  2.127  77.471 0.0000000000
46378  51.701  -0.250  76.314 0.0000000000
45423  49.763  -1.628  75.011 0.0000000000
44470  49.292  -2.548  74.796 0.0000000000
44471  48.695  -2.663  74.144 0.0000000000
43484  50.857  -3.566  77.018 0.0000000000
115463  49.821  -4.221  75.476 0.0000000000
121303  48.958  -4.272  74.399 0.0000000000
41247  48.498  -6.140  73.231 0.0000000000
40223  48.343  -6.764  72.838 0.0000000000
40170  50.782  -5.575  79.438 0.0000000000
40171  50.298  -6.298  78.678 0.0000000000
39254  49.455  -7.068  75.482 0.0000000000
39276  48.945  -7.120  74.145 0.0000000000
39285  47.727  -7.674  72.683 0.0000000000
38388  46.593  -8.399  72.461 0.0000000000
38389  46.003  -8.619  72.081 0.0000000000
38370  44.843  -8.696  74.001 0.0000000000
120149  43.637  -9.156  73.298 0.0000000000
124947  59.911  1.216  60.657 0.0000000000
46583  59.997  -1.332  59.644 0.0000000000
46558  61.004  -0.388  60.252 0.0000000000
42555  59.902  -4.545  64.510 0.0000000000
41390  60.580  -5.106  64.288 0.0000000000
40089  43.592  -5.579  85.710 0.0000000000
39147  44.104  -7.325  86.535 0.0000000000
38223  44.400  -8.337  86.524 0.0000000000
35596  45.046  -11.209  86.733 0.0000000000
36516  45.365  -10.831  86.362 0.0000000000
34770  45.265  -12.140  85.811 0.0000000000
33902  45.066  -13.615  85.921 0.0000000000
34772  44.381  -13.154  84.957 0.0000000000
34784  43.424  -13.114  84.072 0.0000000000
33003  44.344  -15.480  86.138 0.0000000000
33012  44.689  -15.174  86.021 0.0000000000
33040  42.713  -15.509  84.021 0.0000000000
33918  42.275  -14.437  83.527 0.0000000000
33933  41.305  -13.888  82.642 0.0000000000
33053  40.074  -15.037  82.447 0.0000000000
57876  58.697  10.339  69.055 0.0000000000
56875  57.982  8.264  69.739 0.0000000000
56887  57.659  8.317  68.978 0.0000000000
54845  57.428  7.169  68.685 0.0000000000
54858  57.647  6.505  68.194 0.0000000000
55859  55.797  7.233  67.106 0.0000000000
126620  55.406  7.045  66.984 0.0000000000
53730  56.789  5.983  66.708 0.0000000000
51277  58.173  3.872  63.828 0.0000000000
117868  56.847  4.350  64.645 0.0000000000
47587  57.976  -0.096  60.936 0.0000000000
46536  57.618  -0.393  61.832 0.0000000000
46515  56.622  -0.354  62.404 0.0000000000
46514  57.226  0.012  62.238 0.0000000000
44627  54.434  -2.730  61.323 0.0000000000
44626  55.327  -2.252  61.682 0.0000000000
42596  55.323  -4.039  62.840 0.0000000000
113358  56.192  -4.409  63.690 0.0000000000
41378  55.289  -5.301  65.101 0.0000000000
41392  55.952  -5.287  64.779 0.0000000000
41357  58.488  -4.964  66.243 0.0000000000
42533  58.200  -4.166  65.075 0.0000000000
42511  59.199  -4.369  66.171 0.0000000000
42510  59.885  -4.425  66.498 0.0000000000
41316  60.993  -4.445  69.539 0.0000000000
40246  57.600  -6.366  69.124 0.0000000000
111202  58.521  -6.288  69.566 0.0000000000
41259  60.635  -5.217  71.777 0.0000000000
41276  61.262  -4.835  71.156 0.0000000000
43548  55.687  -2.794  69.696 0.0000000000
47476  55.464  1.832  71.605 0.0000000000
46431  55.192  0.703  70.447 0.0000000000
46400  56.646  0.510  74.044 0.0000000000
47441  57.269  1.260  73.985 0.0000000000
45440  58.045  0.033  73.608 0.0000000000
110312  57.716  0.686  73.163 0.0000000000
44510  56.692  -1.618  71.243 0.0000000000
43528  56.659  -2.842  71.158 0.0000000000
43537  56.085  -3.303  70.240 0.0000000000
42438  56.949  -3.989  71.564 0.0000000000
42423  57.888  -4.555  73.406 0.0000000000
42437  57.401  -4.644  72.235 0.0000000000
41220  58.431  -4.848  74.336 0.0000000000
115439  56.791  -3.705  75.096 0.0000000000
42400  57.236  -4.492  75.539 0.0000000000
40205  57.362  -6.055  75.511 0.0000000000
40194  57.804  -5.518  75.759 0.0000000000
40193  58.402  -5.657  75.451 0.0000000000
121363  58.763  -5.630  75.031 0.0000000000
40203  58.644  -6.401  75.066 0.0000000000
40202  59.031  -6.484  74.383 0.0000000000
38374  57.494  -7.964  74.504 0.0000000000
130562  55.397  -6.961  71.729 0.0000000000
39297  54.614  -7.440  70.365 0.0000000000
43540  53.734  -3.426  70.232 0.0000000000
41343  52.362  -5.261  67.487 0.0000000000
41342  52.841  -5.342  68.230 0.0000000000
115280  47.276  -3.181  72.100 0.0000000000
44502  46.937  -3.057  71.310 0.0000000000
44514  46.925  -2.273  70.312 0.0000000000
117006  47.104  -2.332  70.911 0.0000000000
44537  47.162  -1.792  69.020 0.0000000000
40239  46.159  -6.972  70.397 0.0000000000
41282  45.886  -6.010  70.089 0.0000000000
41322  44.412  -5.458  67.431 0.0000000000
129242  44.613  -5.703  68.106 0.0000000000
43564  45.484  -3.936  68.511 0.0000000000
43563  45.876  -3.060  68.547 0.0000000000
59972  60.565  12.403  66.162 0.0000000000
55781  60.232  7.659  71.435 0.0000000000
56854  60.224  8.573  71.271 0.0000000000
55794  60.552  7.660  71.243 0.0000000000
118049  60.453  8.708  68.070 0.0000000000
123388  60.084  2.637  61.665 0.0000000000
50137  60.538  2.903  62.204 0.0000000000
40102  45.093  -5.782  84.621 0.0000000000
40087  45.012  -6.105  85.505 0.0000000000
47430  52.879  1.888  75.715 0.0000000000
37440  43.593  -8.671  76.700 0.0000000000
33934  40.512  -13.818  82.205 0.0000000000
44431  51.140  -2.618  80.482 0.0000000000
44430  51.857  -2.122  80.169 0.0000000000
43459  52.034  -2.730  80.497 0.0000000000
125540  51.660  -4.568  79.110 0.0000000000
38347  44.835  -8.536  76.352 0.0000000000
43639  59.065  -3.903  63.333 0.0000000000
29126  43.014  -18.894  85.428 0.0000000000
45442  55.237  -1.480  72.995 0.0000000000
59940  60.111  11.918  69.346 0.0000000000
125123  60.131  10.728  70.531 0.0000000000
114275  44.908  -10.608  83.243 0.0000000000
112163  48.749  -5.336  81.602 0.0000000000
50012  52.297  3.698  74.532 0.0000000000
51206  53.817  3.846  72.872 0.0000000000
47466  52.736  1.447  72.037 0.0000000000
54843  58.967  6.256  69.292 0.0000000000
53705  60.392  5.062  69.296 0.0000000000
52515  61.234  3.889  66.318 0.0000000000
52507  61.371  3.842  67.433 0.0000000000
35665  40.334  -11.488  80.155 0.0000000000
45387  52.662  -0.184  78.921 0.0000000000
46358  52.741  0.262  78.921 0.0000000000
45386  53.261  0.203  78.763 0.0000000000
113603  53.209  0.998  77.988 0.0000000000
46368  52.668  0.108  77.534 0.0000000000
42391  50.005  -5.079  75.578 0.0000000000
38356  47.296  -7.930  75.703 0.0000000000
39268  47.888  -7.827  74.215 0.0000000000
38377  46.419  -8.446  73.224 0.0000000000
37480  42.475  -9.379  72.467 0.0000000000
109071  41.968  -9.369  73.158 0.0000000000
43697  58.961  -3.141  60.442 0.0000000000
44653  59.617  -2.847  59.821 0.0000000000
35597  44.776  -11.714  86.696 0.0000000000
34740  45.142  -12.195  86.421 0.0000000000
34758  45.303  -12.244  86.125 0.0000000000
34750  45.121  -12.747  86.265 0.0000000000
33903  44.776  -14.436  85.803 0.0000000000
30909  43.616  -17.285  85.624 0.0000000000
31956  43.970  -16.671  85.593 0.0000000000
33039  43.916  -16.002  85.226 0.0000000000
56900  57.501  8.373  67.974 0.0000000000
55843  56.386  7.255  67.616 0.0000000000
50128  56.857  2.867  63.258 0.0000000000
112895  56.203  -5.601  66.124 0.0000000000
108454  59.167  -5.640  68.338 0.0000000000
115542  58.858  -6.195  70.561 0.0000000000
41243  60.708  -5.381  72.197 0.0000000000
40220  60.266  -5.692  72.861 0.0000000000
45484  54.622  -1.811  68.574 0.0000000000
44521  55.703  -1.861  69.921 0.0000000000
48788  55.020  2.375  71.936 0.0000000000
48787  55.477  2.422  72.668 0.0000000000
47462  56.491  2.054  73.376 0.0000000000
117578  57.910  -1.020  73.144 0.0000000000
44489  57.606  -1.986  72.906 0.0000000000
116567  57.852  -3.491  73.985 0.0000000000
41200  56.934  -5.493  75.387 0.0000000000
39265  57.521  -7.139  75.120 0.0000000000
39263  58.127  -7.361  75.184 0.0000000000
38375  57.011  -8.146  73.701 0.0000000000
38386  55.937  -7.957  72.188 0.0000000000
43561  52.652  -3.638  68.541 0.0000000000
42515  51.539  -4.189  66.653 0.0000000000
41321  45.031  -5.508  68.720 0.0000000000
42496  44.648  -4.670  67.167 0.0000000000
116992  45.564  -3.326  67.167 0.0000000000
55779  61.022  6.553  71.449 0.0000000000
55812  60.675  7.894  70.799 0.0000000000
37366  45.869  -9.753  84.724 0.0000000000
40111  47.024  -5.905  82.346 0.0000000000
48697  52.383  2.550  76.815 0.0000000000
37506  43.877  -9.431  70.383 0.0000000000
124138  42.005  -9.135  76.104 0.0000000000
37443  40.902  -9.563  77.070 0.0000000000
35664  41.041  -11.195  80.551 0.0000000000
44429  52.182  -1.304  79.345 0.0000000000
113819  51.401  -2.781  77.577 0.0000000000
40195  50.099  -6.242  75.808 0.0000000000
38344  47.241  -7.819  77.069 0.0000000000
111567  44.844  -8.604  74.805 0.0000000000
29973  43.357  -17.794  85.907 0.0000000000
30930  42.023  -17.454  84.010 0.0000000000
120876  54.477  -4.874  64.485 0.0000000000
41360  55.476  -5.399  66.358 0.0000000000
126892  57.142  -6.169  67.880 0.0000000000
113483  57.331  -6.276  69.814 0.0000000000
128346  55.970  1.041  73.520 0.0000000000
45433  56.927  -0.567  74.356 0.0000000000
41222  55.974  -5.763  73.892 0.0000000000
40222  55.868  -6.456  73.159 0.0000000000
44536  50.976  -1.904  68.100 0.0000000000
43586  51.216  -3.545  66.659 0.0000000000
42464  45.885  -4.375  69.752 0.0000000000
41363  43.950  -5.350  66.199 0.0000000000
58910  60.422  10.610  66.573 0.0000000000
54841  61.568  6.461  69.272 0.0000000000
38311  44.126  -8.823  79.180 0.0000000000
36571  43.435  -9.781  81.211 0.0000000000
37394  45.177  -9.551  81.747 0.0000000000
43450  50.143  -3.683  81.707 0.0000000000
42317  50.322  -3.842  81.697 0.0000000000
40144  50.524  -5.168  80.516 0.0000000000
120226  49.048  -6.998  79.408 0.0000000000
129081  54.336  -4.414  66.349 0.0000000000
43598  53.479  -3.643  65.626 0.0000000000
43570  55.156  -3.777  68.213 0.0000000000
48789  54.274  2.417  71.430 0.0000000000
44511  53.807  -2.695  70.694 0.0000000000
45510  49.106  -1.684  67.016 0.0000000000
56856  59.314  8.674  71.147 0.0000000000
55796  59.260  7.905  71.231 0.0000000000
55795  59.871  7.449  71.485 0.0000000000
54790  60.545  6.756  71.454 0.0000000000
53664  61.044  6.080  71.550 0.0000000000
52483  61.817  4.119  70.311 0.0000000000
37467  40.946  -9.375  74.138 0.0000000000
126257  42.610  -9.064  78.010 0.0000000000
36582  41.640  -10.154  79.695 0.0000000000
48686  51.071  1.766  76.903 0.0000000000
43499  48.508  -3.551  73.950 0.0000000000
43491  49.575  -3.335  75.210 0.0000000000
42427  48.171  -5.509  72.996 0.0000000000
40224  47.823  -6.698  72.240 0.0000000000
127195  49.108  -7.288  76.327 0.0000000000
39291  47.565  -7.366  72.040 0.0000000000
124842  42.147  -9.419  71.769 0.0000000000
51307  58.937  3.035  62.075 0.0000000000
50152  59.412  2.560  61.529 0.0000000000
48898  59.998  2.044  61.234 0.0000000000
47601  60.448  0.284  60.427 0.0000000000
112102  60.151  -5.134  62.890 0.0000000000
124960  43.899  -5.301  84.914 0.0000000000
117346  44.082  -6.484  86.528 0.0000000000
37355  45.597  -9.355  85.624 0.0000000000
121838  44.088  -8.984  86.661 0.0000000000
37346  44.748  -9.322  86.708 0.0000000000
112664  45.314  -9.846  86.378 0.0000000000
35626  44.299  -11.981  84.399 0.0000000000
34771  44.907  -12.375  85.412 0.0000000000
33889  44.976  -14.431  86.053 0.0000000000
30943  40.281  -16.499  83.192 0.0000000000
58862  59.447  10.581  70.216 0.0000000000
56874  58.603  8.615  70.441 0.0000000000
55827  57.642  7.727  69.228 0.0000000000
54827  57.986  7.350  69.529 0.0000000000
54872  56.381  6.660  67.374 0.0000000000
116744  58.754  4.578  65.214 0.0000000000
123180  56.145  4.765  64.575 0.0000000000
51293  58.482  3.413  62.882 0.0000000000
40260  58.418  -6.190  68.620 0.0000000000
41297  59.312  -5.796  69.100 0.0000000000
41296  60.234  -5.157  69.704 0.0000000000
41295  61.188  -4.554  70.335 0.0000000000
122996  55.748  -3.613  69.558 0.0000000000
46443  55.612  -0.135  70.290 0.0000000000
47461  56.902  1.669  73.716 0.0000000000
46417  57.218  1.491  73.318 0.0000000000
113038  56.311  0.020  70.951 0.0000000000
45462  55.879  -0.925  70.382 0.0000000000
42462  56.149  -4.325  69.936 0.0000000000
41261  57.115  -5.062  71.432 0.0000000000
41244  58.726  -5.487  73.873 0.0000000000
126712  57.684  -3.414  74.935 0.0000000000
42389  57.678  -4.825  75.685 0.0000000000
41180  58.223  -4.913  75.561 0.0000000000
42398  58.434  -4.642  75.137 0.0000000000
41219  58.722  -5.272  74.780 0.0000000000
39283  55.784  -7.199  72.500 0.0000000000
41320  53.348  -5.588  68.823 0.0000000000
42476  45.273  -4.707  68.707 0.0000000000
129215  46.669  -2.257  67.728 0.0000000000
113916  47.413  -1.976  66.815 0.0000000000
44563  47.934  -2.026  66.187 0.0000000000
57859  60.506  9.837  70.201 0.0000000000
57875  60.596  9.672  68.974 0.0000000000
57891  60.536  9.675  67.834 0.0000000000
57904  60.371  9.749  66.845 0.0000000000
33871  44.870  -12.991  86.400 0.0000000000
34741  44.977  -12.325  86.544 0.0000000000
125435  44.312  -6.992  86.454 0.0000000000
127876  45.053  -11.835  86.618 0.0000000000
