#!ascii label  , from subject sub-v1s19x0051299_ses-1 vox2ras=TkReg
1373
59486  -41.332  -8.427  23.676 0.0000000000
73090  -55.728  3.988  17.234 0.0000000000
66921  -46.215  -1.478  21.408 0.0000000000
49092  -11.805  -17.867  44.687 0.0000000000
57187  -36.558  -9.116  29.775 0.0000000000
140772  -26.221  -19.196  43.785 0.0000000000
47085  -34.256  -19.282  40.911 0.0000000000
52500  -38.308  -14.240  36.321 0.0000000000
119018  -40.386  -11.751  34.999 0.0000000000
52416  -18.867  -14.663  40.138 0.0000000000
49089  -22.379  -16.919  45.212 0.0000000000
49164  -22.586  -17.689  40.273 0.0000000000
47130  -30.437  -19.276  37.515 0.0000000000
50274  -34.255  -16.624  36.755 0.0000000000
117423  -44.165  -7.744  30.695 0.0000000000
60539  -47.388  -6.987  28.335 0.0000000000
69809  -50.544  1.441  19.115 0.0000000000
62467  -44.401  -5.377  22.467 0.0000000000
70975  -54.321  2.262  12.344 0.0000000000
48046  -7.990  -18.815  46.148 0.0000000000
60466  -40.803  -7.820  33.585 0.0000000000
134112  -38.959  -8.668  26.812 0.0000000000
47110  -26.688  -19.522  38.579 0.0000000000
44787  -30.125  -21.538  41.425 0.0000000000
64719  -50.651  -3.543  26.174 0.0000000000
74161  -63.587  5.579  7.531 0.0000000000
51377  -35.978  -14.943  34.062 0.0000000000
53671  -37.606  -13.504  33.584 0.0000000000
50217  -20.850  -16.453  40.651 0.0000000000
50286  -32.365  -16.554  35.360 0.0000000000
51375  -34.470  -15.735  34.653 0.0000000000
51355  -35.955  -15.760  36.631 0.0000000000
59427  -42.491  -7.829  27.243 0.0000000000
117420  -45.598  -7.387  28.971 0.0000000000
122946  -44.470  -7.927  26.044 0.0000000000
72031  -53.016  3.115  18.129 0.0000000000
72002  -53.478  3.659  21.134 0.0000000000
73094  -59.352  4.361  16.508 0.0000000000
47059  -10.543  -18.890  41.918 0.0000000000
48058  -9.852  -18.774  44.728 0.0000000000
57132  -38.737  -9.631  32.112 0.0000000000
58189  -40.671  -8.972  34.454 0.0000000000
59353  -38.659  -8.419  31.583 0.0000000000
59386  -40.333  -8.122  30.499 0.0000000000
59406  -37.198  -8.409  29.123 0.0000000000
49091  -23.937  -17.828  44.803 0.0000000000
133170  -23.987  -17.326  47.233 0.0000000000
48045  -26.521  -18.686  46.711 0.0000000000
133463  -28.399  -19.892  45.749 0.0000000000
133600  -24.575  -18.494  37.639 0.0000000000
48190  -26.301  -18.795  36.307 0.0000000000
47115  -32.210  -19.121  38.922 0.0000000000
45958  -30.386  -20.797  39.327 0.0000000000
45929  -32.423  -21.081  41.128 0.0000000000
123950  -31.972  -22.030  42.953 0.0000000000
50203  -15.370  -15.656  41.134 0.0000000000
52346  -16.039  -14.331  43.720 0.0000000000
52290  -15.247  -13.531  46.749 0.0000000000
65865  -45.073  -2.968  21.656 0.0000000000
63589  -46.861  -4.744  24.081 0.0000000000
65849  -48.069  -2.142  24.022 0.0000000000
75237  -65.259  7.685  4.954 0.0000000000
50128  -11.017  -16.726  47.541 0.0000000000
52471  -39.505  -14.173  38.592 0.0000000000
54739  -40.986  -12.740  37.483 0.0000000000
54778  -39.647  -12.965  35.611 0.0000000000
54822  -38.436  -12.063  32.802 0.0000000000
52371  -18.821  -14.677  42.290 0.0000000000
51228  -19.895  -15.346  44.343 0.0000000000
51262  -20.406  -15.933  42.689 0.0000000000
49128  -22.449  -17.356  42.843 0.0000000000
48097  -24.744  -18.669  42.445 0.0000000000
48192  -28.764  -18.953  36.022 0.0000000000
49231  -30.379  -17.539  35.568 0.0000000000
49203  -32.283  -17.528  37.074 0.0000000000
48170  -33.746  -17.920  38.803 0.0000000000
50247  -35.747  -16.632  38.452 0.0000000000
51330  -37.962  -15.199  38.602 0.0000000000
52438  -17.635  -14.443  39.525 0.0000000000
124331  -44.959  -7.759  33.609 0.0000000000
60445  -48.099  -7.414  35.286 0.0000000000
60485  -47.290  -7.106  32.430 0.0000000000
61444  -48.739  -6.230  31.087 0.0000000000
119307  -48.455  0.174  20.005 0.0000000000
68759  -49.540  0.171  23.400 0.0000000000
69763  -51.200  1.712  22.335 0.0000000000
49027  -2.384  -17.062  51.783 0.0000000000
60604  -43.029  -7.163  22.859 0.0000000000
63655  -42.162  -4.080  19.924 0.0000000000
66957  -46.251  -1.335  18.542 0.0000000000
67902  -48.343  -0.190  17.661 0.0000000000
131751  -50.230  1.191  16.891 0.0000000000
70934  -52.550  2.508  15.639 0.0000000000
72057  -55.315  3.122  15.214 0.0000000000
69887  -52.075  1.959  13.406 0.0000000000
49046  -9.231  -16.800  49.302 0.0000000000
50096  -7.022  -16.823  50.076 0.0000000000
50079  -4.374  -16.043  51.233 0.0000000000
60398  -44.517  -7.324  38.576 0.0000000000
57065  -42.180  -10.737  37.158 0.0000000000
59322  -42.261  -8.158  36.384 0.0000000000
60441  -43.934  -7.360  35.672 0.0000000000
118661  -42.055  -7.824  32.190 0.0000000000
137075  -41.243  -7.948  28.817 0.0000000000
59459  -39.720  -8.763  25.573 0.0000000000
50125  -21.602  -15.893  48.638 0.0000000000
48154  -24.411  -18.644  39.533 0.0000000000
47066  -26.453  -19.614  41.547 0.0000000000
47112  -28.413  -19.938  37.730 0.0000000000
45941  -27.827  -20.367  40.490 0.0000000000
140437  -28.152  -20.351  43.014 0.0000000000
44748  -30.034  -21.468  43.998 0.0000000000
127174  -12.687  -18.063  41.968 0.0000000000
49122  -14.185  -16.731  41.697 0.0000000000
50152  -13.526  -16.401  44.420 0.0000000000
61501  -46.585  -6.790  25.280 0.0000000000
61494  -49.842  -6.260  26.818 0.0000000000
63557  -52.735  -4.843  28.484 0.0000000000
67809  -50.876  -0.908  25.879 0.0000000000
128077  -58.650  3.123  13.916 0.0000000000
72092  -60.690  3.865  12.901 0.0000000000
128623  -62.498  5.463  10.962 0.0000000000
136974  -61.921  3.759  9.186 0.0000000000
75186  -64.001  7.400  9.742 0.0000000000
51390  -35.245  -15.184  33.743 0.0000000000
52534  -35.709  -14.664  33.317 0.0000000000
52547  -34.676  -14.613  32.048 0.0000000000
50303  -33.180  -15.845  34.055 0.0000000000
117716  -34.718  -15.503  34.046 0.0000000000
51376  -35.337  -15.448  34.563 0.0000000000
59462  -41.913  -8.272  25.854 0.0000000000
60557  -43.796  -7.908  26.701 0.0000000000
59474  -42.909  -8.102  24.816 0.0000000000
133253  -54.438  3.861  17.644 0.0000000000
73067  -54.534  4.462  18.896 0.0000000000
73069  -56.056  5.115  18.448 0.0000000000
74065  -57.800  5.175  18.098 0.0000000000
73092  -57.671  4.103  16.877 0.0000000000
48068  -11.497  -18.534  43.347 0.0000000000
48067  -10.648  -18.845  43.508 0.0000000000
48050  -11.113  -18.171  45.003 0.0000000000
57147  -37.801  -9.598  31.002 0.0000000000
58203  -38.707  -8.663  32.064 0.0000000000
58227  -37.710  -8.842  30.746 0.0000000000
59394  -37.949  -8.442  30.146 0.0000000000
59393  -36.804  -8.594  29.398 0.0000000000
52312  -17.388  -14.143  45.606 0.0000000000
48066  -25.420  -18.610  44.658 0.0000000000
48056  -25.476  -18.447  45.565 0.0000000000
48057  -26.027  -18.781  45.126 0.0000000000
46983  -27.065  -19.111  46.119 0.0000000000
46999  -27.398  -19.497  44.978 0.0000000000
133621  -33.256  -19.255  39.841 0.0000000000
45960  -32.018  -20.292  39.811 0.0000000000
45947  -33.001  -20.410  40.827 0.0000000000
45930  -33.165  -20.829  41.555 0.0000000000
52348  -17.347  -14.374  42.996 0.0000000000
52330  -16.812  -14.288  43.755 0.0000000000
52311  -16.584  -13.966  45.313 0.0000000000
61401  -47.551  -6.790  38.840 0.0000000000
131062  -45.475  -2.436  21.695 0.0000000000
65847  -46.695  -2.568  23.058 0.0000000000
65855  -46.968  -1.806  22.819 0.0000000000
52487  -38.965  -14.155  37.756 0.0000000000
53615  -39.572  -13.622  37.130 0.0000000000
53631  -38.813  -13.836  36.065 0.0000000000
54811  -38.040  -12.859  33.234 0.0000000000
53694  -36.997  -12.898  32.156 0.0000000000
123418  -37.615  -11.315  31.349 0.0000000000
52394  -19.079  -14.773  40.965 0.0000000000
51261  -19.489  -15.177  42.795 0.0000000000
51280  -19.743  -15.409  41.124 0.0000000000
132145  -21.388  -16.877  40.225 0.0000000000
50218  -21.451  -16.869  41.032 0.0000000000
49146  -22.656  -17.646  41.130 0.0000000000
49129  -23.208  -17.763  42.612 0.0000000000
49147  -23.440  -18.064  41.655 0.0000000000
49247  -29.955  -17.153  34.904 0.0000000000
50273  -33.442  -16.737  36.375 0.0000000000
49216  -32.260  -17.243  36.496 0.0000000000
49217  -32.870  -17.139  36.783 0.0000000000
48169  -32.988  -17.941  38.319 0.0000000000
49205  -34.096  -17.102  37.625 0.0000000000
49191  -35.154  -17.190  38.867 0.0000000000
50246  -34.959  -16.926  38.065 0.0000000000
51357  -37.069  -14.986  36.216 0.0000000000
51344  -36.811  -15.695  37.924 0.0000000000
51345  -37.723  -14.858  37.383 0.0000000000
52470  -38.717  -14.680  38.673 0.0000000000
132123  -18.224  -14.431  39.963 0.0000000000
118398  -45.060  -7.793  32.751 0.0000000000
60468  -46.485  -7.539  33.700 0.0000000000
136340  -45.846  -7.440  31.608 0.0000000000
116899  -46.840  -6.979  28.972 0.0000000000
60521  -47.179  -6.746  30.617 0.0000000000
61468  -48.374  -6.352  29.392 0.0000000000
62380  -49.935  -5.692  30.835 0.0000000000
61478  -49.162  -6.423  28.600 0.0000000000
69798  -49.713  1.081  20.125 0.0000000000
69780  -49.687  1.009  21.119 0.0000000000
69800  -50.874  1.929  20.755 0.0000000000
73024  -55.355  4.626  22.540 0.0000000000
67900  -46.906  -1.034  17.945 0.0000000000
117036  -46.949  -0.877  16.528 0.0000000000
68850  -49.301  0.809  15.743 0.0000000000
69858  -50.579  1.521  15.455 0.0000000000
70933  -51.866  2.236  16.012 0.0000000000
117840  -51.157  1.805  14.925 0.0000000000
70947  -52.461  2.418  14.877 0.0000000000
137993  -8.642  -19.284  44.123 0.0000000000
48035  -6.800  -18.774  46.861 0.0000000000
49058  -10.404  -16.547  48.775 0.0000000000
49065  -9.743  -17.398  47.847 0.0000000000
138357  -9.840  -16.547  49.371 0.0000000000
50082  -8.410  -15.936  51.143 0.0000000000
51155  -6.894  -15.553  51.750 0.0000000000
49033  -5.958  -16.656  50.419 0.0000000000
51147  -5.841  -15.028  52.227 0.0000000000
52243  -4.014  -14.530  53.320 0.0000000000
55929  -41.044  -11.918  36.347 0.0000000000
55912  -42.104  -11.413  37.693 0.0000000000
55948  -41.426  -11.107  36.126 0.0000000000
59339  -40.749  -7.908  34.046 0.0000000000
59321  -41.837  -8.274  35.840 0.0000000000
60438  -41.766  -7.743  35.205 0.0000000000
133320  -43.066  -7.446  36.237 0.0000000000
117693  -41.916  -7.569  34.415 0.0000000000
132957  -43.353  -7.637  33.999 0.0000000000
60481  -41.342  -7.775  32.942 0.0000000000
117343  -39.065  -8.458  28.318 0.0000000000
59397  -40.902  -8.070  29.539 0.0000000000
117428  -40.090  -8.398  27.766 0.0000000000
59425  -40.860  -8.236  27.230 0.0000000000
59441  -39.606  -8.621  26.447 0.0000000000
51229  -21.195  -16.228  45.257 0.0000000000
51212  -21.113  -15.922  46.281 0.0000000000
50149  -21.712  -16.524  45.781 0.0000000000
122558  -25.264  -18.888  38.236 0.0000000000
48165  -24.532  -18.628  38.592 0.0000000000
47094  -25.613  -19.233  39.607 0.0000000000
48142  -25.124  -19.091  40.771 0.0000000000
47081  -26.392  -19.595  40.627 0.0000000000
48193  -29.487  -18.929  36.346 0.0000000000
125358  -28.553  -19.671  37.059 0.0000000000
47129  -29.761  -19.782  37.650 0.0000000000
44800  -30.061  -21.397  40.517 0.0000000000
118976  -29.258  -21.006  40.147 0.0000000000
45943  -29.308  -21.175  41.061 0.0000000000
45925  -27.877  -20.402  41.316 0.0000000000
45913  -28.531  -20.615  42.511 0.0000000000
45894  -28.555  -20.492  43.445 0.0000000000
44763  -29.850  -21.414  43.269 0.0000000000
49167  -36.640  -17.019  40.493 0.0000000000
122819  -14.893  -16.024  41.655 0.0000000000
50171  -14.368  -15.935  43.221 0.0000000000
50170  -13.714  -16.589  43.546 0.0000000000
53471  -14.902  -13.009  48.498 0.0000000000
61526  -43.443  -6.510  22.463 0.0000000000
61510  -44.810  -6.991  24.206 0.0000000000
61520  -45.207  -6.307  23.750 0.0000000000
63577  -48.848  -4.294  25.228 0.0000000000
62446  -48.838  -5.388  25.553 0.0000000000
63567  -50.228  -4.993  26.244 0.0000000000
62431  -51.363  -5.548  27.503 0.0000000000
63568  -51.482  -4.721  27.018 0.0000000000
68754  -50.755  0.529  24.243 0.0000000000
67819  -49.916  -0.743  24.871 0.0000000000
68738  -51.713  0.144  26.087 0.0000000000
135817  -55.086  2.747  13.804 0.0000000000
72071  -56.598  3.044  14.595 0.0000000000
70964  -56.462  2.754  13.421 0.0000000000
72091  -59.621  3.019  12.450 0.0000000000
126598  -60.462  3.354  12.143 0.0000000000
131876  -61.590  4.677  12.426 0.0000000000
73145  -61.668  4.156  10.961 0.0000000000
73173  -62.561  4.086  7.233 0.0000000000
72128  -61.729  3.262  7.871 0.0000000000
74160  -62.891  4.597  7.794 0.0000000000
74141  -62.909  5.369  9.372 0.0000000000
74149  -63.825  6.430  8.315 0.0000000000
75209  -64.944  7.813  7.832 0.0000000000
75228  -66.276  7.643  5.825 0.0000000000
52513  -37.077  -14.780  35.202 0.0000000000
52527  -37.828  -14.169  35.005 0.0000000000
52535  -36.478  -14.371  33.603 0.0000000000
52549  -36.192  -14.082  32.783 0.0000000000
51297  -19.532  -15.192  40.291 0.0000000000
129704  -32.799  -16.123  34.678 0.0000000000
50287  -33.302  -16.355  35.523 0.0000000000
137053  -33.989  -16.380  36.007 0.0000000000
50275  -35.204  -16.204  36.817 0.0000000000
51365  -35.465  -15.806  35.995 0.0000000000
121790  -36.298  -15.372  35.829 0.0000000000
60536  -43.597  -7.665  28.846 0.0000000000
60519  -44.580  -7.586  30.068 0.0000000000
116918  -44.222  -7.655  28.175 0.0000000000
60547  -44.742  -7.766  27.441 0.0000000000
60549  -46.404  -7.559  27.422 0.0000000000
70906  -51.970  2.415  18.730 0.0000000000
70880  -52.033  2.716  20.559 0.0000000000
72018  -53.210  3.521  19.381 0.0000000000
73046  -55.111  4.987  20.663 0.0000000000
73095  -60.108  4.784  16.172 0.0000000000
46992  -9.092  -19.069  44.523 0.0000000000
48047  -8.614  -18.722  45.855 0.0000000000
57110  -39.715  -10.744  33.495 0.0000000000
57111  -40.593  -10.057  34.340 0.0000000000
57120  -39.748  -9.631  33.293 0.0000000000
58195  -39.812  -8.583  33.323 0.0000000000
59354  -39.696  -8.169  32.650 0.0000000000
59367  -40.453  -7.994  31.762 0.0000000000
59366  -39.029  -8.213  31.616 0.0000000000
59407  -38.134  -8.370  29.359 0.0000000000
133541  -37.744  -8.523  27.641 0.0000000000
49090  -23.145  -17.419  44.991 0.0000000000
50150  -22.953  -17.186  45.831 0.0000000000
49080  -24.267  -17.666  46.361 0.0000000000
49072  -25.335  -17.817  47.581 0.0000000000
121554  -28.282  -19.626  47.285 0.0000000000
48178  -26.011  -18.934  36.953 0.0000000000
47125  -26.116  -19.207  37.788 0.0000000000
47114  -31.499  -19.234  38.411 0.0000000000
47113  -30.595  -19.659  38.099 0.0000000000
45959  -31.214  -20.612  39.519 0.0000000000
45945  -31.523  -20.983  40.206 0.0000000000
44801  -31.003  -21.510  40.849 0.0000000000
44778  -31.132  -21.899  42.683 0.0000000000
44790  -31.785  -21.798  42.186 0.0000000000
51296  -16.453  -14.794  40.731 0.0000000000
51278  -15.974  -14.968  41.350 0.0000000000
51227  -15.309  -14.685  43.870 0.0000000000
52328  -15.065  -14.333  44.864 0.0000000000
134902  -16.015  -13.915  45.105 0.0000000000
63613  -44.655  -4.512  22.171 0.0000000000
62458  -45.497  -5.506  23.410 0.0000000000
64772  -45.929  -3.726  22.884 0.0000000000
64749  -47.618  -3.188  24.080 0.0000000000
65832  -49.476  -2.751  25.254 0.0000000000
119769  -54.118  2.285  10.969 0.0000000000
70977  -56.172  2.440  11.987 0.0000000000
71003  -54.770  2.301  10.778 0.0000000000
73188  -63.157  4.640  6.059 0.0000000000
74174  -64.340  6.436  6.213 0.0000000000
74184  -63.719  5.460  4.764 0.0000000000
75253  -64.278  7.012  3.190 0.0000000000
49083  -12.198  -17.241  45.180 0.0000000000
49082  -11.553  -17.563  45.523 0.0000000000
53578  -41.107  -13.259  39.080 0.0000000000
53596  -40.685  -13.263  38.128 0.0000000000
54758  -40.602  -12.700  36.672 0.0000000000
55946  -39.834  -12.445  35.024 0.0000000000
53659  -38.485  -13.547  34.783 0.0000000000
54792  -38.792  -12.933  34.362 0.0000000000
135067  -39.529  -11.727  33.904 0.0000000000
56005  -38.694  -10.962  32.347 0.0000000000
56016  -37.600  -10.498  30.941 0.0000000000
52349  -18.181  -14.490  43.280 0.0000000000
52333  -19.198  -14.828  44.246 0.0000000000
51245  -19.546  -15.160  43.688 0.0000000000
51246  -20.294  -15.742  43.593 0.0000000000
50175  -21.585  -16.656  43.780 0.0000000000
51281  -20.412  -16.036  41.257 0.0000000000
136554  -21.291  -16.634  42.482 0.0000000000
133524  -22.326  -17.130  43.682 0.0000000000
49101  -23.336  -17.646  44.108 0.0000000000
48077  -24.403  -18.406  43.231 0.0000000000
48078  -25.159  -18.762  43.147 0.0000000000
48207  -29.965  -18.162  35.961 0.0000000000
48194  -30.374  -18.496  36.568 0.0000000000
50285  -31.552  -16.734  35.249 0.0000000000
49202  -31.586  -17.568  36.535 0.0000000000
140819  -31.264  -18.418  37.343 0.0000000000
48168  -32.291  -18.526  38.387 0.0000000000
48156  -33.038  -18.626  39.137 0.0000000000
133572  -33.975  -18.864  40.144 0.0000000000
48143  -34.612  -18.612  40.620 0.0000000000
48158  -34.631  -18.183  39.996 0.0000000000
49181  -36.162  -17.037  39.850 0.0000000000
50219  -36.741  -16.691  39.874 0.0000000000
50262  -36.093  -16.066  37.882 0.0000000000
50248  -36.509  -16.204  38.650 0.0000000000
50235  -37.774  -15.980  39.927 0.0000000000
131214  -38.372  -15.197  39.166 0.0000000000
52413  -17.048  -14.456  41.030 0.0000000000
124554  -45.613  -7.524  35.110 0.0000000000
60457  -46.453  -7.520  34.638 0.0000000000
127698  -47.780  -7.326  33.625 0.0000000000
132568  -48.494  -6.925  32.639 0.0000000000
60505  -46.534  -7.100  31.149 0.0000000000
61431  -48.034  -6.791  32.157 0.0000000000
135402  -47.273  -0.606  20.615 0.0000000000
67845  -47.796  -0.459  22.133 0.0000000000
68768  -48.535  0.134  21.910 0.0000000000
68770  -49.793  0.659  22.707 0.0000000000
69751  -51.723  1.561  23.595 0.0000000000
70851  -52.403  2.626  22.279 0.0000000000
70836  -52.707  2.531  23.133 0.0000000000
59500  -40.208  -8.304  22.475 0.0000000000
59487  -42.105  -8.054  23.685 0.0000000000
60602  -41.500  -7.609  22.322 0.0000000000
60618  -41.898  -6.907  21.816 0.0000000000
62480  -42.691  -5.667  21.279 0.0000000000
62495  -42.936  -4.869  20.985 0.0000000000
134947  -43.884  -3.560  20.841 0.0000000000
65877  -44.414  -2.806  20.633 0.0000000000
65878  -44.946  -2.204  20.423 0.0000000000
66947  -46.314  -1.171  19.666 0.0000000000
67882  -47.529  -0.526  19.245 0.0000000000
67883  -48.121  -0.195  19.162 0.0000000000
122809  -49.514  0.633  18.657 0.0000000000
141018  -48.215  0.000  16.092 0.0000000000
68828  -48.957  0.282  17.173 0.0000000000
69835  -50.556  1.258  17.682 0.0000000000
70925  -51.549  1.948  17.180 0.0000000000
137779  -52.879  2.635  16.865 0.0000000000
72049  -54.545  3.299  16.356 0.0000000000
124020  -56.218  3.574  16.463 0.0000000000
72056  -54.192  3.063  15.631 0.0000000000
70961  -53.635  2.506  14.010 0.0000000000
116873  -52.985  2.127  13.112 0.0000000000
120139  -52.756  2.037  12.024 0.0000000000
48039  -10.101  -18.079  46.067 0.0000000000
48027  -9.090  -18.041  47.152 0.0000000000
48026  -8.232  -18.229  47.308 0.0000000000
134748  -9.569  -16.088  50.407 0.0000000000
49045  -8.306  -17.073  49.297 0.0000000000
48025  -7.368  -18.365  47.447 0.0000000000
49054  -6.744  -17.663  48.804 0.0000000000
49042  -5.205  -17.630  49.163 0.0000000000
49041  -4.208  -17.590  49.586 0.0000000000
50086  -2.873  -16.674  51.274 0.0000000000
61399  -45.704  -6.898  38.322 0.0000000000
58145  -42.980  -9.939  38.073 0.0000000000
57095  -41.700  -10.097  35.901 0.0000000000
58171  -42.508  -9.002  36.892 0.0000000000
60413  -43.426  -7.623  37.565 0.0000000000
60429  -43.820  -7.314  36.773 0.0000000000
121674  -44.658  -7.307  36.408 0.0000000000
60455  -44.645  -7.566  34.698 0.0000000000
135785  -44.395  -7.820  33.104 0.0000000000
60503  -43.709  -7.847  31.430 0.0000000000
59368  -41.025  -7.995  30.931 0.0000000000
60517  -41.972  -7.887  30.712 0.0000000000
134369  -43.036  -7.778  30.047 0.0000000000
59409  -41.895  -7.826  28.240 0.0000000000
59443  -41.430  -8.191  26.591 0.0000000000
59460  -40.615  -8.662  25.130 0.0000000000
58256  -35.627  -8.721  28.734 0.0000000000
59421  -36.132  -8.398  28.158 0.0000000000
59439  -37.012  -8.562  27.268 0.0000000000
58280  -37.474  -8.830  26.334 0.0000000000
123955  -38.118  -9.209  25.020 0.0000000000
58305  -38.492  -9.316  24.336 0.0000000000
58318  -38.942  -9.139  23.629 0.0000000000
59485  -40.424  -8.630  23.274 0.0000000000
50139  -22.304  -16.547  47.316 0.0000000000
49187  -22.517  -17.675  38.603 0.0000000000
48153  -23.813  -18.370  38.828 0.0000000000
48140  -23.846  -18.411  40.161 0.0000000000
130988  -24.661  -18.773  41.101 0.0000000000
48120  -25.106  -18.994  41.668 0.0000000000
121990  -25.883  -19.186  43.016 0.0000000000
47135  -27.521  -19.267  36.415 0.0000000000
47127  -27.701  -19.612  37.219 0.0000000000
47111  -27.618  -19.854  38.241 0.0000000000
119001  -29.084  -20.557  38.756 0.0000000000
130898  -28.428  -20.444  39.028 0.0000000000
47082  -27.140  -19.905  40.100 0.0000000000
47067  -27.111  -20.031  41.013 0.0000000000
47045  -27.256  -20.032  41.990 0.0000000000
133265  -27.239  -19.685  43.642 0.0000000000
45875  -28.137  -20.132  44.091 0.0000000000
45876  -28.735  -20.448  44.389 0.0000000000
124490  -11.498  -18.619  42.075 0.0000000000
48069  -12.154  -18.225  43.097 0.0000000000
49141  -14.027  -16.960  40.734 0.0000000000
49160  -13.301  -17.421  40.528 0.0000000000
136807  -13.107  -17.722  41.800 0.0000000000
49105  -13.217  -17.333  42.970 0.0000000000
49093  -12.475  -17.547  44.354 0.0000000000
50143  -13.212  -16.104  45.304 0.0000000000
120967  -14.803  -13.991  45.967 0.0000000000
60580  -43.578  -7.810  24.360 0.0000000000
60571  -45.456  -7.689  25.798 0.0000000000
60572  -47.228  -7.185  26.180 0.0000000000
62452  -46.640  -5.651  24.357 0.0000000000
60561  -47.777  -6.805  25.999 0.0000000000
61485  -48.723  -6.792  27.701 0.0000000000
61479  -50.135  -6.354  28.163 0.0000000000
66899  -48.301  -1.168  23.676 0.0000000000
65841  -49.308  -1.849  24.925 0.0000000000
130765  -51.026  -2.183  26.300 0.0000000000
72051  -57.117  3.577  16.216 0.0000000000
72060  -58.672  3.525  15.547 0.0000000000
73112  -59.922  3.778  14.832 0.0000000000
70966  -57.889  2.765  12.795 0.0000000000
72075  -60.130  3.618  13.896 0.0000000000
73114  -61.230  5.086  14.185 0.0000000000
74115  -61.794  5.399  12.970 0.0000000000
74116  -62.551  6.394  12.651 0.0000000000
72124  -61.299  3.103  9.602 0.0000000000
73146  -62.230  4.679  10.562 0.0000000000
75178  -63.271  6.419  10.019 0.0000000000
76249  -65.777  7.916  6.474 0.0000000000
51404  -34.479  -15.027  32.634 0.0000000000
51405  -35.077  -14.980  33.116 0.0000000000
117244  -33.951  -15.444  33.064 0.0000000000
51389  -34.571  -15.327  33.410 0.0000000000
123638  -41.535  -8.482  25.142 0.0000000000
132026  -42.276  -8.321  25.175 0.0000000000
59473  -42.038  -8.309  24.412 0.0000000000
137925  -55.056  4.149  17.611 0.0000000000
73079  -55.524  4.595  17.971 0.0000000000
73080  -56.357  4.589  17.786 0.0000000000
73070  -56.915  5.127  18.286 0.0000000000
73081  -57.283  4.581  17.616 0.0000000000
73082  -58.189  4.621  17.436 0.0000000000
73091  -56.725  4.074  17.036 0.0000000000
49103  -12.018  -18.096  43.874 0.0000000000
48060  -11.296  -18.422  44.158 0.0000000000
57164  -37.264  -9.610  30.422 0.0000000000
58247  -37.192  -8.782  30.149 0.0000000000
58246  -36.830  -8.713  29.671 0.0000000000
52313  -18.321  -14.392  46.008 0.0000000000
120262  -18.784  -14.589  44.957 0.0000000000
47022  -25.631  -18.859  43.830 0.0000000000
47009  -26.154  -19.003  44.472 0.0000000000
46998  -26.705  -19.143  45.183 0.0000000000
118167  -26.859  -19.413  44.245 0.0000000000
47084  -33.550  -19.691  40.476 0.0000000000
47083  -32.792  -20.003  40.140 0.0000000000
47068  -33.776  -20.071  41.237 0.0000000000
52331  -17.100  -14.202  44.601 0.0000000000
65866  -45.983  -1.901  21.831 0.0000000000
66907  -46.653  -1.416  22.053 0.0000000000
52501  -38.880  -13.939  36.778 0.0000000000
53693  -36.265  -13.315  31.817 0.0000000000
49163  -21.922  -17.322  39.842 0.0000000000
121611  -21.986  -17.297  40.666 0.0000000000
49165  -23.295  -18.047  40.672 0.0000000000
49218  -33.548  -17.018  37.022 0.0000000000
50260  -34.790  -16.672  37.379 0.0000000000
52499  -37.696  -14.704  36.672 0.0000000000
52486  -38.281  -14.442  37.142 0.0000000000
52415  -18.360  -14.454  40.790 0.0000000000
60504  -44.575  -7.755  31.405 0.0000000000
117424  -45.132  -7.723  31.960 0.0000000000
61476  -47.562  -6.634  29.177 0.0000000000
61477  -48.172  -6.674  28.473 0.0000000000
120558  -50.257  1.380  19.756 0.0000000000
69799  -50.305  1.437  20.487 0.0000000000
70878  -50.819  1.829  19.821 0.0000000000
73007  -55.423  4.547  23.362 0.0000000000
66980  -46.280  -1.275  16.716 0.0000000000
69871  -50.444  1.487  14.617 0.0000000000
124621  -51.022  1.647  14.202 0.0000000000
46990  -7.975  -19.069  45.494 0.0000000000
46978  -7.238  -19.103  46.052 0.0000000000
50108  -10.411  -16.176  49.577 0.0000000000
51148  -7.177  -14.990  52.401 0.0000000000
52237  -5.299  -13.875  54.201 0.0000000000
55947  -40.890  -11.478  35.619 0.0000000000
59340  -41.272  -7.858  34.651 0.0000000000
60451  -41.261  -7.727  34.251 0.0000000000
60452  -41.621  -7.690  34.746 0.0000000000
60467  -41.663  -7.645  33.692 0.0000000000
59408  -39.974  -8.338  28.685 0.0000000000
59424  -39.430  -8.539  27.289 0.0000000000
116787  -21.732  -16.612  45.017 0.0000000000
47109  -25.840  -19.252  38.855 0.0000000000
47095  -26.363  -19.498  39.631 0.0000000000
47138  -30.010  -19.135  37.027 0.0000000000
47137  -29.276  -19.524  36.965 0.0000000000
45926  -28.601  -20.744  41.606 0.0000000000
45927  -29.325  -21.167  41.978 0.0000000000
45914  -29.317  -20.987  42.887 0.0000000000
44777  -30.168  -21.586  42.454 0.0000000000
51226  -14.599  -15.020  44.408 0.0000000000
61527  -44.132  -6.198  22.768 0.0000000000
62457  -44.821  -5.868  23.079 0.0000000000
63578  -50.107  -4.111  25.962 0.0000000000
122515  -49.547  -4.699  25.724 0.0000000000
120130  -50.811  -4.456  26.424 0.0000000000
69735  -51.837  1.081  25.052 0.0000000000
68745  -51.534  0.413  25.423 0.0000000000
134484  -54.790  2.486  13.055 0.0000000000
70951  -55.993  2.846  14.068 0.0000000000
70963  -55.711  2.629  13.130 0.0000000000
72102  -60.493  3.056  11.055 0.0000000000
72103  -61.073  3.731  11.454 0.0000000000
73174  -63.085  4.649  6.951 0.0000000000
74148  -63.205  5.382  8.473 0.0000000000
141086  -64.427  7.320  8.253 0.0000000000
75208  -64.266  6.898  7.633 0.0000000000
52525  -36.739  -14.623  34.352 0.0000000000
52548  -35.302  -14.505  32.522 0.0000000000
52560  -35.776  -13.893  32.075 0.0000000000
50317  -32.336  -15.869  33.821 0.0000000000
50304  -33.643  -15.921  34.711 0.0000000000
50288  -34.176  -16.021  35.387 0.0000000000
50289  -34.682  -16.126  36.051 0.0000000000
51364  -34.977  -15.808  35.321 0.0000000000
116905  -36.212  -15.156  34.870 0.0000000000
127310  -35.661  -15.532  35.314 0.0000000000
136464  -42.644  -7.755  27.849 0.0000000000
59411  -43.387  -7.706  28.022 0.0000000000
134755  -44.432  -7.874  26.832 0.0000000000
60558  -45.143  -7.832  26.657 0.0000000000
60548  -45.587  -7.698  27.416 0.0000000000
120924  -52.654  3.005  18.863 0.0000000000
74031  -55.757  5.331  20.142 0.0000000000
74018  -55.785  5.232  21.067 0.0000000000
74019  -56.435  5.560  20.699 0.0000000000
74081  -59.820  5.089  16.927 0.0000000000
47004  -9.841  -19.015  43.994 0.0000000000
48048  -9.424  -18.646  45.422 0.0000000000
56006  -39.302  -10.233  32.758 0.0000000000
57121  -40.122  -10.174  33.821 0.0000000000
58204  -39.157  -8.843  32.714 0.0000000000
136414  -39.145  -8.285  32.226 0.0000000000
59347  -39.592  -8.268  32.782 0.0000000000
128119  -38.625  -8.401  31.188 0.0000000000
119174  -37.944  -8.434  28.393 0.0000000000
116804  -23.707  -17.591  45.645 0.0000000000
125760  -25.875  -18.445  46.325 0.0000000000
48044  -25.169  -18.049  46.479 0.0000000000
118015  -25.937  -18.298  47.161 0.0000000000
122869  -27.780  -19.512  45.779 0.0000000000
46984  -27.769  -19.387  46.764 0.0000000000
46985  -28.351  -19.730  46.509 0.0000000000
47126  -26.777  -19.252  36.914 0.0000000000
47097  -31.736  -19.837  39.145 0.0000000000
45946  -32.281  -20.696  40.474 0.0000000000
45928  -31.816  -21.232  40.795 0.0000000000
44789  -31.737  -21.545  41.416 0.0000000000
45916  -33.344  -21.281  42.448 0.0000000000
51279  -16.571  -14.613  41.436 0.0000000000
52347  -16.509  -14.387  42.993 0.0000000000
52329  -15.726  -14.201  44.535 0.0000000000
127873  -16.358  -14.146  44.457 0.0000000000
52291  -16.869  -13.782  46.397 0.0000000000
64784  -44.895  -3.649  21.895 0.0000000000
63614  -45.306  -4.110  22.506 0.0000000000
65848  -47.314  -2.345  23.473 0.0000000000
130162  -47.010  -3.040  23.549 0.0000000000
64734  -48.840  -3.331  24.983 0.0000000000
130533  -48.786  -2.432  24.668 0.0000000000
125947  -62.602  4.217  5.638 0.0000000000
73205  -63.111  4.674  5.093 0.0000000000
129519  -63.750  5.393  5.646 0.0000000000
73221  -63.200  5.040  4.413 0.0000000000
50141  -11.856  -16.864  46.083 0.0000000000
50119  -10.918  -16.132  48.871 0.0000000000
120282  -40.286  -13.764  38.752 0.0000000000
53595  -39.889  -13.719  37.945 0.0000000000
53632  -39.436  -13.464  36.267 0.0000000000
53633  -39.980  -13.197  36.722 0.0000000000
54757  -40.023  -12.951  36.197 0.0000000000
54779  -40.429  -12.359  35.737 0.0000000000
53658  -37.796  -13.810  34.291 0.0000000000
54812  -38.802  -12.439  33.677 0.0000000000
54813  -39.354  -12.456  34.389 0.0000000000
55994  -39.113  -11.430  33.145 0.0000000000
52350  -18.946  -14.713  43.484 0.0000000000
118441  -18.696  -14.638  42.845 0.0000000000
131221  -20.015  -15.631  41.954 0.0000000000
138690  -20.979  -16.250  43.918 0.0000000000
50174  -21.014  -16.379  43.162 0.0000000000
51298  -20.227  -15.847  40.438 0.0000000000
49127  -21.934  -17.048  42.277 0.0000000000
50205  -21.409  -16.770  41.777 0.0000000000
50191  -21.774  -16.859  43.040 0.0000000000
49111  -22.793  -17.420  43.907 0.0000000000
116773  -22.974  -17.544  43.408 0.0000000000
48096  -23.940  -18.308  42.501 0.0000000000
49230  -29.548  -17.799  35.320 0.0000000000
49215  -30.750  -17.818  36.250 0.0000000000
50302  -31.937  -16.250  34.618 0.0000000000
48195  -31.066  -18.112  36.867 0.0000000000
48180  -31.686  -17.946  37.249 0.0000000000
48167  -31.685  -18.462  37.811 0.0000000000
48181  -32.316  -17.919  37.748 0.0000000000
138069  -33.556  -18.761  39.664 0.0000000000
48157  -33.913  -18.331  39.495 0.0000000000
49179  -34.556  -17.767  39.223 0.0000000000
123541  -35.839  -16.936  39.187 0.0000000000
50233  -36.422  -16.618  39.306 0.0000000000
50276  -35.800  -16.001  37.262 0.0000000000
129575  -37.487  -15.227  37.948 0.0000000000
50249  -37.281  -15.694  38.634 0.0000000000
50234  -37.116  -16.183  39.430 0.0000000000
51312  -37.826  -15.638  39.261 0.0000000000
138450  -39.331  -14.524  39.143 0.0000000000
52450  -39.916  -14.208  39.272 0.0000000000
52437  -16.986  -14.597  40.141 0.0000000000
52370  -18.085  -14.418  42.386 0.0000000000
60443  -46.373  -7.408  35.637 0.0000000000
60456  -45.669  -7.656  34.148 0.0000000000
60484  -46.542  -7.426  32.824 0.0000000000
117915  -47.208  -7.327  33.258 0.0000000000
60470  -48.503  -7.259  33.432 0.0000000000
60486  -47.881  -7.110  32.917 0.0000000000
117421  -45.438  -7.387  29.933 0.0000000000
133332  -45.730  -7.362  30.832 0.0000000000
60520  -46.373  -7.083  30.301 0.0000000000
61459  -47.973  -6.458  30.858 0.0000000000
137856  -48.219  -6.525  31.517 0.0000000000
61432  -48.963  -6.524  31.966 0.0000000000
61445  -49.528  -6.031  31.266 0.0000000000
62398  -50.594  -5.387  30.877 0.0000000000
67873  -47.885  -0.190  20.759 0.0000000000
67857  -48.002  -0.144  21.465 0.0000000000
68796  -48.471  0.211  21.021 0.0000000000
119277  -50.654  1.482  21.996 0.0000000000
68783  -50.048  1.117  21.991 0.0000000000
69762  -50.592  1.193  22.726 0.0000000000
69750  -50.998  1.119  23.566 0.0000000000
121734  -51.299  1.504  23.001 0.0000000000
134447  -52.692  3.179  20.833 0.0000000000
70869  -52.196  2.713  21.412 0.0000000000
72001  -52.857  3.164  21.754 0.0000000000
71979  -53.628  3.263  23.056 0.0000000000
49039  -2.565  -17.818  50.272 0.0000000000
48000  -2.126  -18.393  49.944 0.0000000000
47994  -2.095  -18.166  50.730 0.0000000000
61551  -41.180  -6.200  20.681 0.0000000000
61539  -42.480  -6.329  21.633 0.0000000000
61552  -41.912  -6.127  21.079 0.0000000000
63639  -42.532  -4.493  20.439 0.0000000000
63625  -43.615  -4.461  21.227 0.0000000000
63640  -43.193  -4.117  20.655 0.0000000000
64808  -43.835  -3.023  20.116 0.0000000000
119371  -44.383  -2.519  19.870 0.0000000000
66946  -45.579  -1.655  19.088 0.0000000000
67872  -47.084  -0.720  19.813 0.0000000000
67889  -46.930  -0.811  18.924 0.0000000000
67901  -47.551  -0.692  17.235 0.0000000000
121099  -47.718  -0.549  18.366 0.0000000000
67890  -48.406  -0.092  18.441 0.0000000000
68803  -48.778  0.263  18.980 0.0000000000
68813  -48.963  0.280  18.073 0.0000000000
69846  -50.012  1.209  16.034 0.0000000000
68839  -49.529  0.732  16.627 0.0000000000
68829  -49.733  0.746  17.645 0.0000000000
69836  -51.150  1.642  17.668 0.0000000000
130446  -50.942  1.544  17.034 0.0000000000
70926  -52.435  2.435  16.430 0.0000000000
70927  -53.089  2.728  16.263 0.0000000000
118178  -54.130  3.400  16.982 0.0000000000
72048  -53.791  3.068  16.266 0.0000000000
70935  -53.360  2.777  15.518 0.0000000000
70960  -52.674  2.294  14.093 0.0000000000
70948  -53.139  2.600  14.768 0.0000000000
46977  -6.301  -19.187  46.273 0.0000000000
49075  -11.276  -17.190  46.441 0.0000000000
49081  -10.867  -17.818  45.817 0.0000000000
49074  -10.652  -17.477  46.727 0.0000000000
49073  -9.912  -17.755  46.946 0.0000000000
49064  -8.873  -17.727  47.948 0.0000000000
50089  -7.723  -16.433  50.582 0.0000000000
50097  -8.024  -16.778  49.935 0.0000000000
49055  -7.668  -17.585  48.724 0.0000000000
49044  -7.333  -17.235  49.389 0.0000000000
48015  -7.075  -18.067  48.171 0.0000000000
132218  -5.329  -16.185  51.006 0.0000000000
49032  -5.071  -17.133  49.877 0.0000000000
48002  -4.366  -18.008  48.875 0.0000000000
49031  -3.947  -17.048  50.186 0.0000000000
49040  -3.263  -17.571  50.010 0.0000000000
50087  -3.665  -16.578  50.872 0.0000000000
52236  -4.300  -14.277  54.106 0.0000000000
60379  -45.768  -7.240  39.866 0.0000000000
61388  -45.904  -6.934  39.203 0.0000000000
138877  -45.185  -7.059  38.714 0.0000000000
54723  -41.412  -12.698  38.251 0.0000000000
54707  -41.822  -12.535  39.058 0.0000000000
55897  -41.966  -11.980  38.343 0.0000000000
55898  -42.514  -11.284  38.437 0.0000000000
55913  -42.572  -10.697  37.850 0.0000000000
141012  -42.862  -10.617  38.491 0.0000000000
57094  -41.163  -9.811  35.035 0.0000000000
58170  -42.010  -9.062  36.211 0.0000000000
58157  -42.970  -9.000  37.642 0.0000000000
60412  -42.848  -7.983  37.154 0.0000000000
59311  -43.373  -8.074  38.017 0.0000000000
60430  -44.628  -7.236  37.259 0.0000000000
60442  -44.883  -7.421  35.613 0.0000000000
140183  -44.112  -7.479  35.018 0.0000000000
60482  -42.390  -7.743  32.980 0.0000000000
60483  -43.485  -7.775  33.150 0.0000000000
117425  -43.119  -7.853  32.213 0.0000000000
119592  -39.707  -8.115  31.379 0.0000000000
138557  -40.351  -8.066  31.147 0.0000000000
59387  -41.422  -7.969  30.123 0.0000000000
59388  -42.335  -7.823  29.983 0.0000000000
59398  -41.913  -7.839  29.224 0.0000000000
60527  -42.905  -7.750  29.394 0.0000000000
59442  -40.327  -8.539  26.080 0.0000000000
136299  -40.769  -8.365  26.541 0.0000000000
59461  -41.091  -8.426  25.893 0.0000000000
59420  -35.291  -8.507  28.030 0.0000000000
59437  -35.104  -8.501  27.356 0.0000000000
58279  -36.649  -8.784  26.428 0.0000000000
58291  -36.359  -9.074  25.703 0.0000000000
58304  -37.548  -9.447  24.461 0.0000000000
59484  -39.766  -8.932  23.794 0.0000000000
51210  -19.527  -14.954  44.997 0.0000000000
137776  -20.120  -15.415  45.029 0.0000000000
49079  -23.454  -17.296  46.497 0.0000000000
50140  -22.842  -16.903  46.610 0.0000000000
50127  -23.144  -16.805  47.540 0.0000000000
48141  -24.560  -18.734  40.419 0.0000000000
47065  -25.735  -19.353  41.161 0.0000000000
47043  -25.817  -19.306  42.053 0.0000000000
47147  -28.146  -19.170  36.089 0.0000000000
135689  -28.122  -19.483  36.619 0.0000000000
45970  -29.937  -20.390  38.526 0.0000000000
45957  -29.605  -20.830  39.313 0.0000000000
135796  -28.459  -20.669  40.103 0.0000000000
45956  -28.793  -20.685  39.488 0.0000000000
45955  -27.951  -20.332  39.613 0.0000000000
129583  -27.999  -20.415  42.014 0.0000000000
45912  -27.802  -20.231  42.651 0.0000000000
47024  -27.218  -19.810  42.922 0.0000000000
45893  -27.795  -20.072  43.437 0.0000000000
45895  -29.338  -20.926  43.780 0.0000000000
45877  -29.548  -20.945  44.804 0.0000000000
136833  -30.547  -21.764  43.322 0.0000000000
44764  -31.400  -22.056  43.526 0.0000000000
48144  -35.313  -18.088  40.736 0.0000000000
139290  -11.687  -18.520  42.716 0.0000000000
48091  -12.174  -18.321  42.349 0.0000000000
50216  -15.213  -16.000  40.275 0.0000000000
49140  -13.489  -17.401  41.353 0.0000000000
49121  -13.507  -17.335  42.135 0.0000000000
49094  -13.084  -17.126  43.945 0.0000000000
49104  -12.638  -17.755  43.508 0.0000000000
50151  -12.839  -16.854  44.805 0.0000000000
52310  -15.490  -13.908  45.469 0.0000000000
119723  -48.652  -7.421  35.852 0.0000000000
60591  -42.573  -7.706  23.268 0.0000000000
60579  -42.776  -7.956  24.010 0.0000000000
60592  -43.331  -7.545  23.572 0.0000000000
60582  -45.148  -7.374  24.953 0.0000000000
61500  -45.919  -7.052  25.205 0.0000000000
128634  -46.497  -7.358  25.900 0.0000000000
62459  -46.174  -5.135  23.747 0.0000000000
121850  -47.420  -5.326  24.692 0.0000000000
62438  -49.051  -6.211  26.244 0.0000000000
61503  -48.326  -6.233  25.761 0.0000000000
61493  -48.413  -6.787  26.470 0.0000000000
117497  -49.049  -6.743  26.957 0.0000000000
61486  -49.557  -6.578  27.592 0.0000000000
138599  -50.235  -6.288  27.425 0.0000000000
62432  -51.958  -5.449  28.292 0.0000000000
136289  -51.322  -5.812  28.165 0.0000000000
62425  -52.351  -5.210  29.140 0.0000000000
67846  -48.388  -0.243  22.614 0.0000000000
66909  -47.975  -0.751  22.951 0.0000000000
67837  -48.775  -0.421  23.360 0.0000000000
67820  -50.557  -0.492  25.256 0.0000000000
66881  -49.724  -1.342  25.086 0.0000000000
66882  -50.254  -1.170  25.435 0.0000000000
65833  -49.933  -1.974  25.497 0.0000000000
66872  -50.614  -1.691  25.924 0.0000000000
118135  -55.851  3.293  15.733 0.0000000000
140562  -56.484  3.389  15.957 0.0000000000
72058  -56.736  3.245  15.373 0.0000000000
72072  -57.385  3.121  14.653 0.0000000000
72059  -57.756  3.351  15.457 0.0000000000
72073  -58.410  3.251  14.681 0.0000000000
72061  -59.187  3.506  15.020 0.0000000000
72074  -59.289  3.338  14.304 0.0000000000
70978  -57.154  2.586  12.259 0.0000000000
117067  -60.139  3.402  13.043 0.0000000000
72084  -59.292  3.138  13.381 0.0000000000
139513  -60.455  3.745  13.374 0.0000000000
73120  -60.834  4.260  13.628 0.0000000000
73121  -61.377  4.951  13.516 0.0000000000
73128  -61.247  4.492  12.959 0.0000000000
73136  -62.124  4.921  11.345 0.0000000000
74124  -62.011  5.256  12.125 0.0000000000
74125  -62.476  5.970  11.664 0.0000000000
75159  -63.215  7.052  12.063 0.0000000000
75168  -62.992  6.593  11.004 0.0000000000
137499  -62.008  3.652  8.442 0.0000000000
131477  -61.534  3.120  8.650 0.0000000000
71024  -60.895  2.649  8.814 0.0000000000
73155  -61.766  3.926  10.085 0.0000000000
73156  -62.384  4.529  9.698 0.0000000000
74142  -63.535  6.329  9.134 0.0000000000
75179  -63.873  7.481  10.654 0.0000000000
76222  -64.825  8.093  10.375 0.0000000000
75227  -65.227  7.701  5.986 0.0000000000
50318  -33.145  -15.660  33.167 0.0000000000
51374  -33.958  -15.668  33.866 0.0000000000
59444  -42.235  -8.014  26.580 0.0000000000
59428  -43.212  -7.787  27.306 0.0000000000
59445  -43.030  -7.927  26.608 0.0000000000
60569  -43.620  -8.027  26.046 0.0000000000
124836  -43.817  -7.956  25.264 0.0000000000
72042  -53.682  3.382  17.716 0.0000000000
73078  -54.807  4.391  18.160 0.0000000000
73068  -55.270  4.906  18.681 0.0000000000
74049  -57.467  5.634  18.764 0.0000000000
74066  -58.671  5.309  17.871 0.0000000000
74067  -59.517  5.513  17.628 0.0000000000
73093  -58.560  4.190  16.739 0.0000000000
48090  -11.063  -18.798  42.709 0.0000000000
47039  -10.406  -19.007  42.745 0.0000000000
48059  -10.532  -18.649  44.449 0.0000000000
48049  -10.353  -18.398  45.266 0.0000000000
58228  -38.201  -8.964  31.486 0.0000000000
59384  -38.211  -8.563  31.006 0.0000000000
59383  -37.795  -8.613  30.401 0.0000000000
119524  -37.348  -8.539  29.807 0.0000000000
48065  -24.642  -18.277  44.668 0.0000000000
48055  -24.598  -18.033  45.502 0.0000000000
138459  -25.012  -18.375  45.100 0.0000000000
120277  -26.298  -18.743  45.812 0.0000000000
141115  -27.221  -19.311  45.513 0.0000000000
47098  -32.530  -19.546  39.472 0.0000000000
64771  -45.519  -3.157  22.229 0.0000000000
134072  -45.878  -2.469  22.192 0.0000000000
130714  -46.367  -2.139  22.451 0.0000000000
66898  -47.617  -1.496  23.261 0.0000000000
53646  -38.998  -13.486  35.520 0.0000000000
53684  -36.675  -13.500  32.532 0.0000000000
53685  -37.347  -13.203  32.873 0.0000000000
54821  -37.709  -12.523  32.486 0.0000000000
56017  -38.019  -11.636  32.041 0.0000000000
54831  -37.342  -12.177  31.733 0.0000000000
52393  -18.550  -14.545  41.620 0.0000000000
123702  -19.281  -14.994  41.796 0.0000000000
49145  -22.007  -17.215  41.489 0.0000000000
124396  -22.601  -17.536  42.005 0.0000000000
48119  -24.351  -18.562  41.714 0.0000000000
50272  -32.687  -16.856  36.097 0.0000000000
49204  -33.082  -17.433  37.549 0.0000000000
49189  -33.640  -17.544  38.159 0.0000000000
49190  -34.375  -17.403  38.461 0.0000000000
137381  -36.561  -15.420  36.619 0.0000000000
51356  -36.385  -15.696  37.252 0.0000000000
117255  -37.097  -15.230  37.151 0.0000000000
51346  -38.155  -14.731  37.935 0.0000000000
52414  -17.643  -14.392  40.502 0.0000000000
118977  -45.766  -7.671  33.229 0.0000000000
118308  -45.827  -7.572  32.394 0.0000000000
123791  -46.588  -7.236  31.990 0.0000000000
133978  -46.255  -7.261  28.776 0.0000000000
60530  -46.254  -7.157  29.474 0.0000000000
60531  -46.991  -6.798  29.777 0.0000000000
61467  -47.753  -6.460  30.033 0.0000000000
61460  -48.545  -6.204  30.289 0.0000000000
61461  -49.307  -5.932  30.559 0.0000000000
61469  -49.206  -6.044  29.702 0.0000000000
61470  -49.978  -5.966  29.123 0.0000000000
133242  -49.110  0.591  20.542 0.0000000000
69781  -50.440  1.459  21.321 0.0000000000
69782  -51.026  1.900  21.565 0.0000000000
73022  -54.080  4.042  21.716 0.0000000000
128988  -53.568  3.469  22.141 0.0000000000
73023  -54.736  4.323  22.126 0.0000000000
75144  -62.663  6.894  14.272 0.0000000000
63656  -42.816  -3.819  20.109 0.0000000000
66972  -46.105  -1.491  17.510 0.0000000000
135318  -46.779  -1.124  17.168 0.0000000000
69847  -50.731  1.533  16.270 0.0000000000
69848  -51.367  1.906  16.469 0.0000000000
69859  -51.240  1.908  15.723 0.0000000000
70946  -51.829  2.199  15.245 0.0000000000
138897  -52.867  2.607  15.196 0.0000000000
69872  -51.784  2.028  14.327 0.0000000000
132444  -6.612  -19.375  45.616 0.0000000000
49066  -10.468  -17.037  47.722 0.0000000000
49057  -9.585  -16.952  48.719 0.0000000000
51157  -9.151  -15.331  51.800 0.0000000000
51156  -7.907  -15.548  51.804 0.0000000000
50081  -7.324  -16.029  51.199 0.0000000000
126224  -6.854  -16.416  50.698 0.0000000000
50080  -6.211  -15.969  51.270 0.0000000000
51154  -5.062  -15.555  51.653 0.0000000000
51153  -3.905  -15.390  51.974 0.0000000000
52244  -4.888  -14.336  53.288 0.0000000000
54759  -41.212  -12.250  36.986 0.0000000000
54740  -41.597  -12.150  37.580 0.0000000000
55930  -41.675  -11.509  36.896 0.0000000000
136305  -41.834  -10.715  36.552 0.0000000000
121123  -40.387  -8.359  33.910 0.0000000000
58181  -41.112  -8.700  34.941 0.0000000000
59330  -40.921  -8.192  34.511 0.0000000000
59331  -41.452  -8.094  35.212 0.0000000000
59332  -41.997  -7.866  35.804 0.0000000000
60427  -42.604  -7.710  36.389 0.0000000000
60439  -42.358  -7.627  35.710 0.0000000000
130207  -42.135  -7.550  35.061 0.0000000000
60440  -42.912  -7.458  35.413 0.0000000000
60454  -43.701  -7.519  34.737 0.0000000000
60453  -42.744  -7.529  34.585 0.0000000000
139443  -42.593  -7.624  33.794 0.0000000000
59396  -39.835  -8.257  29.685 0.0000000000
134884  -40.604  -8.138  28.962 0.0000000000
117427  -40.914  -8.100  28.159 0.0000000000
117426  -40.187  -8.456  26.894 0.0000000000
50158  -20.653  -15.882  44.583 0.0000000000
51211  -20.562  -15.694  45.587 0.0000000000
50138  -21.661  -16.265  46.920 0.0000000000
49071  -24.621  -17.402  47.966 0.0000000000
49070  -23.863  -16.910  48.307 0.0000000000
48166  -25.114  -18.997  39.152 0.0000000000
48155  -25.081  -19.051  39.975 0.0000000000
47080  -25.704  -19.312  40.304 0.0000000000
47136  -28.740  -19.357  36.472 0.0000000000
47128  -29.045  -19.893  37.453 0.0000000000
44813  -30.008  -21.185  39.820 0.0000000000
45942  -28.549  -20.744  40.784 0.0000000000
50189  -15.441  -15.274  42.101 0.0000000000
50188  -14.664  -16.003  42.397 0.0000000000
50187  -13.925  -16.681  42.661 0.0000000000
53472  -15.835  -13.274  47.728 0.0000000000
60593  -44.066  -7.263  23.907 0.0000000000
61518  -43.766  -6.914  23.153 0.0000000000
61519  -44.488  -6.616  23.450 0.0000000000
61511  -45.562  -6.718  24.474 0.0000000000
135233  -48.140  -4.789  24.982 0.0000000000
62439  -49.651  -5.565  26.163 0.0000000000
133269  -50.280  -5.691  26.599 0.0000000000
61487  -50.594  -5.916  27.105 0.0000000000
62440  -50.856  -5.316  26.774 0.0000000000
63556  -52.171  -4.908  27.696 0.0000000000
68753  -50.048  0.187  23.981 0.0000000000
67831  -49.521  -0.397  24.124 0.0000000000
67832  -50.265  -0.116  24.600 0.0000000000
67821  -51.176  -0.207  25.698 0.0000000000
70950  -55.228  2.963  14.573 0.0000000000
72070  -55.938  3.111  14.925 0.0000000000
72081  -56.922  2.905  13.967 0.0000000000
72082  -57.828  3.008  13.857 0.0000000000
72093  -61.080  4.096  12.260 0.0000000000
73135  -61.626  4.424  11.767 0.0000000000
72156  -61.356  3.295  6.567 0.0000000000
72136  -61.948  3.552  7.076 0.0000000000
124728  -62.317  3.858  7.855 0.0000000000
73163  -62.550  4.381  8.691 0.0000000000
125600  -64.234  7.318  8.912 0.0000000000
75195  -64.964  7.971  8.596 0.0000000000
76270  -65.815  8.448  4.415 0.0000000000
76258  -65.963  8.316  5.499 0.0000000000
76271  -65.925  8.444  4.522 0.0000000000
52514  -37.740  -14.485  35.811 0.0000000000
52526  -37.348  -14.305  34.537 0.0000000000
52536  -37.175  -14.078  33.920 0.0000000000
53670  -36.935  -13.798  33.216 0.0000000000
50231  -20.767  -16.388  39.720 0.0000000000
50232  -21.399  -16.890  39.507 0.0000000000
50316  -31.406  -15.965  33.999 0.0000000000
60528  -43.763  -7.693  29.836 0.0000000000
60529  -44.609  -7.554  29.153 0.0000000000
60546  -43.960  -7.779  27.408 0.0000000000
117242  -45.121  -7.583  28.226 0.0000000000
60537  -45.939  -7.464  28.176 0.0000000000
60538  -46.667  -7.284  28.208 0.0000000000
60550  -47.189  -7.347  27.498 0.0000000000
70889  -51.003  1.878  19.071 0.0000000000
70879  -51.445  2.264  20.240 0.0000000000
137561  -52.120  2.648  19.342 0.0000000000
70891  -52.513  3.081  19.863 0.0000000000
72009  -53.198  3.606  20.212 0.0000000000
73066  -53.801  4.050  19.061 0.0000000000
73044  -53.808  4.088  20.340 0.0000000000
73033  -54.090  4.166  20.961 0.0000000000
73034  -54.663  4.451  21.241 0.0000000000
140661  -55.811  5.160  21.635 0.0000000000
74092  -60.814  5.518  15.842 0.0000000000
74101  -61.060  5.336  15.008 0.0000000000
47016  -9.844  -19.177  43.153 0.0000000000
47015  -9.039  -19.309  43.594 0.0000000000
46991  -8.645  -18.961  45.182 0.0000000000
55969  -40.176  -11.072  34.270 0.0000000000
55970  -40.733  -10.840  34.973 0.0000000000
58196  -40.162  -9.208  33.890 0.0000000000
59348  -40.154  -8.052  33.293 0.0000000000
60480  -40.305  -7.931  32.756 0.0000000000
117987  -39.576  -8.122  32.138 0.0000000000
59385  -39.109  -8.215  30.805 0.0000000000
117163  -38.319  -8.472  30.670 0.0000000000
59395  -38.675  -8.338  30.058 0.0000000000
117344  -39.160  -8.378  29.223 0.0000000000
59423  -38.570  -8.557  27.525 0.0000000000
49100  -22.649  -17.266  44.389 0.0000000000
137948  -24.679  -17.668  47.075 0.0000000000
48034  -27.210  -19.033  47.206 0.0000000000
48177  -25.399  -18.742  37.335 0.0000000000
47131  -31.023  -18.924  37.746 0.0000000000
45971  -30.900  -20.146  38.814 0.0000000000
45944  -30.690  -21.181  40.015 0.0000000000
44788  -30.980  -21.769  41.805 0.0000000000
45915  -32.482  -21.450  41.833 0.0000000000
44779  -32.485  -21.741  42.504 0.0000000000
51295  -15.830  -15.353  40.500 0.0000000000
51244  -16.300  -14.615  42.160 0.0000000000
53486  -16.035  -13.621  46.147 0.0000000000
127512  -43.994  -4.888  21.859 0.0000000000
62468  -45.051  -4.996  22.809 0.0000000000
63602  -45.720  -4.620  23.140 0.0000000000
63603  -46.383  -4.250  23.460 0.0000000000
64763  -46.521  -3.374  23.244 0.0000000000
64764  -46.999  -3.817  23.793 0.0000000000
63590  -47.558  -4.290  24.370 0.0000000000
64750  -48.225  -3.816  24.678 0.0000000000
64735  -49.483  -3.746  25.456 0.0000000000
64736  -50.022  -3.243  25.716 0.0000000000
70990  -53.676  2.185  11.610 0.0000000000
70976  -55.283  2.411  12.286 0.0000000000
70991  -54.609  2.266  11.561 0.0000000000
70992  -55.425  2.312  11.379 0.0000000000
117656  -56.177  2.303  11.087 0.0000000000
72157  -61.784  3.604  6.300 0.0000000000
73187  -62.467  4.024  6.427 0.0000000000
123460  -63.676  5.415  6.560 0.0000000000
75218  -64.109  6.351  6.961 0.0000000000
74185  -64.426  6.442  5.263 0.0000000000
74197  -63.522  5.530  4.102 0.0000000000
74198  -64.285  6.368  4.153 0.0000000000
53616  -40.301  -13.230  37.338 0.0000000000
52515  -38.377  -13.972  35.559 0.0000000000
53672  -38.253  -13.198  33.987 0.0000000000
54793  -39.167  -12.979  34.952 0.0000000000
141077  -39.879  -11.919  34.513 0.0000000000
57148  -38.178  -10.395  31.535 0.0000000000
120625  -18.443  -14.546  44.098 0.0000000000
50159  -21.349  -16.452  44.489 0.0000000000
50160  -22.035  -16.800  44.415 0.0000000000
50190  -20.730  -16.319  42.018 0.0000000000
50204  -20.961  -16.508  41.333 0.0000000000
139393  -20.845  -16.348  42.588 0.0000000000
48076  -23.662  -17.978  43.314 0.0000000000
49112  -24.128  -18.126  44.012 0.0000000000
116789  -24.880  -18.513  43.929 0.0000000000
49246  -29.071  -17.391  34.632 0.0000000000
48206  -29.156  -18.491  35.674 0.0000000000
48179  -30.710  -18.713  37.170 0.0000000000
49248  -30.771  -16.958  35.107 0.0000000000
49232  -31.170  -17.291  35.786 0.0000000000
49233  -31.930  -17.049  35.939 0.0000000000
49180  -35.394  -17.544  39.754 0.0000000000
49166  -35.997  -17.486  40.512 0.0000000000
50220  -37.341  -16.525  40.396 0.0000000000
50261  -35.441  -16.423  37.642 0.0000000000
52448  -38.944  -14.935  39.455 0.0000000000
51309  -16.303  -15.088  39.856 0.0000000000
117153  -47.008  -7.305  36.110 0.0000000000
60469  -47.227  -7.441  34.142 0.0000000000
60458  -48.066  -7.418  34.396 0.0000000000
133051  -48.847  -7.493  34.166 0.0000000000
117422  -44.950  -7.594  30.712 0.0000000000
60506  -47.409  -6.812  31.535 0.0000000000
60487  -49.165  -6.973  32.857 0.0000000000
62381  -50.370  -5.699  31.396 0.0000000000
66922  -46.783  -0.982  21.241 0.0000000000
132214  -47.176  -0.860  21.897 0.0000000000
67856  -47.470  -0.529  21.379 0.0000000000
68769  -49.028  0.179  22.676 0.0000000000
68782  -49.349  0.599  21.965 0.0000000000
68760  -50.288  0.634  23.433 0.0000000000
137316  -51.479  1.106  24.276 0.0000000000
69743  -52.259  1.656  24.351 0.0000000000
70868  -51.545  2.284  21.073 0.0000000000
70850  -51.691  2.245  21.929 0.0000000000
71990  -53.018  3.049  22.597 0.0000000000
70835  -51.875  2.079  22.850 0.0000000000
69752  -52.268  2.051  23.585 0.0000000000
46952  -3.298  -19.011  48.018 0.0000000000
59501  -41.014  -8.155  22.802 0.0000000000
60590  -41.798  -7.902  23.062 0.0000000000
60603  -42.275  -7.391  22.564 0.0000000000
122329  -41.178  -7.284  21.726 0.0000000000
60619  -42.724  -6.766  22.181 0.0000000000
61540  -43.095  -6.063  21.850 0.0000000000
62466  -43.750  -5.732  22.137 0.0000000000
62494  -42.245  -5.257  20.727 0.0000000000
62481  -43.355  -5.281  21.543 0.0000000000
63626  -44.278  -4.042  21.534 0.0000000000
64783  -44.575  -3.228  21.289 0.0000000000
64796  -43.392  -3.524  20.275 0.0000000000
126304  -44.969  -2.525  21.151 0.0000000000
66920  -45.540  -1.841  21.096 0.0000000000
66936  -46.175  -1.323  20.684 0.0000000000
65894  -44.940  -2.072  19.518 0.0000000000
66935  -45.548  -1.662  20.110 0.0000000000
138632  -46.711  -0.927  20.426 0.0000000000
131039  -47.734  -0.352  19.945 0.0000000000
68804  -49.263  0.615  19.594 0.0000000000
69808  -49.878  1.101  19.272 0.0000000000
67912  -47.643  -0.442  16.308 0.0000000000
67913  -48.273  -0.143  16.788 0.0000000000
69820  -50.191  1.130  18.446 0.0000000000
69821  -50.937  1.613  18.384 0.0000000000
70905  -51.409  2.036  18.711 0.0000000000
70915  -51.681  2.067  18.006 0.0000000000
131630  -52.470  2.581  18.085 0.0000000000
138660  -51.893  2.186  16.654 0.0000000000
70916  -52.289  2.352  17.241 0.0000000000
70917  -52.979  2.845  17.494 0.0000000000
72043  -54.874  3.656  17.076 0.0000000000
72050  -55.361  3.457  16.451 0.0000000000
117901  -54.971  3.219  15.736 0.0000000000
70937  -54.661  3.023  15.068 0.0000000000
70936  -53.898  2.818  14.894 0.0000000000
70949  -54.473  2.781  14.347 0.0000000000
70962  -54.381  2.576  13.668 0.0000000000
70974  -53.545  2.151  12.442 0.0000000000
48038  -9.273  -18.324  46.328 0.0000000000
48037  -8.469  -18.482  46.580 0.0000000000
50099  -10.076  -16.035  50.070 0.0000000000
50090  -8.733  -16.306  50.477 0.0000000000
50098  -8.992  -16.575  49.892 0.0000000000
49056  -8.607  -17.382  48.662 0.0000000000
49063  -7.968  -17.951  48.052 0.0000000000
48036  -7.680  -18.630  46.729 0.0000000000
48024  -6.451  -18.439  47.600 0.0000000000
49043  -6.208  -17.288  49.503 0.0000000000
49053  -5.948  -17.729  48.826 0.0000000000
48001  -3.440  -18.008  49.424 0.0000000000
49030  -3.001  -17.143  50.599 0.0000000000
50085  -2.575  -16.743  51.624 0.0000000000
50077  -2.755  -16.239  51.894 0.0000000000
61389  -46.940  -6.870  39.432 0.0000000000
61400  -46.611  -6.769  38.582 0.0000000000
54708  -42.190  -12.292  39.726 0.0000000000
120990  -41.204  -10.699  35.522 0.0000000000
57078  -42.153  -9.960  36.674 0.0000000000
58182  -41.565  -8.998  35.515 0.0000000000
57066  -42.604  -9.925  37.363 0.0000000000
58146  -43.414  -9.125  38.391 0.0000000000
136219  -44.121  -7.727  38.757 0.0000000000
60428  -43.228  -7.507  36.988 0.0000000000
60414  -43.980  -7.365  37.639 0.0000000000
60399  -44.865  -7.118  38.053 0.0000000000
132787  -45.497  -7.093  37.513 0.0000000000
121011  -45.523  -7.357  36.055 0.0000000000
124332  -44.118  -7.698  33.852 0.0000000000
141390  -44.229  -7.853  32.280 0.0000000000
135571  -41.126  -7.872  32.247 0.0000000000
60501  -41.565  -7.902  31.512 0.0000000000
60502  -42.670  -7.863  31.315 0.0000000000
133955  -42.702  -7.830  30.528 0.0000000000
59410  -42.723  -7.737  28.584 0.0000000000
140312  -42.174  -7.801  27.687 0.0000000000
59426  -41.706  -7.945  27.394 0.0000000000
59472  -41.229  -8.582  24.474 0.0000000000
57207  -35.851  -9.136  29.195 0.0000000000
59405  -36.445  -8.490  28.908 0.0000000000
59438  -35.960  -8.496  27.301 0.0000000000
59422  -37.038  -8.412  28.281 0.0000000000
59440  -38.142  -8.716  26.763 0.0000000000
58292  -37.325  -9.134  25.522 0.0000000000
59458  -38.176  -8.974  25.784 0.0000000000
117513  -38.944  -8.838  26.071 0.0000000000
58293  -38.941  -8.996  25.085 0.0000000000
58317  -38.059  -9.427  23.631 0.0000000000
58306  -39.217  -9.116  24.290 0.0000000000
58294  -39.820  -8.904  24.663 0.0000000000
59471  -40.564  -8.781  24.134 0.0000000000
52314  -19.197  -14.694  45.826 0.0000000000
123080  -22.303  -16.747  46.223 0.0000000000
49176  -21.809  -17.229  38.932 0.0000000000
49177  -22.508  -17.689  39.430 0.0000000000
49178  -23.167  -18.049  39.852 0.0000000000
48118  -24.013  -18.476  40.952 0.0000000000
135170  -25.343  -18.982  42.464 0.0000000000
48191  -26.930  -18.983  36.157 0.0000000000
123121  -26.976  -19.494  37.739 0.0000000000
45987  -29.132  -20.218  38.049 0.0000000000
45969  -28.435  -20.251  38.424 0.0000000000
45968  -27.925  -20.173  38.894 0.0000000000
47096  -27.264  -19.863  39.182 0.0000000000
47044  -26.531  -19.543  42.474 0.0000000000
47023  -26.642  -19.468  43.345 0.0000000000
47010  -27.605  -19.757  44.226 0.0000000000
47000  -28.133  -19.895  44.926 0.0000000000
50202  -14.729  -16.354  40.919 0.0000000000
49139  -12.821  -17.923  41.187 0.0000000000
140072  -13.036  -17.709  42.310 0.0000000000
49120  -12.677  -17.945  42.702 0.0000000000
50142  -12.534  -16.547  45.723 0.0000000000
52289  -14.444  -13.534  47.448 0.0000000000
60581  -44.386  -7.626  24.656 0.0000000000
60570  -44.691  -7.771  25.336 0.0000000000
60559  -46.034  -7.696  26.622 0.0000000000
60560  -46.882  -7.494  26.707 0.0000000000
62451  -45.913  -5.979  24.054 0.0000000000
61512  -46.300  -6.422  24.706 0.0000000000
138935  -47.530  -5.870  25.086 0.0000000000
118291  -47.654  -6.302  25.422 0.0000000000
61502  -47.143  -6.809  25.614 0.0000000000
134155  -47.739  -7.243  26.773 0.0000000000
60540  -47.940  -7.041  27.619 0.0000000000
62413  -50.746  -5.582  29.506 0.0000000000
62423  -50.789  -6.065  27.757 0.0000000000
122919  -50.755  -5.921  28.567 0.0000000000
66908  -47.322  -1.078  22.539 0.0000000000
66890  -48.759  -1.570  24.321 0.0000000000
67830  -48.888  -0.880  24.040 0.0000000000
66891  -49.338  -1.110  24.566 0.0000000000
140389  -49.963  -2.647  25.601 0.0000000000
65823  -51.170  -2.948  26.414 0.0000000000
64720  -51.392  -3.833  26.630 0.0000000000
64699  -52.172  -3.927  27.272 0.0000000000
72052  -58.131  3.680  16.197 0.0000000000
73101  -58.878  3.871  16.153 0.0000000000
73102  -59.543  3.971  15.681 0.0000000000
73103  -60.404  4.537  15.372 0.0000000000
132084  -56.440  2.626  12.755 0.0000000000
70965  -57.217  2.790  13.192 0.0000000000
141047  -57.823  2.871  13.292 0.0000000000
72090  -58.713  2.847  12.628 0.0000000000
73113  -60.639  4.358  14.509 0.0000000000
74108  -61.770  5.791  13.812 0.0000000000
74109  -62.314  6.336  13.436 0.0000000000
75153  -63.223  7.183  13.565 0.0000000000
134318  -63.503  7.349  12.898 0.0000000000
72113  -60.783  2.938  10.220 0.0000000000
72114  -61.209  3.411  10.569 0.0000000000
74135  -62.714  5.439  10.270 0.0000000000
75219  -64.907  7.543  6.956 0.0000000000
128482  -65.602  7.875  7.386 0.0000000000
129769  -65.940  8.055  6.076 0.0000000000
48013  -5.309  -18.025  48.492 0.0000000000
49029  -2.491  -17.276  51.067 0.0000000000
50078  -3.346  -16.027  51.561 0.0000000000
50088  -4.757  -16.589  50.553 0.0000000000
51144  -2.729  -15.991  52.469 0.0000000000
51146  -4.485  -14.854  52.515 0.0000000000
51152  -3.078  -15.622  52.315 0.0000000000
57054  -43.283  -10.058  38.821 0.0000000000
58257  -36.329  -8.757  29.284 0.0000000000
59463  -42.853  -8.146  25.751 0.0000000000
60378  -45.201  -7.212  39.329 0.0000000000
60397  -43.836  -7.583  38.149 0.0000000000
60518  -43.365  -7.804  30.648 0.0000000000
60551  -48.401  -7.009  27.079 0.0000000000
62444  -47.041  -6.176  25.013 0.0000000000
62445  -47.994  -5.663  25.242 0.0000000000
65822  -50.457  -2.603  25.960 0.0000000000
65840  -48.313  -2.981  24.476 0.0000000000
65854  -46.141  -2.886  22.689 0.0000000000
68744  -50.882  0.162  25.044 0.0000000000
70837  -53.269  2.800  23.584 0.0000000000
70890  -51.525  2.227  19.390 0.0000000000
72032  -53.441  3.487  18.575 0.0000000000
72083  -58.364  2.958  13.314 0.0000000000
72180  -61.952  3.854  5.661 0.0000000000
73035  -55.320  4.849  21.639 0.0000000000
73045  -54.499  4.478  20.399 0.0000000000
73055  -53.612  3.971  19.720 0.0000000000
73056  -54.211  4.348  19.663 0.0000000000
73077  -54.075  4.037  18.301 0.0000000000
74003  -55.847  5.118  22.168 0.0000000000
76259  -66.023  8.260  5.429 0.0000000000
117588  -53.944  2.325  13.108 0.0000000000
119265  -49.025  0.511  21.328 0.0000000000
120100  -36.819  -9.354  24.988 0.0000000000
121376  -53.435  3.024  16.918 0.0000000000
126339  -52.905  2.304  11.231 0.0000000000
137725  -51.311  0.644  24.798 0.0000000000
138912  -55.906  2.533  12.539 0.0000000000
139127  -53.140  2.941  23.102 0.0000000000
139185  -45.240  -7.594  31.309 0.0000000000
139464  -36.132  -16.600  38.897 0.0000000000
139706  -43.775  -7.846  38.384 0.0000000000
140077  -2.881  -17.975  49.884 0.0000000000
141209  -51.916  2.599  19.876 0.0000000000
