#!ascii label  , from subject sub-v1s19x0051301_ses-1 vox2ras=TkReg
913
52334  -5.919  -12.841  56.187 0.0000000000
131630  -26.801  -9.235  44.911 0.0000000000
58547  -30.684  -6.194  39.264 0.0000000000
122500  -22.070  -13.095  47.698 0.0000000000
67206  -37.976  2.279  30.090 0.0000000000
61379  -33.107  -3.426  34.564 0.0000000000
56510  -27.484  -8.829  49.361 0.0000000000
52449  -27.200  -13.275  47.510 0.0000000000
69883  -42.646  5.763  32.291 0.0000000000
69048  -46.408  4.444  30.465 0.0000000000
69065  -49.381  4.649  27.692 0.0000000000
59488  -35.506  -5.545  40.467 0.0000000000
124925  -33.729  -6.761  36.102 0.0000000000
124446  -36.943  -3.625  37.626 0.0000000000
64294  -38.116  0.036  36.086 0.0000000000
54521  -16.468  -9.800  47.130 0.0000000000
118301  -4.031  -13.306  60.816 0.0000000000
58517  -27.898  -6.713  43.218 0.0000000000
59421  -32.881  -4.822  43.989 0.0000000000
53546  -19.689  -11.020  43.884 0.0000000000
118694  -22.931  -13.507  43.445 0.0000000000
67301  -49.115  2.978  21.800 0.0000000000
69949  -52.520  5.564  25.394 0.0000000000
65294  -34.350  0.326  31.990 0.0000000000
68999  -39.113  4.556  35.171 0.0000000000
52373  -7.505  -12.640  52.424 0.0000000000
46642  0.330  -18.739  59.596 0.0000000000
69892  -44.583  5.159  31.796 0.0000000000
59512  -36.879  -5.436  38.667 0.0000000000
53519  -14.421  -11.067  45.997 0.0000000000
51369  -5.223  -13.255  58.989 0.0000000000
117565  -26.134  -8.772  42.010 0.0000000000
57529  -27.400  -7.593  44.477 0.0000000000
54541  -21.026  -10.755  45.934 0.0000000000
113139  -21.180  -12.807  43.339 0.0000000000
52482  -22.591  -12.852  45.154 0.0000000000
53523  -27.940  -11.712  45.798 0.0000000000
51533  -26.655  -13.292  44.790 0.0000000000
111859  -26.679  -12.016  43.990 0.0000000000
53490  -20.802  -12.166  48.949 0.0000000000
54525  -20.406  -10.464  47.284 0.0000000000
67258  -43.761  2.003  25.670 0.0000000000
68200  -47.569  3.106  22.960 0.0000000000
69073  -51.064  5.074  26.351 0.0000000000
59542  -33.513  -6.156  35.162 0.0000000000
63333  -33.479  -1.214  33.302 0.0000000000
66189  -38.601  2.044  35.569 0.0000000000
54488  -11.581  -10.780  49.528 0.0000000000
54464  -10.348  -10.338  51.350 0.0000000000
54439  -9.077  -9.893  53.134 0.0000000000
51451  -8.304  -13.086  50.801 0.0000000000
47599  -1.607  -17.992  57.947 0.0000000000
121322  -27.964  -9.522  47.162 0.0000000000
126011  -27.856  -7.324  46.088 0.0000000000
59371  -28.940  -5.909  48.554 0.0000000000
52399  -24.496  -13.666  50.168 0.0000000000
112362  -24.543  -13.925  47.904 0.0000000000
131108  -26.908  -13.314  50.034 0.0000000000
54510  -28.377  -11.079  48.982 0.0000000000
68121  -40.297  4.240  31.224 0.0000000000
68137  -42.342  3.567  30.466 0.0000000000
67212  -43.908  2.904  29.088 0.0000000000
68167  -46.348  3.477  27.537 0.0000000000
68176  -47.199  3.730  26.580 0.0000000000
69053  -47.531  4.450  29.172 0.0000000000
59499  -33.366  -5.766  39.760 0.0000000000
58573  -32.297  -6.726  37.571 0.0000000000
127943  -34.485  -6.356  38.526 0.0000000000
113495  -35.212  -5.851  36.794 0.0000000000
61370  -35.232  -3.315  36.115 0.0000000000
62317  -35.248  -1.759  35.301 0.0000000000
62299  -37.554  -1.964  37.070 0.0000000000
54504  -15.185  -9.948  48.106 0.0000000000
54517  -12.988  -10.921  47.921 0.0000000000
69979  -53.589  5.867  21.260 0.0000000000
52290  -1.040  -12.634  61.774 0.0000000000
57560  -27.433  -7.759  40.006 0.0000000000
58528  -29.112  -6.137  40.792 0.0000000000
58499  -29.174  -6.187  44.649 0.0000000000
59433  -30.508  -5.586  43.377 0.0000000000
59468  -31.544  -5.581  41.388 0.0000000000
59470  -33.767  -5.261  41.944 0.0000000000
117141  -24.323  -14.203  44.963 0.0000000000
54506  -18.812  -9.810  48.938 0.0000000000
54554  -17.804  -10.232  44.881 0.0000000000
69076  -48.737  4.363  25.376 0.0000000000
69092  -50.360  4.536  23.143 0.0000000000
69104  -51.940  5.029  22.116 0.0000000000
124849  -53.473  5.985  23.657 0.0000000000
50492  -5.415  -14.511  53.969 0.0000000000
49542  -4.408  -15.329  55.725 0.0000000000
115886  -36.182  1.787  30.988 0.0000000000
65265  -36.214  0.421  34.406 0.0000000000
66217  -36.819  2.098  33.814 0.0000000000
68105  -38.133  4.172  32.469 0.0000000000
69875  -40.363  6.029  33.534 0.0000000000
52356  -6.446  -12.529  54.552 0.0000000000
49496  -3.667  -15.648  58.869 0.0000000000
49482  -1.762  -15.753  60.174 0.0000000000
49467  0.196  -15.394  60.722 0.0000000000
110304  -5.575  -12.851  57.426 0.0000000000
55611  -26.423  -9.462  44.302 0.0000000000
121395  -26.331  -8.772  43.549 0.0000000000
56568  -26.727  -8.699  44.436 0.0000000000
53511  -21.837  -12.179  47.206 0.0000000000
123175  -22.197  -12.226  45.698 0.0000000000
123219  -22.195  -12.966  46.940 0.0000000000
55593  -27.593  -10.131  45.827 0.0000000000
53537  -27.430  -11.804  45.178 0.0000000000
54558  -26.815  -10.049  45.057 0.0000000000
54585  -26.123  -10.674  43.460 0.0000000000
52413  -22.656  -13.724  49.683 0.0000000000
52396  -21.314  -13.015  50.118 0.0000000000
108973  -21.332  -12.676  48.708 0.0000000000
53510  -21.362  -11.575  47.466 0.0000000000
68188  -46.539  3.120  24.288 0.0000000000
58546  -29.266  -6.611  39.286 0.0000000000
58558  -29.924  -6.987  38.094 0.0000000000
123557  -33.462  -5.080  35.300 0.0000000000
59560  -32.459  -5.382  33.439 0.0000000000
61389  -32.712  -2.894  33.831 0.0000000000
53487  -10.630  -11.777  49.348 0.0000000000
54475  -11.265  -10.349  50.195 0.0000000000
53486  -10.112  -11.806  49.853 0.0000000000
53474  -9.528  -11.772  50.565 0.0000000000
120112  -9.086  -13.319  49.433 0.0000000000
56525  -27.743  -9.058  48.559 0.0000000000
57496  -27.611  -8.067  48.102 0.0000000000
57485  -28.013  -7.265  49.487 0.0000000000
52388  -25.853  -13.083  51.398 0.0000000000
52414  -25.191  -13.703  49.796 0.0000000000
53478  -26.739  -12.154  50.806 0.0000000000
56497  -27.297  -9.086  50.012 0.0000000000
54481  -27.557  -10.226  49.868 0.0000000000
55525  -27.593  -9.605  49.362 0.0000000000
55540  -28.127  -9.649  47.923 0.0000000000
69036  -41.222  4.872  31.696 0.0000000000
68136  -41.413  3.632  30.580 0.0000000000
69037  -42.471  4.652  31.415 0.0000000000
69040  -45.322  4.874  31.537 0.0000000000
68139  -44.302  3.643  30.276 0.0000000000
68151  -45.293  3.524  29.372 0.0000000000
67228  -44.858  2.968  27.964 0.0000000000
68152  -46.077  3.707  29.120 0.0000000000
68162  -46.924  3.749  28.081 0.0000000000
69049  -47.248  4.719  30.117 0.0000000000
59486  -34.056  -5.626  40.308 0.0000000000
58550  -33.687  -6.144  39.099 0.0000000000
58551  -35.261  -6.133  39.065 0.0000000000
60422  -36.745  -4.921  38.137 0.0000000000
59519  -35.865  -5.928  37.673 0.0000000000
60443  -35.943  -4.553  37.237 0.0000000000
60442  -35.340  -4.908  36.806 0.0000000000
61362  -36.432  -3.547  37.124 0.0000000000
62298  -36.001  -2.980  36.500 0.0000000000
61363  -37.197  -2.910  37.362 0.0000000000
55555  -17.103  -9.432  48.040 0.0000000000
55536  -15.674  -9.488  48.747 0.0000000000
54505  -16.064  -9.667  48.010 0.0000000000
53509  -13.326  -11.184  47.079 0.0000000000
69975  -54.092  6.415  21.981 0.0000000000
70848  -54.731  6.707  20.897 0.0000000000
52292  -2.584  -12.735  61.429 0.0000000000
57545  -27.036  -7.277  42.664 0.0000000000
129343  -26.640  -7.874  41.456 0.0000000000
57553  -27.038  -7.319  41.623 0.0000000000
58537  -28.258  -6.599  40.683 0.0000000000
58527  -28.676  -6.191  41.531 0.0000000000
58482  -28.925  -6.168  46.477 0.0000000000
57522  -28.125  -6.955  45.522 0.0000000000
59391  -29.621  -5.797  46.092 0.0000000000
59406  -32.144  -4.941  45.088 0.0000000000
59418  -30.787  -5.481  44.218 0.0000000000
59434  -31.394  -5.344  43.818 0.0000000000
59449  -30.684  -5.580  42.445 0.0000000000
125765  -31.965  -5.404  42.653 0.0000000000
59452  -33.071  -5.286  42.300 0.0000000000
59436  -33.146  -5.013  43.122 0.0000000000
52509  -22.137  -12.951  43.406 0.0000000000
51491  -25.451  -13.752  47.519 0.0000000000
51490  -24.551  -13.916  47.097 0.0000000000
51508  -25.544  -13.721  46.709 0.0000000000
51576  -25.713  -14.026  43.595 0.0000000000
54492  -19.411  -10.396  49.424 0.0000000000
54556  -19.579  -10.071  45.467 0.0000000000
54538  -18.868  -9.767  46.042 0.0000000000
54570  -18.353  -10.557  44.383 0.0000000000
53545  -17.941  -11.380  44.096 0.0000000000
69064  -48.363  4.250  27.028 0.0000000000
69075  -48.048  4.107  25.614 0.0000000000
113396  -49.035  4.455  26.958 0.0000000000
114210  -51.669  5.239  26.091 0.0000000000
69083  -50.460  4.801  24.851 0.0000000000
69084  -51.206  5.064  24.708 0.0000000000
113311  -50.983  4.684  22.790 0.0000000000
69966  -52.145  5.337  23.746 0.0000000000
69967  -52.376  5.436  22.953 0.0000000000
69959  -52.707  5.606  24.530 0.0000000000
57592  -32.738  -7.028  36.900 0.0000000000
57591  -31.641  -7.210  37.165 0.0000000000
65319  -34.683  0.224  30.294 0.0000000000
65309  -35.018  0.880  31.649 0.0000000000
64292  -36.709  -0.524  35.535 0.0000000000
64301  -36.120  -0.355  34.926 0.0000000000
65266  -37.306  0.761  35.160 0.0000000000
131588  -38.663  3.527  35.122 0.0000000000
66201  -37.379  2.197  34.501 0.0000000000
67141  -37.737  3.110  34.310 0.0000000000
68104  -37.502  3.700  32.870 0.0000000000
69019  -38.565  4.560  33.775 0.0000000000
69027  -38.627  4.705  32.912 0.0000000000
69874  -39.578  5.650  33.952 0.0000000000
53443  -8.286  -11.412  52.330 0.0000000000
53414  -7.783  -10.832  53.884 0.0000000000
53413  -7.241  -11.271  54.404 0.0000000000
51432  -6.992  -12.970  52.972 0.0000000000
114503  -6.188  -13.984  53.307 0.0000000000
50507  -6.721  -14.241  52.014 0.0000000000
48603  -3.224  -16.841  55.548 0.0000000000
49511  -4.395  -15.357  57.668 0.0000000000
48585  -2.777  -17.051  57.037 0.0000000000
47585  -0.455  -18.211  59.482 0.0000000000
48554  -1.716  -17.093  59.340 0.0000000000
48543  -1.164  -16.436  59.853 0.0000000000
49468  -0.322  -15.691  60.348 0.0000000000
113027  0.188  -17.055  59.773 0.0000000000
54469  -26.910  -10.684  51.149 0.0000000000
70725  -43.715  6.820  33.314 0.0000000000
69890  -42.967  5.181  31.770 0.0000000000
70733  -44.114  6.315  32.773 0.0000000000
59502  -36.750  -5.564  39.421 0.0000000000
54553  -16.471  -10.498  45.316 0.0000000000
54551  -15.108  -10.833  45.825 0.0000000000
53359  -4.723  -11.762  59.337 0.0000000000
52309  -4.735  -13.367  60.242 0.0000000000
55641  -26.056  -9.224  42.726 0.0000000000
57536  -26.620  -7.951  43.112 0.0000000000
58507  -27.920  -7.002  44.180 0.0000000000
122936  -34.347  -4.569  44.382 0.0000000000
54557  -20.367  -10.472  44.967 0.0000000000
53557  -20.075  -11.724  43.593 0.0000000000
53548  -21.491  -11.629  44.325 0.0000000000
52496  -22.191  -12.340  44.244 0.0000000000
51551  -22.821  -13.087  44.169 0.0000000000
128260  -27.893  -12.354  46.311 0.0000000000
51509  -26.462  -13.477  46.285 0.0000000000
53522  -27.559  -12.500  45.780 0.0000000000
52497  -26.840  -12.741  44.342 0.0000000000
53559  -26.328  -11.552  43.430 0.0000000000
53489  -20.335  -11.696  49.362 0.0000000000
54493  -20.073  -10.829  49.014 0.0000000000
54509  -20.904  -11.000  47.824 0.0000000000
54540  -20.532  -10.464  46.537 0.0000000000
66289  -42.838  1.857  26.851 0.0000000000
68212  -48.071  3.050  22.532 0.0000000000
69914  -49.871  5.279  28.923 0.0000000000
69066  -50.198  4.883  27.425 0.0000000000
58589  -33.859  -6.412  35.761 0.0000000000
62333  -32.861  -1.587  32.446 0.0000000000
64308  -33.952  -0.508  33.143 0.0000000000
66181  -39.643  1.359  36.441 0.0000000000
65257  -38.877  1.328  35.956 0.0000000000
67118  -39.860  2.263  36.338 0.0000000000
55518  -12.660  -9.472  49.574 0.0000000000
55502  -11.607  -9.545  50.452 0.0000000000
55478  -10.467  -9.226  52.468 0.0000000000
54463  -9.627  -10.641  51.653 0.0000000000
53458  -8.572  -11.658  51.599 0.0000000000
51450  -7.771  -13.021  51.572 0.0000000000
50520  -7.343  -13.950  51.435 0.0000000000
50532  -7.592  -14.412  50.625 0.0000000000
109967  -27.591  -9.432  46.389 0.0000000000
56560  -27.283  -8.621  46.059 0.0000000000
57506  -27.498  -8.009  47.256 0.0000000000
57507  -27.842  -7.192  47.608 0.0000000000
114521  -23.129  -14.057  48.992 0.0000000000
51475  -22.794  -13.836  48.108 0.0000000000
51467  -24.291  -13.895  49.258 0.0000000000
51477  -25.430  -13.800  48.313 0.0000000000
52434  -27.192  -13.460  48.451 0.0000000000
53479  -27.497  -11.581  50.253 0.0000000000
53491  -28.029  -11.868  49.520 0.0000000000
52435  -27.933  -12.803  48.010 0.0000000000
54527  -28.513  -10.918  47.176 0.0000000000
55574  -28.108  -10.147  46.636 0.0000000000
52398  -23.526  -13.538  50.700 0.0000000000
67190  -38.653  2.712  30.538 0.0000000000
67207  -38.648  2.221  29.664 0.0000000000
67192  -40.141  2.928  30.272 0.0000000000
67210  -41.232  2.537  29.523 0.0000000000
67211  -42.093  2.593  29.446 0.0000000000
69045  -42.872  4.106  30.948 0.0000000000
120127  -43.017  2.751  29.429 0.0000000000
67226  -43.282  2.468  28.494 0.0000000000
67240  -44.211  2.602  27.286 0.0000000000
67241  -44.956  2.910  27.060 0.0000000000
68181  -45.831  3.148  25.969 0.0000000000
68182  -46.611  3.474  25.852 0.0000000000
68175  -46.465  3.458  26.714 0.0000000000
69057  -47.543  4.038  27.874 0.0000000000
69054  -48.531  4.791  28.989 0.0000000000
69900  -47.786  5.250  30.668 0.0000000000
69055  -49.223  5.175  29.132 0.0000000000
59497  -31.347  -5.857  39.771 0.0000000000
111429  -30.662  -6.552  38.390 0.0000000000
58549  -32.815  -6.032  39.088 0.0000000000
109363  -33.175  -6.646  37.617 0.0000000000
58574  -33.789  -6.706  36.833 0.0000000000
59511  -36.147  -5.902  38.624 0.0000000000
58576  -35.285  -6.260  37.352 0.0000000000
58590  -34.386  -6.405  36.485 0.0000000000
59533  -34.649  -6.069  36.374 0.0000000000
60453  -34.248  -4.689  35.818 0.0000000000
121087  -34.482  -3.670  35.683 0.0000000000
62316  -34.313  -2.169  34.840 0.0000000000
62307  -35.580  -2.418  35.962 0.0000000000
63315  -36.652  -1.296  36.064 0.0000000000
64283  -37.863  -0.615  36.376 0.0000000000
63307  -38.979  -0.879  37.278 0.0000000000
65247  -39.557  0.545  36.670 0.0000000000
55520  -14.418  -9.272  49.342 0.0000000000
54519  -14.624  -10.333  47.422 0.0000000000
54518  -13.797  -10.583  47.667 0.0000000000
54502  -13.435  -10.227  48.556 0.0000000000
53498  -12.216  -11.321  48.127 0.0000000000
111683  -28.737  -6.578  39.914 0.0000000000
58538  -29.580  -6.164  40.061 0.0000000000
115333  -27.486  -7.754  45.451 0.0000000000
58498  -28.459  -6.683  44.812 0.0000000000
58508  -28.579  -6.444  44.019 0.0000000000
59417  -29.966  -5.772  44.252 0.0000000000
59447  -29.089  -5.890  42.750 0.0000000000
59448  -29.780  -5.725  42.525 0.0000000000
59482  -30.090  -5.831  41.013 0.0000000000
59483  -30.908  -5.665  40.946 0.0000000000
112287  -32.304  -5.583  40.998 0.0000000000
112256  -33.890  -5.484  41.159 0.0000000000
59487  -34.749  -5.490  40.831 0.0000000000
60373  -34.923  -4.670  43.178 0.0000000000
59454  -35.194  -4.868  42.280 0.0000000000
51505  -22.846  -13.654  46.765 0.0000000000
112134  -23.428  -13.808  44.883 0.0000000000
119947  -23.381  -13.633  43.995 0.0000000000
113278  -25.735  -13.748  45.859 0.0000000000
51575  -24.752  -14.315  43.547 0.0000000000
55524  -18.170  -9.535  49.409 0.0000000000
55556  -17.883  -9.515  47.670 0.0000000000
54524  -19.657  -10.069  47.557 0.0000000000
108909  -18.135  -9.605  46.774 0.0000000000
54537  -17.033  -9.841  46.168 0.0000000000
54568  -17.051  -10.674  44.758 0.0000000000
131099  -47.137  3.500  24.327 0.0000000000
68190  -47.834  3.735  23.860 0.0000000000
69090  -48.695  3.977  23.423 0.0000000000
69071  -49.454  4.547  26.152 0.0000000000
111508  -49.944  4.536  24.000 0.0000000000
69091  -49.436  4.179  23.041 0.0000000000
69102  -50.509  4.345  22.195 0.0000000000
69109  -50.857  4.026  21.390 0.0000000000
69117  -52.030  4.408  20.599 0.0000000000
69978  -52.833  5.573  21.332 0.0000000000
69974  -53.389  5.921  22.153 0.0000000000
51402  -5.797  -13.516  55.497 0.0000000000
50453  -5.633  -14.136  56.599 0.0000000000
49543  -4.973  -14.750  55.319 0.0000000000
57590  -30.897  -7.667  37.213 0.0000000000
122179  -36.641  1.841  30.487 0.0000000000
122168  -34.700  -1.380  34.519 0.0000000000
131294  -34.971  -0.777  34.204 0.0000000000
65279  -35.384  0.470  33.551 0.0000000000
115514  -37.465  1.438  34.978 0.0000000000
128857  -36.775  1.282  34.393 0.0000000000
66215  -35.718  1.257  33.037 0.0000000000
66224  -36.182  1.816  32.574 0.0000000000
67173  -37.321  2.764  31.642 0.0000000000
67174  -38.125  3.116  31.268 0.0000000000
129318  -39.187  4.254  31.639 0.0000000000
69029  -40.432  5.129  32.165 0.0000000000
69876  -41.258  6.225  33.195 0.0000000000
117741  -6.210  -11.083  56.280 0.0000000000
53401  -6.984  -10.898  55.131 0.0000000000
52347  -6.264  -12.186  55.474 0.0000000000
50478  -5.853  -13.948  53.950 0.0000000000
49572  -5.687  -15.195  52.666 0.0000000000
50443  -5.407  -14.281  57.260 0.0000000000
50426  -4.821  -14.669  58.845 0.0000000000
50404  -3.780  -14.759  60.367 0.0000000000
48570  -2.609  -16.834  57.912 0.0000000000
49483  -3.376  -15.447  59.702 0.0000000000
50403  -2.871  -14.811  60.915 0.0000000000
50389  -1.794  -14.096  61.344 0.0000000000
51336  -0.294  -13.528  61.558 0.0000000000
47570  1.087  -17.938  59.631 0.0000000000
48540  1.211  -17.229  59.398 0.0000000000
53387  -5.785  -12.270  56.880 0.0000000000
128444  -5.772  -12.878  56.866 0.0000000000
53521  -22.040  -12.122  46.429 0.0000000000
54572  -26.326  -10.344  44.242 0.0000000000
52432  -22.117  -13.344  48.647 0.0000000000
52412  -21.733  -13.233  49.474 0.0000000000
53501  -21.558  -12.452  47.938 0.0000000000
67270  -46.050  2.629  24.226 0.0000000000
110196  -29.882  -6.599  38.793 0.0000000000
60463  -32.902  -4.407  34.656 0.0000000000
59551  -32.813  -5.507  34.433 0.0000000000
60462  -32.514  -4.717  33.984 0.0000000000
61378  -32.527  -3.835  33.876 0.0000000000
52410  -10.154  -12.357  49.136 0.0000000000
52409  -9.438  -12.564  49.815 0.0000000000
57484  -27.573  -8.080  49.027 0.0000000000
53465  -26.022  -12.465  51.985 0.0000000000
52389  -26.266  -12.725  51.365 0.0000000000
53466  -26.150  -12.013  51.553 0.0000000000
69030  -41.256  5.344  32.151 0.0000000000
111908  -41.782  4.628  31.425 0.0000000000
69031  -42.026  5.183  31.858 0.0000000000
69047  -45.449  4.261  30.796 0.0000000000
68140  -45.047  3.726  30.138 0.0000000000
68141  -45.853  3.907  29.947 0.0000000000
69052  -46.647  4.225  29.591 0.0000000000
59500  -34.949  -5.706  39.981 0.0000000000
60430  -37.088  -4.133  38.088 0.0000000000
61348  -36.541  -4.315  37.652 0.0000000000
70843  -54.804  6.735  21.758 0.0000000000
69980  -54.289  6.172  21.103 0.0000000000
52301  -3.434  -12.513  60.941 0.0000000000
52293  -2.805  -12.274  61.301 0.0000000000
51340  -3.290  -12.996  61.224 0.0000000000
58526  -27.570  -6.769  42.283 0.0000000000
127531  -27.835  -6.658  41.509 0.0000000000
58518  -28.394  -6.275  42.398 0.0000000000
115880  -29.461  -5.705  46.926 0.0000000000
59420  -32.105  -5.051  44.263 0.0000000000
59435  -32.193  -5.218  43.368 0.0000000000
125192  -32.527  -5.304  42.686 0.0000000000
115275  -18.832  -11.043  43.878 0.0000000000
53556  -19.237  -11.722  43.672 0.0000000000
51492  -26.398  -13.560  47.096 0.0000000000
54571  -19.372  -10.439  44.490 0.0000000000
68214  -49.346  3.563  22.093 0.0000000000
130123  -48.731  4.433  27.519 0.0000000000
69948  -51.812  5.294  25.440 0.0000000000
69958  -51.948  5.309  24.590 0.0000000000
57606  -33.065  -7.222  36.155 0.0000000000
57605  -32.153  -7.661  36.350 0.0000000000
64318  -33.792  -0.276  32.361 0.0000000000
64333  -33.692  -0.291  31.423 0.0000000000
65308  -34.415  0.361  31.111 0.0000000000
131153  -37.671  -0.299  36.026 0.0000000000
64293  -37.407  0.007  35.637 0.0000000000
65255  -37.914  0.540  35.630 0.0000000000
68063  -38.597  4.135  34.752 0.0000000000
120834  -38.296  3.377  34.779 0.0000000000
68074  -38.132  3.859  34.080 0.0000000000
69009  -39.019  4.966  34.371 0.0000000000
53442  -7.723  -11.891  52.718 0.0000000000
53429  -8.043  -11.162  53.118 0.0000000000
53428  -7.416  -11.709  53.573 0.0000000000
111868  -7.331  -12.355  53.076 0.0000000000
51443  -7.187  -13.426  52.223 0.0000000000
48586  -3.222  -16.516  56.571 0.0000000000
47572  -0.587  -17.251  59.694 0.0000000000
48542  -0.218  -16.359  59.922 0.0000000000
47571  0.397  -17.856  59.711 0.0000000000
59490  -37.310  -5.267  40.062 0.0000000000
54552  -15.617  -10.932  45.305 0.0000000000
121602  -5.140  -11.793  58.415 0.0000000000
108932  -4.484  -12.463  60.056 0.0000000000
117592  -4.995  -12.923  59.599 0.0000000000
57528  -26.843  -8.065  43.993 0.0000000000
57537  -27.239  -7.411  43.612 0.0000000000
53534  -21.231  -10.977  44.944 0.0000000000
53536  -22.052  -11.923  45.004 0.0000000000
111732  -26.976  -11.932  44.578 0.0000000000
52411  -21.112  -12.751  49.359 0.0000000000
53477  -20.694  -12.433  49.734 0.0000000000
53499  -20.619  -11.317  48.586 0.0000000000
53520  -21.586  -11.426  46.647 0.0000000000
54526  -21.043  -10.863  46.977 0.0000000000
67249  -43.579  2.200  26.574 0.0000000000
58601  -33.330  -6.866  34.831 0.0000000000
62324  -32.563  -2.583  33.030 0.0000000000
64317  -33.390  -0.826  32.657 0.0000000000
66182  -40.512  1.813  36.920 0.0000000000
69000  -39.733  4.404  35.889 0.0000000000
118573  -12.151  -10.504  49.187 0.0000000000
54476  -12.004  -9.937  49.707 0.0000000000
54474  -10.596  -10.715  50.628 0.0000000000
54465  -11.059  -10.024  50.996 0.0000000000
54451  -10.080  -9.972  52.084 0.0000000000
52395  -8.880  -12.473  50.597 0.0000000000
53459  -9.198  -11.285  51.248 0.0000000000
52383  -8.893  -11.898  51.027 0.0000000000
52382  -8.389  -12.374  51.248 0.0000000000
51457  -7.802  -13.635  50.927 0.0000000000
51458  -8.131  -13.819  50.250 0.0000000000
56551  -27.564  -8.775  46.879 0.0000000000
57497  -27.889  -7.177  48.547 0.0000000000
58469  -28.449  -6.351  47.965 0.0000000000
51460  -23.597  -13.851  49.769 0.0000000000
52415  -26.221  -13.622  49.809 0.0000000000
51468  -25.336  -13.785  49.096 0.0000000000
52433  -26.309  -13.769  48.834 0.0000000000
116610  -27.114  -13.452  49.414 0.0000000000
127638  -26.987  -10.010  51.040 0.0000000000
53467  -27.151  -11.140  50.747 0.0000000000
54495  -28.036  -10.303  49.173 0.0000000000
54494  -27.940  -10.914  49.771 0.0000000000
53502  -28.312  -12.014  48.542 0.0000000000
53512  -28.401  -11.930  47.570 0.0000000000
112596  -28.526  -11.257  48.107 0.0000000000
109060  -28.302  -10.108  47.404 0.0000000000
129196  -24.874  -13.316  50.851 0.0000000000
68120  -39.509  3.943  31.150 0.0000000000
68134  -39.535  3.176  30.618 0.0000000000
67193  -40.881  2.996  30.178 0.0000000000
68147  -41.751  2.996  30.072 0.0000000000
67224  -41.590  2.165  28.816 0.0000000000
69891  -43.812  4.981  31.659 0.0000000000
112009  -43.162  4.638  31.403 0.0000000000
69038  -43.678  4.306  31.135 0.0000000000
68150  -44.504  3.368  29.590 0.0000000000
116406  -43.733  3.251  29.851 0.0000000000
67239  -43.447  2.321  27.545 0.0000000000
67227  -44.094  2.692  28.222 0.0000000000
68166  -45.601  3.254  27.733 0.0000000000
68174  -45.705  3.199  26.868 0.0000000000
67251  -45.075  2.806  26.149 0.0000000000
118042  -47.355  4.134  28.461 0.0000000000
116263  -47.975  4.373  28.399 0.0000000000
69907  -48.883  5.287  29.700 0.0000000000
59498  -32.296  -5.730  39.950 0.0000000000
58548  -31.674  -6.127  38.941 0.0000000000
58561  -33.476  -6.388  38.405 0.0000000000
117043  -34.142  -6.553  37.692 0.0000000000
59535  -35.679  -5.499  37.227 0.0000000000
59534  -35.467  -6.040  37.094 0.0000000000
58591  -35.033  -6.209  36.838 0.0000000000
60454  -34.921  -4.273  36.294 0.0000000000
62306  -34.811  -2.723  35.494 0.0000000000
63304  -36.933  -1.829  36.582 0.0000000000
62308  -36.282  -2.104  36.356 0.0000000000
63305  -37.412  -1.247  36.512 0.0000000000
64270  -39.809  -0.563  37.551 0.0000000000
64285  -39.332  -0.184  36.930 0.0000000000
65248  -40.270  0.880  36.985 0.0000000000
55521  -15.302  -9.152  49.364 0.0000000000
55535  -14.833  -9.631  48.772 0.0000000000
54535  -14.924  -10.584  46.552 0.0000000000
54501  -12.575  -10.697  48.654 0.0000000000
122890  -0.572  -11.999  61.823 0.0000000000
56602  -26.629  -8.691  40.732 0.0000000000
57514  -27.490  -7.924  46.449 0.0000000000
58490  -28.934  -6.335  45.563 0.0000000000
59432  -29.538  -5.812  43.355 0.0000000000
59450  -31.449  -5.520  42.196 0.0000000000
59467  -30.811  -5.612  41.650 0.0000000000
59484  -31.494  -5.676  40.531 0.0000000000
59469  -33.073  -5.464  41.502 0.0000000000
59471  -34.579  -5.236  41.667 0.0000000000
60359  -35.044  -4.549  44.081 0.0000000000
125237  -34.422  -4.636  43.729 0.0000000000
59455  -36.103  -4.737  42.169 0.0000000000
53558  -20.878  -11.946  43.642 0.0000000000
52507  -20.365  -12.577  43.423 0.0000000000
51489  -23.484  -14.040  47.478 0.0000000000
51507  -24.733  -13.976  46.268 0.0000000000
112207  -23.988  -14.183  45.706 0.0000000000
122979  -26.576  -13.411  45.486 0.0000000000
51532  -25.949  -13.780  44.816 0.0000000000
55539  -18.038  -9.500  48.494 0.0000000000
54508  -20.245  -10.608  48.157 0.0000000000
54507  -19.523  -10.180  48.506 0.0000000000
109759  -19.071  -9.751  46.952 0.0000000000
111783  -17.953  -9.783  45.650 0.0000000000
129798  -17.256  -10.175  45.324 0.0000000000
118997  -46.852  3.497  25.025 0.0000000000
68183  -47.365  3.784  25.761 0.0000000000
69081  -48.161  4.123  24.830 0.0000000000
69082  -48.686  4.265  24.386 0.0000000000
69072  -50.284  4.806  26.643 0.0000000000
113504  -50.651  4.771  24.091 0.0000000000
69101  -49.901  4.129  22.373 0.0000000000
69094  -51.678  4.969  22.914 0.0000000000
69103  -51.212  4.630  22.086 0.0000000000
69110  -51.568  4.556  21.321 0.0000000000
69111  -52.193  5.054  21.317 0.0000000000
69968  -53.085  5.902  22.965 0.0000000000
69969  -53.936  6.231  23.040 0.0000000000
50477  -5.490  -14.156  54.797 0.0000000000
49558  -4.994  -14.910  54.360 0.0000000000
58559  -31.527  -6.603  37.954 0.0000000000
58572  -30.705  -7.015  37.660 0.0000000000
65320  -35.162  0.807  30.806 0.0000000000
66242  -35.930  1.233  30.380 0.0000000000
65264  -35.519  -0.267  34.245 0.0000000000
64309  -34.763  -0.309  33.632 0.0000000000
66188  -38.123  1.197  35.452 0.0000000000
66202  -37.898  1.877  35.171 0.0000000000
66216  -36.339  1.655  33.473 0.0000000000
67148  -36.639  2.342  33.013 0.0000000000
67159  -37.132  2.931  32.506 0.0000000000
68118  -37.706  3.523  32.048 0.0000000000
68119  -38.588  3.919  31.628 0.0000000000
69880  -39.905  5.557  33.005 0.0000000000
69028  -39.449  4.987  32.543 0.0000000000
69881  -40.813  5.713  32.724 0.0000000000
52357  -6.939  -11.933  54.226 0.0000000000
53412  -6.712  -11.693  54.909 0.0000000000
53400  -6.473  -11.361  55.650 0.0000000000
51418  -5.994  -13.373  54.631 0.0000000000
50506  -6.195  -14.450  52.680 0.0000000000
50493  -5.739  -14.527  53.336 0.0000000000
50452  -5.118  -14.719  56.449 0.0000000000
50442  -4.933  -14.884  57.423 0.0000000000
49510  -3.808  -15.824  58.013 0.0000000000
114015  -4.766  -14.945  58.126 0.0000000000
49497  -4.319  -15.234  58.485 0.0000000000
50414  -4.772  -14.230  59.819 0.0000000000
50413  -4.198  -15.022  59.383 0.0000000000
47600  -2.202  -17.519  57.449 0.0000000000
47587  -1.998  -17.334  58.397 0.0000000000
48544  -2.174  -16.379  59.596 0.0000000000
124383  -2.637  -15.828  59.872 0.0000000000
49471  -2.753  -15.307  60.350 0.0000000000
50390  -2.598  -14.099  61.249 0.0000000000
49470  -1.981  -15.225  60.786 0.0000000000
50401  -0.521  -15.181  60.988 0.0000000000
50387  0.146  -14.531  61.204 0.0000000000
46640  1.436  -18.567  59.338 0.0000000000
108842  -5.265  -12.675  58.232 0.0000000000
55626  -26.090  -9.756  43.489 0.0000000000
56569  -27.067  -8.127  44.721 0.0000000000
53535  -21.743  -11.466  45.658 0.0000000000
52466  -22.442  -12.938  46.163 0.0000000000
54542  -28.153  -10.916  46.108 0.0000000000
53538  -27.477  -10.915  45.418 0.0000000000
108825  -26.829  -11.000  44.769 0.0000000000
53549  -26.408  -11.222  44.134 0.0000000000
52397  -22.210  -13.432  50.398 0.0000000000
53500  -21.074  -11.851  48.202 0.0000000000
67259  -44.486  2.320  25.439 0.0000000000
68199  -47.029  3.112  23.601 0.0000000000
58557  -29.249  -7.073  38.647 0.0000000000
58610  -32.689  -6.287  33.614 0.0000000000
61388  -32.499  -3.273  33.325 0.0000000000
62325  -33.042  -2.046  33.519 0.0000000000
53488  -11.203  -11.435  49.117 0.0000000000
54487  -10.813  -11.186  49.886 0.0000000000
53475  -10.204  -11.309  50.391 0.0000000000
53460  -9.895  -10.990  50.943 0.0000000000
51459  -8.738  -13.188  50.085 0.0000000000
51466  -8.605  -13.947  49.525 0.0000000000
56540  -27.769  -8.904  47.655 0.0000000000
58458  -28.493  -6.475  48.977 0.0000000000
52400  -25.612  -13.477  50.518 0.0000000000
52401  -26.539  -13.174  50.666 0.0000000000
54480  -27.195  -10.271  50.526 0.0000000000
55511  -27.268  -9.739  50.056 0.0000000000
54511  -28.396  -10.419  48.185 0.0000000000
55541  -28.018  -9.812  48.637 0.0000000000
69035  -40.594  4.617  31.586 0.0000000000
68135  -40.411  3.638  30.698 0.0000000000
117687  -41.121  4.263  31.169 0.0000000000
68122  -41.995  4.180  30.974 0.0000000000
69039  -44.529  4.466  31.255 0.0000000000
69046  -44.162  4.000  30.791 0.0000000000
114364  -44.714  3.968  30.686 0.0000000000
68159  -44.692  3.158  28.800 0.0000000000
68160  -45.470  3.364  28.562 0.0000000000
68161  -46.228  3.559  28.324 0.0000000000
68153  -46.794  3.981  28.788 0.0000000000
123148  -34.296  -5.937  39.486 0.0000000000
121793  -36.375  -5.549  38.154 0.0000000000
59520  -36.197  -5.176  37.690 0.0000000000
61361  -35.620  -3.908  36.715 0.0000000000
123222  -36.750  -2.562  36.827 0.0000000000
55523  -17.020  -9.040  49.618 0.0000000000
55537  -16.560  -9.335  48.811 0.0000000000
53518  -13.675  -11.441  46.267 0.0000000000
53508  -12.568  -11.569  47.347 0.0000000000
69985  -53.693  5.656  20.359 0.0000000000
69986  -54.321  5.954  20.231 0.0000000000
69987  -54.811  6.472  19.914 0.0000000000
52291  -1.948  -12.603  61.654 0.0000000000
57544  -26.482  -7.954  42.126 0.0000000000
56595  -26.439  -8.393  41.368 0.0000000000
58536  -27.499  -7.197  40.694 0.0000000000
114938  -28.344  -6.770  46.227 0.0000000000
59419  -31.408  -5.253  44.662 0.0000000000
116940  -31.368  -5.448  42.988 0.0000000000
59451  -32.280  -5.479  41.971 0.0000000000
123227  -33.666  -5.065  42.585 0.0000000000
60360  -35.692  -4.542  43.657 0.0000000000
51531  -24.983  -14.096  45.386 0.0000000000
54539  -19.794  -10.073  46.541 0.0000000000
54555  -18.650  -9.971  45.077 0.0000000000
54569  -17.624  -10.791  44.445 0.0000000000
69069  -47.884  4.043  26.431 0.0000000000
69070  -48.588  4.307  26.278 0.0000000000
69078  -50.316  4.799  25.762 0.0000000000
69079  -51.101  5.089  25.553 0.0000000000
69093  -51.286  4.944  23.716 0.0000000000
120821  -52.887  5.683  23.727 0.0000000000
69960  -53.377  5.934  24.394 0.0000000000
113303  -4.827  -15.976  53.255 0.0000000000
49570  -4.660  -15.681  53.903 0.0000000000
122771  -34.061  -0.161  30.611 0.0000000000
66232  -35.630  1.399  31.281 0.0000000000
63326  -36.023  -1.097  35.414 0.0000000000
64302  -36.747  0.181  35.099 0.0000000000
128930  -36.756  0.663  34.785 0.0000000000
67131  -38.716  2.934  35.284 0.0000000000
67142  -38.088  2.581  34.989 0.0000000000
67149  -37.214  2.874  33.533 0.0000000000
127562  -37.680  3.602  33.588 0.0000000000
68087  -38.010  4.216  33.245 0.0000000000
69020  -39.133  5.168  33.406 0.0000000000
54449  -8.668  -10.683  52.735 0.0000000000
54438  -8.428  -10.353  53.502 0.0000000000
52366  -6.902  -12.453  53.662 0.0000000000
51431  -6.419  -13.268  53.688 0.0000000000
51442  -6.616  -13.705  52.806 0.0000000000
50519  -6.243  -15.147  51.924 0.0000000000
49541  -3.709  -15.903  56.085 0.0000000000
49524  -4.433  -15.343  56.746 0.0000000000
49523  -3.798  -15.890  57.098 0.0000000000
48571  -3.239  -16.394  57.505 0.0000000000
46655  -1.138  -18.556  58.684 0.0000000000
47586  -1.343  -17.809  59.060 0.0000000000
49469  -1.063  -15.477  60.610 0.0000000000
48533  -0.810  -15.872  60.135 0.0000000000
49481  0.219  -15.949  60.130 0.0000000000
54468  -26.501  -11.125  51.729 0.0000000000
56485  -27.356  -8.620  50.718 0.0000000000
70732  -43.193  6.319  32.791 0.0000000000
69884  -43.644  5.677  32.222 0.0000000000
69885  -44.565  5.746  32.309 0.0000000000
69894  -45.962  5.398  31.901 0.0000000000
69041  -46.166  4.791  31.251 0.0000000000
69042  -46.987  4.945  30.976 0.0000000000
59489  -36.397  -5.427  40.468 0.0000000000
59501  -35.871  -5.741  39.669 0.0000000000
59503  -37.444  -5.214  39.239 0.0000000000
59513  -37.346  -4.804  38.601 0.0000000000
61349  -37.549  -3.312  37.935 0.0000000000
54536  -15.856  -10.359  46.189 0.0000000000
52302  -4.141  -12.831  60.503 0.0000000000
56586  -26.270  -8.513  42.698 0.0000000000
60358  -33.720  -4.701  43.840 0.0000000000
128396  -20.021  -10.686  44.324 0.0000000000
53547  -20.580  -11.088  44.140 0.0000000000
129882  -21.671  -11.416  44.970 0.0000000000
52508  -21.560  -12.284  43.706 0.0000000000
52467  -27.275  -13.060  46.563 0.0000000000
127626  -27.072  -13.112  45.865 0.0000000000
52483  -27.143  -12.763  45.145 0.0000000000
51554  -26.450  -13.445  43.984 0.0000000000
54479  -19.819  -11.198  49.830 0.0000000000
114322  -20.273  -10.340  45.891 0.0000000000
68213  -48.637  3.207  22.293 0.0000000000
69060  -50.027  5.055  28.188 0.0000000000
57618  -33.214  -7.251  35.344 0.0000000000
127771  -39.101  0.856  36.256 0.0000000000
65256  -38.515  0.709  35.933 0.0000000000
66190  -39.246  1.905  36.062 0.0000000000
67132  -39.303  2.625  35.759 0.0000000000
68064  -39.142  3.621  35.454 0.0000000000
69870  -39.473  5.434  35.073 0.0000000000
54450  -9.355  -10.290  52.391 0.0000000000
53444  -8.895  -10.956  51.947 0.0000000000
52374  -7.982  -12.137  51.952 0.0000000000
55592  -27.109  -9.352  45.610 0.0000000000
57515  -27.882  -7.286  46.759 0.0000000000
58481  -28.375  -6.614  47.011 0.0000000000
51476  -23.779  -14.092  48.393 0.0000000000
124733  -24.663  -13.872  48.592 0.0000000000
51478  -26.355  -13.711  47.953 0.0000000000
127168  -26.675  -11.423  51.200 0.0000000000
118347  -27.384  -12.721  50.047 0.0000000000
127534  -27.499  -10.778  50.256 0.0000000000
52416  -27.848  -12.865  49.035 0.0000000000
52450  -27.913  -12.586  47.063 0.0000000000
115753  -28.282  -11.759  46.587 0.0000000000
52386  -23.554  -12.804  51.698 0.0000000000
67191  -39.481  2.586  30.038 0.0000000000
67209  -40.290  2.452  29.601 0.0000000000
67223  -40.756  2.101  28.894 0.0000000000
68138  -43.542  3.729  30.538 0.0000000000
68149  -43.021  3.288  30.146 0.0000000000
68148  -42.460  2.988  29.945 0.0000000000
67225  -42.434  2.292  28.695 0.0000000000
67238  -42.662  2.051  27.814 0.0000000000
67250  -44.323  2.501  26.342 0.0000000000
67260  -45.235  2.656  25.238 0.0000000000
67261  -46.038  3.050  24.991 0.0000000000
68168  -47.057  3.710  27.358 0.0000000000
69063  -47.714  4.005  27.182 0.0000000000
116677  -48.171  4.285  27.702 0.0000000000
69058  -48.691  4.534  28.153 0.0000000000
69050  -48.079  5.027  29.822 0.0000000000
69059  -49.284  4.881  28.515 0.0000000000
58560  -32.482  -6.411  38.277 0.0000000000
58562  -35.397  -6.260  38.115 0.0000000000
126753  -34.853  -6.443  37.739 0.0000000000
58575  -34.683  -6.473  37.118 0.0000000000
59543  -34.187  -5.754  35.812 0.0000000000
60441  -34.762  -5.303  36.358 0.0000000000
60452  -33.630  -4.033  35.253 0.0000000000
61380  -33.929  -3.063  35.077 0.0000000000
63314  -35.946  -1.720  35.857 0.0000000000
63316  -37.284  -0.650  36.035 0.0000000000
62287  -37.949  -2.475  37.685 0.0000000000
62288  -39.513  -1.353  37.991 0.0000000000
63306  -38.150  -1.134  36.906 0.0000000000
64284  -38.561  -0.425  36.652 0.0000000000
65246  -38.862  0.268  36.416 0.0000000000
54520  -15.515  -10.116  47.241 0.0000000000
54534  -14.107  -10.836  46.796 0.0000000000
54503  -14.333  -10.098  48.242 0.0000000000
54490  -14.089  -9.720  48.819 0.0000000000
54489  -12.696  -10.025  49.141 0.0000000000
54500  -11.864  -11.079  48.833 0.0000000000
53497  -11.522  -11.717  48.393 0.0000000000
70844  -55.398  7.096  21.536 0.0000000000
70849  -55.231  7.160  20.744 0.0000000000
57561  -28.028  -7.139  39.907 0.0000000000
58545  -28.615  -7.131  39.235 0.0000000000
119528  -29.963  -6.282  39.491 0.0000000000
122743  -27.035  -8.624  45.210 0.0000000000
58497  -27.882  -7.177  44.897 0.0000000000
59431  -28.769  -6.114  43.279 0.0000000000
59403  -29.816  -5.861  45.221 0.0000000000
58509  -29.196  -6.009  43.920 0.0000000000
59465  -29.074  -5.922  42.180 0.0000000000
59466  -29.478  -5.858  41.658 0.0000000000
114691  -30.165  -5.673  41.865 0.0000000000
59496  -30.572  -5.878  40.142 0.0000000000
59485  -33.153  -5.602  40.616 0.0000000000
59437  -34.038  -4.768  43.142 0.0000000000
59453  -34.365  -4.948  42.464 0.0000000000
59472  -35.562  -5.248  41.330 0.0000000000
128430  -22.597  -13.586  47.405 0.0000000000
51530  -23.122  -13.711  45.909 0.0000000000
51506  -23.710  -14.086  46.571 0.0000000000
51553  -25.050  -14.194  44.454 0.0000000000
51552  -24.106  -14.133  44.186 0.0000000000
51574  -23.667  -14.068  43.481 0.0000000000
128229  -17.656  -9.304  49.787 0.0000000000
55538  -17.426  -9.356  49.036 0.0000000000
54522  -17.319  -9.592  47.158 0.0000000000
54523  -18.764  -9.698  47.850 0.0000000000
68189  -47.560  3.825  24.911 0.0000000000
68201  -48.207  3.451  22.847 0.0000000000
68202  -48.843  3.676  22.688 0.0000000000
112364  -49.672  4.623  26.987 0.0000000000
69077  -49.543  4.554  24.932 0.0000000000
122426  -49.246  4.364  23.948 0.0000000000
69108  -50.097  3.760  21.720 0.0000000000
114786  -52.490  4.994  20.705 0.0000000000
69973  -52.652  5.492  22.169 0.0000000000
70839  -54.769  6.596  22.688 0.0000000000
125469  -5.765  -13.668  56.262 0.0000000000
110142  -5.479  -14.167  55.827 0.0000000000
49557  -4.481  -15.451  54.748 0.0000000000
48604  -3.863  -16.083  55.079 0.0000000000
57617  -32.489  -7.950  35.575 0.0000000000
66244  -37.264  2.040  30.141 0.0000000000
62315  -33.422  -2.516  34.349 0.0000000000
63324  -33.842  -1.690  34.080 0.0000000000
64300  -35.446  -0.937  34.779 0.0000000000
63325  -34.264  -0.953  33.824 0.0000000000
65278  -34.499  0.137  32.892 0.0000000000
65280  -36.043  1.057  33.814 0.0000000000
65295  -35.039  0.818  32.562 0.0000000000
66223  -35.588  1.398  32.135 0.0000000000
66233  -36.174  1.847  31.697 0.0000000000
67172  -36.684  2.335  32.094 0.0000000000
66243  -36.762  2.244  31.169 0.0000000000
67189  -37.601  2.481  30.797 0.0000000000
68133  -38.895  3.359  31.027 0.0000000000
69034  -38.935  4.473  32.143 0.0000000000
117686  -39.774  4.541  31.753 0.0000000000
69882  -41.713  5.777  32.479 0.0000000000
52335  -6.071  -11.845  56.239 0.0000000000
51403  -6.052  -12.873  55.270 0.0000000000
49571  -5.210  -15.228  53.459 0.0000000000
51391  -5.734  -13.532  56.966 0.0000000000
51379  -5.278  -13.561  57.989 0.0000000000
51378  -5.021  -14.424  58.108 0.0000000000
51368  -5.237  -14.018  58.987 0.0000000000
52317  -5.155  -13.563  59.604 0.0000000000
51351  -4.260  -13.978  60.688 0.0000000000
48556  -3.160  -16.257  58.398 0.0000000000
48555  -2.524  -16.738  58.848 0.0000000000
49495  -2.991  -16.103  59.229 0.0000000000
117187  -3.747  -13.662  61.070 0.0000000000
51339  -3.010  -13.494  61.308 0.0000000000
51338  -2.241  -13.315  61.487 0.0000000000
51337  -1.459  -13.354  61.588 0.0000000000
50402  -1.369  -14.944  61.145 0.0000000000
50388  -0.893  -14.283  61.364 0.0000000000
45672  0.843  -19.329  59.638 0.0000000000
46641  0.949  -18.618  59.655 0.0000000000
120509  0.652  -17.343  59.708 0.0000000000
48541  0.561  -16.625  59.803 0.0000000000
120431  0.839  -16.017  59.883 0.0000000000
51350  -3.493  -14.212  61.024 0.0000000000
53368  -5.037  -12.531  58.914 0.0000000000
122715  -2.132  -14.703  61.146 0.0000000000
129511  -44.145  5.405  32.007 0.0000000000
129885  -42.941  3.670  30.544 0.0000000000
131481  -37.036  2.198  30.629 0.0000000000
