#!ascii label  , from subject sub-v1s19x0051301_ses-1 vox2ras=TkReg
844
129608  -45.237  -60.043  -10.373 0.5000000000
10998  -43.882  -61.120  -10.830 0.8000000119
11638  -42.296  -61.420  -11.648 0.8000000119
115010  -43.162  -61.411  -11.344 0.8000000119
11639  -43.854  -61.150  -11.154 0.8000000119
11599  -46.276  -59.915  -8.981 0.5000000000
11615  -43.768  -60.536  -10.056 0.5000000000
11640  -44.366  -60.598  -11.244 0.6000000238
12298  -40.319  -59.299  -12.241 0.6999999881
12292  -41.919  -60.469  -12.043 0.6999999881
110247  -43.750  -60.846  -11.543 0.8000000119
129277  -44.126  -60.228  -11.584 0.6999999881
11600  -46.866  -60.283  -8.652 0.6000000238
11617  -45.901  -59.858  -9.868 0.5000000000
12284  -45.838  -59.612  -10.681 0.6000000238
12963  -39.147  -58.524  -12.202 0.6999999881
11641  -45.086  -60.101  -10.979 0.6000000238
12962  -46.221  -58.900  -10.923 0.6000000238
12297  -39.619  -59.163  -12.105 0.6999999881
125468  -40.108  -59.816  -12.041 0.6999999881
12300  -42.586  -59.730  -11.939 0.6999999881
12296  -45.472  -59.362  -11.195 0.6000000238
12961  -45.755  -58.548  -11.300 0.6000000238
12294  -43.535  -60.059  -11.794 0.8000000119
115716  -44.155  -59.379  -11.685 0.8000000119
12960  -44.976  -58.730  -11.536 0.6999999881
12276  -47.631  -59.408  -9.289 0.4000000060
12285  -46.638  -59.263  -10.348 0.6000000238
13670  -38.440  -57.622  -12.323 0.6999999881
111693  -46.448  -57.815  -11.115 0.6000000238
13671  -39.186  -57.875  -12.400 0.6999999881
12964  -39.782  -58.583  -12.340 0.6999999881
12299  -41.467  -59.336  -12.128 0.6999999881
12966  -42.309  -58.831  -11.883 0.6999999881
12967  -43.233  -58.842  -11.748 0.6000000238
126829  -44.836  -57.748  -11.583 0.6999999881
14436  -44.804  -56.111  -11.892 0.5000000000
13673  -41.596  -57.548  -11.927 0.6000000238
111475  -42.504  -58.043  -11.861 0.6000000238
13665  -43.372  -57.702  -11.683 0.6000000238
14435  -43.971  -56.331  -11.803 0.6000000238
14434  -43.147  -56.149  -11.777 0.6000000238
118122  -43.209  -55.199  -12.134 0.5000000000
12937  -47.866  -58.216  -8.841 0.4000000060
12286  -47.374  -58.941  -9.940 0.5000000000
14430  -37.087  -57.157  -12.152 0.6999999881
13658  -47.548  -58.005  -9.998 0.6000000238
13657  -47.191  -57.406  -10.535 0.6000000238
119251  -39.933  -56.885  -12.214 0.6999999881
116218  -46.150  -56.886  -11.465 0.6000000238
13672  -40.366  -57.702  -12.272 0.6999999881
131342  -45.937  -56.361  -11.656 0.5000000000
15207  -45.362  -55.156  -12.162 0.6000000238
14433  -42.065  -56.501  -11.739 0.6000000238
15206  -44.232  -55.398  -12.113 0.5000000000
121812  -45.012  -54.413  -12.455 0.5000000000
119667  -42.458  -55.708  -11.881 0.5000000000
15191  -35.760  -56.061  -11.604 0.6000000238
16007  -36.040  -55.514  -12.100 0.6000000238
127858  -47.911  -58.414  -8.300 0.5000000000
13641  -47.675  -57.712  -8.513 0.5000000000
14427  -36.233  -56.789  -11.979 0.6999999881
126480  -36.662  -57.042  -12.034 0.6999999881
13652  -47.672  -57.594  -9.390 0.5000000000
14418  -47.487  -56.772  -9.855 0.5000000000
14407  -47.195  -56.370  -9.611 0.4000000060
122167  -38.048  -57.192  -12.382 0.6999999881
15185  -47.167  -56.096  -10.364 0.5000000000
14431  -38.963  -57.028  -12.498 0.6999999881
15204  -39.466  -56.187  -12.258 0.6999999881
15195  -46.812  -55.404  -10.860 0.5000000000
120990  -40.560  -55.812  -12.004 0.6999999881
14432  -41.019  -56.693  -11.878 0.6000000238
15198  -46.162  -55.045  -11.962 0.5000000000
121441  -41.610  -55.791  -11.871 0.6000000238
16016  -45.765  -54.346  -12.206 0.5000000000
124825  -41.358  -55.117  -12.037 0.5000000000
15205  -42.282  -54.955  -12.132 0.5000000000
125944  -43.175  -54.471  -12.381 0.5000000000
130338  -44.669  -53.769  -12.588 0.5000000000
117400  -44.037  -54.476  -12.420 0.5000000000
124292  -44.568  -53.037  -12.645 0.3000000119
130265  -45.708  -56.221  -7.901 0.3000000119
16004  -35.050  -55.034  -11.364 0.6000000238
15196  -35.496  -55.592  -11.531 0.6000000238
124046  -46.938  -56.613  -8.773 0.4000000060
15171  -46.436  -56.015  -9.141 0.4000000060
16008  -37.342  -55.096  -12.118 0.6000000238
15184  -46.798  -55.668  -10.019 0.5000000000
15203  -37.797  -56.489  -12.424 0.6999999881
119021  -38.838  -55.603  -12.261 0.6999999881
16003  -46.432  -54.717  -11.280 0.5000000000
126494  -39.838  -55.359  -12.084 0.5000000000
124426  -46.103  -54.191  -11.657 0.5000000000
16897  -45.772  -53.818  -12.142 0.4000000060
16015  -45.231  -53.675  -12.402 0.3000000119
17771  -44.502  -52.525  -12.596 0.4000000060
16908  -43.085  -53.084  -12.742 0.5000000000
16909  -43.954  -52.757  -12.900 0.4000000060
16899  -34.499  -54.359  -11.503 0.6000000238
120801  -35.090  -53.999  -11.718 0.6000000238
16005  -35.439  -54.777  -11.666 0.6000000238
16903  -36.676  -54.406  -11.881 0.6000000238
123709  -45.617  -54.807  -9.833 0.3000000119
15194  -46.331  -55.007  -10.389 0.4000000060
123774  -37.846  -55.625  -12.336 0.6000000238
111455  -44.873  -54.319  -9.668 0.3000000119
16009  -38.574  -54.617  -12.031 0.6000000238
16001  -45.131  -53.667  -10.689 0.3000000119
16002  -45.839  -54.297  -10.731 0.3000000119
16010  -39.631  -54.611  -12.017 0.6000000238
17764  -44.063  -52.290  -11.074 0.3000000119
16896  -45.277  -53.309  -11.709 0.3000000119
130949  -39.914  -53.287  -12.035 0.5000000000
16011  -40.668  -54.675  -12.068 0.5000000000
17770  -44.311  -51.960  -12.234 0.3000000119
17765  -44.750  -52.677  -11.905 0.3000000119
113418  -41.192  -53.824  -12.239 0.5000000000
16907  -42.027  -53.466  -12.466 0.5000000000
18676  -44.212  -51.898  -12.861 0.3000000119
17773  -41.292  -52.925  -12.458 0.5000000000
17775  -43.547  -52.200  -13.097 0.4000000060
17776  -44.164  -52.258  -12.900 0.3000000119
17767  -34.456  -53.661  -11.602 0.5000000000
17768  -35.579  -53.081  -11.583 0.5000000000
112136  -37.936  -54.011  -11.901 0.6000000238
16901  -37.658  -53.233  -11.732 0.5000000000
18662  -43.312  -51.968  -10.224 0.3000000119
120605  -38.824  -53.678  -11.847 0.6000000238
19602  -42.580  -50.369  -10.719 0.3000000119
18670  -43.707  -51.540  -11.377 0.3000000119
16906  -40.356  -53.686  -12.105 0.5000000000
115444  -40.952  -52.074  -12.619 0.5000000000
18681  -42.858  -51.549  -13.224 0.4000000060
18672  -35.036  -52.530  -11.346 0.5000000000
18673  -36.124  -52.060  -11.372 0.5000000000
17769  -36.572  -52.683  -11.581 0.5000000000
18674  -37.043  -51.809  -11.465 0.5000000000
19584  -42.146  -50.851  -9.067 0.3000000119
114149  -42.458  -50.848  -9.846 0.3000000119
16904  -38.548  -53.060  -11.781 0.6000000238
17772  -39.026  -52.161  -11.986 0.6000000238
16905  -39.460  -52.940  -11.961 0.5000000000
18685  -43.508  -50.695  -13.048 0.4000000060
121222  -42.904  -50.239  -13.330 0.4000000060
18668  -35.581  -51.446  -10.947 0.5000000000
19604  -36.663  -51.060  -11.047 0.5000000000
19605  -37.411  -50.289  -11.149 0.5000000000
19583  -41.697  -50.163  -8.783 0.4000000060
18675  -37.823  -51.645  -11.605 0.5000000000
122974  -38.213  -52.333  -11.719 0.5000000000
19593  -41.559  -49.450  -9.522 0.4000000060
20474  -42.016  -49.775  -10.322 0.3000000119
19606  -38.027  -50.842  -11.628 0.4000000060
20484  -42.430  -49.545  -11.238 0.3000000119
18677  -38.555  -51.480  -11.862 0.5000000000
18678  -39.297  -51.261  -12.235 0.4000000060
18679  -39.960  -51.930  -12.325 0.4000000060
18683  -42.453  -50.732  -13.308 0.4000000060
19600  -35.996  -50.466  -10.590 0.5000000000
20481  -36.279  -49.637  -10.472 0.5000000000
20482  -37.010  -49.495  -10.665 0.5000000000
20464  -41.306  -49.377  -8.440 0.4000000060
122685  -37.429  -51.104  -11.394 0.5000000000
21258  -40.837  -48.155  -9.536 0.4000000060
21259  -41.274  -48.611  -9.958 0.4000000060
117631  -38.172  -50.005  -11.664 0.4000000060
19609  -38.723  -50.607  -12.067 0.4000000060
20483  -41.784  -49.087  -10.585 0.4000000060
19610  -39.582  -50.299  -12.526 0.4000000060
118251  -39.998  -51.039  -12.520 0.4000000060
112884  -40.749  -51.256  -12.722 0.4000000060
19611  -40.543  -50.460  -12.859 0.4000000060
19615  -42.148  -49.941  -13.418 0.4000000060
110951  -42.904  -49.582  -13.210 0.4000000060
20496  -42.299  -49.181  -13.409 0.4000000060
129029  -35.799  -49.168  -10.330 0.5000000000
21264  -36.456  -48.785  -10.392 0.4000000060
21244  -40.894  -48.514  -8.008 0.4000000060
109346  -41.064  -48.703  -9.029 0.4000000060
129596  -36.875  -48.125  -10.404 0.5000000000
21265  -37.260  -48.694  -10.662 0.4000000060
116872  -38.363  -49.149  -11.734 0.4000000060
22041  -40.991  -47.914  -10.242 0.4000000060
20492  -38.848  -49.745  -12.237 0.4000000060
20493  -39.531  -49.462  -12.596 0.4000000060
114903  -42.969  -48.957  -12.986 0.3000000119
19614  -41.177  -49.985  -13.267 0.4000000060
22047  -36.162  -47.905  -10.293 0.4000000060
109985  -36.835  -47.365  -10.369 0.5000000000
22048  -37.474  -47.863  -10.657 0.4000000060
22040  -40.523  -47.433  -9.645 0.4000000060
21271  -37.922  -48.506  -11.155 0.4000000060
22056  -38.177  -47.618  -11.186 0.4000000060
21272  -38.587  -48.290  -11.829 0.4000000060
114707  -39.064  -48.916  -12.324 0.4000000060
21276  -39.858  -48.777  -12.838 0.4000000060
20494  -40.402  -49.561  -13.014 0.4000000060
21279  -42.492  -47.976  -13.263 0.4000000060
20495  -41.450  -49.298  -13.396 0.4000000060
118621  -41.906  -48.447  -13.491 0.4000000060
22832  -36.658  -46.410  -10.391 0.4000000060
23625  -37.344  -45.816  -10.551 0.4000000060
22833  -37.656  -46.825  -10.646 0.4000000060
22834  -38.145  -46.007  -10.915 0.4000000060
22057  -38.822  -47.464  -11.931 0.4000000060
21278  -42.737  -48.071  -13.029 0.4000000060
22062  -39.567  -47.298  -12.585 0.4000000060
22063  -40.142  -47.951  -13.064 0.4000000060
21277  -40.777  -48.644  -13.320 0.4000000060
22066  -41.107  -47.779  -13.478 0.4000000060
24424  -37.116  -44.981  -10.660 0.4000000060
23632  -38.500  -45.334  -11.448 0.4000000060
118697  -38.661  -46.139  -11.558 0.4000000060
115013  -39.209  -45.891  -12.126 0.4000000060
22848  -39.070  -46.688  -12.022 0.4000000060
22849  -39.715  -46.498  -12.690 0.4000000060
22068  -42.616  -47.182  -13.165 0.3000000119
119538  -41.466  -46.988  -13.583 0.4000000060
22067  -42.086  -47.542  -13.514 0.4000000060
24434  -36.932  -44.100  -11.016 0.4000000060
25273  -37.270  -43.334  -11.420 0.4000000060
24435  -37.816  -44.640  -11.036 0.4000000060
24436  -38.516  -44.437  -11.596 0.4000000060
122237  -39.849  -45.723  -12.871 0.4000000060
22064  -42.757  -47.297  -12.955 0.4000000060
22851  -40.305  -46.256  -13.221 0.4000000060
22853  -41.872  -46.354  -13.698 0.5000000000
121919  -42.218  -46.866  -13.527 0.4000000060
22852  -41.012  -46.348  -13.606 0.5000000000
26097  -36.916  -42.670  -11.772 0.4000000060
26110  -37.467  -42.187  -12.141 0.4000000060
113391  -37.823  -43.925  -11.308 0.4000000060
26098  -37.787  -42.794  -11.732 0.4000000060
25274  -38.000  -43.373  -11.544 0.4000000060
119739  -40.107  -45.011  -13.217 0.4000000060
23641  -41.524  -45.741  -13.801 0.5000000000
121772  -36.707  -42.155  -12.266 0.4000000060
26964  -37.051  -41.605  -12.543 0.4000000060
26965  -38.009  -41.624  -12.499 0.4000000060
24450  -41.131  -44.966  -13.920 0.4000000060
24451  -42.002  -44.372  -14.263 0.5000000000
26981  -36.610  -41.150  -12.925 0.4000000060
119749  -37.493  -40.928  -13.012 0.4000000060
25294  -41.409  -43.786  -14.274 0.5000000000
29422  -36.101  -38.928  -13.733 0.4000000060
27747  -35.770  -40.339  -13.468 0.4000000060
28555  -36.571  -39.700  -13.689 0.4000000060
27748  -36.619  -40.549  -13.334 0.4000000060
29423  -36.987  -38.843  -13.972 0.4000000060
28556  -37.580  -39.387  -14.003 0.5000000000
28554  -35.536  -39.626  -13.610 0.4000000060
18680  -41.726  -51.382  -12.987 0.5000000000
18684  -43.219  -50.786  -13.253 0.4000000060
12274  -45.387  -59.769  -9.506 0.5000000000
11005  -41.855  -62.257  -10.827 0.8000000119
11637  -41.286  -61.130  -11.756 0.8000000119
12291  -40.403  -60.579  -11.674 0.6999999881
116073  -46.276  -60.417  -7.979 0.5000000000
12290  -39.865  -59.817  -11.632 0.6999999881
11581  -47.158  -60.698  -7.975 0.5000000000
13664  -39.252  -58.753  -11.767 0.6999999881
12938  -48.041  -58.872  -8.555 0.4000000060
131329  -47.430  -60.279  -8.525 0.4000000060
13669  -37.909  -57.554  -12.125 0.6999999881
14423  -36.217  -56.710  -11.956 0.6999999881
12927  -48.133  -59.048  -7.728 0.4000000060
13632  -47.275  -57.517  -7.652 0.4000000060
16000  -36.149  -55.506  -10.708 0.6000000238
14400  -46.471  -56.758  -7.740 0.4000000060
15997  -34.179  -54.371  -11.333 0.6000000238
16898  -33.558  -53.981  -11.499 0.5000000000
18667  -34.469  -51.914  -11.041 0.5000000000
20480  -35.483  -49.829  -10.381 0.4000000060
22046  -35.189  -47.662  -10.413 0.4000000060
110508  -35.880  -47.000  -10.377 0.4000000060
23623  -35.620  -45.247  -10.808 0.4000000060
126901  -36.055  -44.103  -11.209 0.4000000060
25272  -36.247  -43.340  -11.538 0.4000000060
26109  -36.068  -42.541  -12.147 0.4000000060
26963  -36.081  -41.765  -12.682 0.4000000060
26980  -35.870  -41.042  -13.174 0.4000000060
29434  -35.879  -38.125  -13.660 0.4000000060
11006  -42.477  -61.971  -10.858 0.8000000119
12293  -42.957  -60.768  -11.842 0.8000000119
11618  -46.624  -59.857  -9.347 0.5000000000
122917  -40.849  -60.120  -12.115 0.6999999881
12965  -40.837  -58.488  -12.243 0.6999999881
12957  -46.957  -58.414  -10.529 0.6000000238
13666  -45.582  -57.774  -11.476 0.6999999881
123076  -44.138  -58.258  -11.629 0.6999999881
13667  -46.860  -56.665  -11.033 0.6000000238
14428  -45.304  -56.839  -11.666 0.6000000238
128243  -44.250  -57.123  -11.667 0.6000000238
15202  -36.777  -56.288  -12.274 0.6999999881
14429  -46.443  -55.879  -11.498 0.5000000000
120239  -36.389  -55.592  -12.119 0.6000000238
14408  -47.537  -56.975  -9.117 0.5000000000
15183  -45.945  -55.396  -9.483 0.3000000119
16013  -42.635  -54.011  -12.439 0.5000000000
130074  -36.928  -53.256  -11.692 0.6000000238
124005  -40.314  -52.798  -12.248 0.5000000000
110832  -42.466  -52.532  -12.823 0.5000000000
19612  -41.452  -50.630  -13.141 0.4000000060
19613  -43.210  -50.255  -13.167 0.4000000060
23624  -36.446  -45.505  -10.543 0.4000000060
22065  -40.426  -47.031  -13.253 0.4000000060
27749  -37.455  -40.147  -13.577 0.4000000060
7521  -32.011  -67.129  -6.107 0.4000000060
8037  -32.381  -66.699  -5.373 0.4000000060
9119  -32.537  -64.553  -4.763 0.4000000060
9678  -33.446  -63.354  -3.951 0.4000000060
9127  -32.322  -64.532  -5.603 0.4000000060
9693  -32.723  -63.953  -5.223 0.4000000060
10309  -33.919  -62.801  -4.620 0.4000000060
9694  -33.311  -63.387  -4.941 0.4000000060
10919  -36.248  -61.234  -4.245 0.5000000000
127454  -32.612  -64.076  -6.027 0.4000000060
9713  -33.206  -63.581  -5.963 0.4000000060
129128  -34.735  -62.715  -5.927 0.5000000000
10328  -35.693  -62.026  -5.470 0.5000000000
10936  -36.473  -61.576  -5.297 0.6000000238
9160  -31.705  -64.871  -7.698 0.4000000060
9144  -32.951  -64.014  -6.938 0.4000000060
9714  -33.845  -63.572  -6.868 0.4000000060
12261  -48.141  -59.671  -8.134 0.3000000119
12917  -48.293  -59.418  -6.997 0.4000000060
122650  -46.859  -57.743  -6.119 0.3000000119
10920  -37.099  -60.949  -4.665 0.5000000000
11564  -44.936  -60.484  -6.401 0.5000000000
10971  -47.256  -60.985  -7.184 0.4000000060
9741  -33.480  -63.838  -9.538 0.4000000060
9715  -34.782  -63.202  -6.696 0.5000000000
10329  -36.228  -62.228  -6.098 0.5000000000
9175  -33.027  -64.309  -9.012 0.4000000060
9726  -33.546  -64.091  -8.000 0.4000000060
10937  -37.416  -61.288  -5.607 0.6000000238
11547  -37.907  -60.649  -5.038 0.6000000238
12206  -39.702  -59.858  -5.550 0.6999999881
11580  -45.421  -60.286  -7.238 0.5000000000
12194  -39.760  -59.708  -4.738 0.6999999881
12209  -41.975  -59.325  -5.533 0.6999999881
12226  -44.108  -59.688  -6.791 0.6999999881
12207  -40.360  -59.582  -5.164 0.6999999881
12223  -41.397  -59.399  -6.326 0.6999999881
9716  -35.561  -63.143  -6.901 0.5000000000
116439  -36.022  -62.790  -6.656 0.6000000238
10952  -37.034  -61.985  -6.220 0.6000000238
10954  -38.543  -61.580  -6.773 0.6000000238
111970  -34.231  -63.994  -8.802 0.4000000060
129444  -35.112  -63.871  -8.450 0.5000000000
10341  -36.725  -62.731  -6.812 0.6000000238
10938  -38.172  -61.022  -5.935 0.6000000238
11560  -38.852  -60.781  -6.251 0.6000000238
11561  -39.557  -60.388  -6.495 0.6000000238
14393  -46.084  -56.833  -6.860 0.3000000119
11548  -38.628  -60.448  -5.404 0.6000000238
12222  -40.393  -59.714  -6.168 0.6999999881
12242  -44.593  -59.607  -7.638 0.6000000238
12243  -45.384  -59.776  -7.987 0.5000000000
9751  -34.735  -63.330  -9.501 0.6000000238
9743  -36.368  -63.866  -8.927 0.6000000238
9744  -37.281  -63.897  -8.911 0.6999999881
10351  -37.193  -63.337  -7.639 0.6000000238
10343  -38.246  -62.396  -7.294 0.6000000238
10955  -39.207  -61.374  -7.119 0.6000000238
119919  -34.298  -63.689  -9.336 0.5000000000
9717  -36.245  -63.436  -7.463 0.6000000238
11562  -40.143  -60.200  -7.036 0.6000000238
12238  -40.855  -59.808  -7.109 0.6999999881
12255  -42.173  -59.712  -8.108 0.6999999881
12239  -41.763  -59.459  -7.264 0.6999999881
12258  -44.933  -59.573  -8.515 0.6000000238
12241  -43.578  -59.396  -7.567 0.6999999881
10372  -36.300  -63.108  -9.467 0.6000000238
9754  -37.536  -63.806  -9.065 0.6999999881
9745  -38.071  -63.764  -8.927 0.6999999881
9730  -37.651  -63.688  -8.455 0.6999999881
10967  -39.503  -62.026  -7.998 0.6000000238
11598  -43.503  -59.855  -9.043 0.5000000000
11578  -40.497  -60.665  -7.758 0.6999999881
11579  -41.280  -60.148  -7.965 0.6999999881
12256  -43.068  -59.487  -8.232 0.6000000238
10375  -39.453  -62.634  -9.369 0.6999999881
10996  -41.153  -62.292  -10.226 0.6999999881
10374  -38.645  -63.206  -9.075 0.6999999881
10362  -39.835  -62.583  -9.252 0.6000000238
10982  -40.497  -62.230  -9.279 0.5000000000
9731  -38.643  -63.268  -8.787 0.6999999881
10981  -39.730  -62.492  -8.770 0.6000000238
11595  -40.934  -61.305  -8.633 0.6999999881
120380  -43.034  -60.659  -9.666 0.5000000000
10968  -40.154  -61.728  -8.342 0.6000000238
11596  -41.787  -60.707  -8.798 0.6999999881
11597  -42.633  -60.176  -8.913 0.6000000238
11003  -40.419  -62.263  -10.511 0.6999999881
11004  -41.127  -62.326  -10.786 0.6999999881
11628  -40.653  -61.711  -11.188 0.6999999881
11614  -42.311  -61.246  -9.676 0.6000000238
116751  -42.029  -61.980  -10.374 0.6999999881
10969  -46.192  -60.962  -6.991 0.5000000000
10983  -41.452  -61.773  -9.550 0.6000000238
8586  -32.131  -65.205  -5.230 0.4000000060
10311  -34.794  -62.314  -5.117 0.4000000060
9161  -32.507  -64.526  -8.067 0.4000000060
9727  -34.507  -63.783  -7.779 0.4000000060
12225  -43.424  -59.640  -6.156 0.6999999881
119621  -43.235  -59.380  -6.876 0.6999999881
10342  -37.516  -62.569  -7.019 0.6000000238
10966  -38.911  -62.244  -7.647 0.6000000238
9742  -35.265  -63.852  -9.015 0.6999999881
9729  -36.814  -63.801  -8.399 0.6000000238
126721  -38.578  -62.995  -8.153 0.6000000238
10376  -40.275  -62.437  -9.888 0.6000000238
10373  -37.244  -63.329  -9.329 0.5000000000
9750  -33.754  -63.218  -9.912 0.4000000060
10371  -35.289  -62.905  -9.626 0.5000000000
10993  -37.904  -62.756  -9.440 0.6000000238
10369  -33.203  -62.544  -10.106 0.4000000060
10989  -33.527  -61.884  -9.784 0.5000000000
10370  -34.200  -62.534  -9.805 0.5000000000
10991  -35.824  -62.252  -9.484 0.5000000000
10992  -36.817  -62.445  -9.490 0.5000000000
11611  -37.270  -61.550  -9.368 0.5000000000
10994  -38.890  -62.558  -9.593 0.6000000238
11612  -38.171  -61.614  -9.542 0.5000000000
11613  -39.031  -61.413  -9.906 0.6999999881
127191  -38.387  -60.626  -9.397 0.6000000238
115439  -39.459  -60.546  -10.277 0.6000000238
10978  -32.763  -61.866  -9.781 0.5000000000
10990  -34.270  -61.458  -9.365 0.5000000000
11609  -35.304  -61.396  -9.162 0.5000000000
11592  -36.791  -60.641  -8.804 0.5000000000
11610  -36.298  -61.449  -9.193 0.5000000000
11627  -39.826  -61.686  -10.593 0.6000000238
11594  -38.975  -59.941  -9.409 0.6000000238
12283  -39.719  -59.829  -10.904 0.6000000238
10980  -34.027  -60.786  -8.851 0.5000000000
11590  -34.798  -60.603  -8.642 0.5000000000
12252  -36.346  -59.951  -8.261 0.5000000000
11591  -35.817  -60.644  -8.677 0.5000000000
12254  -38.228  -59.877  -8.773 0.5000000000
11636  -39.956  -60.763  -11.042 0.6000000238
12956  -39.493  -58.901  -10.637 0.6000000238
11589  -33.638  -60.636  -8.534 0.5000000000
11576  -34.191  -60.264  -8.252 0.5000000000
12236  -35.924  -59.390  -7.744 0.5000000000
12925  -36.353  -58.848  -7.438 0.5000000000
111232  -37.244  -58.472  -7.429 0.6000000238
12237  -36.846  -59.278  -7.872 0.4000000060
13630  -38.196  -57.322  -7.163 0.4000000060
12926  -38.264  -58.062  -7.647 0.5000000000
12934  -37.971  -59.034  -8.124 0.5000000000
12253  -37.323  -59.887  -8.443 0.4000000060
15168  -38.891  -55.772  -8.287 0.4000000060
14404  -39.202  -56.355  -8.982 0.5000000000
13640  -39.347  -57.228  -8.829 0.5000000000
15977  -38.295  -55.092  -8.608 0.4000000060
125684  -39.381  -58.018  -9.150 0.6000000238
12936  -39.450  -58.405  -9.829 0.6000000238
120691  -39.220  -57.961  -10.657 0.6000000238
13662  -37.426  -57.354  -12.054 0.6000000238
13639  -38.949  -57.322  -7.861 0.5000000000
15182  -38.684  -55.690  -9.312 0.5000000000
15193  -38.119  -56.081  -10.428 0.5000000000
130844  -38.981  -56.305  -9.789 0.5000000000
15975  -36.702  -54.624  -9.688 0.4000000060
125901  -37.626  -55.197  -9.882 0.5000000000
14417  -38.600  -56.879  -10.617 0.6000000238
14405  -39.297  -57.034  -9.802 0.6000000238
14425  -38.308  -57.486  -11.425 0.6000000238
15192  -36.642  -56.240  -11.179 0.5000000000
16894  -34.036  -54.469  -11.004 0.3000000119
15990  -34.898  -54.761  -10.676 0.4000000060
15999  -35.170  -55.390  -10.965 0.5000000000
14424  -37.219  -56.970  -11.624 0.6000000238
115221  -35.069  -49.154  -10.335 0.3000000119
20479  -34.581  -49.906  -10.432 0.3000000119
19599  -34.923  -50.763  -10.619 0.4000000060
18671  -33.894  -53.126  -11.352 0.4000000060
22830  -34.763  -46.698  -10.717 0.3000000119
24433  -35.483  -44.572  -11.224 0.3000000119
22840  -34.842  -45.719  -11.029 0.3000000119
25271  -35.337  -43.866  -11.649 0.3000000119
25283  -35.287  -43.102  -12.132 0.3000000119
26108  -35.227  -42.376  -12.669 0.3000000119
115981  -35.063  -40.887  -13.416 0.3000000119
15998  -34.854  -54.971  -11.240 0.5000000000
21262  -34.627  -48.405  -10.489 0.3000000119
10995  -39.703  -62.349  -10.012 0.5000000000
117083  -34.942  -62.130  -9.530 0.5000000000
112955  -38.754  -59.191  -8.723 0.5000000000
11565  -45.693  -60.964  -6.538 0.3000000119
12197  -42.441  -59.605  -4.793 0.6000000238
11563  -44.193  -60.168  -6.021 0.6000000238
12183  -48.048  -59.616  -4.073 0.3000000119
11537  -48.499  -60.428  -5.174 0.3000000119
11552  -48.435  -60.368  -6.065 0.3000000119
12227  -48.462  -59.879  -6.541 0.3000000119
110128  -48.143  -61.072  -5.088 0.3000000119
10959  -47.527  -61.166  -6.415 0.3000000119
11566  -47.912  -60.742  -6.987 0.3000000119
130841  -43.183  -59.952  -4.877 0.6000000238
11551  -44.673  -60.799  -5.585 0.5000000000
12182  -47.472  -59.385  -3.359 0.3000000119
12895  -47.638  -59.157  -4.724 0.3000000119
12212  -48.464  -59.834  -5.777 0.3000000119
12904  -48.195  -59.331  -6.388 0.3000000119
110829  -46.878  -61.540  -6.058 0.3000000119
10958  -46.638  -61.322  -6.643 0.3000000119
10956  -45.406  -61.242  -5.881 0.4000000060
12165  -46.753  -59.216  -2.736 0.3000000119
12885  -47.347  -59.117  -4.031 0.3000000119
12894  -46.863  -58.662  -4.441 0.3000000119
12903  -47.184  -58.567  -5.196 0.3000000119
118847  -34.577  -62.575  -2.352 0.5000000000
10873  -35.784  -61.462  -1.506 0.5000000000
8576  -32.663  -65.335  -4.405 0.4000000060
8566  -33.172  -65.151  -3.799 0.4000000060
9665  -33.604  -63.722  -3.200 0.4000000060
10256  -34.677  -62.953  -1.893 0.5000000000
11500  -38.142  -60.294  -2.422 0.5000000000
11499  -36.592  -60.885  -1.813 0.5000000000
10892  -34.810  -62.042  -2.544 0.5000000000
10894  -36.012  -61.094  -2.295 0.5000000000
10291  -33.859  -63.088  -3.338 0.4000000060
12163  -40.620  -59.873  -2.755 0.6000000238
12162  -39.671  -59.763  -3.026 0.6000000238
109790  -38.837  -59.905  -2.942 0.5000000000
123214  -37.264  -60.576  -2.275 0.5000000000
10310  -34.363  -62.387  -4.193 0.3000000119
10906  -35.079  -61.690  -3.203 0.4000000060
10907  -35.927  -61.171  -3.189 0.5000000000
131123  -41.981  -60.063  -3.159 0.6000000238
12180  -40.468  -59.658  -3.580 0.6000000238
11515  -39.060  -59.861  -3.688 0.6000000238
11530  -36.857  -60.787  -3.672 0.4000000060
11513  -37.476  -60.418  -3.095 0.5000000000
11535  -43.716  -60.618  -4.615 0.6000000238
10330  -46.600  -61.851  -5.503 0.3000000119
10940  -45.708  -61.897  -5.486 0.4000000060
12196  -41.115  -59.556  -4.109 0.6000000238
11531  -37.706  -60.487  -4.057 0.4000000060
130056  -47.697  -61.409  -4.975 0.3000000119
10924  -48.374  -60.789  -4.510 0.3000000119
10941  -46.260  -61.735  -5.936 0.3000000119
11536  -44.385  -60.931  -4.974 0.5000000000
12195  -40.389  -59.580  -4.381 0.6000000238
12181  -42.029  -59.699  -3.928 0.6000000238
11516  -41.277  -59.759  -3.337 0.6000000238
10313  -45.704  -62.446  -4.908 0.3000000119
124623  -41.697  -60.775  -2.166 0.5000000000
10895  -42.759  -61.562  -2.652 0.5000000000
10908  -43.124  -61.342  -3.219 0.5000000000
10896  -43.340  -62.138  -2.934 0.4000000060
131554  -43.904  -62.039  -3.686 0.5000000000
10275  -42.769  -62.138  -2.311 0.5000000000
10876  -41.500  -61.227  -1.552 0.5000000000
9652  -43.331  -62.848  -2.557 0.4000000060
10292  -43.874  -62.838  -3.205 0.4000000060
10293  -44.441  -62.811  -3.748 0.4000000060
10921  -44.335  -61.539  -4.463 0.5000000000
11502  -39.974  -60.132  -2.190 0.5000000000
11488  -40.895  -60.429  -1.973 0.5000000000
120571  -44.573  -62.300  -4.201 0.4000000060
7057  -39.540  -67.979  -5.773 0.3000000119
7056  -39.406  -68.459  -5.490 0.3000000119
7035  -38.547  -67.112  -3.895 0.3000000119
7492  -37.467  -66.411  -2.743 0.3000000119
7480  -36.729  -67.009  -1.911 0.4000000060
7507  -38.732  -66.553  -4.439 0.3000000119
119616  -36.318  -67.066  -0.944 0.4000000060
8005  -37.241  -65.963  -2.439 0.4000000060
7493  -37.980  -66.120  -3.274 0.3000000119
8026  -38.086  -65.993  -4.096 0.3000000119
129693  -37.035  -67.148  0.438 0.4000000060
7964  -37.251  -66.488  0.702 0.4000000060
7991  -36.810  -65.994  -1.673 0.4000000060
8006  -37.611  -65.744  -3.090 0.4000000060
8025  -37.154  -65.896  -4.133 0.4000000060
8560  -36.898  -65.463  -2.464 0.4000000060
7947  -39.889  -66.853  1.176 0.3000000119
7945  -38.017  -66.514  1.113 0.4000000060
128301  -38.591  -65.574  1.338 0.4000000060
8513  -36.905  -65.732  0.522 0.4000000060
9075  -36.406  -64.617  -0.284 0.4000000060
9090  -36.165  -64.554  -1.023 0.4000000060
9104  -36.350  -64.882  -1.909 0.4000000060
7967  -41.487  -66.767  0.135 0.3000000119
8496  -39.543  -65.917  1.244 0.4000000060
9591  -38.210  -64.017  1.285 0.4000000060
9047  -38.087  -64.812  1.362 0.4000000060
115014  -37.003  -63.995  0.767 0.4000000060
112717  -37.020  -63.089  0.608 0.4000000060
116559  -36.301  -63.962  -0.305 0.4000000060
130359  -36.621  -62.833  0.236 0.4000000060
9103  -35.644  -64.548  -2.066 0.4000000060
9061  -40.316  -64.282  0.706 0.4000000060
117227  -39.750  -63.514  0.795 0.4000000060
10222  -37.670  -62.546  0.647 0.4000000060
10237  -36.338  -62.317  -0.108 0.4000000060
9088  -35.097  -64.048  -1.860 0.4000000060
9641  -35.757  -63.496  -0.874 0.4000000060
8569  -35.918  -65.313  -3.033 0.4000000060
120177  -40.238  -63.085  0.501 0.4000000060
10223  -38.642  -62.433  0.652 0.4000000060
125703  -37.323  -61.828  0.262 0.4000000060
10850  -36.722  -61.697  -0.137 0.4000000060
9640  -35.150  -63.468  -1.583 0.4000000060
10257  -35.492  -62.078  -1.131 0.4000000060
10224  -39.605  -62.566  0.533 0.4000000060
10852  -39.409  -61.233  -0.373 0.4000000060
125003  -38.536  -60.485  -1.551 0.4000000060
126578  -42.212  -62.738  -1.140 0.4000000060
10837  -39.960  -61.820  0.061 0.4000000060
10875  -40.641  -60.878  -1.256 0.4000000060
9653  -43.817  -63.555  -2.809 0.3000000119
9667  -44.813  -63.820  -3.215 0.3000000119
110909  -36.626  -61.216  -0.921 0.4000000060
10258  -41.578  -61.971  -0.970 0.4000000060
114696  -44.806  -63.259  -3.695 0.3000000119
11471  -38.961  -60.718  -0.884 0.4000000060
7963  -36.681  -66.814  0.099 0.4000000060
7978  -36.488  -65.974  -0.673 0.4000000060
8529  -36.453  -65.168  -0.563 0.4000000060
8542  -36.533  -65.284  -1.533 0.4000000060
8497  -40.267  -66.175  1.002 0.4000000060
7946  -38.965  -66.664  1.267 0.4000000060
115837  -41.412  -67.588  0.262 0.3000000119
9059  -36.987  -64.858  0.768 0.4000000060
8515  -41.594  -65.819  -0.035 0.3000000119
8514  -40.139  -65.229  0.925 0.4000000060
9060  -39.580  -64.372  1.086 0.4000000060
9607  -38.369  -63.182  1.013 0.4000000060
9608  -40.432  -63.628  0.532 0.4000000060
10836  -39.034  -61.757  0.258 0.4000000060
9623  -35.778  -62.537  -0.659 0.4000000060
126285  -37.529  -61.229  -0.378 0.4000000060
10238  -40.808  -61.939  -0.412 0.4000000060
6951  -38.722  -68.767  0.825 0.3000000119
6983  -36.075  -69.066  -0.786 0.3000000119
6994  -36.157  -68.213  -2.016 0.3000000119
123655  -36.469  -68.313  -0.580 0.3000000119
7455  -37.608  -68.826  0.450 0.3000000119
7467  -36.065  -68.216  -1.425 0.3000000119
124517  -36.934  -68.010  0.198 0.3000000119
7965  -37.515  -67.393  0.667 0.3000000119
7442  -39.355  -67.697  1.142 0.3000000119
119596  -41.761  -64.792  -0.252 0.3000000119
9625  -41.622  -63.725  -0.233 0.3000000119
131566  -42.132  -63.392  -0.755 0.3000000119
9642  -43.281  -63.630  -2.246 0.3000000119
7443  -40.286  -67.857  1.034 0.3000000119
9609  -40.885  -63.271  0.233 0.3000000119
7036  -39.235  -67.711  -4.989 0.3000000119
7037  -39.233  -67.354  -5.303 0.3000000119
7441  -38.363  -67.603  0.967 0.3000000119
7498  -38.244  -66.297  -3.762 0.3000000119
7966  -40.786  -67.011  0.780 0.3000000119
8014  -37.582  -65.748  -3.568 0.3000000119
8015  -38.018  -65.871  -3.535 0.4000000060
8021  -32.691  -66.184  -4.642 0.4000000060
8495  -37.561  -65.481  1.119 0.4000000060
8512  -36.609  -65.086  0.207 0.4000000060
8570  -37.012  -65.450  -3.081 0.4000000060
9046  -37.510  -64.459  1.150 0.4000000060
9048  -38.813  -64.567  1.341 0.4000000060
9058  -36.628  -64.363  0.309 0.4000000060
9089  -35.726  -64.213  -1.462 0.4000000060
9102  -34.721  -64.340  -2.331 0.4000000060
9113  -32.914  -64.584  -4.014 0.4000000060
9592  -38.989  -63.738  1.177 0.4000000060
9605  -36.612  -63.572  0.286 0.4000000060
9606  -37.568  -63.546  1.003 0.4000000060
9624  -36.228  -63.130  -0.211 0.4000000060
9650  -34.174  -63.243  -2.614 0.4000000060
9651  -34.592  -63.682  -2.151 0.5000000000
9664  -33.166  -64.001  -3.713 0.4000000060
9666  -44.360  -63.431  -3.279 0.3000000119
9677  -32.929  -63.936  -4.382 0.4000000060
9679  -45.286  -63.316  -3.824 0.3000000119
9695  -34.051  -63.011  -5.750 0.5000000000
9728  -35.380  -63.624  -7.630 0.4000000060
9752  -35.809  -63.490  -9.253 0.6000000238
9753  -36.799  -63.666  -9.129 0.6999999881
10221  -36.907  -62.308  0.334 0.4000000060
10225  -40.501  -62.542  0.177 0.4000000060
10239  -41.432  -62.764  -0.397 0.4000000060
10259  -42.231  -62.013  -1.629 0.5000000000
10274  -35.037  -62.172  -1.801 0.5000000000
10340  -35.389  -62.566  -6.125 0.5000000000
10352  -37.966  -63.179  -7.820 0.6000000238
10353  -39.128  -62.765  -8.468 0.6000000238
10361  -39.246  -62.919  -8.986 0.6999999881
10835  -38.091  -61.731  0.314 0.4000000060
10849  -36.032  -61.792  -0.662 0.4000000060
10851  -38.508  -61.193  -0.276 0.4000000060
10853  -40.288  -61.301  -0.620 0.4000000060
10854  -41.007  -61.409  -0.918 0.4000000060
10874  -37.523  -60.709  -1.421 0.4000000060
10877  -42.228  -61.397  -2.142 0.5000000000
10893  -35.365  -61.556  -2.381 0.5000000000
10918  -34.885  -61.891  -4.073 0.3000000119
10922  -45.092  -62.121  -4.747 0.4000000060
10935  -35.580  -61.711  -4.680 0.5000000000
10939  -44.979  -61.497  -5.179 0.5000000000
10942  -47.479  -61.420  -5.557 0.3000000119
10943  -48.146  -60.917  -5.800 0.3000000119
10953  -37.822  -61.773  -6.466 0.6000000238
10957  -46.006  -61.484  -6.289 0.3000000119
10960  -48.139  -60.741  -6.410 0.3000000119
10970  -46.694  -60.919  -7.352 0.5000000000
10979  -33.439  -61.196  -9.217 0.5000000000
10997  -42.939  -61.443  -10.497 0.8000000119
11007  -43.143  -61.619  -11.006 0.8000000119
11012  -41.665  -62.036  -11.260 0.6999999881
11013  -42.495  -61.962  -11.120 0.8000000119
11470  -38.191  -60.795  -0.861 0.4000000060
11472  -39.827  -60.749  -1.010 0.4000000060
11486  -39.423  -60.429  -1.589 0.5000000000
11487  -40.165  -60.493  -1.605 0.5000000000
11501  -39.086  -60.132  -2.285 0.5000000000
11503  -41.469  -60.209  -2.641 0.6000000238
11512  -36.666  -60.767  -2.709 0.5000000000
11514  -38.294  -60.143  -3.433 0.5000000000
11517  -42.669  -60.454  -3.490 0.6000000238
11518  -43.521  -61.005  -3.902 0.5000000000
11532  -38.572  -60.189  -4.433 0.4000000060
11533  -39.166  -60.014  -5.032 0.6999999881
11534  -42.968  -60.158  -4.226 0.6000000238
11549  -39.163  -60.259  -5.736 0.6000000238
11550  -43.788  -60.236  -5.373 0.6000000238
11567  -48.344  -60.318  -6.783 0.3000000119
11574  -33.154  -60.631  -8.134 0.5000000000
11577  -39.815  -61.070  -7.473 0.6000000238
11582  -47.693  -60.632  -7.557 0.5000000000
11583  -48.184  -60.272  -7.494 0.3000000119
11593  -37.684  -60.630  -9.073 0.5000000000
11601  -47.856  -60.310  -8.117 0.4000000060
11616  -44.635  -60.282  -10.362 0.5000000000
11619  -47.268  -59.937  -9.054 0.4000000060
11629  -44.620  -60.528  -10.877 0.5000000000
11630  -45.417  -59.950  -10.500 0.5000000000
11631  -46.218  -59.712  -10.073 0.5000000000
12179  -39.769  -59.698  -3.954 0.6000000238
12208  -41.092  -59.444  -5.440 0.6999999881
12210  -42.865  -59.586  -5.523 0.6000000238
12211  -47.875  -59.142  -5.621 0.3000000119
12224  -42.459  -59.309  -6.445 0.6999999881
12240  -42.688  -59.346  -7.428 0.6999999881
12244  -48.352  -59.810  -7.279 0.4000000060
12250  -34.730  -59.950  -8.039 0.5000000000
12251  -35.424  -59.967  -8.156 0.5000000000
12257  -43.999  -59.480  -8.358 0.6000000238
12259  -45.718  -59.815  -8.591 0.5000000000
12260  -47.808  -59.838  -8.685 0.4000000060
12272  -39.453  -59.417  -9.972 0.6000000238
12273  -44.408  -59.748  -9.287 0.5000000000
12275  -47.006  -59.588  -9.702 0.5000000000
12277  -47.967  -59.296  -8.818 0.4000000060
12295  -44.705  -59.797  -11.397 0.6999999881
12935  -39.019  -58.271  -8.401 0.5000000000
12949  -39.266  -58.851  -9.170 0.6000000238
12950  -47.829  -58.604  -9.287 0.4000000060
12959  -38.573  -58.061  -12.138 0.6999999881
13631  -46.755  -57.340  -6.863 0.3000000119
13651  -39.384  -57.646  -9.634 0.6000000238
13663  -38.352  -57.883  -11.905 0.6999999881
13668  -47.273  -56.595  -10.458 0.5000000000
14397  -38.713  -56.684  -7.456 0.4000000060
14399  -45.558  -56.383  -7.195 0.4000000060
14401  -47.267  -57.103  -8.385 0.5000000000
14406  -46.184  -56.283  -8.414 0.4000000060
14426  -47.022  -55.864  -11.022 0.5000000000
14437  -45.707  -55.872  -11.839 0.5000000000
15197  -35.824  -56.253  -11.872 0.6000000238
15199  -46.581  -55.165  -11.498 0.5000000000
15200  -35.619  -55.711  -11.641 0.6000000238
15201  -35.910  -56.187  -12.026 0.6999999881
15991  -35.768  -54.863  -10.356 0.4000000060
16006  -46.220  -54.496  -11.910 0.5000000000
16012  -41.677  -54.351  -12.215 0.5000000000
16014  -43.777  -53.636  -12.632 0.5000000000
16895  -44.546  -53.008  -10.861 0.3000000119
16900  -36.043  -53.687  -11.749 0.6000000238
16902  -45.083  -53.173  -12.369 0.3000000119
17774  -41.858  -52.089  -12.860 0.5000000000
18669  -42.988  -51.181  -10.499 0.3000000119
18682  -43.706  -51.513  -13.045 0.4000000060
19594  -42.026  -50.269  -9.688 0.4000000060
19601  -36.711  -50.178  -10.714 0.5000000000
20488  -37.680  -49.362  -11.150 0.4000000060
20497  -42.669  -48.691  -13.199 0.4000000060
21263  -35.571  -48.506  -10.313 0.5000000000
21275  -39.323  -48.114  -12.459 0.4000000060
22831  -35.685  -46.063  -10.538 0.4000000060
22841  -38.429  -46.786  -11.344 0.4000000060
23631  -37.813  -45.325  -10.819 0.4000000060
23640  -40.625  -45.680  -13.495 0.4000000060
24423  -36.295  -44.726  -10.803 0.4000000060
26979  -35.125  -41.637  -13.147 0.3000000119
109669  -43.843  -51.277  -12.621 0.3000000119
110262  -33.945  -62.774  -3.843 0.3000000119
111539  -38.985  -67.180  -4.472 0.3000000119
112478  -41.015  -64.078  0.317 0.4000000060
113307  -42.332  -64.191  -0.772 0.3000000119
113313  -43.472  -56.884  -11.676 0.6000000238
113611  -40.888  -65.979  0.568 0.3000000119
113800  -39.479  -53.792  -11.930 0.5000000000
114989  -45.733  -53.800  -11.491 0.5000000000
115488  -37.947  -63.578  -9.145 0.6999999881
115859  -42.686  -57.132  -11.689 0.6000000238
116504  -39.083  -63.053  0.885 0.4000000060
116603  -39.109  -56.496  -8.102 0.5000000000
117183  -47.773  -58.743  -6.346 0.3000000119
117254  -41.591  -59.459  -4.756 0.6000000238
118512  -36.321  -65.089  -2.490 0.4000000060
118803  -42.767  -62.840  -1.904 0.4000000060
119693  -39.353  -65.097  1.272 0.4000000060
120533  -32.085  -65.965  -5.278 0.4000000060
120905  -39.258  -59.868  -4.370 0.6999999881
121554  -40.957  -65.003  0.406 0.4000000060
121838  -38.432  -43.779  -11.659 0.4000000060
122668  -35.266  -62.736  -1.305 0.4000000060
123646  -38.613  -56.524  -12.441 0.6999999881
124107  -33.255  -60.869  -8.748 0.5000000000
124451  -40.904  -59.490  -4.766 0.6000000238
124718  -34.378  -62.406  -3.238 0.4000000060
124930  -48.367  -59.734  -4.906 0.3000000119
125882  -35.912  -63.869  -8.406 0.6000000238
126287  -47.781  -58.245  -7.674 0.4000000060
127005  -36.582  -65.750  0.034 0.4000000060
127395  -42.312  -60.769  -2.718 0.5000000000
127399  -37.413  -52.466  -11.620 0.6000000238
127424  -35.521  -61.502  -3.880 0.5000000000
129972  -32.371  -65.696  -4.842 0.4000000060
129988  -38.243  -63.478  -8.530 0.6999999881
130001  -44.787  -59.945  -6.997 0.5000000000
130075  -47.577  -57.195  -10.046 0.5000000000
130095  -39.022  -57.357  -10.561 0.6000000238
130134  -37.767  -57.919  -7.249 0.6000000238
130575  -40.767  -62.340  -10.385 0.6000000238
131235  -41.739  -58.411  -12.028 0.6000000238
131437  -46.078  -62.181  -5.434 0.3000000119
