#!ascii label  , from subject sub-v1s19x0051301_ses-1 vox2ras=TkReg
940
53494  37.326  -10.677  38.882 0.0000000000
68078  44.675  3.330  16.242 0.0000000000
60985  36.064  -3.629  25.377 0.0000000000
51123  19.773  -12.506  45.835 0.0000000000
55549  30.533  -7.986  40.782 0.0000000000
66201  35.404  1.438  22.783 0.0000000000
49207  24.866  -14.412  42.829 0.0000000000
48107  23.476  -15.773  47.047 0.0000000000
51177  27.388  -12.968  40.633 0.0000000000
68086  49.334  3.465  15.363 0.0000000000
56720  36.986  -7.611  36.895 0.0000000000
122495  36.675  -7.600  33.665 0.0000000000
53531  40.098  -10.435  37.043 0.0000000000
70815  46.968  6.841  14.558 0.0000000000
70832  50.794  6.633  12.151 0.0000000000
68931  41.173  4.692  18.419 0.0000000000
66239  43.495  0.954  19.331 0.0000000000
65197  39.088  0.609  20.325 0.0000000000
62042  39.169  -1.979  24.037 0.0000000000
110991  33.805  -10.575  40.764 0.0000000000
48059  17.579  -15.957  48.981 0.0000000000
47116  14.244  -16.793  50.007 0.0000000000
48005  11.034  -15.584  52.723 0.0000000000
111845  33.787  -8.878  39.359 0.0000000000
52325  30.653  -11.151  40.661 0.0000000000
58956  33.710  -5.385  29.069 0.0000000000
125857  38.927  -6.131  30.676 0.0000000000
73664  53.900  9.721  10.907 0.0000000000
67195  46.748  2.762  15.893 0.0000000000
67173  46.065  2.123  17.488 0.0000000000
120501  37.864  -9.418  37.790 0.0000000000
54528  37.621  -9.257  36.105 0.0000000000
53513  38.333  -10.816  38.101 0.0000000000
70791  43.904  5.859  16.842 0.0000000000
70799  46.235  6.847  16.177 0.0000000000
69852  45.740  5.796  14.888 0.0000000000
68977  48.116  4.544  14.220 0.0000000000
44161  10.499  -18.846  54.226 0.0000000000
122196  39.518  3.214  19.042 0.0000000000
68029  38.176  3.173  20.443 0.0000000000
63068  35.418  -1.472  23.441 0.0000000000
63066  37.432  -1.513  22.548 0.0000000000
60994  37.992  -2.956  24.836 0.0000000000
59969  39.192  -3.894  26.802 0.0000000000
50133  21.712  -13.563  46.060 0.0000000000
48088  22.518  -14.873  48.071 0.0000000000
49140  20.186  -14.325  47.760 0.0000000000
48057  19.163  -15.073  49.761 0.0000000000
49142  18.370  -14.515  47.277 0.0000000000
49112  15.080  -14.699  49.337 0.0000000000
47087  12.280  -16.579  51.196 0.0000000000
55566  32.211  -8.613  39.685 0.0000000000
54518  32.368  -10.032  38.570 0.0000000000
54503  30.276  -9.540  38.819 0.0000000000
48146  27.128  -15.789  42.899 0.0000000000
49206  28.414  -14.723  43.044 0.0000000000
56750  39.240  -7.343  34.415 0.0000000000
57824  37.958  -6.767  32.029 0.0000000000
68002  37.041  3.371  22.340 0.0000000000
66171  34.780  1.381  24.623 0.0000000000
62036  33.955  -2.262  25.580 0.0000000000
47181  25.616  -17.067  43.909 0.0000000000
46258  24.563  -17.391  46.172 0.0000000000
48138  24.273  -16.247  45.212 0.0000000000
49170  23.755  -13.876  45.892 0.0000000000
118267  22.112  -12.126  45.315 0.0000000000
54505  28.286  -9.541  39.541 0.0000000000
53466  26.244  -10.306  41.041 0.0000000000
49242  25.974  -14.217  41.519 0.0000000000
57790  35.522  -6.279  36.129 0.0000000000
56766  34.719  -7.042  33.735 0.0000000000
56742  35.875  -7.711  35.647 0.0000000000
55625  38.205  -8.881  35.272 0.0000000000
72740  50.524  8.220  12.517 0.0000000000
69875  48.896  6.586  12.925 0.0000000000
68985  50.503  4.759  13.738 0.0000000000
68080  42.037  4.297  17.203 0.0000000000
66271  43.758  1.925  17.792 0.0000000000
67158  41.443  2.446  18.255 0.0000000000
65210  41.246  0.613  19.849 0.0000000000
64129  41.061  -0.209  21.884 0.0000000000
65177  36.982  0.915  21.125 0.0000000000
63085  39.130  -0.827  21.916 0.0000000000
115026  35.767  -10.262  39.280 0.0000000000
52322  37.490  -11.502  39.990 0.0000000000
69821  42.995  5.680  17.974 0.0000000000
126365  17.792  -12.105  46.829 0.0000000000
50118  16.257  -13.961  47.952 0.0000000000
47129  15.725  -16.570  49.311 0.0000000000
125952  15.052  -18.205  52.160 0.0000000000
45242  12.924  -18.333  51.616 0.0000000000
45223  11.293  -18.083  51.913 0.0000000000
46184  9.791  -17.329  52.430 0.0000000000
48025  8.139  -15.488  52.944 0.0000000000
55583  35.508  -9.242  39.351 0.0000000000
54517  34.059  -10.082  38.884 0.0000000000
53465  32.122  -10.864  40.753 0.0000000000
51187  28.643  -11.897  40.614 0.0000000000
58989  34.632  -5.096  27.421 0.0000000000
56789  35.534  -7.183  31.693 0.0000000000
57865  36.084  -6.522  29.364 0.0000000000
110360  37.623  -5.427  27.906 0.0000000000
52319  39.972  -11.700  39.875 0.0000000000
73680  55.643  9.120  9.525 0.0000000000
72748  52.307  8.066  11.186 0.0000000000
71791  53.791  7.956  10.703 0.0000000000
68090  45.340  3.597  15.690 0.0000000000
67186  46.521  2.452  16.634 0.0000000000
67187  45.705  2.432  16.687 0.0000000000
54516  37.559  -10.049  38.608 0.0000000000
54515  37.956  -10.108  38.185 0.0000000000
53514  37.877  -10.806  38.529 0.0000000000
68967  43.873  5.168  16.064 0.0000000000
69841  44.624  5.643  15.785 0.0000000000
68965  45.232  4.478  15.385 0.0000000000
68964  46.006  3.907  15.175 0.0000000000
45181  9.184  -18.475  53.884 0.0000000000
68028  38.917  3.801  20.383 0.0000000000
68014  38.968  4.019  21.412 0.0000000000
60997  35.500  -3.130  24.983 0.0000000000
62044  36.892  -2.682  24.160 0.0000000000
60984  36.879  -3.530  25.301 0.0000000000
60970  37.937  -3.692  25.854 0.0000000000
59971  37.721  -4.247  26.395 0.0000000000
124825  20.704  -13.601  46.314 0.0000000000
49154  20.873  -14.052  47.230 0.0000000000
49155  19.919  -14.001  46.894 0.0000000000
49141  19.268  -14.428  47.452 0.0000000000
123741  18.719  -13.260  46.511 0.0000000000
55567  31.219  -8.419  39.904 0.0000000000
55587  31.604  -8.953  39.002 0.0000000000
55589  29.656  -8.882  39.223 0.0000000000
111805  27.369  -16.898  44.789 0.0000000000
126409  34.653  -5.298  32.872 0.0000000000
57806  39.804  -6.689  34.095 0.0000000000
64102  34.107  -0.794  24.921 0.0000000000
64093  33.971  -0.877  25.547 0.0000000000
48148  25.237  -15.836  43.045 0.0000000000
47191  24.663  -16.515  44.361 0.0000000000
49188  24.711  -15.280  44.272 0.0000000000
118168  24.808  -13.746  45.650 0.0000000000
51133  23.785  -12.803  45.786 0.0000000000
50141  23.052  -13.053  45.668 0.0000000000
55571  27.245  -8.707  40.767 0.0000000000
51161  25.120  -12.728  42.957 0.0000000000
52295  25.416  -11.838  41.901 0.0000000000
50183  25.095  -13.532  42.087 0.0000000000
48155  25.708  -15.340  42.355 0.0000000000
56732  35.348  -7.026  35.913 0.0000000000
129999  36.547  -8.015  36.162 0.0000000000
53533  38.498  -10.165  36.826 0.0000000000
54546  37.919  -9.333  35.750 0.0000000000
54536  38.967  -10.032  36.182 0.0000000000
54544  39.560  -9.455  35.737 0.0000000000
54526  40.759  -10.080  37.110 0.0000000000
70806  46.661  6.998  15.341 0.0000000000
71762  48.863  7.588  13.397 0.0000000000
71763  48.051  7.034  13.548 0.0000000000
68097  48.866  3.683  14.804 0.0000000000
68986  48.782  4.877  13.717 0.0000000000
68975  49.477  3.943  14.633 0.0000000000
68948  41.520  4.509  17.770 0.0000000000
68065  42.016  3.538  17.377 0.0000000000
67178  40.925  3.513  18.024 0.0000000000
132534  39.378  1.872  19.358 0.0000000000
66243  40.117  1.572  19.297 0.0000000000
65211  40.417  0.844  19.765 0.0000000000
65195  41.005  0.236  20.595 0.0000000000
64148  40.269  -0.003  20.858 0.0000000000
66200  35.856  2.143  22.235 0.0000000000
67126  36.531  2.437  21.620 0.0000000000
66218  36.373  1.524  21.589 0.0000000000
129961  38.075  -1.812  23.062 0.0000000000
63078  37.833  -1.030  22.043 0.0000000000
63076  39.355  -1.182  22.670 0.0000000000
63075  40.186  -0.913  22.973 0.0000000000
53481  34.716  -10.500  40.219 0.0000000000
52304  36.284  -10.794  40.752 0.0000000000
125002  41.540  5.265  19.619 0.0000000000
69807  42.250  5.444  18.312 0.0000000000
69822  42.428  5.266  17.477 0.0000000000
112420  24.139  -16.948  46.536 0.0000000000
47158  23.589  -16.287  47.713 0.0000000000
48058  18.352  -15.535  49.341 0.0000000000
48034  18.651  -15.322  51.388 0.0000000000
127879  17.765  -15.941  50.811 0.0000000000
125045  17.113  -16.555  50.731 0.0000000000
52202  17.310  -11.567  48.300 0.0000000000
51111  16.717  -13.204  47.715 0.0000000000
51099  16.341  -12.900  48.372 0.0000000000
119413  14.377  -15.278  50.155 0.0000000000
115990  15.230  -15.441  49.079 0.0000000000
47130  15.043  -16.790  49.596 0.0000000000
46199  15.097  -17.710  50.735 0.0000000000
46200  14.200  -17.812  50.821 0.0000000000
45241  13.865  -18.284  51.525 0.0000000000
46201  13.392  -17.810  50.954 0.0000000000
47088  11.667  -16.480  51.548 0.0000000000
47104  12.017  -17.067  51.117 0.0000000000
47089  10.775  -16.272  51.881 0.0000000000
46183  10.487  -17.402  52.053 0.0000000000
47090  9.857  -16.421  52.228 0.0000000000
55564  35.111  -8.263  39.894 0.0000000000
55563  36.066  -8.429  40.063 0.0000000000
55584  34.622  -9.147  39.250 0.0000000000
54500  34.537  -9.945  38.868 0.0000000000
54501  33.939  -9.665  38.878 0.0000000000
53500  31.360  -10.576  39.370 0.0000000000
113116  32.206  -10.642  39.642 0.0000000000
52324  31.437  -10.894  40.210 0.0000000000
52328  27.420  -10.959  40.053 0.0000000000
52345  28.090  -10.696  39.841 0.0000000000
51188  27.805  -12.222  40.402 0.0000000000
50170  29.190  -13.176  42.545 0.0000000000
66255  44.009  1.558  18.234 0.0000000000
66254  44.657  1.570  18.506 0.0000000000
130363  44.717  1.455  19.191 0.0000000000
60949  33.584  -4.208  28.055 0.0000000000
60961  33.682  -3.855  27.192 0.0000000000
58969  34.355  -5.369  27.983 0.0000000000
56765  35.261  -7.340  33.429 0.0000000000
56778  34.850  -7.068  32.847 0.0000000000
56776  36.237  -7.242  32.294 0.0000000000
57833  38.395  -6.495  31.335 0.0000000000
57834  37.423  -6.760  31.199 0.0000000000
57864  37.634  -6.299  29.709 0.0000000000
123223  37.025  -6.220  28.988 0.0000000000
57877  37.952  -5.948  29.075 0.0000000000
117981  39.048  -5.263  28.546 0.0000000000
52321  38.279  -11.863  39.952 0.0000000000
74627  54.599  10.021  10.546 0.0000000000
71771  50.107  7.485  12.332 0.0000000000
72750  50.949  7.882  11.907 0.0000000000
129788  51.326  6.915  11.755 0.0000000000
70840  53.468  7.157  11.632 0.0000000000
71778  55.050  7.493  11.327 0.0000000000
51149  25.702  -12.875  43.983 0.0000000000
49187  24.921  -14.440  43.863 0.0000000000
67193  48.111  2.982  15.829 0.0000000000
67183  49.122  2.751  16.980 0.0000000000
67185  47.550  2.589  16.552 0.0000000000
56719  37.445  -8.409  36.973 0.0000000000
56730  37.087  -8.359  36.436 0.0000000000
55610  37.603  -9.101  37.139 0.0000000000
122574  38.237  -10.193  37.561 0.0000000000
53527  38.847  -10.752  37.550 0.0000000000
70788  46.141  6.781  17.889 0.0000000000
113625  45.137  6.420  16.778 0.0000000000
70807  45.911  6.480  15.424 0.0000000000
70816  46.261  6.361  14.771 0.0000000000
69863  47.263  5.849  14.011 0.0000000000
69851  46.551  5.498  14.509 0.0000000000
125845  47.392  3.744  14.780 0.0000000000
44160  11.223  -18.981  54.408 0.0000000000
68920  40.344  4.540  19.659 0.0000000000
68048  40.315  3.538  18.513 0.0000000000
68038  39.442  3.752  19.583 0.0000000000
67149  38.843  3.215  19.740 0.0000000000
66230  38.154  1.696  20.112 0.0000000000
121591  35.203  -0.018  22.884 0.0000000000
64124  35.784  -0.432  22.447 0.0000000000
63080  35.911  -1.302  22.856 0.0000000000
62053  37.364  -2.189  23.435 0.0000000000
62034  38.685  -2.558  24.601 0.0000000000
62033  39.309  -2.773  25.237 0.0000000000
60960  40.080  -3.736  27.177 0.0000000000
53463  33.301  -10.699  41.611 0.0000000000
49137  22.864  -14.869  47.160 0.0000000000
48087  23.119  -15.551  47.778 0.0000000000
49138  21.853  -14.295  47.525 0.0000000000
49121  21.833  -14.470  48.477 0.0000000000
49122  21.212  -14.397  48.996 0.0000000000
49125  18.669  -14.913  47.960 0.0000000000
48089  17.814  -15.130  47.743 0.0000000000
117187  15.599  -12.963  49.794 0.0000000000
50093  14.782  -13.721  51.089 0.0000000000
48035  14.047  -15.425  50.759 0.0000000000
47117  13.406  -16.773  50.454 0.0000000000
48020  13.337  -15.598  51.745 0.0000000000
48003  13.171  -15.400  52.717 0.0000000000
47992  12.954  -15.209  53.549 0.0000000000
119067  33.529  -8.351  40.039 0.0000000000
55585  33.205  -9.409  38.910 0.0000000000
55586  32.454  -9.134  38.971 0.0000000000
54520  30.852  -9.907  38.619 0.0000000000
125018  29.948  -10.466  39.407 0.0000000000
49224  26.954  -14.648  41.714 0.0000000000
50172  27.617  -13.968  41.674 0.0000000000
48145  28.045  -15.465  43.323 0.0000000000
66229  43.771  0.840  20.272 0.0000000000
57837  33.891  -5.994  30.710 0.0000000000
56751  38.237  -7.522  34.129 0.0000000000
56775  37.698  -6.979  32.774 0.0000000000
56761  38.999  -6.868  33.773 0.0000000000
57814  39.610  -6.423  33.339 0.0000000000
73656  52.975  9.756  12.050 0.0000000000
120639  7.092  -17.391  54.640 0.0000000000
67993  36.488  3.179  22.944 0.0000000000
67108  35.527  2.281  23.118 0.0000000000
66184  35.129  1.591  23.748 0.0000000000
64112  34.815  -0.095  23.485 0.0000000000
62047  34.445  -2.143  24.805 0.0000000000
60998  34.806  -2.815  24.998 0.0000000000
46264  26.215  -17.698  45.306 0.0000000000
46256  26.003  -18.048  46.046 0.0000000000
46272  24.942  -17.403  44.887 0.0000000000
47176  24.323  -16.881  45.735 0.0000000000
48106  23.891  -16.177  46.228 0.0000000000
49168  25.004  -14.428  45.012 0.0000000000
49169  24.403  -14.642  45.543 0.0000000000
112866  23.762  -14.763  45.989 0.0000000000
50132  22.694  -13.681  45.969 0.0000000000
50142  22.119  -12.856  45.569 0.0000000000
51136  20.551  -12.346  45.547 0.0000000000
55569  29.160  -8.281  39.849 0.0000000000
122944  28.434  -8.363  40.041 0.0000000000
54487  27.096  -9.507  40.332 0.0000000000
52329  26.756  -11.600  40.359 0.0000000000
53454  26.033  -10.189  41.883 0.0000000000
52310  25.693  -12.020  41.238 0.0000000000
50182  25.881  -13.304  41.194 0.0000000000
48154  26.595  -15.356  42.226 0.0000000000
126917  26.313  -16.866  43.732 0.0000000000
58893  35.090  -5.418  34.645 0.0000000000
58894  34.646  -5.720  34.017 0.0000000000
131072  34.745  -6.730  35.067 0.0000000000
56743  35.071  -7.253  35.193 0.0000000000
127090  36.456  -7.895  34.397 0.0000000000
55617  37.116  -8.626  36.001 0.0000000000
55634  36.930  -8.297  34.891 0.0000000000
55633  37.735  -8.320  34.779 0.0000000000
55632  38.664  -8.166  34.787 0.0000000000
55623  40.064  -8.543  35.488 0.0000000000
72733  49.543  8.264  13.752 0.0000000000
71772  49.317  7.381  12.767 0.0000000000
69873  50.151  6.335  12.585 0.0000000000
68987  48.001  5.391  13.865 0.0000000000
69861  49.469  5.227  13.365 0.0000000000
68079  43.728  3.875  16.387 0.0000000000
67189  44.093  3.022  16.830 0.0000000000
68064  42.784  3.096  17.358 0.0000000000
66272  42.946  2.302  17.850 0.0000000000
124314  42.304  1.315  18.749 0.0000000000
67159  40.733  2.924  18.215 0.0000000000
66257  41.588  1.630  18.726 0.0000000000
66240  42.640  0.925  19.172 0.0000000000
133076  42.403  0.514  20.385 0.0000000000
65158  41.897  0.139  21.811 0.0000000000
68016  37.494  3.166  21.046 0.0000000000
67138  37.604  2.413  20.584 0.0000000000
65198  38.287  0.894  20.402 0.0000000000
64133  37.185  -0.081  21.378 0.0000000000
117758  38.114  -0.254  21.240 0.0000000000
64149  39.440  0.009  20.813 0.0000000000
64130  40.348  -0.362  21.575 0.0000000000
53495  36.602  -10.494  39.212 0.0000000000
52342  37.173  -11.107  39.379 0.0000000000
52323  36.759  -11.060  39.927 0.0000000000
52303  37.161  -11.214  40.815 0.0000000000
114353  43.180  5.582  17.194 0.0000000000
69832  42.827  5.207  16.875 0.0000000000
125800  19.617  -11.282  46.059 0.0000000000
53377  18.708  -10.852  46.998 0.0000000000
51124  18.495  -12.392  46.427 0.0000000000
50135  17.963  -13.072  46.700 0.0000000000
49143  17.511  -14.463  47.332 0.0000000000
48090  17.029  -15.223  47.757 0.0000000000
49127  15.592  -14.612  48.650 0.0000000000
48071  15.898  -15.605  48.636 0.0000000000
47128  16.333  -16.537  49.360 0.0000000000
46198  15.855  -17.312  50.434 0.0000000000
46180  16.210  -17.479  51.938 0.0000000000
122771  12.385  -19.006  53.001 0.0000000000
46202  12.635  -17.523  51.035 0.0000000000
45222  12.152  -18.550  52.126 0.0000000000
44172  11.777  -19.003  53.689 0.0000000000
44173  10.832  -18.780  53.430 0.0000000000
45201  9.526  -18.280  53.124 0.0000000000
45202  8.767  -18.052  53.402 0.0000000000
48024  9.296  -15.824  52.484 0.0000000000
47091  8.794  -16.084  52.616 0.0000000000
46167  8.520  -17.002  53.194 0.0000000000
55581  37.528  -9.525  39.174 0.0000000000
55582  36.426  -9.509  39.274 0.0000000000
54498  36.911  -10.102  38.903 0.0000000000
54499  35.878  -10.019  38.994 0.0000000000
53497  34.432  -10.258  39.238 0.0000000000
113519  33.956  -10.447  39.745 0.0000000000
53516  33.248  -10.032  38.681 0.0000000000
53482  33.141  -10.570  39.782 0.0000000000
110744  32.928  -10.705  40.799 0.0000000000
54504  29.274  -9.600  39.146 0.0000000000
53502  29.334  -10.289  39.373 0.0000000000
52326  29.354  -11.495  40.690 0.0000000000
51168  28.834  -12.936  41.721 0.0000000000
51175  29.246  -12.105  41.340 0.0000000000
51174  29.959  -11.820  41.873 0.0000000000
67174  45.156  2.133  17.325 0.0000000000
62019  33.671  -2.447  26.388 0.0000000000
132454  34.222  -3.670  26.154 0.0000000000
59973  35.489  -4.616  26.503 0.0000000000
57815  34.470  -6.441  33.189 0.0000000000
132034  34.636  -6.877  31.512 0.0000000000
57868  34.107  -6.359  30.091 0.0000000000
56788  36.450  -7.027  31.458 0.0000000000
56801  35.732  -6.967  30.767 0.0000000000
57880  34.593  -6.244  29.010 0.0000000000
58953  35.652  -5.913  28.165 0.0000000000
58967  35.956  -5.513  27.502 0.0000000000
58986  37.015  -4.763  26.669 0.0000000000
59953  37.848  -4.859  27.177 0.0000000000
119042  37.820  -11.439  39.152 0.0000000000
52355  39.045  -11.504  38.608 0.0000000000
52354  39.792  -11.418  38.645 0.0000000000
52318  40.817  -11.359  39.694 0.0000000000
53525  40.524  -10.592  37.593 0.0000000000
74631  56.354  10.522  9.169 0.0000000000
73667  51.891  8.904  11.870 0.0000000000
72759  52.885  8.678  10.971 0.0000000000
71781  52.477  7.581  11.315 0.0000000000
71792  53.037  8.031  10.871 0.0000000000
72758  53.668  8.508  10.618 0.0000000000
72767  54.972  8.806  9.960 0.0000000000
72766  55.632  8.438  9.868 0.0000000000
68077  45.463  2.879  16.092 0.0000000000
68092  43.912  4.608  16.012 0.0000000000
68966  44.479  4.952  15.606 0.0000000000
68091  44.552  4.154  15.845 0.0000000000
45165  8.828  -18.563  54.819 0.0000000000
60996  36.438  -3.136  24.799 0.0000000000
59995  37.293  -3.846  25.836 0.0000000000
59996  36.553  -3.996  25.816 0.0000000000
51122  20.337  -13.002  45.853 0.0000000000
50134  19.644  -13.327  46.301 0.0000000000
125366  19.131  -12.686  46.166 0.0000000000
55548  31.456  -8.156  41.092 0.0000000000
55568  30.085  -8.315  39.789 0.0000000000
122559  27.195  -17.404  45.430 0.0000000000
59890  34.876  -5.189  33.453 0.0000000000
49208  24.837  -15.195  43.329 0.0000000000
48156  25.070  -15.086  42.681 0.0000000000
56731  36.060  -7.077  36.486 0.0000000000
53532  39.339  -10.417  36.880 0.0000000000
54535  40.076  -9.966  36.415 0.0000000000
132915  47.171  7.326  15.561 0.0000000000
71748  47.416  7.396  14.920 0.0000000000
71756  47.549  7.129  14.193 0.0000000000
71755  48.094  7.567  14.172 0.0000000000
68087  48.507  3.348  15.271 0.0000000000
68096  49.954  3.826  15.074 0.0000000000
45179  12.724  -19.005  54.797 0.0000000000
68066  41.388  3.862  17.618 0.0000000000
68067  40.912  4.093  18.148 0.0000000000
65212  39.486  1.162  19.786 0.0000000000
65196  39.913  0.461  20.301 0.0000000000
65159  35.806  1.091  22.056 0.0000000000
63065  38.833  -1.648  23.271 0.0000000000
63064  39.634  -1.479  23.534 0.0000000000
53461  35.439  -10.609  41.069 0.0000000000
53462  34.624  -10.568  41.401 0.0000000000
124268  40.906  4.916  19.160 0.0000000000
69798  41.564  5.216  18.719 0.0000000000
69808  41.753  5.070  17.965 0.0000000000
47167  23.776  -16.468  46.945 0.0000000000
48049  17.733  -15.950  49.833 0.0000000000
48048  18.505  -15.471  50.314 0.0000000000
47114  17.228  -16.355  50.168 0.0000000000
52203  16.732  -12.125  48.789 0.0000000000
48050  14.048  -16.107  50.216 0.0000000000
49113  14.700  -16.039  49.558 0.0000000000
46214  14.547  -17.299  50.186 0.0000000000
46215  13.762  -17.320  50.430 0.0000000000
48022  11.531  -15.858  52.083 0.0000000000
55565  34.241  -8.250  39.971 0.0000000000
56682  35.495  -7.809  40.578 0.0000000000
111576  30.880  -10.826  39.888 0.0000000000
52306  31.348  -11.117  41.024 0.0000000000
51189  26.998  -12.365  40.340 0.0000000000
119744  27.384  -11.732  40.233 0.0000000000
113728  44.064  1.291  18.866 0.0000000000
66238  44.328  1.185  19.698 0.0000000000
59926  33.668  -4.771  29.536 0.0000000000
60938  33.574  -4.038  28.860 0.0000000000
59938  33.604  -4.738  28.739 0.0000000000
58970  33.810  -5.030  28.351 0.0000000000
58955  34.125  -5.726  28.662 0.0000000000
56764  36.044  -7.429  33.125 0.0000000000
57832  39.236  -6.203  31.566 0.0000000000
57848  38.046  -6.416  30.484 0.0000000000
57863  38.563  -5.990  29.771 0.0000000000
57862  39.381  -5.795  30.092 0.0000000000
71783  50.784  7.188  11.844 0.0000000000
51148  26.569  -12.607  44.785 0.0000000000
52267  25.648  -12.155  43.484 0.0000000000
67194  47.409  2.935  15.704 0.0000000000
112598  46.912  2.319  17.287 0.0000000000
56718  37.924  -8.515  37.653 0.0000000000
132788  38.802  -11.200  38.170 0.0000000000
70790  44.587  6.247  17.174 0.0000000000
70800  44.633  6.080  16.334 0.0000000000
69840  45.173  5.345  15.275 0.0000000000
70808  45.307  6.058  15.403 0.0000000000
128980  45.771  6.188  15.061 0.0000000000
68979  45.887  4.885  14.930 0.0000000000
68089  46.861  3.372  15.217 0.0000000000
68978  46.769  4.309  14.674 0.0000000000
68088  47.734  3.325  15.219 0.0000000000
126174  39.962  4.114  19.424 0.0000000000
68909  39.712  4.233  20.043 0.0000000000
67137  38.376  2.499  19.940 0.0000000000
64111  35.281  -0.737  23.092 0.0000000000
114607  36.025  -1.841  23.308 0.0000000000
62043  37.758  -2.601  24.249 0.0000000000
60982  38.499  -3.219  25.396 0.0000000000
60969  38.490  -3.768  26.224 0.0000000000
60981  39.253  -3.310  25.920 0.0000000000
59950  40.213  -4.161  27.888 0.0000000000
68919  40.932  4.938  20.082 0.0000000000
49153  22.299  -14.104  46.633 0.0000000000
49139  21.074  -14.290  48.132 0.0000000000
49123  20.409  -14.459  48.667 0.0000000000
48068  18.125  -15.451  48.473 0.0000000000
49091  14.372  -14.662  51.108 0.0000000000
49092  13.939  -15.240  51.557 0.0000000000
118459  32.864  -8.349  40.517 0.0000000000
122721  33.022  -8.698  39.536 0.0000000000
54502  31.147  -9.522  38.701 0.0000000000
53519  30.188  -10.067  38.870 0.0000000000
110840  27.539  -15.130  42.475 0.0000000000
48137  27.563  -16.078  43.724 0.0000000000
59915  33.839  -5.190  30.476 0.0000000000
58919  34.161  -5.384  31.432 0.0000000000
120554  38.284  -6.977  33.336 0.0000000000
57805  40.574  -6.460  34.413 0.0000000000
57813  40.377  -6.189  33.685 0.0000000000
46154  6.343  -17.170  54.570 0.0000000000
65150  34.687  0.696  24.025 0.0000000000
63056  34.039  -1.477  25.188 0.0000000000
63055  34.386  -1.250  24.455 0.0000000000
62035  34.333  -2.770  25.363 0.0000000000
46271  25.546  -17.442  44.663 0.0000000000
47182  24.962  -17.091  44.313 0.0000000000
127705  24.514  -15.924  44.505 0.0000000000
47183  24.551  -17.025  44.919 0.0000000000
119368  25.397  -13.858  44.780 0.0000000000
49152  23.142  -14.445  46.354 0.0000000000
51135  21.396  -12.236  45.367 0.0000000000
56684  28.727  -7.901  40.657 0.0000000000
55572  26.772  -9.212  40.957 0.0000000000
53485  26.697  -10.277  40.468 0.0000000000
123252  26.856  -10.828  40.262 0.0000000000
122800  26.352  -11.003  40.625 0.0000000000
51179  25.457  -12.656  41.510 0.0000000000
51178  25.949  -12.549  40.899 0.0000000000
49225  26.120  -14.941  41.833 0.0000000000
47189  25.778  -16.513  43.323 0.0000000000
48147  26.127  -15.958  42.730 0.0000000000
46270  26.487  -17.238  44.496 0.0000000000
58887  35.187  -5.773  35.442 0.0000000000
57797  34.997  -6.559  35.475 0.0000000000
56753  35.740  -7.727  34.757 0.0000000000
127181  36.303  -8.073  35.026 0.0000000000
55611  37.427  -8.982  36.520 0.0000000000
54545  38.579  -9.507  35.679 0.0000000000
55626  37.428  -8.738  35.500 0.0000000000
55624  39.108  -8.816  35.276 0.0000000000
54543  40.575  -9.113  35.996 0.0000000000
70798  46.710  7.118  17.157 0.0000000000
72726  50.294  8.672  14.328 0.0000000000
70835  48.739  7.065  12.923 0.0000000000
70834  49.440  6.897  12.517 0.0000000000
69850  47.384  4.980  14.340 0.0000000000
116709  49.617  4.536  13.886 0.0000000000
132059  49.968  4.917  13.463 0.0000000000
69860  50.240  5.459  13.137 0.0000000000
130264  42.526  4.456  16.821 0.0000000000
113246  42.704  3.891  16.792 0.0000000000
67177  41.386  3.187  17.818 0.0000000000
67176  42.098  2.763  17.769 0.0000000000
67157  42.272  1.987  18.320 0.0000000000
130473  40.084  2.841  18.566 0.0000000000
66242  40.986  1.234  19.229 0.0000000000
66241  41.819  0.993  19.209 0.0000000000
65209  42.110  0.649  19.777 0.0000000000
65176  41.415  0.142  21.136 0.0000000000
118648  37.599  3.483  21.714 0.0000000000
66217  36.964  1.906  21.083 0.0000000000
67125  37.070  2.682  21.192 0.0000000000
66231  37.560  1.365  20.638 0.0000000000
64151  37.741  0.460  20.866 0.0000000000
63079  36.539  -1.106  22.360 0.0000000000
64123  36.477  -0.326  21.901 0.0000000000
64122  37.173  -0.817  21.928 0.0000000000
63086  38.396  -0.751  21.754 0.0000000000
125937  37.756  -0.609  21.641 0.0000000000
64132  38.923  -0.387  21.305 0.0000000000
64131  39.676  -0.418  21.410 0.0000000000
64121  39.855  -0.744  22.084 0.0000000000
53479  36.182  -10.674  39.774 0.0000000000
70774  43.898  5.979  17.756 0.0000000000
68955  42.429  4.840  16.991 0.0000000000
68954  43.093  4.718  16.481 0.0000000000
46257  25.175  -17.892  46.248 0.0000000000
45296  25.865  -18.192  46.802 0.0000000000
46245  25.235  -18.003  47.096 0.0000000000
49101  19.968  -14.591  50.129 0.0000000000
52235  20.431  -11.104  45.982 0.0000000000
52218  17.867  -11.192  47.398 0.0000000000
113378  18.554  -10.620  48.010 0.0000000000
52236  18.451  -11.515  46.626 0.0000000000
50122  16.989  -13.837  47.386 0.0000000000
49144  16.799  -14.578  47.616 0.0000000000
49126  16.317  -15.035  48.034 0.0000000000
113993  15.268  -13.881  49.494 0.0000000000
50108  15.740  -13.423  48.841 0.0000000000
48060  15.476  -16.195  49.154 0.0000000000
47144  16.159  -16.231  48.889 0.0000000000
47115  16.541  -16.761  50.124 0.0000000000
46212  15.752  -16.925  49.741 0.0000000000
128815  15.866  -17.591  51.130 0.0000000000
118038  15.431  -17.889  51.649 0.0000000000
126265  13.616  -18.643  52.355 0.0000000000
45197  13.336  -18.909  53.349 0.0000000000
45221  12.884  -18.783  52.451 0.0000000000
48037  12.919  -16.298  51.090 0.0000000000
47103  12.613  -16.962  50.739 0.0000000000
45243  12.022  -17.793  51.500 0.0000000000
45199  11.504  -18.720  52.707 0.0000000000
45224  10.655  -18.318  52.489 0.0000000000
45225  9.909  -18.038  52.518 0.0000000000
46166  9.309  -17.746  52.824 0.0000000000
48023  10.115  -15.672  52.471 0.0000000000
129798  9.598  -15.355  53.030 0.0000000000
132971  8.824  -15.731  52.703 0.0000000000
47074  7.731  -16.046  52.997 0.0000000000
54497  37.908  -9.329  38.552 0.0000000000
53515  34.495  -10.090  38.944 0.0000000000
55601  32.653  -9.722  38.652 0.0000000000
131703  32.607  -10.705  40.219 0.0000000000
53464  32.564  -10.885  41.599 0.0000000000
55590  28.746  -8.872  39.524 0.0000000000
52327  28.117  -11.394  40.143 0.0000000000
52344  28.717  -10.779  39.853 0.0000000000
122350  28.865  -11.309  40.285 0.0000000000
52343  29.475  -10.890  40.020 0.0000000000
49223  27.952  -14.357  42.272 0.0000000000
50171  28.389  -13.622  42.094 0.0000000000
50160  29.452  -13.404  43.396 0.0000000000
51167  29.581  -12.408  42.220 0.0000000000
67175  44.331  2.327  17.287 0.0000000000
63031  33.729  -1.588  26.694 0.0000000000
62007  33.607  -2.326  27.320 0.0000000000
59954  34.025  -4.627  27.514 0.0000000000
125644  33.818  -3.511  26.539 0.0000000000
59975  34.100  -4.121  26.696 0.0000000000
59998  34.831  -4.083  26.138 0.0000000000
59974  34.667  -4.643  26.877 0.0000000000
57807  34.501  -6.372  34.034 0.0000000000
130611  34.408  -6.025  33.675 0.0000000000
56790  34.922  -7.138  31.964 0.0000000000
111195  34.520  -6.709  32.231 0.0000000000
57852  34.419  -6.624  30.854 0.0000000000
56802  34.939  -7.079  31.156 0.0000000000
56787  37.132  -7.036  32.096 0.0000000000
57850  36.364  -6.716  30.138 0.0000000000
57835  36.644  -6.820  30.771 0.0000000000
57866  35.136  -6.582  29.480 0.0000000000
57879  35.379  -6.298  28.801 0.0000000000
117446  37.524  -5.796  28.515 0.0000000000
58952  36.709  -5.791  28.136 0.0000000000
58966  36.906  -5.295  27.327 0.0000000000
58987  36.176  -5.034  26.849 0.0000000000
58965  38.435  -5.117  27.891 0.0000000000
58949  39.955  -5.198  28.902 0.0000000000
52320  39.128  -11.900  39.921 0.0000000000
52341  38.658  -11.737  39.207 0.0000000000
52340  39.451  -11.682  39.242 0.0000000000
52353  40.578  -11.244  38.845 0.0000000000
53524  41.159  -10.240  37.677 0.0000000000
74632  55.732  9.998  9.560 0.0000000000
72732  50.302  8.534  13.313 0.0000000000
72749  51.681  8.278  11.623 0.0000000000
130140  52.246  8.617  11.426 0.0000000000
73666  52.522  9.172  11.575 0.0000000000
71780  53.233  7.562  11.151 0.0000000000
72757  54.402  8.418  10.395 0.0000000000
67196  46.074  3.102  15.606 0.0000000000
127815  46.104  2.680  16.119 0.0000000000
69830  44.084  5.607  16.299 0.0000000000
44162  9.796  -18.745  54.504 0.0000000000
68898  39.629  4.310  20.960 0.0000000000
68015  38.172  3.626  21.078 0.0000000000
62055  35.677  -2.112  23.815 0.0000000000
62045  36.045  -2.648  24.281 0.0000000000
60995  37.277  -3.055  24.748 0.0000000000
60983  37.665  -3.384  25.304 0.0000000000
59970  38.406  -4.317  26.785 0.0000000000
127231  21.479  -13.926  46.731 0.0000000000
49156  18.980  -13.955  46.805 0.0000000000
114262  14.227  -14.619  52.152 0.0000000000
124391  32.018  -8.365  40.519 0.0000000000
55588  30.623  -8.901  39.054 0.0000000000
47180  27.085  -16.700  44.055 0.0000000000
59899  34.624  -4.986  32.253 0.0000000000
56741  40.477  -7.608  35.291 0.0000000000
56749  40.089  -7.101  34.727 0.0000000000
65141  34.407  0.594  24.854 0.0000000000
64092  34.146  -0.183  25.174 0.0000000000
47190  25.090  -16.553  43.714 0.0000000000
48149  24.733  -15.945  43.780 0.0000000000
50140  25.530  -13.607  45.348 0.0000000000
54477  26.426  -9.570  41.411 0.0000000000
52282  25.428  -11.901  42.763 0.0000000000
53443  25.739  -10.956  42.510 0.0000000000
51169  25.181  -12.509  42.221 0.0000000000
49226  25.370  -14.603  42.176 0.0000000000
54537  38.147  -9.755  36.177 0.0000000000
54534  41.064  -9.438  36.694 0.0000000000
71740  47.736  7.479  15.877 0.0000000000
71754  48.889  8.032  14.393 0.0000000000
70824  48.411  6.616  13.247 0.0000000000
117028  48.137  3.788  14.656 0.0000000000
68976  48.849  4.175  14.268 0.0000000000
68974  50.208  4.246  14.472 0.0000000000
68963  50.596  4.031  15.163 0.0000000000
66259  39.718  2.353  18.970 0.0000000000
130107  40.601  0.418  20.278 0.0000000000
64147  40.802  -0.050  21.185 0.0000000000
68003  36.388  2.901  22.214 0.0000000000
68017  36.929  3.097  21.619 0.0000000000
63077  38.451  -1.289  22.431 0.0000000000
53480  35.585  -10.579  40.046 0.0000000000
127655  42.306  5.458  20.215 0.0000000000
69797  42.229  5.505  19.227 0.0000000000
68947  41.997  4.840  17.449 0.0000000000
46246  24.627  -17.570  46.892 0.0000000000
47157  24.077  -17.044  47.378 0.0000000000
127417  17.358  -12.000  47.471 0.0000000000
51098  16.900  -12.417  47.938 0.0000000000
126425  14.768  -15.161  49.587 0.0000000000
46213  15.224  -17.239  50.076 0.0000000000
45219  14.663  -18.131  51.470 0.0000000000
45220  14.411  -18.425  52.241 0.0000000000
48021  12.414  -15.880  51.832 0.0000000000
46182  11.322  -17.169  51.548 0.0000000000
124566  35.073  -9.819  38.999 0.0000000000
53517  31.907  -10.283  38.810 0.0000000000
53504  27.840  -10.219  39.755 0.0000000000
51176  28.332  -12.635  40.956 0.0000000000
49186  28.868  -15.095  43.824 0.0000000000
50161  28.721  -13.880  42.883 0.0000000000
49205  29.106  -14.228  43.639 0.0000000000
66270  44.532  1.802  17.827 0.0000000000
121050  33.571  -3.479  28.334 0.0000000000
118068  33.544  -3.309  27.635 0.0000000000
56777  35.398  -7.277  32.563 0.0000000000
130068  38.705  -6.511  32.172 0.0000000000
57849  37.188  -6.595  30.325 0.0000000000
113868  36.881  -6.492  29.691 0.0000000000
57878  36.176  -6.193  28.668 0.0000000000
58951  38.213  -5.552  28.490 0.0000000000
58937  38.623  -5.674  29.045 0.0000000000
122932  37.978  -11.663  40.765 0.0000000000
118240  38.805  -11.830  40.685 0.0000000000
118946  39.659  -11.730  40.628 0.0000000000
74626  55.315  10.392  10.226 0.0000000000
73672  55.043  9.551  9.945 0.0000000000
71782  51.636  7.532  11.567 0.0000000000
71779  54.077  7.413  11.273 0.0000000000
71790  54.632  7.875  10.644 0.0000000000
50162  24.910  -13.620  43.223 0.0000000000
124127  25.328  -13.633  44.184 0.0000000000
52281  25.942  -11.327  43.537 0.0000000000
68076  48.822  3.096  15.832 0.0000000000
68075  49.492  3.112  16.298 0.0000000000
67184  48.597  2.813  16.445 0.0000000000
67171  48.402  2.602  17.241 0.0000000000
54527  37.851  -9.625  36.824 0.0000000000
53526  39.724  -10.805  37.493 0.0000000000
113538  45.817  6.697  16.928 0.0000000000
130380  44.951  6.096  15.832 0.0000000000
113525  45.381  6.416  16.055 0.0000000000
69864  46.817  6.258  14.289 0.0000000000
68098  47.547  4.215  14.493 0.0000000000
44159  12.052  -19.047  54.613 0.0000000000
68932  40.440  4.287  18.857 0.0000000000
68049  39.904  3.782  19.058 0.0000000000
67148  39.015  2.539  19.384 0.0000000000
66244  38.775  1.818  19.659 0.0000000000
65213  38.729  1.226  20.015 0.0000000000
65160  35.479  0.505  22.525 0.0000000000
63067  36.623  -1.790  22.964 0.0000000000
62054  36.460  -2.259  23.632 0.0000000000
62052  38.319  -2.148  23.779 0.0000000000
62018  39.894  -2.804  25.668 0.0000000000
60968  39.990  -3.285  26.388 0.0000000000
111451  33.963  -10.613  41.747 0.0000000000
120826  23.534  -15.264  46.470 0.0000000000
49111  19.782  -14.716  49.212 0.0000000000
49124  19.548  -14.662  48.299 0.0000000000
48067  18.947  -15.076  48.828 0.0000000000
50101  15.175  -13.406  50.395 0.0000000000
49102  14.764  -14.370  50.129 0.0000000000
48036  13.567  -15.896  50.887 0.0000000000
49076  13.853  -15.091  52.524 0.0000000000
48004  12.092  -15.476  52.944 0.0000000000
55602  31.971  -9.601  38.630 0.0000000000
54519  31.564  -9.974  38.530 0.0000000000
53518  31.076  -10.176  38.767 0.0000000000
53501  30.608  -10.491  39.282 0.0000000000
53483  30.258  -10.841  39.976 0.0000000000
49241  26.839  -13.704  41.115 0.0000000000
48136  28.391  -15.725  44.198 0.0000000000
58939  33.785  -5.673  29.861 0.0000000000
56763  37.526  -7.364  33.502 0.0000000000
113521  36.905  -7.245  32.912 0.0000000000
57823  38.314  -6.748  32.669 0.0000000000
56762  38.885  -6.593  32.990 0.0000000000
73665  53.200  9.437  11.259 0.0000000000
69872  50.949  5.959  12.764 0.0000000000
70831  51.631  6.407  12.303 0.0000000000
126371  7.958  -17.537  53.847 0.0000000000
68001  37.915  3.648  22.603 0.0000000000
129632  35.923  2.758  22.750 0.0000000000
65149  35.053  0.709  23.210 0.0000000000
63069  34.768  -0.979  23.708 0.0000000000
64101  34.399  -0.259  24.349 0.0000000000
63054  34.917  -1.756  24.044 0.0000000000
62046  35.208  -2.460  24.433 0.0000000000
115036  35.343  -3.684  25.580 0.0000000000
113451  26.712  -17.848  45.954 0.0000000000
46265  25.400  -17.728  45.413 0.0000000000
46266  24.762  -17.447  45.518 0.0000000000
114588  24.513  -15.340  45.096 0.0000000000
48125  24.026  -15.448  45.753 0.0000000000
50143  21.105  -12.985  45.693 0.0000000000
56683  29.607  -7.862  40.637 0.0000000000
55591  27.843  -8.891  39.961 0.0000000000
55570  27.924  -8.156  40.656 0.0000000000
54506  27.628  -9.665  39.855 0.0000000000
53484  27.226  -10.248  40.055 0.0000000000
51190  26.441  -12.293  40.573 0.0000000000
53467  25.817  -11.140  41.359 0.0000000000
52309  26.105  -11.800  40.762 0.0000000000
50190  26.499  -12.919  40.660 0.0000000000
47188  26.683  -16.376  43.342 0.0000000000
59878  35.109  -5.140  34.014 0.0000000000
57798  34.694  -6.180  34.807 0.0000000000
56744  34.677  -6.895  34.564 0.0000000000
56754  35.143  -7.394  34.285 0.0000000000
112513  35.856  -7.630  33.935 0.0000000000
55618  36.673  -8.275  35.514 0.0000000000
56752  37.227  -7.883  34.212 0.0000000000
55631  39.609  -7.901  35.007 0.0000000000
72741  49.699  7.970  12.923 0.0000000000
70833  50.190  6.926  12.170 0.0000000000
70825  47.374  6.600  13.990 0.0000000000
124069  47.885  6.247  13.585 0.0000000000
69862  48.692  5.841  13.343 0.0000000000
69874  49.467  6.057  12.949 0.0000000000
125421  43.360  3.324  16.936 0.0000000000
127712  43.555  2.657  17.356 0.0000000000
66256  43.182  1.444  18.477 0.0000000000
66258  40.646  2.123  18.709 0.0000000000
65193  42.927  0.671  19.915 0.0000000000
65174  43.053  0.627  20.900 0.0000000000
65194  41.714  0.394  20.429 0.0000000000
65175  42.180  0.350  21.047 0.0000000000
123969  35.949  0.250  22.050 0.0000000000
64134  36.425  0.531  21.631 0.0000000000
64150  38.611  0.169  20.789 0.0000000000
64120  40.459  -0.558  22.231 0.0000000000
69831  43.431  5.377  16.585 0.0000000000
46235  24.849  -17.623  47.969 0.0000000000
52250  20.887  -11.673  45.541 0.0000000000
51137  20.029  -11.732  45.703 0.0000000000
53392  19.058  -11.200  46.402 0.0000000000
115553  19.159  -11.852  46.051 0.0000000000
49157  18.159  -13.892  46.860 0.0000000000
51110  17.283  -12.916  47.193 0.0000000000
49158  17.573  -13.677  47.026 0.0000000000
48069  17.343  -15.678  48.325 0.0000000000
51085  16.179  -12.555  49.280 0.0000000000
48070  16.608  -15.724  48.380 0.0000000000
47143  16.871  -16.197  48.847 0.0000000000
47127  17.037  -16.377  49.472 0.0000000000
47102  16.609  -17.087  51.131 0.0000000000
45198  12.619  -19.038  53.990 0.0000000000
46216  13.098  -17.253  50.659 0.0000000000
45200  10.165  -18.442  52.987 0.0000000000
45180  9.994  -18.627  53.655 0.0000000000
46185  9.316  -16.802  52.632 0.0000000000
58886  35.875  -5.327  36.055 0.0000000000
53496  35.004  -10.066  39.047 0.0000000000
116521  35.109  -10.331  39.496 0.0000000000
53498  33.627  -10.267  39.066 0.0000000000
53499  32.774  -10.303  38.921 0.0000000000
53503  28.558  -10.165  39.520 0.0000000000
119163  29.935  -11.192  40.526 0.0000000000
50181  27.945  -13.383  41.305 0.0000000000
52308  29.954  -11.514  41.183 0.0000000000
67188  44.904  2.622  16.695 0.0000000000
66269  45.300  1.793  18.042 0.0000000000
66252  45.957  1.944  18.332 0.0000000000
66237  45.080  1.611  19.879 0.0000000000
64084  33.886  -0.934  26.266 0.0000000000
63044  33.802  -1.601  25.928 0.0000000000
119386  33.556  -3.110  26.891 0.0000000000
131277  33.667  -3.051  26.433 0.0000000000
60987  33.927  -3.086  25.935 0.0000000000
60986  34.666  -3.370  25.554 0.0000000000
59997  35.747  -4.125  25.912 0.0000000000
58903  34.493  -5.738  33.302 0.0000000000
58911  34.295  -5.835  32.432 0.0000000000
57836  34.207  -6.305  31.529 0.0000000000
57851  34.865  -6.809  30.251 0.0000000000
57867  34.504  -6.436  29.627 0.0000000000
58938  33.987  -6.034  29.369 0.0000000000
58954  34.792  -5.933  28.336 0.0000000000
58968  35.052  -5.572  27.694 0.0000000000
58988  35.298  -5.116  27.113 0.0000000000
59972  36.338  -4.497  26.300 0.0000000000
117319  36.996  -4.289  26.193 0.0000000000
59952  38.747  -4.604  27.348 0.0000000000
58950  39.083  -4.843  27.918 0.0000000000
59951  39.501  -4.358  27.566 0.0000000000
52356  38.402  -11.336  38.595 0.0000000000
53512  39.374  -11.189  38.053 0.0000000000
52339  40.138  -11.527  39.257 0.0000000000
52361  40.195  -11.069  38.109 0.0000000000
72739  51.254  8.556  12.158 0.0000000000
73657  52.289  9.430  12.298 0.0000000000
70842  52.020  6.955  11.639 0.0000000000
70841  52.818  7.064  11.628 0.0000000000
73674  53.548  9.100  10.711 0.0000000000
73673  54.260  9.146  10.325 0.0000000000
72756  55.032  8.295  10.230 0.0000000000
54488  26.601  -9.747  40.815 0.0000000000
114324  35.608  -6.779  29.977 0.0000000000
130544  9.327  -16.192  52.397 0.0000000000
