#!ascii label  , from subject sub-v1s19x0051301_ses-1 vox2ras=TkReg
779
93751  43.951  37.883  1.680 0.0000000000
111187  46.585  40.493  0.974 0.0000000000
90024  46.756  31.581  6.320 0.0000000000
92482  39.762  35.643  2.965 0.0000000000
91257  42.392  33.172  -0.604 0.0000000000
94537  45.590  38.795  -4.462 0.0000000000
95894  41.489  40.758  1.500 0.0000000000
96626  41.908  41.646  -4.989 0.0000000000
87767  44.916  27.489  6.344 0.0000000000
87203  45.625  27.230  2.262 0.0000000000
94436  49.885  39.250  0.582 0.0000000000
91246  47.994  33.382  1.402 0.0000000000
93069  50.406  36.362  5.673 0.0000000000
90567  47.533  31.889  9.383 0.0000000000
93879  42.113  38.318  -10.291 0.0000000000
95943  47.892  40.096  -5.254 0.0000000000
89447  42.893  30.941  2.576 0.0000000000
117239  42.013  36.987  2.255 0.0000000000
91862  41.676  34.476  2.429 0.0000000000
92478  43.607  35.509  2.459 0.0000000000
95186  45.232  39.436  -0.882 0.0000000000
94467  42.118  38.977  -0.164 0.0000000000
96577  39.617  41.611  -1.005 0.0000000000
87177  42.272  26.690  6.216 0.0000000000
86567  44.788  25.672  4.033 0.0000000000
86578  42.056  24.750  3.853 0.0000000000
110580  44.957  34.602  -12.714 0.0000000000
95904  49.322  40.757  0.307 0.0000000000
121313  50.620  38.483  2.613 0.0000000000
94383  49.239  39.028  3.528 0.0000000000
91799  43.535  35.067  7.135 0.0000000000
92417  46.043  35.136  7.405 0.0000000000
90576  44.204  32.429  7.404 0.0000000000
128791  44.729  29.783  10.719 0.0000000000
114796  43.796  41.659  -1.980 0.0000000000
96624  44.483  41.410  -5.080 0.0000000000
96572  47.377  41.261  -2.255 0.0000000000
95225  49.434  40.212  -2.277 0.0000000000
91215  47.212  33.261  4.370 0.0000000000
90633  45.147  32.359  1.132 0.0000000000
90031  44.600  31.305  4.559 0.0000000000
90643  39.701  32.521  0.604 0.0000000000
90077  40.555  31.489  -0.923 0.0000000000
93148  47.705  35.989  -6.519 0.0000000000
132927  43.310  37.579  -5.514 0.0000000000
95891  44.356  40.492  1.177 0.0000000000
95133  45.682  39.268  3.390 0.0000000000
96635  37.106  41.252  -6.939 0.0000000000
95963  39.205  40.151  -7.596 0.0000000000
96574  42.093  41.655  -1.623 0.0000000000
88856  47.563  28.719  5.962 0.0000000000
88861  45.314  29.302  4.713 0.0000000000
87773  46.934  27.689  4.521 0.0000000000
86593  47.556  26.449  1.241 0.0000000000
129915  46.674  38.438  1.214 0.0000000000
93109  46.186  36.517  2.427 0.0000000000
93107  49.176  36.804  2.469 0.0000000000
91849  50.679  34.638  2.769 0.0000000000
117620  49.929  33.860  6.725 0.0000000000
93669  47.597  37.283  6.586 0.0000000000
129461  49.901  34.027  8.831 0.0000000000
90000  48.934  31.355  9.134 0.0000000000
132015  46.902  29.348  9.241 0.0000000000
88320  43.265  28.067  8.400 0.0000000000
94641  45.566  38.863  -13.464 0.0000000000
92544  45.373  35.482  -10.200 0.0000000000
93840  44.778  37.822  -7.885 0.0000000000
93837  48.380  36.612  -7.403 0.0000000000
94535  48.851  38.803  -5.038 0.0000000000
95206  47.843  39.566  -2.241 0.0000000000
129303  45.236  33.418  0.465 0.0000000000
90067  43.318  32.148  -0.788 0.0000000000
88892  40.185  29.611  0.608 0.0000000000
88340  43.152  28.775  3.419 0.0000000000
93752  43.053  37.908  1.673 0.0000000000
93113  42.682  36.502  2.473 0.0000000000
93112  43.460  36.276  2.540 0.0000000000
94440  44.082  38.752  0.434 0.0000000000
94466  43.745  39.046  -0.258 0.0000000000
94414  43.454  38.485  1.063 0.0000000000
129982  42.066  37.906  1.690 0.0000000000
112646  41.266  25.683  5.593 0.0000000000
86568  42.605  25.289  4.396 0.0000000000
86569  41.215  24.620  4.140 0.0000000000
89472  38.663  30.328  -1.463 0.0000000000
95889  48.220  40.525  0.986 0.0000000000
95146  49.609  40.034  2.280 0.0000000000
95147  47.823  39.828  2.498 0.0000000000
91188  43.177  33.478  6.714 0.0000000000
91187  43.957  33.251  6.828 0.0000000000
96557  45.556  41.401  -1.254 0.0000000000
113685  45.522  41.765  -2.871 0.0000000000
95916  47.324  40.806  -0.724 0.0000000000
95915  48.811  40.941  -0.574 0.0000000000
91201  47.183  33.006  5.426 0.0000000000
90610  45.636  32.410  4.403 0.0000000000
90603  45.874  32.031  5.646 0.0000000000
92461  38.960  35.581  3.230 0.0000000000
91851  39.472  34.840  3.193 0.0000000000
91239  42.347  33.857  1.825 0.0000000000
90642  40.926  33.199  1.241 0.0000000000
129585  41.381  33.044  -0.289 0.0000000000
90652  40.061  32.227  -0.333 0.0000000000
90658  40.942  32.410  -0.873 0.0000000000
94557  46.756  37.963  -4.953 0.0000000000
93818  44.869  37.034  -6.094 0.0000000000
94538  44.170  38.699  -4.452 0.0000000000
93729  40.227  37.241  2.228 0.0000000000
93116  39.238  36.334  2.885 0.0000000000
95892  43.275  40.564  1.251 0.0000000000
95150  43.976  39.724  2.589 0.0000000000
95152  42.244  39.976  2.512 0.0000000000
96547  40.302  41.386  0.366 0.0000000000
96576  40.576  41.638  -1.201 0.0000000000
96545  41.957  41.373  0.016 0.0000000000
96544  42.970  41.252  -0.019 0.0000000000
88323  46.623  28.220  6.909 0.0000000000
87772  47.287  27.991  5.093 0.0000000000
123832  46.867  27.646  5.354 0.0000000000
85911  44.199  24.939  2.495 0.0000000000
86586  46.365  25.780  2.410 0.0000000000
130009  46.303  25.391  0.832 0.0000000000
94437  47.854  38.882  0.569 0.0000000000
122789  47.530  37.458  2.071 0.0000000000
93747  48.591  38.045  1.665 0.0000000000
93692  50.700  37.512  4.035 0.0000000000
93089  50.871  36.658  3.390 0.0000000000
92440  50.646  35.615  4.774 0.0000000000
91820  50.132  34.429  5.413 0.0000000000
92431  50.523  35.405  6.249 0.0000000000
94354  45.359  38.063  5.360 0.0000000000
94353  46.433  38.163  5.410 0.0000000000
93670  46.390  37.226  6.572 0.0000000000
110382  46.477  33.658  7.786 0.0000000000
92416  48.477  35.062  8.036 0.0000000000
91171  48.036  33.330  8.661 0.0000000000
91161  49.938  32.515  9.258 0.0000000000
89987  48.881  31.522  9.291 0.0000000000
88838  48.210  30.138  9.257 0.0000000000
89401  47.760  30.545  9.896 0.0000000000
88300  42.940  28.789  10.738 0.0000000000
88299  43.947  28.928  10.687 0.0000000000
94626  43.987  38.787  -12.098 0.0000000000
93886  44.196  37.015  -11.607 0.0000000000
93877  43.360  37.242  -10.666 0.0000000000
95949  40.675  40.842  -5.580 0.0000000000
95316  40.532  39.502  -7.763 0.0000000000
95956  42.107  40.221  -5.909 0.0000000000
95944  46.589  40.574  -5.524 0.0000000000
95282  44.562  40.040  -5.977 0.0000000000
94576  46.492  38.835  -7.140 0.0000000000
93839  46.075  37.657  -7.781 0.0000000000
94575  47.890  38.588  -6.981 0.0000000000
94574  48.846  38.050  -6.367 0.0000000000
95279  48.773  39.254  -5.698 0.0000000000
95183  49.999  39.860  -0.835 0.0000000000
95205  49.132  39.749  -2.089 0.0000000000
95184  49.065  39.552  -1.236 0.0000000000
95171  47.275  39.195  -0.026 0.0000000000
92475  47.194  35.610  2.220 0.0000000000
91858  45.952  34.474  1.815 0.0000000000
91867  46.758  33.479  1.137 0.0000000000
90051  43.552  31.448  2.300 0.0000000000
90641  45.049  32.722  -0.279 0.0000000000
90060  42.928  31.434  0.292 0.0000000000
89462  41.544  31.074  -0.532 0.0000000000
89453  41.450  30.253  1.846 0.0000000000
88338  46.309  28.029  3.960 0.0000000000
120523  43.972  29.015  3.870 0.0000000000
88347  43.760  27.934  3.128 0.0000000000
117056  40.783  36.580  2.499 0.0000000000
115493  40.287  34.981  2.913 0.0000000000
92480  41.901  35.326  2.587 0.0000000000
91861  42.557  34.680  2.302 0.0000000000
91238  43.320  34.016  1.657 0.0000000000
95229  44.812  39.579  -2.466 0.0000000000
93728  41.149  37.417  2.071 0.0000000000
87768  43.765  27.319  6.521 0.0000000000
87182  45.282  26.565  5.036 0.0000000000
87188  43.567  25.797  4.722 0.0000000000
110294  43.548  25.347  4.050 0.0000000000
95168  50.479  40.039  0.181 0.0000000000
94398  50.574  39.306  1.684 0.0000000000
95145  50.531  39.583  1.857 0.0000000000
94382  50.226  38.950  3.124 0.0000000000
93693  50.017  38.035  4.681 0.0000000000
93053  43.862  36.638  7.486 0.0000000000
93051  45.819  35.935  7.307 0.0000000000
92418  45.118  35.420  7.267 0.0000000000
91172  45.516  33.343  7.417 0.0000000000
90001  46.230  31.846  8.984 0.0000000000
89990  45.855  30.912  9.778 0.0000000000
89991  44.639  30.973  9.406 0.0000000000
113613  43.293  30.180  10.096 0.0000000000
88823  42.513  29.104  10.889 0.0000000000
119900  41.598  39.058  -10.386 0.0000000000
125472  43.322  42.017  -3.807 0.0000000000
96625  43.356  41.489  -5.088 0.0000000000
96604  44.252  41.884  -3.676 0.0000000000
96613  46.424  41.426  -4.329 0.0000000000
96612  47.785  41.007  -4.570 0.0000000000
96600  48.668  40.786  -4.241 0.0000000000
96571  48.763  41.118  -2.766 0.0000000000
113709  49.369  40.801  -1.100 0.0000000000
91226  48.787  33.259  2.123 0.0000000000
90639  46.849  32.919  0.728 0.0000000000
90631  46.810  32.751  1.990 0.0000000000
90623  45.049  32.136  2.600 0.0000000000
90042  43.489  31.091  3.370 0.0000000000
127137  45.852  26.786  0.759 0.0000000000
87801  43.913  27.095  2.063 0.0000000000
113628  38.427  32.472  1.979 0.0000000000
91864  39.989  34.156  2.887 0.0000000000
90634  39.079  32.799  2.402 0.0000000000
130639  38.498  32.274  1.169 0.0000000000
90070  38.750  31.400  -0.251 0.0000000000
90079  39.185  30.909  -1.047 0.0000000000
89471  39.363  30.441  -1.221 0.0000000000
115027  44.921  35.274  -7.399 0.0000000000
93167  43.248  36.246  -7.008 0.0000000000
112525  45.390  40.588  0.652 0.0000000000
95148  46.287  39.675  2.674 0.0000000000
95149  44.970  39.592  2.783 0.0000000000
95134  44.648  39.193  3.563 0.0000000000
124944  43.990  38.240  4.853 0.0000000000
93673  43.372  37.247  7.092 0.0000000000
127918  43.276  36.949  7.968 0.0000000000
95965  37.834  40.809  -7.465 0.0000000000
95950  39.793  40.795  -5.777 0.0000000000
96618  40.620  41.921  -4.485 0.0000000000
96606  41.873  42.060  -3.571 0.0000000000
115625  42.884  41.592  -1.539 0.0000000000
96543  43.998  41.183  -0.317 0.0000000000
90017  47.516  30.511  6.629 0.0000000000
89429  46.143  29.974  5.456 0.0000000000
88857  47.152  28.978  5.290 0.0000000000
88330  46.510  28.372  4.408 0.0000000000
87792  46.697  27.263  2.857 0.0000000000
87187  45.984  26.451  4.225 0.0000000000
87791  47.086  27.033  2.651 0.0000000000
87202  47.193  27.044  2.050 0.0000000000
94412  45.450  38.398  1.180 0.0000000000
93724  45.338  37.212  2.303 0.0000000000
93723  46.487  37.311  2.219 0.0000000000
93108  47.546  36.791  2.409 0.0000000000
92474  48.597  35.686  2.245 0.0000000000
93721  50.395  37.799  2.271 0.0000000000
92473  50.093  35.684  2.429 0.0000000000
91225  49.599  33.606  2.090 0.0000000000
91213  49.685  33.660  2.843 0.0000000000
91200  48.328  33.541  5.541 0.0000000000
90601  47.985  32.705  6.556 0.0000000000
95132  47.029  39.336  3.222 0.0000000000
93694  49.008  38.220  5.113 0.0000000000
93668  48.892  37.168  6.485 0.0000000000
93050  47.658  36.169  7.451 0.0000000000
93049  49.060  35.876  7.662 0.0000000000
93048  50.126  35.470  7.677 0.0000000000
91168  50.524  33.781  8.004 0.0000000000
90587  50.015  32.516  8.578 0.0000000000
90016  47.880  31.295  7.147 0.0000000000
88850  48.171  29.812  8.042 0.0000000000
88851  47.691  29.501  8.575 0.0000000000
118458  45.755  28.552  8.328 0.0000000000
88840  45.463  29.290  10.398 0.0000000000
88315  44.898  28.791  9.948 0.0000000000
87759  44.067  27.873  7.286 0.0000000000
87769  42.829  27.263  6.689 0.0000000000
93220  45.340  36.779  -13.649 0.0000000000
92560  45.026  34.798  -11.699 0.0000000000
93187  46.631  34.897  -9.884 0.0000000000
95955  43.108  40.280  -5.828 0.0000000000
93852  42.922  37.786  -8.764 0.0000000000
93864  44.683  36.979  -9.159 0.0000000000
93179  46.698  35.729  -8.970 0.0000000000
115952  48.097  35.540  -8.201 0.0000000000
93147  48.397  36.411  -6.778 0.0000000000
93798  47.901  37.299  -5.652 0.0000000000
94536  47.432  38.776  -4.580 0.0000000000
95245  48.978  40.009  -4.048 0.0000000000
95246  48.345  39.619  -3.709 0.0000000000
95247  46.849  39.469  -3.565 0.0000000000
112201  46.622  39.493  -1.387 0.0000000000
94464  45.383  39.116  -0.077 0.0000000000
122092  44.339  35.702  2.458 0.0000000000
91869  44.460  33.990  1.472 0.0000000000
91250  44.002  33.538  0.640 0.0000000000
90640  45.976  32.895  0.054 0.0000000000
90648  45.060  32.930  -0.384 0.0000000000
90656  42.945  32.872  -1.346 0.0000000000
90076  41.822  31.927  -1.072 0.0000000000
89470  40.100  30.743  -0.880 0.0000000000
132366  44.574  30.542  4.802 0.0000000000
89432  43.505  30.266  4.080 0.0000000000
88871  42.409  29.570  3.322 0.0000000000
87802  42.652  27.220  1.908 0.0000000000
88879  40.881  29.455  2.199 0.0000000000
85205  40.504  23.768  3.013 0.0000000000
85913  41.790  24.247  2.419 0.0000000000
93726  43.549  37.184  2.199 0.0000000000
94413  44.441  38.403  1.156 0.0000000000
86570  41.030  25.047  4.937 0.0000000000
95905  47.728  40.623  0.145 0.0000000000
129559  47.262  40.338  1.525 0.0000000000
95906  46.333  40.722  0.070 0.0000000000
95917  45.994  41.048  -0.654 0.0000000000
90602  46.781  32.376  5.919 0.0000000000
91252  41.923  33.397  0.877 0.0000000000
94558  44.956  38.025  -4.965 0.0000000000
113209  40.003  36.444  2.649 0.0000000000
93730  39.423  37.095  2.437 0.0000000000
95893  42.354  40.717  1.245 0.0000000000
95877  42.747  40.311  1.930 0.0000000000
118914  41.936  40.408  1.979 0.0000000000
96532  40.922  41.121  1.032 0.0000000000
96546  41.191  41.339  0.309 0.0000000000
95910  41.726  41.090  0.798 0.0000000000
95909  42.395  41.075  0.549 0.0000000000
87766  46.223  27.654  6.124 0.0000000000
87765  47.145  27.941  5.846 0.0000000000
129003  45.365  25.390  2.288 0.0000000000
94411  48.285  38.532  1.192 0.0000000000
94410  50.199  38.927  1.244 0.0000000000
93681  50.297  37.267  5.165 0.0000000000
93074  50.786  36.600  4.431 0.0000000000
93686  44.879  37.652  6.067 0.0000000000
93685  45.875  37.682  6.044 0.0000000000
93671  45.281  37.210  6.676 0.0000000000
129907  46.651  32.802  8.465 0.0000000000
126631  48.067  32.493  9.131 0.0000000000
91163  48.678  31.870  9.380 0.0000000000
89988  48.202  31.250  9.652 0.0000000000
89989  47.124  31.030  9.919 0.0000000000
94623  42.406  38.751  -10.940 0.0000000000
95357  43.037  39.287  -11.550 0.0000000000
94627  43.205  38.520  -11.446 0.0000000000
93878  42.695  37.699  -10.142 0.0000000000
95948  41.563  40.919  -5.465 0.0000000000
95957  41.192  40.250  -6.084 0.0000000000
95281  45.926  39.921  -6.048 0.0000000000
95294  47.038  39.275  -6.700 0.0000000000
95280  47.508  39.697  -5.954 0.0000000000
95293  48.613  39.028  -6.464 0.0000000000
95170  49.030  39.344  -0.268 0.0000000000
125460  48.266  34.423  1.803 0.0000000000
91857  47.107  34.252  1.669 0.0000000000
133258  47.410  33.335  1.152 0.0000000000
90052  43.273  31.462  1.423 0.0000000000
89448  42.418  30.860  1.648 0.0000000000
89452  42.003  30.850  0.526 0.0000000000
87785  45.251  27.549  3.133 0.0000000000
88339  44.786  28.251  3.643 0.0000000000
93114  41.456  36.617  2.437 0.0000000000
121439  41.305  35.927  2.655 0.0000000000
121480  42.028  36.154  2.576 0.0000000000
92479  42.802  35.600  2.546 0.0000000000
91860  43.441  34.820  2.192 0.0000000000
95208  44.525  39.543  -1.603 0.0000000000
119218  42.961  39.055  -0.248 0.0000000000
95188  43.347  39.362  -0.917 0.0000000000
87776  43.342  26.794  5.991 0.0000000000
112565  44.006  26.394  5.281 0.0000000000
87183  42.940  26.219  5.482 0.0000000000
114677  42.955  24.944  3.645 0.0000000000
85900  43.255  24.767  3.009 0.0000000000
110398  42.376  24.571  3.089 0.0000000000
127056  44.942  35.827  -13.977 0.0000000000
92574  44.120  35.052  -13.524 0.0000000000
95887  50.225  40.349  0.671 0.0000000000
95157  50.593  39.855  0.980 0.0000000000
95158  50.182  40.237  1.450 0.0000000000
95131  48.690  39.509  3.025 0.0000000000
95130  50.013  39.515  2.696 0.0000000000
94369  49.631  38.572  4.120 0.0000000000
92419  44.155  35.801  7.339 0.0000000000
91798  44.457  34.770  7.069 0.0000000000
91173  44.703  33.044  7.139 0.0000000000
90575  45.333  32.533  7.820 0.0000000000
90002  45.007  31.727  8.503 0.0000000000
89392  42.430  29.860  10.216 0.0000000000
96589  43.546  41.895  -3.013 0.0000000000
96588  44.564  41.823  -2.852 0.0000000000
96587  46.332  41.595  -2.564 0.0000000000
96602  46.416  41.582  -3.382 0.0000000000
96586  47.580  41.300  -3.107 0.0000000000
96601  47.658  41.182  -3.923 0.0000000000
113651  49.521  40.718  -0.379 0.0000000000
95914  49.923  40.345  -0.749 0.0000000000
91227  47.661  33.016  2.623 0.0000000000
90611  45.007  32.018  3.882 0.0000000000
90622  45.810  32.426  2.954 0.0000000000
90041  44.309  31.582  3.596 0.0000000000
90624  38.310  32.778  2.813 0.0000000000
92481  41.091  35.132  2.725 0.0000000000
91863  40.814  34.314  2.613 0.0000000000
126645  39.985  32.792  1.752 0.0000000000
110657  39.111  32.527  1.382 0.0000000000
90653  39.121  32.082  0.350 0.0000000000
90659  40.450  31.805  -0.918 0.0000000000
90069  39.649  31.562  -0.598 0.0000000000
90078  39.937  31.141  -0.931 0.0000000000
93164  48.241  35.323  -7.077 0.0000000000
93165  46.405  35.404  -6.948 0.0000000000
93819  43.606  37.159  -5.998 0.0000000000
93150  44.031  36.568  -6.466 0.0000000000
93151  42.906  36.823  -6.431 0.0000000000
93801  42.642  37.371  -5.877 0.0000000000
95890  45.439  40.322  1.472 0.0000000000
95875  44.655  40.063  2.036 0.0000000000
129269  44.146  39.432  3.169 0.0000000000
124947  44.292  38.726  4.172 0.0000000000
93687  43.844  37.692  5.854 0.0000000000
93065  43.607  36.851  7.600 0.0000000000
95970  37.873  40.919  -8.309 0.0000000000
95951  38.907  40.825  -6.069 0.0000000000
96629  39.336  41.486  -5.333 0.0000000000
96628  40.225  41.540  -5.172 0.0000000000
96575  41.319  41.691  -1.679 0.0000000000
96591  41.703  41.875  -2.528 0.0000000000
116918  40.937  41.989  -3.185 0.0000000000
96590  42.708  41.803  -2.423 0.0000000000
95908  43.668  40.831  0.473 0.0000000000
95907  44.593  40.825  0.212 0.0000000000
122902  47.907  29.508  6.876 0.0000000000
89428  47.364  29.576  5.973 0.0000000000
88329  47.119  28.085  4.663 0.0000000000
130432  46.835  27.885  4.298 0.0000000000
87783  46.720  27.350  3.651 0.0000000000
125988  44.712  26.097  4.700 0.0000000000
86585  47.225  26.270  1.812 0.0000000000
86576  46.911  26.575  2.682 0.0000000000
87201  47.421  26.825  1.877 0.0000000000
87210  47.446  26.557  1.210 0.0000000000
86600  47.699  26.168  0.516 0.0000000000
93749  45.909  37.832  1.732 0.0000000000
94397  50.635  38.811  2.126 0.0000000000
93746  50.293  38.409  1.755 0.0000000000
93720  50.704  37.957  2.684 0.0000000000
92472  50.708  35.489  2.802 0.0000000000
125660  50.225  34.262  2.243 0.0000000000
91850  50.428  33.990  2.614 0.0000000000
91199  49.496  33.979  4.594 0.0000000000
91185  49.400  33.073  7.297 0.0000000000
94385  46.344  38.823  3.925 0.0000000000
93684  46.999  37.800  6.064 0.0000000000
94352  47.676  38.220  5.337 0.0000000000
93683  48.255  37.741  5.898 0.0000000000
132448  46.570  36.307  7.237 0.0000000000
129801  46.878  35.535  7.458 0.0000000000
92415  49.981  34.939  8.301 0.0000000000
92414  50.483  34.792  8.107 0.0000000000
91794  50.415  34.138  8.432 0.0000000000
90574  49.402  31.828  9.061 0.0000000000
90588  48.624  31.982  7.725 0.0000000000
90015  48.690  31.172  8.347 0.0000000000
89426  48.265  30.305  7.675 0.0000000000
89417  48.564  30.553  8.750 0.0000000000
88839  47.324  29.923  9.767 0.0000000000
88852  47.116  28.802  7.987 0.0000000000
89390  45.256  30.231  10.465 0.0000000000
88820  45.441  29.713  10.650 0.0000000000
88316  43.717  28.512  9.837 0.0000000000
88319  44.413  28.421  8.405 0.0000000000
87760  43.252  27.631  7.250 0.0000000000
95373  45.546  39.673  -13.384 0.0000000000
96674  45.144  41.340  -13.417 0.0000000000
95385  45.390  39.991  -14.204 0.0000000000
93900  45.522  37.893  -13.601 0.0000000000
93198  43.988  36.456  -10.641 0.0000000000
93207  44.921  35.962  -11.651 0.0000000000
92553  44.871  35.531  -10.726 0.0000000000
111568  46.038  34.354  -10.808 0.0000000000
95946  43.920  40.760  -5.527 0.0000000000
130638  43.790  40.140  -5.913 0.0000000000
95312  44.197  39.066  -7.169 0.0000000000
94590  43.776  38.341  -7.680 0.0000000000
93851  43.942  37.625  -8.462 0.0000000000
93865  43.594  37.335  -9.295 0.0000000000
93838  47.559  37.374  -7.646 0.0000000000
93849  47.223  36.818  -8.360 0.0000000000
93163  48.343  35.367  -7.451 0.0000000000
94555  49.159  38.398  -5.531 0.0000000000
93797  49.080  37.869  -5.747 0.0000000000
94556  48.541  38.065  -5.169 0.0000000000
95934  49.057  40.565  -3.864 0.0000000000
95938  48.782  40.263  -4.388 0.0000000000
95244  49.186  40.300  -3.388 0.0000000000
95226  49.007  39.803  -3.102 0.0000000000
95227  47.460  39.563  -2.936 0.0000000000
127521  46.576  39.546  -2.203 0.0000000000
94438  46.178  38.878  0.461 0.0000000000
95172  46.276  39.321  -0.397 0.0000000000
93110  45.101  36.284  2.486 0.0000000000
91868  45.699  33.650  1.099 0.0000000000
91859  44.924  34.714  2.011 0.0000000000
91249  44.885  33.275  -0.002 0.0000000000
90059  43.867  32.144  0.022 0.0000000000
90649  44.008  32.845  -0.694 0.0000000000
90650  43.422  32.886  -1.057 0.0000000000
90074  43.320  32.650  -1.123 0.0000000000
90075  42.740  32.378  -1.158 0.0000000000
131775  40.630  30.063  0.688 0.0000000000
89463  40.660  30.487  -0.359 0.0000000000
88899  40.022  29.989  -0.616 0.0000000000
88858  46.092  29.429  5.088 0.0000000000
89430  45.091  29.996  5.104 0.0000000000
88862  44.101  29.527  4.262 0.0000000000
88870  43.233  29.583  3.776 0.0000000000
89441  42.833  30.358  3.403 0.0000000000
87212  43.408  26.790  1.278 0.0000000000
93727  42.732  37.239  2.125 0.0000000000
130667  43.096  36.798  2.366 0.0000000000
94465  44.565  39.069  -0.186 0.0000000000
95187  44.175  39.353  -0.880 0.0000000000
129840  43.387  38.819  0.307 0.0000000000
94441  42.717  38.736  0.504 0.0000000000
94442  41.808  38.619  0.777 0.0000000000
94415  42.617  38.405  1.199 0.0000000000
112408  42.028  26.023  5.578 0.0000000000
86562  42.581  25.749  5.043 0.0000000000
86563  41.868  25.468  5.009 0.0000000000
128631  41.764  25.008  4.478 0.0000000000
95888  49.541  40.574  1.073 0.0000000000
95159  48.607  40.351  1.756 0.0000000000
91813  42.971  34.277  6.872 0.0000000000
91812  43.780  34.088  6.799 0.0000000000
90577  43.385  32.103  7.321 0.0000000000
96558  44.453  41.450  -1.151 0.0000000000
127975  45.178  41.664  -2.047 0.0000000000
96573  46.202  41.509  -1.882 0.0000000000
96556  46.801  41.133  -1.421 0.0000000000
95925  48.463  41.010  -1.640 0.0000000000
90621  46.463  32.864  3.573 0.0000000000
90609  46.340  32.812  4.960 0.0000000000
90030  45.238  31.598  5.048 0.0000000000
91240  41.398  33.664  2.078 0.0000000000
90651  40.447  32.771  0.194 0.0000000000
132910  41.151  31.975  -1.205 0.0000000000
93817  46.619  36.801  -6.094 0.0000000000
93149  45.608  36.317  -6.495 0.0000000000
93799  45.793  37.420  -5.563 0.0000000000
93800  44.281  37.510  -5.511 0.0000000000
94559  43.654  38.001  -4.986 0.0000000000
93754  39.603  37.780  1.868 0.0000000000
93117  38.566  36.281  3.126 0.0000000000
93090  38.116  35.744  3.441 0.0000000000
95876  43.674  40.216  1.957 0.0000000000
95151  43.100  39.840  2.536 0.0000000000
96562  40.154  41.544  -0.448 0.0000000000
110425  39.891  41.775  -1.919 0.0000000000
121091  40.843  41.495  -0.320 0.0000000000
96561  41.513  41.547  -0.814 0.0000000000
96560  42.467  41.488  -0.793 0.0000000000
127560  42.923  40.872  0.681 0.0000000000
88322  47.406  28.465  6.446 0.0000000000
88326  47.355  28.232  5.579 0.0000000000
114864  45.403  25.588  3.051 0.0000000000
111440  46.349  25.584  1.716 0.0000000000
86594  47.516  25.913  0.980 0.0000000000
93748  47.101  37.914  1.708 0.0000000000
93722  48.784  37.480  2.144 0.0000000000
93704  50.807  37.663  3.101 0.0000000000
92460  50.844  35.586  3.489 0.0000000000
91832  50.664  34.690  3.570 0.0000000000
91819  50.455  34.812  5.133 0.0000000000
91811  50.559  34.506  6.849 0.0000000000
94372  45.803  38.427  4.647 0.0000000000
91796  47.101  34.424  7.773 0.0000000000
91795  48.813  34.044  8.678 0.0000000000
91170  49.789  33.210  9.276 0.0000000000
90566  49.322  31.867  9.226 0.0000000000
128235  49.185  31.667  9.159 0.0000000000
89400  48.539  30.903  9.447 0.0000000000
88822  43.565  29.142  10.922 0.0000000000
88821  44.584  29.302  10.756 0.0000000000
95356  44.045  39.753  -12.239 0.0000000000
94642  45.232  38.300  -12.764 0.0000000000
93885  45.296  37.366  -12.815 0.0000000000
113506  44.104  37.938  -11.913 0.0000000000
93189  44.309  36.395  -9.876 0.0000000000
95958  40.323  40.302  -6.331 0.0000000000
95962  40.002  39.940  -7.230 0.0000000000
95299  40.838  39.813  -6.924 0.0000000000
95298  41.715  39.707  -6.682 0.0000000000
95945  45.163  40.762  -5.563 0.0000000000
95295  45.265  39.349  -6.744 0.0000000000
94589  45.238  38.474  -7.401 0.0000000000
94588  46.813  38.013  -7.279 0.0000000000
94587  48.239  37.598  -7.039 0.0000000000
116798  48.652  37.170  -6.613 0.0000000000
95292  49.229  38.618  -5.907 0.0000000000
95278  49.020  38.917  -5.463 0.0000000000
95224  49.789  40.075  -1.491 0.0000000000
95204  49.737  39.950  -1.521 0.0000000000
114029  48.040  39.517  -1.559 0.0000000000
95185  47.629  39.387  -0.775 0.0000000000
92476  46.043  35.473  2.236 0.0000000000
90058  44.203  32.001  1.151 0.0000000000
90068  42.441  31.584  -0.651 0.0000000000
122068  41.120  30.394  0.674 0.0000000000
88331  45.062  28.758  4.236 0.0000000000
93115  40.546  35.771  2.765 0.0000000000
91251  43.061  33.464  0.386 0.0000000000
95248  45.332  39.478  -3.370 0.0000000000
95265  44.726  39.271  -3.958 0.0000000000
113528  44.040  39.533  -3.151 0.0000000000
95209  43.771  39.500  -1.457 0.0000000000
94416  41.115  38.282  1.428 0.0000000000
96563  39.480  41.495  -0.106 0.0000000000
87775  44.509  26.907  5.776 0.0000000000
86577  43.975  25.174  3.408 0.0000000000
95169  50.439  39.919  0.004 0.0000000000
95129  50.561  39.122  2.314 0.0000000000
94368  50.449  38.276  3.579 0.0000000000
93064  44.506  36.829  7.160 0.0000000000
93063  45.738  36.660  6.989 0.0000000000
93052  44.841  36.289  7.325 0.0000000000
91797  45.597  34.332  7.258 0.0000000000
91186  44.645  33.785  6.932 0.0000000000
89403  44.259  30.279  10.263 0.0000000000
89391  43.957  29.627  10.718 0.0000000000
124682  43.194  29.517  10.746 0.0000000000
112574  42.043  28.764  10.848 0.0000000000
96616  42.238  41.951  -4.338 0.0000000000
124696  42.600  41.691  -4.890 0.0000000000
120924  42.999  41.911  -4.417 0.0000000000
96615  43.876  41.782  -4.418 0.0000000000
96614  44.990  41.687  -4.390 0.0000000000
96623  45.786  41.277  -5.082 0.0000000000
95940  47.236  40.983  -5.049 0.0000000000
95939  48.341  40.527  -4.686 0.0000000000
96585  48.839  41.028  -3.658 0.0000000000
95929  49.251  40.706  -3.133 0.0000000000
95924  49.321  40.709  -2.125 0.0000000000
95923  49.721  40.269  -1.449 0.0000000000
95203  49.989  40.058  -1.076 0.0000000000
95182  50.292  40.042  -0.436 0.0000000000
91236  48.651  33.511  1.709 0.0000000000
91237  47.833  33.088  1.385 0.0000000000
90632  46.001  32.566  1.467 0.0000000000
90050  44.240  31.747  2.436 0.0000000000
114164  44.902  26.908  1.392 0.0000000000
129098  37.735  32.452  2.317 0.0000000000
91242  39.617  33.349  2.696 0.0000000000
91241  40.488  33.467  2.333 0.0000000000
90644  37.880  32.196  1.516 0.0000000000
90061  38.238  31.818  0.719 0.0000000000
93166  44.543  35.940  -6.982 0.0000000000
95160  46.305  40.258  1.663 0.0000000000
95874  45.706  39.991  2.120 0.0000000000
94386  45.209  38.759  4.031 0.0000000000
94373  44.824  38.349  4.691 0.0000000000
94355  44.556  38.008  5.344 0.0000000000
93672  44.275  37.212  6.839 0.0000000000
92420  43.211  36.213  7.609 0.0000000000
95960  38.605  40.504  -7.032 0.0000000000
96634  38.019  40.969  -6.458 0.0000000000
95959  39.464  40.381  -6.646 0.0000000000
96627  41.079  41.590  -5.068 0.0000000000
96593  40.088  41.889  -2.851 0.0000000000
96607  41.011  42.087  -3.890 0.0000000000
96617  41.453  41.937  -4.382 0.0000000000
119126  42.723  42.008  -3.307 0.0000000000
96559  43.417  41.443  -0.937 0.0000000000
95918  44.968  41.173  -0.531 0.0000000000
127769  45.400  40.869  -0.064 0.0000000000
90025  46.140  30.894  5.851 0.0000000000
88327  47.284  28.279  5.142 0.0000000000
88860  46.818  28.607  4.799 0.0000000000
87784  46.205  27.611  3.519 0.0000000000
87774  45.988  27.141  5.402 0.0000000000
87181  46.372  26.930  4.632 0.0000000000
111109  46.751  27.213  4.001 0.0000000000
87195  46.156  26.200  3.551 0.0000000000
87194  46.924  26.949  3.428 0.0000000000
87211  46.504  26.953  1.404 0.0000000000
93750  44.882  37.846  1.723 0.0000000000
93725  44.425  37.300  2.175 0.0000000000
93106  50.710  36.766  2.995 0.0000000000
126288  50.322  37.046  2.715 0.0000000000
126038  49.397  34.568  1.979 0.0000000000
91856  49.119  33.750  1.765 0.0000000000
91214  48.435  33.525  3.633 0.0000000000
91833  50.226  34.245  3.806 0.0000000000
90589  47.442  32.026  6.697 0.0000000000
120195  46.932  40.099  2.062 0.0000000000
94384  47.767  38.907  3.790 0.0000000000
94371  47.043  38.551  4.654 0.0000000000
94370  48.427  38.572  4.467 0.0000000000
93682  49.479  37.610  5.636 0.0000000000
93070  49.914  36.882  6.227 0.0000000000
93062  46.995  36.775  7.031 0.0000000000
93061  48.269  36.713  7.118 0.0000000000
93060  49.514  36.419  7.074 0.0000000000
93059  50.237  35.920  6.801 0.0000000000
128410  50.585  35.053  7.458 0.0000000000
91793  50.587  34.397  7.920 0.0000000000
91169  50.355  33.261  8.874 0.0000000000
91184  50.300  33.179  8.109 0.0000000000
132744  49.008  32.556  7.549 0.0000000000
88854  47.791  29.108  7.196 0.0000000000
88324  45.234  28.145  7.150 0.0000000000
89402  46.455  30.191  10.233 0.0000000000
124301  46.235  29.604  10.143 0.0000000000
88314  46.126  28.957  9.509 0.0000000000
92573  45.092  35.817  -13.665 0.0000000000
93206  45.193  36.472  -12.646 0.0000000000
92559  45.180  35.735  -12.889 0.0000000000
92543  47.338  34.004  -9.864 0.0000000000
94616  41.422  38.643  -9.674 0.0000000000
93867  42.089  38.093  -9.532 0.0000000000
95947  42.535  41.082  -5.384 0.0000000000
95297  42.665  39.661  -6.551 0.0000000000
95296  43.783  39.643  -6.485 0.0000000000
93853  42.276  37.987  -8.969 0.0000000000
93866  42.770  37.684  -9.430 0.0000000000
93850  45.430  37.312  -8.484 0.0000000000
126684  45.871  36.634  -8.886 0.0000000000
93188  45.399  35.957  -9.468 0.0000000000
92526  47.740  34.740  -9.124 0.0000000000
91896  48.076  34.197  -8.992 0.0000000000
91890  48.388  34.510  -8.140 0.0000000000
128422  48.239  36.638  -6.265 0.0000000000
93816  48.668  37.268  -6.245 0.0000000000
95264  46.222  39.268  -4.064 0.0000000000
95942  48.575  39.685  -4.997 0.0000000000
95262  48.570  39.545  -4.885 0.0000000000
95263  48.159  39.361  -4.310 0.0000000000
95228  45.980  39.561  -2.720 0.0000000000
95207  45.533  39.583  -1.850 0.0000000000
94439  44.975  38.754  0.505 0.0000000000
93111  44.237  36.624  2.461 0.0000000000
92477  45.208  35.381  2.282 0.0000000000
128654  44.119  34.977  2.208 0.0000000000
91247  47.327  33.081  0.933 0.0000000000
113740  46.488  32.994  0.413 0.0000000000
91248  45.713  33.037  -0.182 0.0000000000
90647  45.573  32.936  -0.280 0.0000000000
91255  44.017  33.118  -0.576 0.0000000000
91256  43.095  33.101  -0.994 0.0000000000
90657  42.073  32.607  -1.111 0.0000000000
89469  40.966  31.387  -0.944 0.0000000000
90026  45.203  30.648  5.233 0.0000000000
89431  44.305  30.064  4.624 0.0000000000
90032  43.974  30.872  4.296 0.0000000000
89442  42.189  30.332  2.678 0.0000000000
87793  44.262  27.454  2.676 0.0000000000
114526  43.141  27.613  2.547 0.0000000000
88348  42.561  28.269  2.945 0.0000000000
87794  42.089  27.855  2.436 0.0000000000
88341  42.036  28.889  3.093 0.0000000000
88872  41.620  29.605  2.754 0.0000000000
89454  40.684  29.841  1.418 0.0000000000
85901  41.333  24.337  3.242 0.0000000000
85914  41.032  23.938  2.501 0.0000000000
91162  49.248  32.472  9.337 0.0000000000
91260  42.718  32.979  -1.212 0.0000000000
92508  48.542  34.887  -7.936 0.0000000000
92509  48.431  34.826  -7.690 0.0000000000
92525  48.297  34.630  -8.415 0.0000000000
93190  43.396  37.180  -9.969 0.0000000000
93887  43.015  37.893  -11.023 0.0000000000
94640  45.711  39.400  -13.923 0.0000000000
94662  45.639  39.690  -14.091 0.0000000000
95372  45.476  40.423  -13.537 0.0000000000
95374  45.067  39.249  -12.720 0.0000000000
95384  45.742  39.662  -13.993 0.0000000000
95903  50.096  40.438  -0.052 0.0000000000
95998  44.503  40.730  -12.496 0.0000000000
96027  45.379  40.461  -13.941 0.0000000000
96038  45.669  40.009  -14.016 0.0000000000
96603  45.324  41.784  -3.583 0.0000000000
96605  42.643  42.094  -3.894 0.0000000000
125586  48.265  34.323  -8.497 0.0000000000
126197  45.680  39.814  -13.882 0.0000000000
127504  44.736  36.908  2.434 0.0000000000
131304  42.254  41.995  -2.961 0.0000000000
131941  43.211  40.953  -5.453 0.0000000000
132751  41.373  41.446  -0.186 0.0000000000
