#!ascii label  , from subject sub-v1s19x0051316_ses-1 vox2ras=TkReg
929
89012  -54.360  24.873  -1.253 0.0000000000
98019  -46.205  39.173  -7.848 0.0000000000
93052  -47.816  31.374  -2.862 0.0000000000
91868  -55.881  30.015  -12.059 0.0000000000
127575  -48.705  39.668  -10.559 0.0000000000
95811  -51.100  35.751  -10.664 0.0000000000
95858  -52.005  35.201  -14.193 0.0000000000
93167  -48.190  31.233  -10.747 0.0000000000
88934  -45.495  24.795  3.867 0.0000000000
90120  -49.135  26.654  0.312 0.0000000000
99094  -40.772  41.587  -10.094 0.0000000000
99584  -44.885  42.122  -12.937 0.0000000000
109251  -51.593  46.315  -12.737 0.0000000000
92394  -52.006  31.087  -3.589 0.0000000000
94493  -46.999  33.850  -7.408 0.0000000000
115469  -52.270  31.563  -7.615 0.0000000000
91258  -57.538  27.540  -6.037 0.0000000000
91790  -50.047  29.027  -6.775 0.0000000000
90184  -43.894  26.871  -7.543 0.0000000000
89045  -53.460  24.861  -4.895 0.0000000000
98042  -48.484  39.453  -12.292 0.0000000000
130120  -52.816  39.686  -10.954 0.0000000000
96431  -49.821  36.618  -13.620 0.0000000000
95214  -49.164  34.236  -14.110 0.0000000000
90086  -47.798  26.187  2.499 0.0000000000
91187  -47.352  28.522  0.592 0.0000000000
99529  -40.760  42.499  -7.385 0.0000000000
100019  -47.201  43.175  -12.586 0.0000000000
93756  -52.484  33.002  -0.584 0.0000000000
93783  -51.379  32.440  -2.456 0.0000000000
97506  -45.099  39.440  -6.704 0.0000000000
96369  -46.938  36.260  -7.793 0.0000000000
94538  -53.907  33.287  -12.475 0.0000000000
93862  -50.992  32.215  -10.026 0.0000000000
93172  -54.949  31.208  -10.209 0.0000000000
93111  -55.514  31.319  -6.305 0.0000000000
91827  -57.770  29.070  -8.707 0.0000000000
91255  -52.781  28.500  -6.244 0.0000000000
91833  -52.314  29.851  -9.256 0.0000000000
91817  -46.038  29.868  -8.424 0.0000000000
98025  -47.290  38.992  -9.302 0.0000000000
129831  -48.865  37.499  -8.557 0.0000000000
97518  -52.530  39.510  -8.779 0.0000000000
96421  -54.539  37.097  -12.490 0.0000000000
93922  -54.878  32.121  -14.790 0.0000000000
92472  -51.530  30.615  -11.483 0.0000000000
93905  -50.240  32.067  -13.298 0.0000000000
93892  -47.396  32.426  -11.586 0.0000000000
88336  -48.660  23.958  5.241 0.0000000000
88937  -50.458  25.179  2.811 0.0000000000
90123  -52.246  26.272  0.413 0.0000000000
98505  -41.853  40.983  -6.383 0.0000000000
98517  -43.024  40.699  -6.933 0.0000000000
98544  -43.618  40.219  -9.335 0.0000000000
98550  -45.065  40.138  -10.294 0.0000000000
99107  -46.688  41.507  -11.482 0.0000000000
99576  -49.005  42.821  -10.655 0.0000000000
99128  -49.225  42.071  -12.591 0.0000000000
128248  -52.380  44.703  -15.022 0.0000000000
92348  -49.732  31.154  0.376 0.0000000000
91208  -49.882  28.048  -2.165 0.0000000000
90682  -52.782  27.243  -2.318 0.0000000000
93105  -46.743  31.624  -5.851 0.0000000000
95162  -48.478  34.784  -8.885 0.0000000000
93839  -49.049  31.928  -7.753 0.0000000000
93093  -49.663  31.141  -5.290 0.0000000000
92406  -53.284  32.069  -4.473 0.0000000000
91231  -54.937  29.200  -4.193 0.0000000000
90697  -56.675  26.387  -3.622 0.0000000000
90702  -53.375  26.659  -4.542 0.0000000000
90175  -50.671  26.352  -5.780 0.0000000000
90189  -48.296  25.993  -7.187 0.0000000000
91830  -49.708  29.843  -8.902 0.0000000000
90718  -46.517  27.566  -6.652 0.0000000000
89630  -45.539  25.595  -9.193 0.0000000000
110912  -51.985  24.685  -0.768 0.0000000000
89020  -52.398  24.886  -2.714 0.0000000000
89033  -53.647  24.806  -3.132 0.0000000000
113894  -48.135  39.139  -13.213 0.0000000000
97002  -49.421  37.720  -12.842 0.0000000000
97015  -48.744  37.547  -13.467 0.0000000000
96444  -48.601  36.152  -14.632 0.0000000000
93053  -48.878  31.581  -2.734 0.0000000000
123559  -45.720  39.323  -7.142 0.0000000000
93198  -55.368  31.123  -12.881 0.0000000000
93188  -54.281  31.587  -11.615 0.0000000000
124163  -56.022  30.325  -11.125 0.0000000000
92443  -57.244  29.858  -9.567 0.0000000000
91848  -56.510  29.845  -10.662 0.0000000000
113832  -55.471  29.422  -9.211 0.0000000000
91846  -54.009  29.852  -10.322 0.0000000000
123706  -49.418  39.971  -9.703 0.0000000000
124408  -50.727  40.042  -8.329 0.0000000000
98036  -50.871  40.805  -8.975 0.0000000000
96433  -52.461  36.865  -13.139 0.0000000000
96983  -54.330  38.793  -11.136 0.0000000000
95846  -54.234  36.200  -13.780 0.0000000000
95215  -54.765  35.274  -13.887 0.0000000000
95225  -53.420  34.157  -14.477 0.0000000000
93215  -52.704  31.900  -14.433 0.0000000000
93919  -51.396  33.061  -14.465 0.0000000000
94545  -48.255  33.257  -12.971 0.0000000000
90106  -48.098  26.937  1.201 0.0000000000
89526  -49.660  25.539  2.981 0.0000000000
90108  -49.777  26.143  1.040 0.0000000000
90109  -51.647  25.797  1.505 0.0000000000
90121  -49.792  26.500  -0.021 0.0000000000
99551  -40.438  42.151  -8.712 0.0000000000
99055  -41.897  41.135  -7.598 0.0000000000
99068  -41.564  41.194  -8.473 0.0000000000
98533  -42.671  40.424  -8.041 0.0000000000
98542  -42.101  40.787  -9.906 0.0000000000
99115  -43.307  41.524  -12.674 0.0000000000
98555  -43.459  40.642  -11.109 0.0000000000
99106  -44.893  41.242  -11.627 0.0000000000
98557  -45.351  40.754  -11.045 0.0000000000
99117  -45.362  41.786  -12.211 0.0000000000
100487  -48.933  44.486  -12.524 0.0000000000
100020  -47.974  43.393  -11.870 0.0000000000
100465  -50.248  44.470  -10.989 0.0000000000
99120  -49.190  42.228  -11.255 0.0000000000
110410  -51.303  44.676  -11.223 0.0000000000
99609  -50.827  43.635  -13.373 0.0000000000
111167  -52.448  46.321  -13.346 0.0000000000
95058  -48.678  34.923  4.249 0.0000000000
93670  -49.134  33.002  4.684 0.0000000000
93693  -49.879  32.889  3.934 0.0000000000
92994  -49.429  32.053  1.662 0.0000000000
92995  -50.641  32.135  1.620 0.0000000000
93055  -52.124  31.841  -2.569 0.0000000000
126453  -50.378  30.636  -1.710 0.0000000000
91759  -50.338  29.700  -2.958 0.0000000000
120279  -51.522  27.704  -2.641 0.0000000000
91220  -52.151  28.953  -3.859 0.0000000000
94484  -45.520  33.265  -6.956 0.0000000000
93821  -45.708  31.963  -5.905 0.0000000000
93827  -46.506  32.354  -6.488 0.0000000000
96387  -49.856  36.349  -9.985 0.0000000000
95793  -48.755  35.616  -9.169 0.0000000000
95170  -49.578  34.648  -10.197 0.0000000000
93135  -51.407  31.590  -8.625 0.0000000000
93849  -49.892  32.046  -9.011 0.0000000000
93121  -50.605  31.559  -7.576 0.0000000000
119490  -49.731  31.574  -7.080 0.0000000000
93107  -50.870  31.495  -6.642 0.0000000000
93094  -50.829  31.457  -5.132 0.0000000000
93109  -53.311  32.085  -5.770 0.0000000000
92409  -56.807  29.559  -6.182 0.0000000000
92408  -55.656  30.878  -5.587 0.0000000000
91773  -57.238  28.027  -5.144 0.0000000000
91232  -56.555  28.062  -4.230 0.0000000000
128522  -57.462  26.945  -4.866 0.0000000000
90703  -54.691  26.324  -4.185 0.0000000000
90712  -55.521  26.930  -4.721 0.0000000000
91792  -51.938  28.984  -6.898 0.0000000000
91243  -51.980  27.936  -5.643 0.0000000000
91241  -50.161  27.836  -6.019 0.0000000000
123577  -49.481  26.061  -6.488 0.0000000000
131675  -48.502  26.886  -6.482 0.0000000000
92470  -49.793  30.807  -11.224 0.0000000000
92440  -50.323  30.380  -10.011 0.0000000000
116474  -49.007  30.446  -9.706 0.0000000000
91263  -44.468  28.279  -7.309 0.0000000000
91265  -46.598  28.700  -7.268 0.0000000000
90178  -45.306  26.988  -6.912 0.0000000000
90186  -45.721  26.586  -7.233 0.0000000000
89612  -44.744  25.889  -8.549 0.0000000000
89628  -43.982  25.869  -9.931 0.0000000000
88985  -49.530  24.893  -0.195 0.0000000000
89592  -53.378  24.774  -5.256 0.0000000000
97526  -48.985  39.117  -11.386 0.0000000000
97527  -50.130  39.352  -10.861 0.0000000000
97543  -50.502  38.654  -11.504 0.0000000000
97017  -50.384  37.422  -12.839 0.0000000000
95844  -51.509  35.967  -13.860 0.0000000000
95223  -50.669  34.418  -14.367 0.0000000000
95856  -49.850  35.353  -14.279 0.0000000000
89514  -47.155  25.534  3.495 0.0000000000
90092  -46.227  26.489  1.793 0.0000000000
91188  -48.180  28.205  0.378 0.0000000000
99988  -39.502  43.326  -9.954 0.0000000000
99595  -45.531  42.638  -13.432 0.0000000000
110273  -50.236  45.672  -13.710 0.0000000000
109252  -51.139  46.193  -14.670 0.0000000000
94404  -51.287  33.041  1.509 0.0000000000
93767  -52.201  33.127  -1.823 0.0000000000
93800  -52.191  32.286  -2.746 0.0000000000
95781  -47.116  35.440  -7.805 0.0000000000
95195  -52.955  35.003  -12.188 0.0000000000
94523  -51.281  33.660  -10.950 0.0000000000
93879  -52.345  32.226  -10.858 0.0000000000
93170  -52.786  31.724  -10.400 0.0000000000
111818  -53.253  31.552  -7.958 0.0000000000
93123  -53.557  31.861  -6.609 0.0000000000
93138  -55.492  31.142  -8.108 0.0000000000
92421  -57.631  29.668  -7.872 0.0000000000
130391  -57.723  28.210  -7.561 0.0000000000
91256  -55.996  27.779  -6.073 0.0000000000
91807  -54.878  28.934  -7.345 0.0000000000
91806  -53.457  29.344  -7.747 0.0000000000
118468  -51.109  29.488  -7.775 0.0000000000
92437  -47.312  30.568  -9.452 0.0000000000
93050  -45.972  31.661  -3.135 0.0000000000
97510  -46.996  38.646  -8.103 0.0000000000
96957  -47.940  38.092  -7.751 0.0000000000
97511  -48.789  38.475  -8.062 0.0000000000
96963  -51.307  38.864  -8.466 0.0000000000
96966  -51.778  38.009  -9.498 0.0000000000
97529  -53.519  39.945  -10.379 0.0000000000
96408  -54.349  38.580  -10.790 0.0000000000
95824  -53.798  36.536  -11.523 0.0000000000
95204  -54.651  35.334  -13.046 0.0000000000
94548  -55.010  33.347  -13.778 0.0000000000
92501  -55.142  30.927  -14.326 0.0000000000
92474  -53.848  30.288  -11.900 0.0000000000
92493  -52.479  30.863  -13.596 0.0000000000
93196  -51.475  31.124  -13.135 0.0000000000
93185  -49.403  31.304  -11.771 0.0000000000
94554  -49.606  33.530  -13.897 0.0000000000
93903  -48.670  32.579  -12.588 0.0000000000
89506  -49.061  25.042  4.530 0.0000000000
88928  -49.392  24.928  4.174 0.0000000000
130767  -50.252  24.810  2.828 0.0000000000
88962  -51.043  24.721  1.640 0.0000000000
128480  -52.663  25.038  1.407 0.0000000000
90112  -53.440  25.786  0.447 0.0000000000
97993  -42.263  40.021  -6.618 0.0000000000
113308  -42.800  40.773  -6.747 0.0000000000
97994  -43.061  40.469  -6.613 0.0000000000
98518  -43.618  40.443  -6.607 0.0000000000
98021  -43.933  39.983  -7.951 0.0000000000
98022  -44.516  39.816  -8.786 0.0000000000
99101  -40.765  41.529  -10.967 0.0000000000
98548  -42.921  40.534  -10.341 0.0000000000
98545  -44.338  40.015  -9.957 0.0000000000
98031  -44.954  39.771  -9.508 0.0000000000
98033  -46.512  39.579  -9.987 0.0000000000
98552  -46.814  40.166  -10.763 0.0000000000
98559  -47.453  40.680  -11.037 0.0000000000
99586  -46.728  42.598  -12.335 0.0000000000
99108  -47.661  41.492  -11.216 0.0000000000
98560  -47.987  40.843  -11.010 0.0000000000
98562  -48.236  40.409  -11.850 0.0000000000
99127  -48.562  41.208  -12.487 0.0000000000
99131  -49.209  42.138  -13.914 0.0000000000
99607  -49.147  42.238  -14.996 0.0000000000
109258  -52.818  46.264  -15.077 0.0000000000
123135  -48.066  29.950  0.806 0.0000000000
116812  -48.386  28.944  0.029 0.0000000000
93030  -50.971  31.477  0.005 0.0000000000
91755  -49.291  29.770  -1.381 0.0000000000
91199  -49.056  27.978  -1.020 0.0000000000
90675  -50.112  27.267  -1.462 0.0000000000
90141  -52.504  26.506  -0.686 0.0000000000
90143  -54.368  26.055  -0.877 0.0000000000
115734  -46.909  30.912  -4.292 0.0000000000
96371  -47.455  37.002  -8.027 0.0000000000
95784  -47.748  35.409  -8.139 0.0000000000
126333  -47.939  34.062  -7.947 0.0000000000
128209  -49.777  33.253  -10.022 0.0000000000
94510  -48.665  33.479  -9.090 0.0000000000
94494  -47.620  33.391  -7.572 0.0000000000
93829  -48.203  31.765  -6.655 0.0000000000
111146  -47.830  30.677  -4.952 0.0000000000
93084  -48.332  30.776  -4.271 0.0000000000
113543  -49.896  31.358  -3.821 0.0000000000
93085  -51.706  31.785  -4.133 0.0000000000
92398  -52.789  31.897  -3.703 0.0000000000
117305  -53.876  32.126  -5.096 0.0000000000
121568  -53.915  31.640  -4.514 0.0000000000
131008  -53.276  30.196  -4.324 0.0000000000
91221  -53.310  28.438  -3.546 0.0000000000
90684  -55.413  26.734  -2.533 0.0000000000
89568  -55.493  25.548  -2.384 0.0000000000
89581  -55.135  25.256  -3.378 0.0000000000
114076  -53.889  25.684  -4.081 0.0000000000
89584  -53.047  25.633  -4.861 0.0000000000
124536  -53.167  27.897  -5.524 0.0000000000
90176  -51.875  26.228  -5.224 0.0000000000
89590  -51.827  25.701  -5.799 0.0000000000
89595  -50.181  25.681  -6.793 0.0000000000
89617  -49.511  25.232  -8.628 0.0000000000
92456  -52.133  30.392  -10.735 0.0000000000
91832  -51.344  29.911  -9.241 0.0000000000
91803  -49.665  29.322  -7.418 0.0000000000
91819  -47.689  29.543  -8.202 0.0000000000
112547  -47.798  29.136  -7.627 0.0000000000
91251  -48.837  28.381  -6.566 0.0000000000
90180  -46.963  26.945  -6.711 0.0000000000
89602  -46.983  25.987  -7.939 0.0000000000
89011  -53.387  24.759  -0.643 0.0000000000
110842  -52.562  24.731  -1.622 0.0000000000
89021  -53.483  24.715  -1.973 0.0000000000
97561  -48.169  38.267  -13.530 0.0000000000
97029  -48.195  37.531  -14.286 0.0000000000
93765  -48.641  32.522  -1.311 0.0000000000
93781  -48.188  31.853  -2.038 0.0000000000
98018  -45.602  39.494  -7.244 0.0000000000
97509  -46.315  38.956  -7.459 0.0000000000
92488  -55.352  30.425  -12.686 0.0000000000
93190  -55.499  30.423  -12.365 0.0000000000
92476  -56.149  29.964  -11.827 0.0000000000
92458  -56.474  29.931  -10.820 0.0000000000
91858  -55.738  29.828  -11.461 0.0000000000
91847  -55.329  29.679  -10.646 0.0000000000
91857  -54.533  29.872  -11.230 0.0000000000
98035  -48.169  39.617  -10.343 0.0000000000
95845  -52.943  36.131  -13.851 0.0000000000
96434  -54.027  37.014  -13.114 0.0000000000
95859  -53.543  35.269  -14.203 0.0000000000
94563  -52.257  33.567  -14.604 0.0000000000
95224  -52.235  34.401  -14.473 0.0000000000
88925  -46.148  24.617  4.602 0.0000000000
90107  -48.933  26.468  1.087 0.0000000000
99082  -40.862  41.631  -9.133 0.0000000000
99083  -41.448  41.197  -9.509 0.0000000000
99125  -43.564  41.855  -13.369 0.0000000000
99116  -44.060  41.743  -12.846 0.0000000000
131750  -43.813  41.413  -12.302 0.0000000000
123818  -44.503  41.563  -12.295 0.0000000000
109253  -50.734  45.692  -12.227 0.0000000000
109811  -49.864  44.949  -11.734 0.0000000000
100478  -51.032  45.295  -11.229 0.0000000000
100011  -51.058  44.568  -10.882 0.0000000000
109247  -51.837  45.391  -11.781 0.0000000000
110017  -52.288  45.706  -12.741 0.0000000000
109250  -52.220  46.413  -12.878 0.0000000000
95688  -48.740  35.626  3.258 0.0000000000
115113  -49.467  34.037  3.370 0.0000000000
94387  -49.806  33.318  3.954 0.0000000000
93694  -50.062  32.934  3.613 0.0000000000
93735  -50.292  32.633  2.520 0.0000000000
131582  -51.670  31.179  -3.127 0.0000000000
126049  -50.888  30.661  -2.630 0.0000000000
91763  -51.080  30.242  -3.344 0.0000000000
91219  -50.756  29.199  -3.296 0.0000000000
91764  -51.624  29.836  -3.824 0.0000000000
117134  -46.022  33.848  -7.357 0.0000000000
94485  -46.365  33.146  -6.987 0.0000000000
96388  -50.722  36.658  -10.261 0.0000000000
95810  -50.108  35.530  -10.320 0.0000000000
93134  -50.571  31.678  -8.469 0.0000000000
123232  -51.271  31.543  -7.883 0.0000000000
93122  -51.595  31.559  -7.058 0.0000000000
93108  -52.137  31.837  -5.973 0.0000000000
117636  -52.588  31.772  -6.570 0.0000000000
91782  -57.605  28.188  -5.833 0.0000000000
91233  -57.427  27.100  -4.737 0.0000000000
90714  -57.374  27.290  -5.392 0.0000000000
90713  -57.329  26.820  -4.876 0.0000000000
91245  -57.057  27.112  -5.530 0.0000000000
91791  -50.952  29.083  -6.895 0.0000000000
91253  -50.500  28.502  -6.307 0.0000000000
90721  -49.341  27.761  -6.252 0.0000000000
91252  -49.674  28.464  -6.418 0.0000000000
93168  -48.998  30.992  -10.982 0.0000000000
92453  -49.501  30.596  -10.343 0.0000000000
92452  -48.606  30.752  -10.224 0.0000000000
90724  -44.095  27.512  -7.289 0.0000000000
90716  -44.889  27.526  -7.020 0.0000000000
90185  -44.584  26.953  -7.183 0.0000000000
90192  -44.554  26.472  -7.747 0.0000000000
117318  -43.895  26.355  -8.183 0.0000000000
89611  -43.912  25.962  -8.994 0.0000000000
128886  -43.349  26.429  -8.628 0.0000000000
112120  -50.486  24.711  0.334 0.0000000000
97542  -49.519  38.454  -12.171 0.0000000000
97016  -49.384  37.171  -13.352 0.0000000000
96432  -50.995  36.686  -13.367 0.0000000000
96446  -50.335  35.963  -13.978 0.0000000000
96445  -49.402  36.098  -14.258 0.0000000000
121015  -48.262  35.388  -14.762 0.0000000000
90104  -45.841  27.017  1.070 0.0000000000
90655  -47.723  27.731  0.822 0.0000000000
99981  -39.561  43.442  -8.913 0.0000000000
100500  -48.624  44.500  -14.775 0.0000000000
124968  -49.867  45.339  -15.185 0.0000000000
109254  -48.838  44.547  -15.721 0.0000000000
93782  -50.032  32.259  -2.262 0.0000000000
94437  -51.364  33.321  -1.213 0.0000000000
93784  -52.489  32.808  -2.237 0.0000000000
97505  -44.319  39.653  -6.498 0.0000000000
94537  -52.840  33.838  -12.004 0.0000000000
93896  -52.949  32.684  -11.647 0.0000000000
93171  -53.822  31.526  -10.733 0.0000000000
93153  -53.448  31.498  -9.911 0.0000000000
93137  -53.201  31.473  -9.032 0.0000000000
131884  -54.128  31.393  -9.350 0.0000000000
126027  -54.191  31.434  -8.487 0.0000000000
113899  -55.340  31.083  -9.139 0.0000000000
91828  -57.388  29.451  -9.086 0.0000000000
92431  -57.489  29.755  -8.649 0.0000000000
91810  -58.062  28.959  -8.358 0.0000000000
91795  -58.103  28.782  -7.934 0.0000000000
91809  -57.935  28.533  -8.016 0.0000000000
91808  -56.959  28.448  -7.841 0.0000000000
91834  -53.761  29.739  -9.315 0.0000000000
91825  -54.784  29.329  -8.307 0.0000000000
91824  -52.943  29.641  -8.424 0.0000000000
91805  -52.195  29.413  -7.652 0.0000000000
91823  -51.760  29.684  -8.497 0.0000000000
97514  -48.139  38.611  -8.528 0.0000000000
98028  -51.615  40.592  -8.285 0.0000000000
97516  -50.995  39.550  -8.257 0.0000000000
97528  -52.058  40.130  -10.498 0.0000000000
96420  -54.526  37.721  -12.197 0.0000000000
114891  -54.513  37.739  -11.206 0.0000000000
96407  -53.853  37.636  -10.711 0.0000000000
95825  -54.586  37.087  -11.939 0.0000000000
95834  -54.335  35.880  -12.357 0.0000000000
95835  -54.704  36.378  -12.806 0.0000000000
94565  -54.695  33.966  -14.129 0.0000000000
94556  -54.900  33.668  -14.054 0.0000000000
110677  -54.905  32.769  -14.467 0.0000000000
93219  -55.242  31.675  -14.439 0.0000000000
93217  -54.812  31.389  -14.655 0.0000000000
92494  -53.515  30.637  -13.994 0.0000000000
93206  -53.108  31.025  -14.374 0.0000000000
93912  -51.692  32.292  -14.192 0.0000000000
93205  -52.061  31.494  -13.897 0.0000000000
93195  -50.594  31.389  -12.834 0.0000000000
94561  -50.116  34.101  -14.280 0.0000000000
93902  -47.820  32.815  -12.274 0.0000000000
90085  -47.140  26.093  2.610 0.0000000000
89505  -48.108  25.145  4.482 0.0000000000
89515  -48.254  25.609  3.463 0.0000000000
89527  -50.419  25.312  2.799 0.0000000000
89517  -50.068  25.121  3.473 0.0000000000
121931  -50.069  24.978  3.527 0.0000000000
88947  -50.603  24.777  2.245 0.0000000000
88948  -51.192  25.070  2.331 0.0000000000
130850  -51.921  26.192  0.869 0.0000000000
89536  -52.166  25.434  1.672 0.0000000000
90110  -52.337  25.851  1.256 0.0000000000
88964  -53.078  24.957  1.049 0.0000000000
90111  -52.967  25.847  0.876 0.0000000000
97991  -40.694  40.101  -6.408 0.0000000000
97992  -41.005  39.608  -6.614 0.0000000000
114965  -41.431  39.076  -6.745 0.0000000000
114483  -42.030  40.546  -6.565 0.0000000000
99974  -41.941  42.323  -6.564 0.0000000000
99530  -42.076  41.786  -6.805 0.0000000000
98516  -42.308  40.828  -7.523 0.0000000000
97995  -43.455  40.235  -6.504 0.0000000000
110613  -43.227  40.244  -8.391 0.0000000000
98534  -43.501  40.487  -7.235 0.0000000000
98017  -45.114  40.205  -7.082 0.0000000000
98547  -42.114  40.837  -10.871 0.0000000000
98554  -42.749  40.738  -11.214 0.0000000000
98556  -44.390  40.573  -10.923 0.0000000000
98549  -43.741  40.373  -10.395 0.0000000000
98032  -45.625  39.621  -9.695 0.0000000000
98558  -46.210  40.894  -11.099 0.0000000000
124272  -46.945  40.931  -11.143 0.0000000000
99596  -46.369  42.890  -13.131 0.0000000000
100008  -48.502  43.198  -11.104 0.0000000000
99575  -48.146  42.442  -11.178 0.0000000000
99109  -48.538  41.998  -11.139 0.0000000000
99110  -49.094  42.422  -10.831 0.0000000000
99588  -49.989  42.942  -11.444 0.0000000000
98049  -48.366  40.069  -13.188 0.0000000000
114207  -48.662  41.472  -13.692 0.0000000000
99618  -51.089  43.606  -14.676 0.0000000000
99608  -49.989  42.799  -14.295 0.0000000000
99617  -50.150  42.736  -15.432 0.0000000000
99623  -51.592  43.514  -16.004 0.0000000000
112091  -52.316  46.487  -14.830 0.0000000000
93733  -47.633  32.550  1.870 0.0000000000
118467  -49.654  31.523  1.097 0.0000000000
93014  -48.661  31.451  1.205 0.0000000000
92347  -48.667  30.770  0.774 0.0000000000
91732  -48.377  29.870  0.397 0.0000000000
92364  -49.024  30.517  0.121 0.0000000000
93745  -52.276  32.945  0.138 0.0000000000
92996  -51.723  32.642  0.800 0.0000000000
122763  -52.009  31.954  -0.196 0.0000000000
91758  -49.831  29.721  -2.313 0.0000000000
91207  -48.706  28.854  -0.922 0.0000000000
91211  -49.333  28.707  -1.810 0.0000000000
90677  -51.874  26.963  -1.770 0.0000000000
90142  -53.569  26.309  -0.613 0.0000000000
90154  -53.841  26.604  -1.535 0.0000000000
93082  -46.179  31.253  -4.566 0.0000000000
96958  -48.878  38.372  -8.047 0.0000000000
96372  -48.228  37.334  -8.242 0.0000000000
95785  -48.269  35.497  -8.558 0.0000000000
95161  -48.052  34.737  -8.315 0.0000000000
123906  -48.294  34.086  -8.596 0.0000000000
93878  -51.476  32.677  -10.616 0.0000000000
94522  -49.954  33.899  -10.376 0.0000000000
93877  -50.565  33.160  -10.398 0.0000000000
93848  -49.192  32.289  -8.553 0.0000000000
93860  -49.287  32.862  -9.377 0.0000000000
93859  -48.702  32.867  -8.758 0.0000000000
94503  -48.238  33.305  -8.260 0.0000000000
94495  -48.054  32.810  -7.701 0.0000000000
93837  -47.743  32.566  -7.110 0.0000000000
93838  -48.368  32.201  -7.392 0.0000000000
93106  -48.994  31.297  -6.150 0.0000000000
93092  -48.601  30.838  -5.177 0.0000000000
110900  -49.251  31.037  -4.517 0.0000000000
131691  -49.049  31.062  -4.064 0.0000000000
93095  -52.151  31.863  -4.908 0.0000000000
93086  -52.823  31.983  -3.896 0.0000000000
111806  -52.533  31.936  -3.429 0.0000000000
93110  -54.644  31.740  -6.260 0.0000000000
133062  -54.093  32.044  -5.731 0.0000000000
93096  -54.831  31.632  -5.706 0.0000000000
92400  -55.050  30.783  -4.989 0.0000000000
91771  -54.249  30.409  -4.459 0.0000000000
91770  -53.241  31.295  -4.146 0.0000000000
91230  -53.433  29.334  -4.146 0.0000000000
91223  -56.990  26.980  -3.987 0.0000000000
123664  -56.053  27.685  -3.523 0.0000000000
90685  -56.368  26.150  -2.940 0.0000000000
90156  -55.563  26.025  -2.383 0.0000000000
90157  -56.178  25.746  -2.856 0.0000000000
89582  -55.496  25.140  -3.069 0.0000000000
89583  -56.024  25.467  -3.111 0.0000000000
132529  -54.097  26.908  -4.534 0.0000000000
90168  -53.184  25.811  -4.481 0.0000000000
91793  -54.538  28.569  -6.521 0.0000000000
128395  -54.083  28.292  -5.851 0.0000000000
90709  -50.788  27.135  -5.618 0.0000000000
90710  -51.685  27.218  -5.346 0.0000000000
89596  -51.616  25.465  -6.464 0.0000000000
89589  -50.464  25.898  -6.217 0.0000000000
90181  -48.612  26.371  -6.688 0.0000000000
89594  -49.129  25.832  -7.032 0.0000000000
89604  -48.788  25.563  -7.784 0.0000000000
89616  -48.416  25.348  -8.735 0.0000000000
89603  -47.875  25.735  -7.865 0.0000000000
92473  -52.605  30.484  -11.683 0.0000000000
92457  -53.260  30.196  -10.945 0.0000000000
92439  -49.677  30.254  -9.538 0.0000000000
92441  -50.987  30.222  -9.784 0.0000000000
91831  -50.453  29.965  -9.221 0.0000000000
91822  -50.197  29.603  -8.244 0.0000000000
91821  -49.188  29.575  -8.255 0.0000000000
92427  -46.722  30.288  -8.917 0.0000000000
91818  -46.903  29.723  -8.329 0.0000000000
91248  -46.109  28.180  -6.824 0.0000000000
91266  -47.454  28.696  -7.182 0.0000000000
91802  -48.376  28.887  -7.095 0.0000000000
91250  -47.914  28.254  -6.703 0.0000000000
90719  -47.439  27.579  -6.598 0.0000000000
89613  -45.607  25.795  -8.483 0.0000000000
89601  -46.109  26.098  -7.925 0.0000000000
89614  -46.430  25.584  -8.792 0.0000000000
115733  -47.144  25.395  -9.552 0.0000000000
129843  -51.952  24.636  0.342 0.0000000000
89019  -51.072  25.049  -2.664 0.0000000000
97541  -48.695  38.665  -12.570 0.0000000000
129634  -48.814  38.048  -12.890 0.0000000000
96430  -48.865  36.833  -14.083 0.0000000000
114731  -49.089  32.189  -1.955 0.0000000000
98010  -45.250  39.917  -6.763 0.0000000000
96954  -46.823  37.024  -7.761 0.0000000000
93197  -54.927  31.640  -12.605 0.0000000000
93897  -53.826  32.049  -12.148 0.0000000000
93189  -55.348  31.020  -11.964 0.0000000000
129531  -55.000  31.210  -11.144 0.0000000000
93154  -56.418  30.422  -9.936 0.0000000000
121051  -56.905  30.009  -10.262 0.0000000000
91837  -57.109  29.928  -9.989 0.0000000000
91835  -56.891  29.317  -9.253 0.0000000000
91826  -57.056  28.840  -8.592 0.0000000000
115709  -56.087  29.547  -9.931 0.0000000000
131521  -54.849  29.618  -9.882 0.0000000000
98026  -48.417  39.173  -9.427 0.0000000000
97515  -49.126  39.084  -8.342 0.0000000000
98027  -49.823  39.820  -8.683 0.0000000000
96418  -51.980  37.621  -12.396 0.0000000000
96982  -53.328  38.987  -11.381 0.0000000000
96419  -53.965  38.120  -12.260 0.0000000000
96435  -54.609  36.548  -13.201 0.0000000000
95836  -54.839  35.809  -13.477 0.0000000000
95847  -54.629  35.814  -14.015 0.0000000000
95226  -54.479  34.797  -14.177 0.0000000000
110831  -54.200  32.675  -14.661 0.0000000000
93921  -53.307  32.454  -14.619 0.0000000000
93920  -52.375  32.746  -14.540 0.0000000000
93911  -50.782  32.568  -13.959 0.0000000000
94553  -48.700  33.679  -13.691 0.0000000000
88916  -48.173  24.116  5.830 0.0000000000
90094  -47.912  26.579  1.955 0.0000000000
90087  -48.659  25.866  2.793 0.0000000000
90095  -48.784  26.167  2.009 0.0000000000
90096  -49.805  25.815  2.106 0.0000000000
89528  -50.981  25.207  2.497 0.0000000000
90097  -50.876  25.578  2.088 0.0000000000
115791  -50.660  26.058  1.063 0.0000000000
90122  -51.036  26.285  0.293 0.0000000000
99538  -40.094  42.700  -8.296 0.0000000000
99539  -40.964  41.947  -7.736 0.0000000000
99067  -41.212  41.547  -8.147 0.0000000000
98532  -42.102  40.835  -8.807 0.0000000000
98543  -42.772  40.556  -9.177 0.0000000000
99114  -42.466  41.336  -12.443 0.0000000000
99104  -43.149  41.093  -11.907 0.0000000000
99105  -44.025  41.074  -11.722 0.0000000000
123437  -45.782  41.426  -11.574 0.0000000000
99118  -46.257  42.024  -11.984 0.0000000000
100026  -48.044  43.757  -12.907 0.0000000000
100021  -48.953  44.023  -11.549 0.0000000000
100009  -49.570  43.552  -10.838 0.0000000000
99577  -49.759  43.141  -10.801 0.0000000000
100010  -50.577  44.040  -10.818 0.0000000000
99578  -50.641  43.904  -10.929 0.0000000000
99598  -50.754  43.742  -11.879 0.0000000000
99597  -49.967  42.821  -12.929 0.0000000000
100027  -51.563  44.648  -12.352 0.0000000000
110095  -51.912  44.712  -13.701 0.0000000000
109249  -52.685  45.827  -14.089 0.0000000000
95678  -48.288  37.110  4.405 0.0000000000
95671  -48.145  36.544  5.339 0.0000000000
95049  -48.298  35.069  5.283 0.0000000000
94374  -48.905  33.581  4.652 0.0000000000
93734  -48.883  32.404  2.176 0.0000000000
93716  -49.533  32.697  3.160 0.0000000000
93040  -52.350  32.384  -1.917 0.0000000000
92365  -51.554  31.540  -1.031 0.0000000000
92376  -51.397  31.412  -2.044 0.0000000000
91212  -49.981  28.915  -2.648 0.0000000000
118165  -50.565  28.298  -2.764 0.0000000000
90681  -51.332  28.515  -3.312 0.0000000000
90693  -52.334  28.070  -3.168 0.0000000000
93826  -45.102  32.699  -6.400 0.0000000000
118860  -45.831  32.667  -6.559 0.0000000000
96376  -49.246  36.808  -9.367 0.0000000000
95794  -49.362  35.568  -9.867 0.0000000000
95169  -48.928  34.722  -9.631 0.0000000000
93151  -51.549  31.716  -9.523 0.0000000000
93861  -50.162  32.552  -9.750 0.0000000000
93150  -50.691  31.880  -9.326 0.0000000000
93133  -49.813  31.754  -8.112 0.0000000000
93120  -48.885  31.719  -6.994 0.0000000000
112753  -50.161  31.354  -6.080 0.0000000000
122518  -51.188  31.578  -5.790 0.0000000000
119546  -53.006  32.105  -5.176 0.0000000000
92418  -56.120  30.789  -6.273 0.0000000000
91781  -56.527  29.492  -5.482 0.0000000000
91772  -55.905  29.408  -4.688 0.0000000000
90705  -57.109  26.804  -4.391 0.0000000000
90171  -56.537  26.221  -3.547 0.0000000000
90704  -56.440  26.449  -4.157 0.0000000000
124188  -53.180  28.988  -7.070 0.0000000000
91254  -51.443  28.513  -6.246 0.0000000000
91242  -51.007  27.908  -5.788 0.0000000000
90708  -49.896  27.085  -5.898 0.0000000000
90174  -49.849  26.383  -6.136 0.0000000000
90182  -49.115  26.868  -6.300 0.0000000000
92471  -50.600  30.695  -11.380 0.0000000000
92455  -51.072  30.465  -10.552 0.0000000000
92454  -50.239  30.575  -10.701 0.0000000000
92430  -49.031  30.045  -9.095 0.0000000000
91799  -45.319  29.327  -7.785 0.0000000000
91800  -46.289  29.283  -7.799 0.0000000000
91264  -45.767  28.720  -7.337 0.0000000000
90717  -45.674  27.537  -6.753 0.0000000000
90179  -46.068  26.977  -6.752 0.0000000000
90193  -45.301  26.233  -7.887 0.0000000000
89629  -44.716  25.697  -9.509 0.0000000000
131120  -49.115  24.857  0.388 0.0000000000
98039  -49.898  40.318  -9.911 0.0000000000
97003  -51.427  38.471  -11.688 0.0000000000
120179  -50.162  38.052  -12.269 0.0000000000
118484  -51.317  34.550  -14.391 0.0000000000
95857  -50.792  35.145  -14.218 0.0000000000
118616  -50.151  34.714  -14.301 0.0000000000
95222  -49.486  34.756  -14.299 0.0000000000
95855  -49.020  35.429  -14.497 0.0000000000
89503  -46.179  25.250  3.593 0.0000000000
90084  -46.221  25.798  2.681 0.0000000000
90093  -47.167  26.719  1.911 0.0000000000
90105  -46.590  27.201  1.232 0.0000000000
90656  -48.509  27.255  0.398 0.0000000000
119345  -39.837  43.338  -7.955 0.0000000000
99550  -39.847  42.806  -9.144 0.0000000000
99562  -40.159  42.311  -9.777 0.0000000000
100025  -46.925  43.400  -13.575 0.0000000000
100492  -48.774  44.547  -13.560 0.0000000000
110022  -51.893  46.545  -13.720 0.0000000000
94438  -52.255  33.223  -1.000 0.0000000000
93768  -52.495  33.050  -1.548 0.0000000000
125541  -52.302  32.303  -2.420 0.0000000000
93073  -52.205  31.897  -3.035 0.0000000000
121705  -45.834  35.103  -7.597 0.0000000000
95153  -46.511  34.708  -7.593 0.0000000000
95194  -52.315  35.230  -11.577 0.0000000000
95183  -51.365  34.758  -11.005 0.0000000000
94536  -52.006  34.269  -11.521 0.0000000000
93895  -52.061  33.220  -11.271 0.0000000000
93187  -53.220  31.843  -11.186 0.0000000000
93169  -51.868  31.879  -10.207 0.0000000000
93152  -52.446  31.608  -9.678 0.0000000000
93136  -52.311  31.524  -8.746 0.0000000000
93124  -54.388  31.605  -7.365 0.0000000000
93125  -55.532  31.236  -7.080 0.0000000000
93139  -56.707  30.477  -8.889 0.0000000000
93126  -56.832  30.538  -7.874 0.0000000000
93112  -56.459  30.584  -6.999 0.0000000000
92419  -57.115  29.635  -7.035 0.0000000000
113566  -57.300  28.083  -6.963 0.0000000000
91257  -57.482  27.473  -6.108 0.0000000000
91794  -56.769  28.082  -6.961 0.0000000000
129991  -51.504  29.271  -7.292 0.0000000000
92451  -47.781  30.891  -10.079 0.0000000000
92436  -46.608  30.708  -9.466 0.0000000000
128968  -44.599  28.960  -7.531 0.0000000000
91262  -43.572  28.262  -7.523 0.0000000000
90723  -43.353  27.529  -7.617 0.0000000000
97507  -47.083  38.292  -7.657 0.0000000000
117332  -47.867  38.262  -7.865 0.0000000000
96959  -49.837  39.145  -8.192 0.0000000000
96962  -49.894  38.408  -8.361 0.0000000000
96377  -50.286  37.444  -9.537 0.0000000000
96389  -52.155  37.163  -10.488 0.0000000000
97521  -51.393  40.913  -9.442 0.0000000000
97522  -52.631  40.815  -9.412 0.0000000000
97523  -53.410  39.997  -9.442 0.0000000000
96967  -53.893  39.367  -10.363 0.0000000000
96390  -53.514  38.823  -9.831 0.0000000000
95812  -52.336  36.130  -11.098 0.0000000000
94546  -54.014  34.551  -12.648 0.0000000000
94547  -54.744  34.129  -13.314 0.0000000000
95205  -54.878  34.735  -13.751 0.0000000000
93906  -54.805  32.768  -13.117 0.0000000000
93208  -55.276  31.956  -13.628 0.0000000000
93199  -55.438  30.969  -13.378 0.0000000000
92487  -55.399  30.329  -12.590 0.0000000000
92475  -54.971  29.895  -11.995 0.0000000000
92486  -54.568  30.414  -12.921 0.0000000000
92485  -53.210  30.576  -12.828 0.0000000000
92484  -51.970  30.711  -12.508 0.0000000000
92483  -51.005  30.845  -12.235 0.0000000000
93186  -50.174  31.037  -12.033 0.0000000000
94562  -51.154  33.874  -14.530 0.0000000000
94555  -50.495  33.330  -14.204 0.0000000000
93910  -49.928  32.785  -13.661 0.0000000000
93909  -49.106  33.008  -13.335 0.0000000000
93904  -49.476  32.340  -12.928 0.0000000000
89504  -47.044  24.993  4.437 0.0000000000
88918  -48.935  24.615  4.826 0.0000000000
89516  -49.447  25.278  3.801 0.0000000000
88927  -49.057  24.357  4.740 0.0000000000
88946  -49.577  24.589  2.927 0.0000000000
119638  -49.485  24.672  1.654 0.0000000000
88961  -49.997  24.698  0.992 0.0000000000
111708  -51.484  24.671  0.941 0.0000000000
89529  -51.633  25.199  2.059 0.0000000000
112691  -51.678  24.920  1.860 0.0000000000
88987  -52.812  24.756  0.376 0.0000000000
88988  -53.540  24.923  0.348 0.0000000000
88989  -54.082  25.068  -0.233 0.0000000000
99045  -42.384  41.444  -6.422 0.0000000000
99054  -42.113  41.442  -7.136 0.0000000000
99046  -42.626  41.044  -6.873 0.0000000000
97493  -42.622  39.612  -6.699 0.0000000000
97494  -43.492  39.647  -6.568 0.0000000000
98008  -44.080  40.195  -6.443 0.0000000000
98016  -44.271  40.320  -6.679 0.0000000000
98009  -44.778  40.093  -6.576 0.0000000000
99095  -41.416  41.158  -10.483 0.0000000000
98023  -45.425  39.445  -8.557 0.0000000000
98024  -46.276  39.083  -9.013 0.0000000000
98551  -45.891  40.182  -10.515 0.0000000000
98034  -47.453  39.521  -10.177 0.0000000000
98553  -47.648  39.905  -10.833 0.0000000000
99585  -45.847  42.367  -12.678 0.0000000000
99574  -47.168  42.181  -11.634 0.0000000000
99587  -47.557  42.892  -11.736 0.0000000000
131612  -48.421  39.821  -11.070 0.0000000000
130043  -48.091  39.541  -13.724 0.0000000000
109928  -52.528  46.466  -13.969 0.0000000000
110393  -52.733  46.302  -14.367 0.0000000000
124808  -52.985  45.804  -15.479 0.0000000000
92345  -47.432  30.440  0.721 0.0000000000
92993  -48.181  32.122  1.522 0.0000000000
92346  -48.157  30.701  1.041 0.0000000000
121537  -48.020  29.093  0.471 0.0000000000
91198  -48.607  27.995  -0.226 0.0000000000
126296  -51.093  32.775  1.804 0.0000000000
127476  -51.280  32.213  1.218 0.0000000000
93015  -50.704  31.688  0.901 0.0000000000
127643  -49.912  30.733  -0.602 0.0000000000
91747  -48.791  29.845  -0.383 0.0000000000
90665  -49.040  27.176  -0.337 0.0000000000
90666  -49.582  27.219  -0.904 0.0000000000
90139  -50.256  26.719  -0.697 0.0000000000
90140  -51.179  26.682  -0.936 0.0000000000
90676  -50.769  27.438  -2.031 0.0000000000
90124  -53.188  26.162  0.168 0.0000000000
90125  -53.872  25.871  -0.136 0.0000000000
90126  -54.390  25.452  -0.664 0.0000000000
93068  -45.635  31.453  -3.896 0.0000000000
93069  -46.493  31.171  -3.771 0.0000000000
93070  -47.456  30.950  -3.728 0.0000000000
96375  -48.499  36.497  -8.759 0.0000000000
123191  -47.971  36.263  -8.294 0.0000000000
123270  -47.469  36.057  -7.994 0.0000000000
128115  -47.460  34.612  -7.831 0.0000000000
132241  -47.544  34.006  -7.673 0.0000000000
95182  -50.405  34.689  -10.568 0.0000000000
94511  -49.166  33.824  -9.830 0.0000000000
124273  -48.638  34.139  -9.285 0.0000000000
93836  -47.126  32.933  -6.999 0.0000000000
93828  -47.342  31.997  -6.525 0.0000000000
125715  -47.829  31.265  -5.733 0.0000000000
93083  -47.503  30.749  -4.442 0.0000000000
128289  -48.266  31.103  -3.450 0.0000000000
93071  -49.014  31.219  -3.581 0.0000000000
93054  -49.999  31.728  -3.015 0.0000000000
111709  -50.339  31.358  -4.451 0.0000000000
128040  -50.975  31.647  -3.809 0.0000000000
93799  -50.988  32.021  -3.182 0.0000000000
93072  -51.866  31.711  -3.249 0.0000000000
126528  -52.416  30.896  -3.897 0.0000000000
92407  -54.396  31.708  -5.051 0.0000000000
127241  -53.702  31.973  -4.573 0.0000000000
92399  -53.282  31.865  -4.133 0.0000000000
90694  -53.392  27.769  -2.877 0.0000000000
91222  -54.806  28.588  -3.675 0.0000000000
90695  -54.778  27.730  -2.988 0.0000000000
90683  -54.146  27.114  -2.333 0.0000000000
90155  -54.775  26.358  -1.808 0.0000000000
90144  -54.891  25.783  -1.572 0.0000000000
89567  -54.936  25.330  -1.600 0.0000000000
89035  -55.127  24.990  -2.731 0.0000000000
89034  -54.664  24.978  -3.330 0.0000000000
89586  -53.895  25.352  -4.120 0.0000000000
90170  -55.687  25.767  -3.617 0.0000000000
124384  -54.309  25.213  -3.874 0.0000000000
89585  -53.668  24.815  -4.732 0.0000000000
91244  -54.747  27.739  -5.318 0.0000000000
90711  -53.723  27.373  -4.833 0.0000000000
122170  -52.583  27.300  -5.081 0.0000000000
90167  -52.483  26.530  -4.845 0.0000000000
89591  -53.255  25.165  -5.418 0.0000000000
89597  -53.186  24.874  -6.011 0.0000000000
89607  -52.788  24.710  -6.862 0.0000000000
89606  -51.236  25.290  -7.340 0.0000000000
89605  -49.872  25.475  -7.624 0.0000000000
91845  -52.789  29.994  -10.074 0.0000000000
92442  -51.746  30.173  -9.929 0.0000000000
91804  -50.382  29.334  -7.381 0.0000000000
92438  -48.233  30.396  -9.425 0.0000000000
91801  -47.116  29.201  -7.734 0.0000000000
118891  -48.975  29.270  -7.425 0.0000000000
91789  -49.254  28.990  -6.821 0.0000000000
90720  -48.433  27.555  -6.466 0.0000000000
123611  -47.910  26.843  -6.623 0.0000000000
90188  -47.505  26.340  -7.123 0.0000000000
90187  -46.547  26.510  -7.170 0.0000000000
88330  -48.343  23.968  5.725 0.0000000000
88345  -48.698  23.953  4.374 0.0000000000
88917  -48.663  24.175  5.305 0.0000000000
88949  -52.245  25.127  1.674 0.0000000000
88963  -52.417  24.877  1.289 0.0000000000
88965  -53.614  25.013  0.513 0.0000000000
88990  -54.647  25.128  -1.044 0.0000000000
89022  -54.448  24.810  -2.404 0.0000000000
89023  -55.017  25.047  -1.917 0.0000000000
89498  -48.598  24.562  5.113 0.0000000000
89537  -52.731  25.280  1.356 0.0000000000
89538  -53.324  25.311  0.813 0.0000000000
89551  -53.792  25.360  0.181 0.0000000000
89577  -55.553  25.211  -2.684 0.0000000000
89578  -56.078  25.445  -2.937 0.0000000000
90153  -52.874  26.700  -1.446 0.0000000000
90165  -56.451  25.877  -3.118 0.0000000000
90169  -54.698  25.573  -3.832 0.0000000000
90191  -43.267  26.877  -8.022 0.0000000000
90696  -56.240  26.913  -3.209 0.0000000000
91229  -52.566  29.965  -4.205 0.0000000000
91247  -45.319  28.163  -7.024 0.0000000000
91249  -46.971  28.184  -6.780 0.0000000000
91731  -47.419  29.413  0.538 0.0000000000
91820  -48.390  29.365  -7.890 0.0000000000
91836  -57.112  29.613  -9.584 0.0000000000
91859  -56.246  29.969  -11.471 0.0000000000
92495  -54.545  30.549  -13.981 0.0000000000
92496  -55.229  30.601  -13.524 0.0000000000
92497  -55.391  30.895  -13.879 0.0000000000
92502  -55.288  31.244  -14.329 0.0000000000
93016  -51.665  31.991  0.559 0.0000000000
93017  -52.276  32.549  0.003 0.0000000000
93031  -52.416  32.526  -0.872 0.0000000000
93204  -51.081  31.805  -13.597 0.0000000000
93207  -54.209  30.873  -14.459 0.0000000000
93209  -55.413  31.453  -14.123 0.0000000000
93216  -53.949  31.717  -14.697 0.0000000000
93218  -55.120  31.533  -14.575 0.0000000000
93671  -49.869  33.005  4.149 0.0000000000
93847  -48.539  32.544  -8.110 0.0000000000
93913  -55.221  32.391  -14.263 0.0000000000
93923  -55.112  32.031  -14.637 0.0000000000
94405  -51.833  33.007  0.663 0.0000000000
94564  -54.660  32.954  -14.501 0.0000000000
95687  -48.297  37.524  3.554 0.0000000000
96422  -54.711  36.342  -13.135 0.0000000000
96984  -54.652  38.052  -11.566 0.0000000000
97517  -51.897  39.876  -8.250 0.0000000000
98029  -52.490  40.584  -8.594 0.0000000000
98037  -51.918  41.264  -8.745 0.0000000000
99119  -48.440  41.626  -11.234 0.0000000000
100466  -51.039  44.731  -10.867 0.0000000000
100493  -49.597  45.132  -12.762 0.0000000000
109248  -51.469  45.234  -11.375 0.0000000000
110070  -51.786  46.012  -11.877 0.0000000000
110287  -52.169  46.007  -12.170 0.0000000000
110587  -50.137  32.881  3.376 0.0000000000
111423  -53.314  33.220  -14.606 0.0000000000
113570  -54.240  33.631  -14.399 0.0000000000
116646  -51.078  32.935  -1.883 0.0000000000
117444  -50.950  29.711  -8.628 0.0000000000
120596  -45.077  26.667  -7.348 0.0000000000
123342  -49.517  27.849  -1.531 0.0000000000
126879  -55.895  25.278  -2.967 0.0000000000
127123  -50.639  33.992  -10.724 0.0000000000
127889  -45.075  28.684  -7.369 0.0000000000
128682  -54.789  36.004  -13.620 0.0000000000
129744  -53.930  30.528  -13.440 0.0000000000
130027  -55.256  25.260  -2.155 0.0000000000
130294  -48.413  23.817  4.970 0.0000000000
130457  -51.357  29.099  -3.619 0.0000000000
132226  -48.070  26.394  -6.877 0.0000000000
132381  -51.486  32.870  1.181 0.0000000000
132623  -54.859  34.530  -13.948 0.0000000000
