#!ascii label  , from subject sub-v1s19x0051316_ses-1 vox2ras=TkReg
1147
58524  -24.290  -12.769  -39.094 0.5555555820
57520  -26.065  -12.862  -40.007 0.6666666865
59601  -26.300  -11.644  -40.902 0.7777777910
58549  -27.215  -12.396  -40.729 0.7777777910
60636  -27.384  -10.438  -42.095 0.8888888955
59617  -29.840  -11.726  -41.979 0.8888888955
57509  -23.683  -13.099  -38.501 0.5555555820
58535  -24.085  -11.991  -39.473 0.5555555820
59600  -25.309  -11.126  -40.606 0.6666666865
58563  -27.985  -11.904  -41.221 0.8888888955
59630  -28.310  -10.808  -42.171 0.8888888955
118143  -29.393  -10.374  -42.926 1.0000000000
129156  -30.107  -11.302  -42.450 0.8888888955
60650  -30.654  -10.504  -42.932 1.0000000000
59599  -24.397  -10.657  -40.278 0.7777777910
61712  -25.965  -9.265  -42.298 1.0000000000
61725  -25.793  -8.534  -43.227 1.0000000000
61726  -26.408  -9.017  -42.959 1.0000000000
61746  -27.930  -9.597  -44.445 1.0000000000
61739  -26.637  -9.117  -43.706 1.0000000000
61747  -28.958  -9.799  -44.499 1.0000000000
62818  -27.405  -8.951  -44.776 1.0000000000
61728  -30.792  -9.789  -43.546 1.0000000000
114312  -29.694  -9.495  -45.169 1.0000000000
62811  -30.458  -9.433  -45.113 1.0000000000
61743  -31.630  -9.321  -43.590 1.0000000000
125616  -31.564  -8.624  -44.608 1.0000000000
62813  -32.134  -8.624  -43.969 0.7777777910
62808  -25.115  -7.968  -43.336 0.8888888955
62809  -26.002  -8.710  -43.991 1.0000000000
62819  -28.549  -9.209  -45.145 1.0000000000
63915  -26.021  -7.895  -44.818 1.0000000000
62825  -27.888  -8.466  -45.278 1.0000000000
63925  -29.475  -8.428  -46.223 1.0000000000
120280  -31.212  -8.469  -46.071 1.0000000000
63917  -31.731  -8.248  -45.381 1.0000000000
62821  -32.329  -8.069  -44.598 1.0000000000
63906  -32.734  -7.977  -43.685 0.8888888955
131273  -32.954  -7.333  -43.682 1.0000000000
65000  -33.172  -7.337  -43.071 0.7777777910
64992  -33.669  -6.731  -41.510 0.7777777910
65019  -24.920  -6.192  -44.817 0.5555555820
66037  -27.292  -5.470  -46.499 0.7777777910
65030  -26.314  -6.343  -45.385 0.8888888955
65031  -28.156  -7.127  -46.153 1.0000000000
63924  -28.698  -7.795  -46.345 1.0000000000
120405  -27.931  -6.360  -46.422 0.8888888955
65036  -28.800  -7.127  -46.732 1.0000000000
63931  -30.416  -7.616  -46.994 1.0000000000
65032  -32.022  -7.299  -46.291 1.0000000000
63918  -32.870  -7.268  -44.401 0.8888888955
65021  -33.013  -6.634  -45.243 1.0000000000
65009  -33.242  -6.328  -44.364 0.8888888955
125232  -33.856  -5.688  -41.775 0.7777777910
64927  -35.411  -6.236  -40.157 0.6666666865
65962  -35.374  -5.680  -40.505 0.6666666865
67969  -25.924  -3.686  -46.032 0.4444444478
67030  -26.096  -4.695  -46.051 0.7777777910
67976  -26.283  -3.231  -47.450 0.6666666865
66048  -28.402  -5.011  -47.474 0.7777777910
129096  -28.817  -5.623  -47.329 0.8888888955
66039  -29.585  -5.918  -47.414 0.8888888955
65038  -30.947  -7.020  -47.198 1.0000000000
66050  -30.245  -5.274  -47.566 1.0000000000
66041  -31.491  -6.152  -46.966 1.0000000000
66028  -32.998  -6.047  -45.885 1.0000000000
66017  -33.449  -5.373  -44.272 0.8888888955
66979  -34.143  -5.040  -41.970 0.7777777910
65946  -36.380  -5.496  -39.607 0.5555555820
66980  -34.778  -4.583  -41.530 0.7777777910
114651  -35.679  -4.981  -40.477 0.6666666865
68928  -26.415  -2.456  -47.918 0.6666666865
67046  -27.783  -4.269  -47.645 0.7777777910
67977  -27.313  -3.269  -47.924 0.7777777910
67047  -28.938  -4.299  -47.827 0.8888888955
67048  -30.021  -4.311  -47.802 1.0000000000
67049  -30.962  -4.622  -47.333 1.0000000000
67040  -32.270  -4.667  -46.348 1.0000000000
66042  -32.321  -5.658  -46.433 0.8888888955
127995  -33.417  -4.628  -44.623 0.8888888955
67000  -34.404  -4.305  -42.319 0.8888888955
126195  -33.793  -4.787  -42.633 0.7777777910
67022  -33.286  -4.266  -45.245 0.8888888955
66999  -34.112  -4.153  -43.184 0.7777777910
67910  -34.808  -3.840  -41.949 0.7777777910
66960  -35.857  -4.158  -40.752 0.7777777910
67876  -37.046  -4.195  -40.030 0.6666666865
69905  -26.866  -1.571  -48.043 0.6666666865
69904  -25.940  -1.718  -47.703 0.5555555820
68929  -27.552  -2.284  -48.149 0.7777777910
120410  -28.263  -2.785  -48.166 0.8888888955
67979  -29.486  -3.558  -48.038 0.8888888955
117098  -30.683  -2.958  -47.749 1.0000000000
67980  -30.792  -3.763  -47.524 1.0000000000
67962  -32.684  -3.829  -45.861 1.0000000000
67031  -32.759  -4.639  -45.720 0.8888888955
67926  -34.713  -3.619  -42.717 0.7777777910
67927  -35.149  -3.192  -42.120 0.7777777910
67891  -37.285  -3.482  -40.335 0.6666666865
66962  -38.679  -4.079  -40.346 0.5555555820
66946  -39.221  -4.663  -40.055 0.5555555820
69906  -27.942  -1.454  -48.254 0.7777777910
69917  -27.709  -0.574  -48.342 0.6666666865
68930  -28.784  -1.869  -48.379 0.8888888955
67981  -31.395  -3.260  -47.221 1.0000000000
123245  -32.942  -2.986  -45.766 0.8888888955
67963  -33.412  -3.450  -45.303 0.8888888955
68903  -33.813  -2.858  -44.819 0.8888888955
67942  -33.893  -3.733  -43.833 0.8888888955
68854  -35.734  -2.766  -41.485 0.7777777910
68856  -37.063  -2.055  -40.897 0.7777777910
68839  -37.520  -2.771  -40.660 0.7777777910
67893  -38.907  -3.425  -40.796 0.5555555820
69833  -35.965  -1.802  -41.738 0.7777777910
68841  -39.105  -2.817  -41.310 0.5555555820
67911  -39.621  -3.499  -41.299 0.5555555820
68858  -39.421  -2.287  -41.811 0.6666666865
125065  -26.326  3.188  -48.744 0.4444444478
70974  -27.157  0.257  -48.290 0.5555555820
70975  -29.323  -0.095  -49.637 0.7777777910
68932  -30.559  -1.941  -48.361 1.0000000000
69919  -29.653  -0.954  -49.319 0.8888888955
69907  -31.361  -1.444  -47.739 1.0000000000
69895  -32.015  -1.884  -46.927 0.8888888955
69883  -33.302  -1.839  -45.958 0.8888888955
68911  -33.243  -2.427  -45.771 0.8888888955
69884  -33.726  -2.171  -45.358 0.8888888955
68891  -34.773  -2.407  -43.576 0.8888888955
132796  -40.337  -2.991  -42.602 0.5555555820
71911  -31.552  1.240  -50.676 0.6666666865
128174  -29.938  0.497  -49.874 0.6666666865
70978  -31.096  0.199  -48.900 0.7777777910
69908  -32.213  -1.063  -47.220 0.8888888955
70966  -31.629  -0.533  -48.078 0.7777777910
70941  -33.298  -1.061  -46.012 0.7777777910
69896  -32.760  -1.486  -46.529 0.8888888955
70942  -33.855  -0.733  -45.551 0.7777777910
132789  -34.083  -1.743  -45.160 0.8888888955
70908  -35.022  -1.205  -44.085 0.7777777910
69860  -35.005  -1.740  -43.612 0.7777777910
69848  -35.616  -1.670  -42.487 0.6666666865
118082  -36.523  -0.074  -42.556 0.6666666865
70883  -37.799  -0.611  -41.832 0.6666666865
131198  -37.281  -0.824  -41.485 0.6666666865
69835  -37.617  -1.411  -41.312 0.5555555820
70898  -39.126  -0.359  -42.684 0.6666666865
70899  -39.837  -1.006  -42.876 0.5555555820
69862  -40.441  -1.804  -43.780 0.5555555820
68876  -40.345  -2.448  -43.021 0.4444444478
69876  -40.300  -1.536  -44.443 0.5555555820
74545  -32.750  3.475  -49.764 0.3333333433
73713  -32.296  3.390  -50.751 0.3333333433
71902  -32.276  1.869  -49.829 0.5555555820
71901  -31.805  0.931  -50.250 0.6666666865
72783  -32.608  1.753  -48.720 0.5555555820
130575  -31.923  1.253  -48.925 0.7777777910
71874  -33.098  0.141  -47.235 0.7777777910
71851  -34.429  0.104  -44.659 0.6666666865
70926  -34.735  -0.555  -44.423 0.6666666865
70955  -33.815  -0.128  -45.665 0.6666666865
70909  -35.191  -0.518  -43.666 0.6666666865
71826  -38.714  0.393  -42.828 0.6666666865
71827  -39.335  0.242  -43.135 0.6666666865
111453  -40.547  -0.902  -44.095 0.5555555820
70944  -39.848  -0.778  -46.076 0.5555555820
119438  -40.460  -0.264  -43.950 0.6666666865
114638  -33.147  2.067  -47.433 0.4444444478
75379  -33.175  3.370  -48.410 0.4444444478
73701  -33.044  2.902  -49.612 0.4444444478
73673  -33.171  1.785  -46.794 0.5555555820
72768  -33.083  1.666  -47.833 0.5555555820
123648  -33.675  0.634  -45.837 0.6666666865
71875  -33.056  0.874  -47.502 0.6666666865
71852  -34.752  0.489  -44.057 0.6666666865
131944  -34.831  -0.031  -43.983 0.6666666865
71824  -37.213  0.415  -42.670 0.6666666865
71825  -38.051  0.495  -42.601 0.6666666865
71841  -40.316  0.561  -44.349 0.6666666865
127076  -40.330  0.403  -45.010 0.5555555820
70945  -40.179  -0.141  -45.496 0.6666666865
73660  -33.765  0.895  -45.452 0.4444444478
72717  -35.689  0.882  -43.417 0.6666666865
72706  -36.791  1.196  -43.209 0.6666666865
71839  -36.290  0.443  -43.067 0.6666666865
72721  -39.199  1.039  -43.302 0.6666666865
59614  -26.790  -10.968  -41.498 0.8888888955
60627  -25.862  -10.604  -41.236 1.0000000000
61727  -27.272  -9.547  -43.272 1.0000000000
60654  -29.316  -10.068  -43.610 1.0000000000
119456  -25.952  -3.251  -46.890 0.5555555820
67021  -33.021  -5.162  -45.162 0.8888888955
69916  -26.545  -0.689  -47.804 0.5555555820
109866  -27.217  2.648  -48.884 0.5555555820
69918  -28.700  -0.851  -48.669 0.7777777910
68933  -31.306  -2.372  -47.423 1.0000000000
68873  -34.981  -2.854  -42.895 0.8888888955
109892  -26.782  3.582  -48.723 0.2222222239
68857  -38.519  -2.046  -41.452 0.6666666865
70953  -32.957  -0.692  -46.779 0.7777777910
68875  -39.808  -1.790  -42.437 0.4444444478
72731  -34.066  0.576  -45.076 0.6666666865
68921  -25.900  -2.472  -47.434 0.4444444478
70952  -25.862  -0.862  -47.379 0.4444444478
70956  -39.308  -0.544  -46.962 0.5555555820
75370  -33.372  2.862  -47.756 0.2222222239
74522  -33.214  2.390  -47.119 0.3333333433
70957  -39.977  -0.004  -46.426 0.5555555820
56540  -24.952  -14.276  -38.357 0.5555555820
57511  -25.442  -13.856  -38.879 0.5555555820
131332  -25.037  -13.236  -39.177 0.6666666865
57529  -26.802  -12.941  -40.261 0.5555555820
58564  -29.017  -11.977  -41.409 0.7777777910
58565  -29.719  -12.301  -41.383 0.8888888955
57497  -24.091  -13.861  -38.081 0.5555555820
58550  -28.319  -12.652  -40.800 0.6666666865
59618  -30.669  -11.732  -42.098 0.7777777910
60651  -31.291  -11.010  -42.403 0.8888888955
58522  -22.926  -12.541  -38.230 0.4444444478
59568  -23.373  -11.588  -39.236 0.5555555820
61729  -31.535  -10.181  -42.980 1.0000000000
60625  -24.192  -9.724  -40.528 0.2222222239
61701  -24.621  -9.241  -41.238 0.6666666865
126956  -32.590  -8.944  -42.490 0.8888888955
62787  -32.934  -8.709  -41.847 0.6666666865
63882  -33.645  -7.279  -41.348 0.7777777910
62786  -24.264  -7.766  -41.922 0.5555555820
131365  -34.669  -6.827  -40.588 0.6666666865
65008  -23.924  -7.115  -43.786 0.4444444478
65935  -37.763  -5.942  -39.003 0.5555555820
67020  -25.212  -5.101  -44.701 0.2222222239
65948  -38.150  -5.287  -39.386 0.5555555820
68920  -25.851  -2.679  -46.795 0.4444444478
66945  -38.458  -4.646  -39.785 0.5555555820
126895  -25.743  -0.921  -47.079 0.3333333433
121712  -39.819  -4.806  -40.612 0.5555555820
71896  -26.669  0.774  -48.165 0.4444444478
118012  -40.424  -4.434  -42.508 0.4444444478
109987  -25.563  4.116  -48.660 0.3333333433
132737  -40.454  -3.935  -42.773 0.5555555820
67955  -39.950  -3.376  -44.549 0.4444444478
73700  -30.882  4.217  -49.931 0.3333333433
128173  -30.480  3.843  -50.078 0.3333333433
72805  -31.727  2.442  -51.552 0.4444444478
68905  -40.160  -2.347  -44.477 0.4444444478
69897  -39.154  -1.291  -46.530 0.4444444478
74514  -33.203  1.877  -46.575 0.3333333433
72732  -34.476  0.633  -44.323 0.6666666865
72707  -37.770  1.102  -42.924 0.6666666865
72733  -40.254  1.622  -44.666 0.6666666865
71853  -40.378  1.023  -44.926 0.6666666865
71868  -40.356  0.710  -45.774 0.6666666865
71878  -40.237  0.676  -46.815 0.4444444478
71877  -39.664  0.092  -47.342 0.3333333433
72718  -36.240  1.551  -43.553 0.5555555820
58536  -25.073  -12.543  -39.667 0.6666666865
118856  -25.776  -13.392  -39.466 0.6666666865
58547  -25.615  -12.055  -40.317 0.6666666865
58548  -26.377  -12.390  -40.462 0.7777777910
59602  -27.156  -11.679  -41.215 0.8888888955
60647  -27.998  -10.114  -42.788 1.0000000000
60646  -26.915  -9.711  -42.593 1.0000000000
59615  -27.693  -11.206  -41.636 0.8888888955
60635  -26.390  -10.102  -41.900 1.0000000000
59632  -29.619  -11.002  -42.529 1.0000000000
59616  -29.105  -11.286  -42.131 0.8888888955
57510  -24.601  -13.527  -38.672 0.5555555820
58523  -23.432  -12.307  -38.927 0.5555555820
59584  -23.819  -11.155  -39.718 0.6666666865
59585  -24.703  -11.598  -40.032 0.6666666865
129832  -28.449  -11.434  -41.694 0.8888888955
59631  -28.936  -10.602  -42.672 1.0000000000
60649  -29.941  -10.609  -42.864 1.0000000000
60648  -28.729  -10.205  -43.281 1.0000000000
59633  -30.470  -11.121  -42.558 1.0000000000
60655  -30.066  -9.990  -43.346 1.0000000000
60616  -23.610  -10.277  -39.913 0.5555555820
60626  -24.959  -10.152  -40.896 0.8888888955
60634  -25.463  -9.660  -41.589 1.0000000000
61711  -25.180  -8.636  -42.101 0.8888888955
132259  -25.627  -8.639  -42.625 0.8888888955
128111  -24.982  -8.127  -42.594 0.8888888955
61740  -27.520  -9.663  -43.960 1.0000000000
62810  -26.944  -9.156  -44.223 1.0000000000
126615  -28.002  -9.965  -43.558 1.0000000000
62817  -26.413  -8.599  -44.489 1.0000000000
63916  -27.024  -8.146  -45.017 1.0000000000
61742  -30.008  -9.582  -44.235 1.0000000000
61730  -32.217  -9.648  -42.900 0.8888888955
62812  -30.858  -9.255  -44.483 1.0000000000
62828  -30.316  -8.958  -45.759 1.0000000000
62826  -28.617  -8.421  -45.733 1.0000000000
62820  -30.984  -8.869  -45.286 1.0000000000
132056  -31.473  -8.871  -44.117 1.0000000000
62797  -32.436  -8.813  -43.238 0.8888888955
63892  -32.914  -8.124  -42.545 0.7777777910
129600  -25.340  -7.610  -44.533 1.0000000000
63904  -24.808  -7.660  -43.935 0.5555555820
63905  -25.587  -8.185  -44.230 1.0000000000
63891  -24.132  -7.541  -43.058 0.5555555820
63923  -27.826  -7.637  -45.604 1.0000000000
63930  -29.539  -7.772  -46.798 1.0000000000
63926  -30.407  -8.238  -46.489 1.0000000000
63932  -31.305  -7.732  -46.681 1.0000000000
63928  -32.396  -7.524  -45.414 1.0000000000
125750  -33.172  -6.771  -43.613 0.8888888955
124100  -33.474  -6.236  -41.880 0.7777777910
65961  -34.862  -6.213  -40.804 0.6666666865
63914  -24.696  -7.032  -44.543 0.5555555820
66025  -25.335  -5.528  -44.931 0.6666666865
65029  -25.553  -6.035  -45.134 0.6666666865
65020  -25.611  -6.916  -44.965 0.7777777910
66036  -26.551  -5.225  -46.120 0.7777777910
67037  -26.754  -4.690  -46.723 0.6666666865
67038  -27.545  -4.976  -47.135 0.8888888955
66027  -26.902  -5.904  -45.875 0.8888888955
66038  -28.109  -5.654  -46.990 0.8888888955
63922  -26.697  -7.265  -45.239 0.8888888955
116100  -27.359  -6.728  -45.707 1.0000000000
119294  -28.811  -6.319  -47.052 0.8888888955
65037  -29.772  -6.937  -47.205 1.0000000000
65040  -32.224  -6.499  -46.430 1.0000000000
66016  -33.247  -5.970  -45.095 0.8888888955
66008  -33.499  -5.943  -43.457 0.8888888955
65987  -34.106  -6.219  -41.384 0.7777777910
66959  -35.122  -5.281  -40.951 0.6666666865
64910  -36.773  -6.034  -39.153 0.5555555820
66942  -36.089  -5.047  -39.933 0.6666666865
67970  -26.160  -3.974  -46.752 0.5555555820
68899  -25.891  -3.933  -45.056 0.3333333433
67960  -25.830  -4.532  -45.191 0.3333333433
67961  -25.929  -4.291  -46.007 0.4444444478
66026  -26.011  -5.450  -45.481 0.6666666865
67971  -26.790  -4.043  -47.405 0.7777777910
66049  -29.350  -5.075  -47.618 0.8888888955
66040  -30.495  -6.153  -47.314 1.0000000000
119159  -31.624  -5.163  -46.862 1.0000000000
111781  -33.473  -4.942  -43.226 0.7777777910
66944  -37.607  -4.696  -39.669 0.5555555820
67978  -28.500  -3.521  -48.029 0.8888888955
67039  -31.675  -4.416  -46.878 1.0000000000
123843  -35.972  -3.310  -40.903 0.7777777910
67877  -37.866  -4.100  -40.124 0.6666666865
69894  -25.768  -1.753  -47.333 0.4444444478
68931  -30.009  -2.818  -48.230 0.8888888955
67973  -32.452  -3.120  -46.256 0.8888888955
67943  -34.409  -3.243  -43.506 0.7777777910
67892  -38.123  -3.420  -40.489 0.6666666865
66982  -40.078  -4.338  -41.452 0.5555555820
66963  -39.414  -4.102  -40.696 0.5555555820
130614  -28.528  -0.269  -48.836 0.6666666865
68937  -29.792  -1.869  -48.619 0.8888888955
68922  -31.996  -2.776  -46.791 1.0000000000
120820  -33.926  -3.205  -44.132 0.8888888955
68874  -35.443  -2.403  -42.308 0.8888888955
69847  -35.176  -2.043  -42.994 0.8888888955
67912  -40.231  -3.504  -42.161 0.5555555820
71897  -27.861  0.735  -48.725 0.5555555820
69920  -30.298  -0.916  -49.391 1.0000000000
70976  -30.250  -0.201  -49.875 0.7777777910
69921  -30.702  -0.935  -49.025 0.7777777910
67944  -40.293  -3.883  -43.978 0.5555555820
71910  -31.188  1.346  -50.832 0.5555555820
71899  -30.404  0.591  -50.095 0.5555555820
72806  -31.509  2.815  -51.034 0.4444444478
115722  -31.096  0.372  -50.329 0.6666666865
70977  -30.544  -0.210  -49.920 0.7777777910
71898  -29.262  0.538  -49.606 0.7777777910
71886  -32.049  0.405  -48.482 0.7777777910
69874  -34.440  -1.251  -44.908 0.7777777910
70910  -36.091  -0.786  -42.101 0.6666666865
70882  -37.004  -0.316  -41.856 0.6666666865
70897  -38.333  -0.154  -42.423 0.6666666865
122148  -39.289  -1.056  -42.369 0.5555555820
69837  -39.040  -1.511  -41.924 0.5555555820
69875  -39.774  -1.854  -45.139 0.4444444478
68892  -40.485  -2.870  -43.849 0.4444444478
69885  -39.707  -1.439  -45.785 0.5555555820
122604  -31.996  2.998  -50.982 0.4444444478
72796  -32.909  2.623  -49.909 0.5555555820
71887  -32.631  0.912  -48.341 0.6666666865
71876  -33.495  0.334  -46.298 0.7777777910
71840  -39.984  0.427  -43.697 0.6666666865
70927  -40.387  -0.191  -44.600 0.6666666865
112454  -33.217  1.418  -46.799 0.5555555820
72751  -33.633  0.924  -46.033 0.6666666865
72708  -38.422  0.973  -42.913 0.6666666865
72722  -39.934  1.315  -44.050 0.6666666865
70965  -26.230  0.197  -47.691 0.4444444478
72792  -28.106  2.472  -48.966 0.3333333433
114984  -38.540  -1.052  -47.380 0.3333333433
71889  -40.030  0.699  -47.692 0.3333333433
113755  -29.926  -12.778  -40.993 0.6666666865
57496  -23.156  -13.302  -37.681 0.4444444478
56531  -23.652  -14.190  -37.429 0.5555555820
61713  -32.037  -10.328  -42.339 0.7777777910
63881  -33.375  -7.932  -41.631 0.6666666865
67029  -25.763  -4.954  -45.327 0.3333333433
66015  -24.524  -5.582  -44.569 0.3333333433
66014  -23.502  -5.517  -44.192 0.1111111119
67950  -25.167  -4.390  -44.489 0.1111111119
70964  -25.845  0.025  -47.304 0.3333333433
71885  -26.052  0.681  -47.684 0.3333333433
72793  -29.631  2.108  -48.815 0.3333333433
72770  -40.556  1.423  -46.327 0.6666666865
110629  -40.543  1.329  -47.235 0.4444444478
55523  -28.339  -15.886  -38.753 0.4444444478
55504  -29.745  -15.888  -36.609 0.2222222239
55520  -25.883  -15.424  -38.220 0.4444444478
57512  -26.250  -14.116  -39.196 0.4444444478
56542  -26.585  -14.748  -38.984 0.4444444478
55529  -27.896  -15.388  -39.087 0.4444444478
55531  -29.391  -15.273  -39.418 0.4444444478
55525  -30.434  -15.057  -38.545 0.2222222239
57522  -27.791  -14.102  -39.926 0.4444444478
56553  -28.773  -14.660  -39.886 0.4444444478
57483  -31.226  -14.013  -37.655 0.1111111119
57484  -31.632  -13.832  -37.018 0.1111111119
56559  -29.325  -14.106  -40.225 0.4444444478
56555  -30.304  -14.211  -39.545 0.3333333433
57530  -27.597  -13.252  -40.322 0.4444444478
124470  -28.671  -13.635  -40.415 0.4444444478
56554  -29.669  -14.611  -39.806 0.3333333433
57513  -30.875  -13.667  -39.118 0.3333333433
57499  -31.636  -13.323  -37.827 0.2222222239
57531  -29.552  -13.426  -40.572 0.4444444478
57523  -29.951  -13.856  -40.156 0.3333333433
59569  -31.844  -12.253  -38.966 0.2222222239
58526  -32.181  -12.203  -38.462 0.1111111119
127682  -33.605  -11.726  -37.666 0.1111111119
58553  -31.273  -12.466  -40.493 0.3333333433
59586  -31.813  -12.019  -39.679 0.3333333433
58567  -31.012  -12.240  -41.355 0.4444444478
59619  -31.554  -11.653  -41.620 0.5555555820
60628  -32.228  -11.068  -41.144 0.6666666865
60618  -33.601  -10.352  -39.561 0.4444444478
60637  -32.032  -11.009  -41.933 0.6666666865
61691  -34.776  -9.653  -38.742 0.3333333433
116618  -32.481  -10.221  -41.472 0.6666666865
119718  -33.980  -9.426  -39.887 0.5555555820
61714  -32.478  -9.485  -42.015 0.6666666865
62774  -33.978  -8.604  -40.429 0.5555555820
62754  -34.536  -8.576  -39.855 0.5555555820
122787  -34.663  -9.185  -39.300 0.4444444478
62755  -35.586  -8.167  -39.105 0.3333333433
63843  -35.692  -7.470  -39.255 0.4444444478
113039  -35.527  -6.870  -39.645 0.5555555820
63842  -35.090  -7.763  -39.819 0.4444444478
64911  -37.294  -6.612  -38.617 0.4444444478
72720  -38.372  1.670  -43.301 0.5555555820
73643  -39.296  2.067  -43.750 0.5555555820
73651  -39.919  2.184  -44.322 0.5555555820
73661  -40.365  2.359  -44.918 0.5555555820
73674  -40.663  2.417  -45.871 0.5555555820
54456  -27.866  -16.322  -38.258 0.4444444478
55516  -29.899  -15.758  -37.611 0.2222222239
57498  -31.045  -13.862  -38.334 0.2222222239
58525  -31.763  -12.744  -38.503 0.2222222239
58514  -32.259  -12.575  -37.842 0.1111111119
59587  -32.433  -11.400  -39.824 0.4444444478
130004  -32.944  -11.506  -38.685 0.3333333433
59603  -31.896  -11.696  -40.616 0.4444444478
130650  -32.735  -10.521  -40.717 0.6666666865
60629  -33.327  -10.062  -40.303 0.4444444478
63812  -36.122  -7.655  -38.655 0.3333333433
64928  -36.232  -6.813  -38.935 0.4444444478
120912  -39.484  -6.009  -39.509 0.4444444478
74502  -39.093  2.786  -44.007 0.5555555820
57521  -26.765  -13.599  -39.796 0.4444444478
60605  -34.515  -10.315  -38.437 0.2222222239
72752  -40.442  1.609  -45.402 0.5555555820
54445  -26.379  -16.962  -37.502 0.4444444478
54454  -27.204  -16.703  -37.782 0.4444444478
54446  -27.761  -17.135  -37.187 0.4444444478
54448  -29.090  -16.625  -36.470 0.2222222239
55488  -29.707  -16.202  -35.935 0.2222222239
54432  -30.196  -16.449  -35.328 0.1111111119
55511  -24.738  -15.329  -37.513 0.4444444478
55512  -25.477  -15.741  -37.741 0.4444444478
55517  -30.459  -15.181  -37.815 0.1111111119
56521  -31.542  -14.298  -36.391 0.1111111119
55489  -30.416  -15.641  -35.828 0.1111111119
56522  -32.188  -13.879  -36.277 0.1111111119
57485  -32.351  -13.142  -36.974 0.1111111119
125546  -33.823  -12.801  -36.071 0.1111111119
59534  -34.761  -11.843  -36.537 0.1111111119
59556  -34.354  -11.529  -37.295 0.1111111119
60582  -34.858  -10.617  -37.738 0.2222222239
61661  -35.319  -8.994  -38.682 0.1111111119
61626  -35.182  -9.860  -38.127 0.2222222239
121983  -36.602  -7.974  -38.235 0.2222222239
62718  -37.288  -7.978  -38.090 0.2222222239
63813  -36.870  -7.334  -38.361 0.3333333433
64929  -38.700  -5.946  -39.122 0.3333333433
64963  -40.108  -6.289  -40.316 0.3333333433
65949  -38.996  -5.281  -39.579 0.4444444478
120825  -40.319  -6.316  -41.262 0.3333333433
111722  -28.807  1.931  -49.217 0.4444444478
121305  -40.415  -4.412  -43.430 0.4444444478
68904  -39.450  -2.824  -45.334 0.3333333433
73689  -40.838  1.964  -46.771 0.5555555820
73641  -37.584  2.189  -43.651 0.5555555820
73642  -38.491  2.430  -43.739 0.5555555820
73650  -39.589  2.665  -44.217 0.5555555820
74516  -40.481  3.199  -45.103 0.5555555820
132125  -38.526  2.844  -44.034 0.5555555820
56533  -25.251  -14.995  -38.009 0.4444444478
56541  -25.845  -14.704  -38.618 0.4444444478
58551  -29.238  -12.794  -40.915 0.5555555820
58566  -30.308  -12.271  -41.497 0.6666666865
62788  -33.482  -8.612  -41.128 0.5555555820
63871  -33.922  -7.785  -40.834 0.5555555820
63872  -34.563  -7.355  -40.434 0.4444444478
65964  -40.152  -5.589  -40.804 0.4444444478
68913  -39.162  -2.141  -46.040 0.3333333433
124358  -30.570  -12.745  -40.858 0.3333333433
58552  -30.152  -13.247  -40.557 0.3333333433
126982  -29.479  -16.106  -38.225 0.4444444478
54455  -29.278  -16.328  -37.460 0.3333333433
121610  -29.251  -15.869  -38.872 0.4444444478
55515  -28.776  -16.421  -38.179 0.4444444478
55505  -30.385  -15.241  -36.792 0.1111111119
55513  -26.311  -16.167  -37.992 0.4444444478
55521  -26.620  -15.400  -38.541 0.4444444478
55514  -27.088  -16.087  -38.277 0.4444444478
56551  -27.067  -14.417  -39.423 0.4444444478
55522  -27.495  -15.678  -38.659 0.4444444478
56543  -27.229  -15.079  -39.055 0.4444444478
56552  -27.882  -14.857  -39.490 0.4444444478
55530  -28.614  -15.395  -39.331 0.4444444478
55524  -29.967  -15.607  -38.550 0.4444444478
131227  -29.713  -15.515  -39.058 0.4444444478
56544  -30.096  -15.087  -39.202 0.4444444478
56520  -30.988  -14.522  -37.081 0.1111111119
56534  -30.809  -14.553  -38.055 0.2222222239
132625  -31.386  -12.859  -39.377 0.3333333433
57524  -30.645  -13.301  -40.021 0.3333333433
57514  -31.348  -13.300  -38.635 0.2222222239
59570  -32.400  -11.730  -38.970 0.2222222239
59555  -32.810  -11.887  -38.170 0.1111111119
59571  -33.441  -11.335  -38.431 0.1111111119
59533  -33.893  -12.242  -36.788 0.1111111119
59604  -32.453  -11.097  -40.468 0.4444444478
60617  -32.983  -10.789  -40.031 0.4444444478
60619  -34.241  -9.948  -39.135 0.3333333433
60603  -33.119  -11.123  -39.196 0.4444444478
60604  -33.866  -10.707  -38.811 0.3333333433
61662  -35.958  -9.262  -37.767 0.1111111119
61702  -33.014  -9.378  -41.358 0.5555555820
132440  -33.021  -9.899  -40.907 0.5555555820
62775  -34.432  -8.012  -40.273 0.5555555820
62716  -35.999  -8.381  -38.285 0.3333333433
64912  -38.305  -6.612  -38.711 0.4444444478
124223  -28.059  -16.686  -37.752 0.4444444478
58515  -33.013  -12.398  -37.329 0.1111111119
74501  -38.566  3.307  -44.391 0.5555555820
59572  -34.191  -11.069  -38.013 0.2222222239
53408  -26.987  -17.249  -37.308 0.4444444478
54447  -28.378  -17.087  -36.654 0.4444444478
116369  -28.564  -16.739  -37.309 0.4444444478
56503  -31.018  -14.821  -36.073 0.1111111119
117879  -32.795  -13.445  -36.208 0.1111111119
49202  -26.274  -21.194  -32.182 0.1111111119
51126  -23.655  -19.362  -34.259 0.3333333433
50158  -25.552  -20.866  -33.817 0.2222222239
50147  -25.880  -21.205  -33.084 0.2222222239
50148  -26.768  -20.899  -32.838 0.1111111119
53373  -23.070  -17.151  -34.749 0.3333333433
53357  -22.662  -17.737  -33.800 0.3333333433
52198  -23.064  -18.530  -34.073 0.3333333433
133086  -25.079  -19.845  -34.873 0.3333333433
51143  -25.973  -19.904  -34.988 0.3333333433
50159  -26.404  -20.668  -33.538 0.2222222239
126179  -27.486  -20.688  -32.625 0.1111111119
116115  -26.798  -20.179  -33.863 0.2222222239
55474  -22.831  -15.871  -35.294 0.2222222239
54412  -22.904  -16.451  -35.038 0.2222222239
52212  -23.683  -18.603  -34.777 0.3333333433
51141  -24.406  -19.311  -34.892 0.3333333433
51144  -26.784  -19.802  -34.437 0.1111111119
132677  -23.049  -14.832  -36.215 0.2222222239
54428  -23.219  -16.287  -35.669 0.3333333433
55501  -23.636  -15.408  -36.588 0.3333333433
54443  -24.325  -16.241  -36.616 0.3333333433
53388  -23.442  -17.009  -35.424 0.3333333433
53400  -24.636  -17.175  -36.414 0.3333333433
52226  -25.561  -18.827  -35.913 0.3333333433
53390  -25.031  -18.030  -36.178 0.3333333433
52227  -26.516  -18.825  -35.888 0.3333333433
52228  -27.348  -18.617  -35.586 0.3333333433
52199  -27.525  -19.277  -34.459 0.1111111119
132877  -27.595  -18.847  -34.976 0.2222222239
56517  -22.705  -14.122  -36.221 0.2222222239
56518  -23.320  -14.552  -36.783 0.3333333433
55502  -24.356  -15.589  -37.013 0.3333333433
55503  -24.981  -16.015  -37.191 0.3333333433
128503  -25.795  -17.181  -37.227 0.3333333433
53402  -26.437  -17.620  -36.953 0.3333333433
52229  -28.065  -18.358  -35.167 0.1111111119
57481  -22.347  -13.334  -36.296 0.3333333433
57482  -22.892  -13.725  -36.888 0.3333333433
56532  -24.443  -14.624  -37.794 0.3333333433
54453  -25.677  -16.534  -37.492 0.3333333433
53403  -27.228  -17.578  -36.869 0.3333333433
64913  -38.722  -7.233  -38.617 0.2222222239
64930  -39.234  -6.753  -39.024 0.2222222239
63844  -39.801  -7.436  -39.533 0.2222222239
66983  -40.411  -5.181  -42.161 0.3333333433
65988  -40.364  -5.855  -41.751 0.2222222239
51127  -24.433  -20.041  -34.415 0.3333333433
50160  -27.262  -20.356  -33.265 0.1111111119
56502  -23.028  -15.493  -35.841 0.3333333433
52213  -24.487  -18.544  -35.495 0.3333333433
52214  -26.827  -19.262  -35.153 0.3333333433
54442  -23.543  -16.064  -36.197 0.3333333433
56519  -23.972  -15.004  -37.271 0.3333333433
53404  -27.838  -17.575  -36.478 0.3333333433
49201  -25.182  -21.391  -32.240 0.1111111119
49182  -25.803  -21.674  -31.691 0.1111111119
131600  -22.526  -18.296  -33.404 0.3333333433
51125  -22.897  -19.196  -33.356 0.3333333433
50156  -23.717  -20.272  -33.658 0.3333333433
129082  -24.169  -21.157  -33.448 0.3333333433
50146  -24.892  -21.275  -33.311 0.3333333433
48209  -26.293  -22.398  -31.195 0.1111111119
49203  -27.208  -21.136  -32.191 0.1111111119
132341  -22.790  -17.238  -34.141 0.3333333433
55473  -22.622  -15.802  -34.631 0.2222222239
50149  -28.027  -20.248  -32.745 0.1111111119
55487  -22.625  -15.212  -35.081 0.2222222239
51114  -27.903  -19.816  -33.271 0.1111111119
52215  -28.225  -18.712  -34.521 0.1111111119
53375  -28.762  -18.077  -34.757 0.1111111119
127491  -28.500  -17.823  -35.336 0.1111111119
54430  -28.591  -17.279  -35.870 0.1111111119
57495  -22.475  -12.942  -36.983 0.1111111119
64931  -40.139  -7.243  -40.360 0.2222222239
67001  -40.427  -5.319  -43.318 0.2222222239
66009  -40.230  -6.421  -43.942 0.2222222239
59567  -22.830  -11.616  -38.541 0.3333333433
49183  -26.742  -21.598  -31.667 0.1111111119
119814  -23.132  -17.861  -34.484 0.3333333433
50157  -24.614  -20.871  -33.979 0.3333333433
54411  -22.668  -16.464  -34.055 0.2222222239
53372  -22.402  -16.853  -33.367 0.2222222239
51128  -25.325  -20.397  -34.457 0.3333333433
51142  -25.268  -19.369  -35.356 0.3333333433
51129  -26.144  -20.345  -34.227 0.2222222239
53374  -23.612  -17.814  -35.162 0.3333333433
51130  -27.418  -19.761  -33.833 0.1111111119
56501  -22.681  -14.618  -35.616 0.2222222239
54429  -23.836  -16.746  -36.052 0.3333333433
53389  -24.144  -17.568  -35.807 0.3333333433
53391  -26.035  -18.296  -36.457 0.3333333433
51156  -26.060  -19.330  -35.531 0.3333333433
53401  -25.491  -17.568  -36.742 0.3333333433
53392  -27.081  -18.168  -36.361 0.3333333433
51131  -28.293  -19.234  -33.749 0.1111111119
54444  -25.143  -16.824  -36.993 0.3333333433
53393  -27.931  -18.010  -35.821 0.3333333433
119112  -24.962  -21.897  -31.623 0.1111111119
52197  -22.161  -18.512  -32.899 0.2222222239
51113  -22.962  -20.087  -32.870 0.3333333433
50145  -23.572  -20.855  -32.905 0.3333333433
54399  -22.210  -16.194  -33.363 0.2222222239
62757  -40.055  -8.079  -40.296 0.1111111119
62798  -40.071  -9.000  -42.961 0.1111111119
63873  -40.158  -7.921  -41.327 0.1111111119
132123  -40.224  -7.510  -42.049 0.1111111119
62814  -40.194  -8.489  -43.607 0.1111111119
63907  -40.255  -8.018  -44.230 0.1111111119
118800  -40.256  -7.044  -43.481 0.1111111119
67024  -39.655  -4.611  -44.686 0.2222222239
66003  -40.434  -6.093  -42.852 0.1111111119
65010  -39.957  -7.546  -44.729 0.1111111119
122103  -36.797  -4.346  -46.778 0.1111111119
116309  -38.167  -3.297  -46.216 0.2222222239
68925  -37.947  -1.948  -47.076 0.1111111119
67042  -37.807  -4.797  -46.267 0.1111111119
67982  -35.478  -3.248  -48.540 0.1111111119
72719  -37.476  1.622  -43.357 0.4444444478
127866  -36.708  2.501  -44.021 0.4444444478
69910  -37.596  -1.276  -48.292 0.1111111119
74510  -40.069  2.951  -44.553 0.4444444478
72797  -40.436  1.254  -48.082 0.2222222239
71903  -40.102  0.465  -48.424 0.1111111119
70968  -38.951  -0.627  -48.066 0.1111111119
70980  -40.066  -0.224  -49.139 0.1111111119
74509  -39.534  3.217  -44.421 0.4444444478
75357  -39.246  3.832  -44.815 0.4444444478
75361  -40.502  4.244  -45.601 0.4444444478
131234  -40.502  3.699  -45.297 0.4444444478
75365  -41.122  4.310  -46.308 0.4444444478
74523  -40.844  3.492  -45.917 0.4444444478
74524  -41.334  3.621  -46.718 0.4444444478
74535  -41.583  3.183  -47.616 0.4444444478
73702  -41.522  2.522  -48.528 0.2222222239
120583  -41.588  1.949  -49.456 0.2222222239
78430  -41.011  8.162  -55.511 0.1111111119
76903  -42.873  6.639  -53.561 0.1111111119
73722  -42.136  1.641  -50.290 0.1111111119
74508  -37.356  3.433  -44.701 0.4444444478
75356  -38.128  3.960  -45.027 0.4444444478
119101  -38.864  4.328  -45.303 0.3333333433
75360  -39.779  4.320  -45.289 0.4444444478
123443  -40.793  4.964  -46.153 0.4444444478
132855  -41.289  4.948  -46.645 0.4444444478
75366  -41.607  4.343  -47.202 0.4444444478
75371  -41.785  3.962  -48.083 0.4444444478
76882  -41.794  6.288  -48.448 0.3333333433
129856  -42.506  4.724  -48.845 0.3333333433
76174  -42.818  5.134  -49.578 0.1111111119
75390  -42.720  4.198  -49.453 0.1111111119
75391  -43.017  4.300  -50.519 0.1111111119
74559  -41.964  2.808  -49.350 0.2222222239
74561  -42.671  3.560  -50.301 0.1111111119
76182  -43.680  4.838  -51.952 0.1111111119
76156  -40.064  4.979  -45.780 0.3333333433
76165  -41.595  5.362  -47.287 0.3333333433
76168  -42.350  5.460  -48.656 0.4444444478
76885  -42.483  6.220  -49.261 0.2222222239
76886  -42.921  5.877  -50.022 0.2222222239
76890  -43.133  6.130  -50.735 0.1111111119
78412  -41.928  7.902  -51.651 0.1111111119
77598  -42.619  7.034  -50.682 0.1111111119
77599  -42.538  7.246  -51.870 0.1111111119
77603  -42.916  6.655  -52.407 0.1111111119
78416  -41.277  7.962  -52.572 0.1111111119
77602  -42.092  7.254  -52.790 0.1111111119
76155  -39.092  4.877  -45.669 0.3333333433
76154  -38.396  5.219  -46.057 0.3333333433
76161  -39.321  5.667  -46.100 0.3333333433
76162  -40.320  5.617  -46.314 0.3333333433
76879  -41.504  6.010  -47.754 0.3333333433
77591  -41.846  6.862  -49.005 0.2222222239
77594  -42.071  7.083  -49.550 0.2222222239
77597  -41.970  7.891  -50.690 0.1111111119
118026  -40.762  8.100  -53.318 0.1111111119
78422  -40.704  7.932  -55.178 0.1111111119
120330  -40.534  10.594  -55.852 0.1111111119
76158  -36.606  6.089  -46.420 0.1111111119
76159  -37.307  5.937  -46.406 0.1111111119
76873  -38.953  6.554  -46.292 0.2222222239
121234  -39.312  7.148  -46.510 0.2222222239
76874  -39.852  6.428  -46.555 0.3333333433
77586  -40.173  7.283  -47.686 0.2222222239
76878  -41.081  6.079  -47.206 0.3333333433
76877  -40.432  6.647  -47.170 0.3333333433
78398  -40.524  7.948  -49.009 0.2222222239
78405  -41.097  8.429  -50.331 0.1111111119
79248  -40.501  9.004  -51.317 0.1111111119
79257  -39.960  9.201  -52.878 0.1111111119
79267  -39.962  9.042  -53.824 0.1111111119
79276  -39.847  10.114  -54.572 0.1111111119
78429  -40.572  8.358  -55.028 0.1111111119
79286  -41.391  8.924  -55.480 0.1111111119
77621  -41.425  7.797  -55.712 0.1111111119
76871  -37.059  6.656  -46.380 0.1111111119
77579  -37.461  7.486  -46.403 0.1111111119
76872  -38.023  6.702  -46.244 0.1111111119
122510  -38.200  8.134  -46.618 0.1111111119
78394  -39.743  8.571  -47.876 0.1111111119
77585  -39.659  7.873  -47.526 0.1111111119
77589  -40.388  7.532  -48.334 0.2222222239
78401  -39.937  8.813  -48.898 0.1111111119
79237  -40.281  9.213  -50.240 0.1111111119
80164  -39.236  11.031  -51.774 0.1111111119
80170  -39.591  10.037  -52.303 0.1111111119
81075  -38.904  11.305  -53.412 0.1111111119
80174  -39.367  10.359  -53.813 0.1111111119
124048  -37.351  8.194  -46.411 0.1111111119
78388  -36.866  8.660  -46.028 0.1111111119
78389  -37.882  8.780  -46.250 0.1111111119
78393  -39.412  8.649  -47.362 0.1111111119
79221  -39.874  9.422  -48.394 0.1111111119
79210  -38.442  9.617  -46.189 0.1111111119
79211  -39.336  9.481  -46.851 0.1111111119
62777  -40.034  -8.630  -41.042 0.1111111119
63883  -40.126  -8.194  -42.454 0.1111111119
121914  -40.113  -9.382  -44.109 0.1111111119
125731  -40.143  -5.771  -44.212 0.1111111119
66018  -39.527  -6.096  -45.177 0.1111111119
68934  -36.223  -1.937  -48.368 0.1111111119
120977  -37.708  2.837  -44.116 0.4444444478
72784  -41.035  2.081  -47.661 0.3333333433
72798  -40.981  1.684  -48.591 0.2222222239
72808  -40.624  1.018  -48.631 0.1111111119
72809  -41.122  1.138  -49.214 0.1111111119
70979  -39.122  -0.746  -49.027 0.1111111119
74515  -40.132  3.660  -44.920 0.4444444478
127899  -42.220  3.079  -50.039 0.2222222239
76175  -43.243  5.209  -50.729 0.1111111119
76896  -43.389  5.776  -51.613 0.1111111119
75398  -43.578  4.159  -51.684 0.1111111119
76163  -41.014  5.521  -46.671 0.3333333433
77612  -42.117  7.176  -54.284 0.1111111119
77582  -39.813  7.245  -46.976 0.2222222239
78402  -40.410  8.645  -49.630 0.1111111119
119336  -38.735  8.774  -46.822 0.1111111119
115182  -39.457  10.073  -49.694 0.1111111119
124578  -38.847  11.696  -52.225 0.1111111119
80136  -40.143  10.182  -48.591 0.1111111119
79212  -39.882  10.289  -46.834 0.1111111119
60658  -41.464  -10.253  -44.519 0.1111111119
133077  -40.335  -5.071  -43.799 0.2222222239
67954  -39.038  -4.048  -45.419 0.2222222239
69909  -36.488  -1.500  -49.262 0.1111111119
123561  -42.078  4.799  -48.066 0.4444444478
126720  -36.459  7.922  -46.384 0.1111111119
78387  -35.939  8.543  -46.014 0.1111111119
79209  -37.350  9.413  -45.703 0.1111111119
79216  -39.977  9.423  -47.491 0.1111111119
61731  -39.952  -9.910  -43.404 0.1111111119
62756  -39.721  -8.286  -39.430 0.1111111119
62776  -39.864  -8.936  -40.324 0.1111111119
61715  -39.917  -9.444  -42.415 0.1111111119
60659  -42.383  -10.353  -44.267 0.1111111119
121027  -40.998  -10.969  -44.167 0.1111111119
62824  -42.099  -9.292  -44.747 0.1111111119
63919  -40.681  -8.360  -45.456 0.1111111119
66030  -38.995  -6.316  -46.264 0.1111111119
66031  -39.804  -7.155  -46.115 0.1111111119
65022  -40.274  -7.709  -45.683 0.1111111119
66052  -37.627  -5.735  -48.358 0.1111111119
67053  -36.318  -5.251  -49.623 0.1111111119
111800  -36.754  1.865  -43.652 0.4444444478
68938  -36.228  -2.453  -50.139 0.1111111119
69925  -37.270  -1.695  -49.844 0.1111111119
119777  -40.834  -0.069  -49.538 0.1111111119
70988  -39.808  -1.010  -49.494 0.1111111119
132972  -36.718  3.027  -44.435 0.4444444478
72821  -42.983  1.025  -51.591 0.1111111119
73724  -42.954  2.093  -52.042 0.1111111119
75355  -36.777  3.849  -45.721 0.2222222239
119816  -37.812  4.556  -45.796 0.2222222239
76191  -43.821  5.161  -52.849 0.1111111119
76152  -36.498  5.425  -46.400 0.1111111119
76160  -38.271  5.850  -46.287 0.2222222239
77622  -42.213  7.195  -55.707 0.1111111119
77634  -42.288  7.550  -56.028 0.1111111119
76866  -36.110  5.981  -46.343 0.1111111119
77578  -35.758  8.089  -46.292 0.1111111119
116600  -41.141  9.918  -55.517 0.1111111119
78380  -35.088  9.053  -45.556 0.1111111119
79203  -35.914  9.597  -45.140 0.1111111119
81079  -38.468  12.102  -54.041 0.1111111119
81084  -38.493  11.958  -55.275 0.1111111119
81094  -38.476  11.959  -56.458 0.1111111119
81095  -39.212  11.553  -56.977 0.1111111119
114779  -36.850  9.847  -45.244 0.1111111119
79204  -37.792  9.946  -45.424 0.1111111119
80147  -39.678  10.457  -49.301 0.1111111119
81071  -38.603  13.223  -51.484 0.1111111119
79217  -40.836  10.193  -47.664 0.1111111119
67014  -40.148  -4.937  -44.167 0.1111111119
127949  -39.597  -0.217  -48.495 0.1111111119
73675  -41.155  2.775  -46.720 0.4444444478
64964  -40.283  -7.024  -41.253 0.1111111119
63893  -40.223  -7.625  -42.994 0.1111111119
62822  -40.389  -8.866  -44.809 0.1111111119
67023  -38.707  -5.451  -45.682 0.1111111119
67974  -35.978  -4.377  -47.537 0.1111111119
67041  -36.878  -5.075  -46.963 0.1111111119
69922  -37.857  -1.165  -49.062 0.1111111119
71912  -40.654  0.481  -49.094 0.1111111119
70989  -40.697  -0.758  -49.645 0.1111111119
75380  -42.336  4.050  -48.695 0.2222222239
74547  -42.022  3.291  -48.570 0.2222222239
74560  -42.406  3.513  -49.329 0.1111111119
73714  -42.177  2.394  -50.142 0.2222222239
79285  -40.818  9.046  -55.122 0.1111111119
76919  -42.865  6.535  -54.968 0.1111111119
76904  -43.526  5.974  -53.108 0.1111111119
73723  -42.673  1.732  -51.148 0.1111111119
74569  -42.690  2.698  -50.850 0.2222222239
76166  -41.896  5.578  -48.028 0.3333333433
77600  -42.972  6.639  -51.467 0.1111111119
77601  -41.304  7.632  -53.692 0.1111111119
76153  -37.404  5.194  -46.256 0.1111111119
76875  -40.560  6.056  -46.785 0.3333333433
116925  -41.453  7.392  -49.204 0.2222222239
117984  -41.107  8.390  -51.763 0.1111111119
78415  -40.539  8.636  -52.461 0.1111111119
79277  -40.205  9.113  -54.592 0.1111111119
125891  -40.415  9.881  -55.126 0.1111111119
80184  -39.835  10.611  -55.435 0.1111111119
81086  -39.909  11.084  -56.378 0.1111111119
76870  -36.378  6.590  -46.382 0.1111111119
76881  -40.870  6.673  -47.962 0.3333333433
77590  -41.194  7.155  -48.652 0.2222222239
77593  -41.429  7.834  -49.816 0.1111111119
80175  -39.601  9.766  -53.282 0.1111111119
79266  -39.762  9.642  -54.021 0.1111111119
81085  -39.190  11.302  -55.857 0.1111111119
81080  -39.179  11.058  -54.642 0.1111111119
124083  -36.616  7.166  -46.377 0.1111111119
77580  -38.568  7.356  -46.371 0.1111111119
77581  -39.087  7.908  -47.014 0.1111111119
78397  -39.924  8.403  -48.419 0.1111111119
130652  -39.902  7.866  -48.037 0.1111111119
80165  -39.455  10.378  -51.239 0.1111111119
79236  -39.771  9.836  -50.686 0.1111111119
80169  -39.258  10.654  -52.827 0.1111111119
79208  -36.350  9.201  -45.548 0.1111111119
119519  -40.241  9.372  -47.921 0.1111111119
80159  -39.302  10.871  -49.968 0.1111111119
115561  -39.062  12.178  -51.208 0.1111111119
126218  -39.849  -9.459  -41.442 0.1111111119
61748  -40.703  -9.547  -44.682 0.1111111119
71913  -41.300  0.447  -49.735 0.1111111119
132428  -43.775  3.317  -52.434 0.1111111119
122635  -44.305  4.222  -53.167 0.1111111119
81070  -38.352  12.425  -52.774 0.1111111119
79222  -40.946  10.430  -47.779 0.1111111119
61750  -42.110  -9.869  -44.611 0.1111111119
66029  -38.041  -5.654  -46.614 0.1111111119
67050  -36.400  -5.338  -47.935 0.1111111119
71917  -41.977  0.356  -50.496 0.1111111119
75404  -44.234  3.460  -52.991 0.1111111119
76914  -43.730  6.036  -54.261 0.1111111119
111361  -35.844  4.423  -46.306 0.1111111119
81941  -37.809  13.156  -54.676 0.1111111119
51112  -22.205  -19.427  -32.714 0.2222222239
62795  -23.576  -7.887  -42.231 0.2222222239
64999  -23.189  -7.403  -43.072 0.2222222239
61710  -24.327  -8.290  -41.458 0.3333333433
62796  -24.214  -7.620  -42.459 0.4444444478
73649  -35.012  1.511  -43.449 0.3333333433
74500  -36.129  2.821  -44.295 0.1111111119
74507  -36.327  3.477  -44.919 0.1111111119
73698  -30.545  3.065  -49.460 0.2222222239
72779  -28.587  2.471  -49.018 0.1111111119
61700  -24.158  -8.876  -40.852 0.2222222239
72780  -29.405  2.359  -48.701 0.1111111119
74521  -32.002  4.538  -47.504 0.1111111119
75363  -32.550  3.318  -46.950 0.1111111119
73638  -34.198  1.563  -44.158 0.1111111119
74506  -32.873  2.071  -45.934 0.1111111119
59583  -23.106  -10.891  -39.283 0.2222222239
68910  -25.812  -3.121  -45.651 0.2222222239
73648  -33.572  1.234  -46.069 0.1111111119
69893  -25.767  -2.007  -46.499 0.3333333433
73640  -36.195  2.208  -43.822 0.3333333433
62773  -24.211  -8.328  -41.272 0.2222222239
74513  -32.903  2.436  -45.741 0.1111111119
73637  -33.578  1.334  -44.406 0.1111111119
132995  -34.267  1.626  -43.787 0.1111111119
73639  -34.855  1.881  -43.528 0.1111111119
59557  -35.080  -11.133  -37.093 0.1111111119
50144  -22.163  -20.252  -32.386 0.1111111119
49199  -23.488  -21.182  -32.175 0.1111111119
51111  -20.540  -19.092  -32.567 0.1111111119
52178  -21.407  -18.905  -32.707 0.1111111119
52196  -21.326  -18.077  -32.849 0.1111111119
53356  -22.102  -17.498  -32.919 0.1111111119
54398  -21.399  -16.420  -33.060 0.1111111119
59566  -22.713  -11.101  -38.491 0.1111111119
63889  -22.978  -7.671  -42.621 0.1111111119
63890  -23.352  -7.657  -42.404 0.1111111119
71884  -24.248  2.262  -46.834 0.2222222239
72778  -25.195  2.995  -48.058 0.2222222239
72777  -23.866  3.760  -47.381 0.2222222239
74520  -24.991  5.030  -47.396 0.2222222239
121917  -20.720  -18.491  -32.783 0.1111111119
65007  -23.084  -6.378  -43.653 0.1111111119
50142  -20.306  -19.677  -32.252 0.1111111119
50123  -22.890  -21.020  -31.862 0.1111111119
52177  -19.522  -18.356  -32.402 0.1111111119
52195  -20.426  -17.894  -32.877 0.1111111119
54397  -20.405  -16.586  -32.988 0.1111111119
55459  -21.733  -15.761  -33.261 0.1111111119
129463  -22.492  -11.415  -37.849 0.1111111119
111768  -22.825  -9.476  -38.324 0.1111111119
127714  -23.994  -8.791  -40.621 0.1111111119
114382  -23.840  2.134  -46.067 0.2222222239
73670  -25.994  4.538  -47.363 0.2222222239
73671  -27.317  3.493  -47.272 0.1111111119
49200  -24.166  -21.476  -32.811 0.1111111119
50121  -21.346  -20.532  -31.940 0.1111111119
73684  -26.763  4.066  -48.099 0.2222222239
73685  -27.620  3.117  -48.494 0.1111111119
71873  -24.337  1.080  -46.108 0.2222222239
65018  -23.965  -6.289  -44.406 0.1111111119
111250  -22.383  -15.154  -34.338 0.1111111119
56489  -22.442  -14.412  -34.836 0.1111111119
122908  -22.405  -13.817  -35.589 0.1111111119
59549  -22.505  -11.967  -37.682 0.1111111119
55460  -22.408  -15.717  -33.713 0.1111111119
53355  -21.098  -17.211  -32.802 0.1111111119
110792  -22.940  -20.658  -32.350 0.1111111119
62785  -23.575  -8.274  -41.950 0.1111111119
50143  -21.188  -19.804  -32.374 0.1111111119
110333  -20.074  -18.447  -32.751 0.1111111119
60572  -22.755  -9.718  -37.188 0.1111111119
73668  -23.559  4.323  -46.792 0.1111111119
53354  -20.212  -17.242  -32.895 0.1111111119
120318  -20.412  -16.079  -33.144 0.1111111119
59526  -22.356  -11.916  -37.198 0.1111111119
60546  -22.668  -10.289  -36.622 0.1111111119
122070  -23.363  -9.964  -39.770 0.1111111119
72763  -28.579  2.458  -47.699 0.1111111119
73699  -30.437  3.172  -49.404 0.1111111119
70933  -24.424  0.631  -45.645 0.1111111119
73686  -31.319  2.863  -48.298 0.1111111119
74532  -31.536  4.781  -48.546 0.1111111119
56545  -30.612  -14.460  -38.834 0.2222222239
60656  -42.247  -10.922  -44.098 0.1111111119
61703  -33.497  -9.325  -40.672 0.5555555820
61704  -40.010  -8.757  -41.919 0.1111111119
61741  -28.368  -10.043  -44.000 1.0000000000
61744  -40.275  -10.191  -44.218 0.1111111119
61745  -42.627  -9.928  -44.211 0.1111111119
61749  -41.554  -9.560  -44.836 0.1111111119
62823  -41.219  -9.010  -45.161 0.1111111119
62827  -29.349  -8.958  -45.653 1.0000000000
63801  -38.032  -8.170  -38.037 0.2222222239
63814  -37.897  -7.368  -38.341 0.2222222239
63816  -39.317  -7.647  -38.854 0.1111111119
63927  -31.793  -7.961  -46.075 1.0000000000
64926  -35.013  -6.870  -40.232 0.6666666865
64962  -34.219  -6.912  -40.967 0.7777777910
64991  -33.233  -7.101  -42.010 0.7777777910
65001  -33.441  -6.506  -42.776 0.8888888955
65033  -32.530  -6.807  -45.798 1.0000000000
65039  -31.676  -7.026  -46.914 1.0000000000
65945  -35.770  -5.593  -40.023 0.5555555820
65947  -37.239  -5.350  -39.367 0.5555555820
65963  -39.714  -5.356  -39.989 0.4444444478
66002  -33.601  -5.548  -42.459 0.8888888955
66043  -37.646  -5.655  -47.352 0.1111111119
66051  -30.959  -5.474  -47.235 1.0000000000
66943  -36.756  -4.850  -39.747 0.5555555820
66961  -36.304  -4.497  -40.226 0.7777777910
66964  -40.201  -5.124  -41.299 0.5555555820
66981  -35.375  -3.771  -41.402 0.7777777910
67013  -33.670  -4.441  -43.978 0.8888888955
67052  -35.597  -4.427  -48.665 0.1111111119
67890  -36.514  -3.746  -40.465 0.7777777910
67928  -40.470  -3.426  -43.122 0.5555555820
67953  -33.722  -3.820  -44.637 0.8888888955
67972  -31.991  -3.711  -46.643 1.0000000000
67985  -35.004  -3.674  -49.817 0.1111111119
67986  -36.378  -4.021  -50.288 0.1111111119
68838  -36.658  -2.862  -40.691 0.7777777910
68840  -38.329  -2.774  -40.931 0.5555555820
68855  -36.338  -2.207  -41.121 0.8888888955
68859  -40.067  -2.644  -42.240 0.5555555820
68890  -34.288  -2.605  -44.168 0.8888888955
68912  -33.450  -2.778  -45.405 0.8888888955
68923  -32.712  -2.360  -46.314 0.8888888955
68924  -36.610  -3.239  -47.315 0.2222222239
69834  -36.726  -1.241  -41.337 0.6666666865
69836  -38.326  -1.258  -41.728 0.6666666865
69849  -40.216  -1.628  -43.151 0.5555555820
69859  -34.670  -1.882  -44.220 0.8888888955
69861  -35.406  -1.173  -43.133 0.7777777910
69886  -40.090  -0.960  -45.043 0.5555555820
70884  -38.635  -0.813  -42.163 0.6666666865
70896  -37.705  -0.019  -42.294 0.6666666865
70911  -39.883  -0.331  -43.302 0.6666666865
70912  -40.365  -1.014  -43.614 0.5555555820
70943  -34.258  -0.349  -45.106 0.6666666865
70954  -33.427  -0.336  -46.196 0.7777777910
70967  -32.520  -0.248  -47.549 0.7777777910
71838  -35.419  0.217  -43.479 0.6666666865
71867  -33.964  0.252  -45.403 0.6666666865
71888  -39.619  0.133  -47.992 0.1111111119
71900  -30.672  0.487  -50.203 0.6666666865
72760  -23.650  4.182  -47.269 0.2222222239
72761  -23.707  3.391  -46.608 0.1111111119
72762  -26.313  3.787  -46.584 0.2222222239
72769  -33.319  0.937  -46.653 0.6666666865
72794  -30.031  2.744  -49.075 0.2222222239
72795  -32.238  2.018  -50.961 0.4444444478
72804  -30.259  2.432  -49.303 0.5555555820
72807  -32.565  2.759  -50.650 0.4444444478
72815  -41.726  1.083  -50.036 0.1111111119
72816  -42.315  0.933  -50.951 0.1111111119
73659  -33.435  1.311  -46.283 0.4444444478
73669  -24.595  4.300  -46.519 0.1111111119
73688  -33.117  2.554  -48.429 0.4444444478
73711  -31.875  3.294  -51.458 0.3333333433
73712  -31.837  3.337  -50.991 0.3333333433
74512  -32.289  3.364  -46.833 0.1111111119
74519  -23.873  5.037  -47.322 0.2222222239
74531  -25.849  4.634  -48.204 0.2222222239
74533  -31.622  4.952  -48.144 0.1111111119
74534  -33.292  2.876  -47.976 0.4444444478
74543  -30.843  4.265  -50.496 0.3333333433
74544  -32.350  3.735  -49.879 0.1111111119
74546  -32.848  3.181  -48.811 0.4444444478
74556  -31.522  4.192  -50.286 0.3333333433
74557  -32.463  3.586  -50.299 0.3333333433
74558  -32.861  3.159  -50.338 0.3333333433
74570  -43.291  3.138  -51.726 0.1111111119
75358  -32.794  2.672  -46.156 0.1111111119
75364  -33.345  2.350  -47.228 0.2222222239
75368  -31.535  4.583  -48.294 0.1111111119
75369  -32.663  4.205  -47.971 0.4444444478
75377  -30.640  4.303  -50.584 0.3333333433
75378  -32.594  3.654  -49.191 0.4444444478
76889  -42.638  6.631  -50.028 0.1111111119
77611  -41.238  7.604  -55.003 0.1111111119
78381  -35.516  9.028  -45.585 0.1111111119
78386  -35.389  8.600  -45.957 0.1111111119
78411  -41.245  8.519  -50.976 0.1111111119
78418  -40.328  8.507  -53.565 0.1111111119
78419  -40.627  7.921  -54.301 0.1111111119
78421  -40.348  8.386  -54.488 0.1111111119
78431  -41.613  8.079  -55.939 0.1111111119
79227  -39.563  9.559  -49.141 0.1111111119
79247  -40.028  9.502  -51.815 0.1111111119
81067  -39.211  11.521  -50.692 0.1111111119
109000  -23.961  4.407  -47.639 0.2222222239
110086  -24.668  4.649  -47.917 0.2222222239
113292  -35.956  -6.156  -39.571 0.5555555820
113477  -39.803  -6.977  -45.096 0.1111111119
113892  -29.171  -2.769  -48.225 0.8888888955
115818  -32.712  -5.240  -45.968 0.8888888955
116437  -32.869  2.405  -49.008 0.5555555820
116982  -40.325  -6.785  -42.245 0.2222222239
117179  -31.406  -3.946  -47.147 1.0000000000
117183  -34.505  -5.511  -41.389 0.7777777910
117242  -24.562  4.139  -48.019 0.2222222239
118586  -42.200  7.336  -50.136 0.2222222239
118908  -35.834  -0.296  -43.021 0.6666666865
121030  -42.454  7.392  -51.255 0.1111111119
121429  -28.337  0.252  -48.900 0.5555555820
121529  -39.741  -2.924  -41.702 0.5555555820
122562  -37.780  -2.219  -41.033 0.7777777910
122960  -43.378  6.085  -52.169 0.1111111119
123275  -34.213  -2.079  -44.800 0.8888888955
123870  -33.788  -1.450  -45.491 0.7777777910
124124  -30.204  -3.500  -47.898 0.8888888955
125381  -35.379  -4.570  -41.032 0.7777777910
125557  -34.610  -11.102  -37.547 0.2222222239
125822  -35.082  -8.545  -39.409 0.5555555820
125884  -39.822  -6.717  -39.668 0.2222222239
127414  -35.346  -2.177  -49.311 0.1111111119
128061  -35.666  -10.322  -37.370 0.2222222239
130037  -32.642  0.306  -47.824 0.7777777910
130044  -40.250  1.140  -44.493 0.6666666865
130508  -36.103  -2.752  -40.995 0.7777777910
130538  -26.016  -3.774  -46.431 0.4444444478
130826  -27.166  -4.522  -47.266 0.7777777910
131360  -43.337  5.538  -51.175 0.1111111119
132316  -32.499  2.951  -46.152 0.1111111119
132872  -31.451  -12.085  -41.091 0.4444444478
