#!ascii label  , from subject sub-v1s19x0051316_ses-1 vox2ras=TkReg
1817
2590  -6.984  -85.136  -26.724 0.5000000000
2969  -5.253  -83.739  -22.470 0.5000000000
2934  -5.322  -83.218  -20.579 0.5000000000
2917  -4.818  -84.409  -19.547 0.5000000000
116528  -7.548  -84.246  -28.523 0.5000000000
2600  -7.335  -84.866  -27.623 0.5000000000
120463  -7.448  -83.747  -27.527 0.5000000000
2591  -7.300  -84.260  -26.649 0.5000000000
3423  -7.346  -82.403  -25.981 0.6000000238
2580  -7.138  -84.574  -25.799 0.5000000000
2986  -6.570  -84.320  -23.635 0.5000000000
2159  -5.601  -85.669  -19.471 0.5000000000
2970  -5.977  -83.522  -22.249 0.6000000238
2918  -5.573  -84.180  -19.228 0.6000000238
2971  -6.861  -83.050  -22.084 0.6000000238
2935  -5.799  -83.299  -19.603 0.6000000238
2151  -6.099  -84.969  -19.114 0.6999999881
119202  -7.249  -82.285  -21.391 0.6999999881
2919  -6.203  -83.813  -18.869 0.6999999881
3361  -7.074  -82.290  -19.895 0.6999999881
3340  -6.640  -83.060  -19.030 0.6999999881
2524  -6.624  -84.276  -18.828 0.6999999881
3031  -7.474  -82.913  -27.575 0.5000000000
125592  -7.475  -82.305  -27.157 0.6000000238
3852  -7.709  -81.618  -27.973 0.6000000238
4222  -7.438  -80.815  -26.111 0.6000000238
118361  -7.450  -83.685  -24.373 0.5000000000
2160  -6.562  -85.645  -19.787 0.5000000000
1859  -6.445  -86.880  -21.213 0.5000000000
1865  -7.799  -86.971  -22.313 0.6999999881
1847  -7.031  -86.202  -20.655 0.6999999881
2168  -7.908  -86.069  -21.020 0.6999999881
114955  -6.716  -83.753  -22.894 0.6000000238
3390  -7.477  -82.876  -23.292 0.6999999881
2153  -7.945  -85.101  -19.886 0.6999999881
3385  -7.387  -82.516  -22.429 0.6999999881
132411  -7.755  -81.665  -20.629 0.6999999881
2526  -8.398  -84.493  -19.509 0.6999999881
3760  -7.820  -81.916  -19.277 0.6999999881
3341  -7.418  -82.603  -18.783 0.6999999881
2909  -7.579  -83.485  -18.603 0.6999999881
2920  -8.797  -83.856  -19.077 0.6999999881
3761  -8.574  -81.686  -18.646 0.6999999881
3746  -9.028  -82.129  -18.152 0.6999999881
2911  -9.163  -83.234  -18.616 0.6999999881
3330  -9.460  -82.538  -18.306 0.6999999881
3859  -7.759  -81.706  -29.451 0.5000000000
4240  -8.090  -80.874  -28.923 0.6000000238
4678  -8.418  -80.198  -29.005 0.6000000238
4232  -7.685  -80.867  -27.265 0.6000000238
5149  -8.273  -79.218  -27.262 0.6000000238
3838  -7.338  -81.450  -25.586 0.6000000238
4663  -7.846  -79.557  -26.445 0.6000000238
129037  -7.387  -82.029  -25.135 0.6000000238
1866  -8.698  -86.749  -22.732 0.6999999881
3401  -7.539  -83.001  -24.062 0.6999999881
1860  -8.310  -86.405  -21.827 0.6999999881
1870  -9.373  -86.794  -23.544 0.6999999881
1873  -9.946  -86.804  -24.295 0.6999999881
110294  -7.363  -81.406  -23.855 0.6999999881
1861  -9.182  -86.171  -22.132 0.6999999881
1874  -10.682  -86.247  -24.455 0.6999999881
3817  -7.588  -82.066  -23.116 0.6999999881
117291  -7.503  -81.216  -23.087 0.6999999881
126837  -8.287  -85.538  -20.622 0.6999999881
2162  -9.363  -85.345  -21.009 0.6999999881
1867  -9.667  -86.337  -22.900 0.6999999881
1871  -10.305  -86.281  -23.659 0.6999999881
3804  -7.612  -81.634  -22.383 0.6999999881
4190  -8.026  -80.098  -21.990 0.6999999881
2535  -8.842  -85.046  -20.341 0.6999999881
2178  -10.623  -85.498  -22.702 0.6999999881
3782  -8.347  -81.278  -19.782 0.6999999881
2921  -9.659  -83.714  -19.329 0.6999999881
2536  -9.755  -84.769  -20.592 0.6999999881
4140  -8.950  -80.943  -19.040 0.6999999881
2912  -10.005  -83.106  -18.747 0.6999999881
2528  -10.215  -84.206  -20.070 0.6999999881
4141  -9.697  -80.669  -18.382 0.6999999881
2922  -10.559  -83.537  -19.537 0.6999999881
4127  -10.067  -81.188  -17.857 0.6999999881
4250  -7.959  -81.019  -29.952 0.5000000000
4693  -8.327  -80.354  -30.008 0.6000000238
4694  -8.645  -79.748  -29.439 0.6000000238
4708  -7.887  -79.781  -30.391 0.5000000000
5163  -8.922  -79.185  -29.829 0.6000000238
4692  -6.624  -80.413  -29.745 0.5000000000
4261  -7.650  -80.580  -30.193 0.5000000000
5150  -8.812  -79.003  -28.299 0.6000000238
5633  -9.735  -78.002  -29.561 0.6000000238
5133  -8.566  -78.564  -26.921 0.6000000238
5618  -9.142  -78.212  -27.594 0.6000000238
122798  -7.334  -80.730  -25.164 0.6000000238
110435  -7.314  -81.355  -24.732 0.6999999881
4648  -7.651  -79.224  -25.394 0.6999999881
122967  -7.433  -80.412  -23.478 0.6999999881
112931  -7.415  -79.952  -24.094 0.6999999881
2192  -10.933  -86.102  -25.266 0.6999999881
4606  -7.684  -79.767  -22.821 0.6999999881
4622  -7.570  -79.368  -23.601 0.6999999881
2186  -10.983  -85.547  -24.382 0.6999999881
110567  -10.874  -85.551  -25.851 0.6999999881
5050  -8.408  -78.382  -22.727 0.6999999881
2179  -11.111  -85.047  -22.924 0.6999999881
117253  -10.916  -85.298  -25.130 0.6999999881
2204  -10.612  -85.500  -27.693 0.6999999881
4587  -9.160  -78.960  -21.070 0.6000000238
2550  -10.898  -85.045  -22.143 0.6999999881
2563  -11.142  -84.957  -23.693 0.6999999881
2581  -10.607  -84.367  -25.686 0.6999999881
111312  -10.508  -84.625  -27.152 0.6999999881
2601  -10.473  -84.367  -27.977 0.6999999881
4158  -9.345  -80.172  -19.615 0.6999999881
2936  -11.026  -83.872  -20.446 0.6999999881
2954  -11.397  -83.601  -21.151 0.6000000238
2989  -11.159  -83.598  -22.969 0.6999999881
2572  -10.863  -84.549  -24.607 0.6999999881
4142  -10.063  -79.786  -18.894 0.6000000238
131401  -10.201  -82.474  -18.355 0.6999999881
3331  -10.830  -82.052  -18.254 0.6999999881
2923  -11.261  -83.212  -19.748 0.6999999881
2937  -11.440  -83.275  -20.501 0.6000000238
122840  -11.452  -83.111  -21.678 0.6000000238
125993  -10.854  -79.476  -18.271 0.6000000238
3748  -10.647  -81.223  -17.868 0.6000000238
3344  -11.407  -82.507  -19.175 0.6000000238
3783  -11.882  -81.910  -19.646 0.5000000000
3379  -11.595  -82.814  -21.042 0.5000000000
113341  -11.501  -82.363  -21.853 0.5000000000
4547  -11.453  -79.779  -17.904 0.6000000238
126735  -12.272  -80.207  -18.346 0.5000000000
3764  -12.080  -81.314  -18.927 0.5000000000
5173  -8.549  -78.897  -30.613 0.6000000238
5644  -7.582  -78.323  -30.481 0.6000000238
5645  -9.612  -77.986  -30.769 0.5000000000
6721  -9.089  -75.780  -31.087 0.6999999881
5171  -7.300  -79.039  -30.312 0.5000000000
5643  -6.772  -78.058  -29.590 0.6000000238
5631  -7.110  -77.336  -29.961 0.6000000238
5148  -5.557  -78.418  -27.568 0.6000000238
126110  -6.433  -78.755  -29.417 0.6000000238
5634  -10.184  -77.422  -30.005 0.4000000060
120388  -6.001  -77.864  -28.428 0.6000000238
5619  -9.650  -77.762  -28.214 0.5000000000
5604  -9.491  -77.480  -27.046 0.6000000238
5603  -8.947  -77.886  -26.483 0.6000000238
5065  -7.699  -78.731  -24.092 0.6999999881
5112  -8.216  -78.056  -25.078 0.6000000238
5066  -7.948  -78.507  -23.523 0.6999999881
5032  -8.718  -78.698  -21.864 0.6000000238
5538  -8.991  -77.616  -22.725 0.6000000238
4578  -9.690  -79.226  -20.085 0.6000000238
2988  -10.845  -83.905  -23.880 0.6000000238
112108  -10.532  -83.518  -25.194 0.6000000238
2592  -10.476  -83.752  -26.619 0.6999999881
3032  -10.461  -83.148  -27.529 0.6999999881
3039  -10.491  -83.076  -28.471 0.6999999881
4564  -10.435  -78.986  -19.259 0.6000000238
119855  -11.319  -82.946  -22.411 0.6000000238
3060  -10.734  -82.936  -30.681 0.6999999881
4995  -11.869  -78.364  -18.320 0.6000000238
126572  -11.837  -81.774  -20.923 0.4000000060
3805  -11.534  -81.479  -22.288 0.4000000060
118019  -11.077  -82.674  -23.158 0.5000000000
120868  -10.548  -82.962  -24.675 0.6000000238
3022  -10.505  -82.637  -26.917 0.6000000238
132412  -11.144  -81.768  -29.527 0.6000000238
4996  -12.436  -78.324  -18.369 0.5000000000
4997  -13.046  -78.486  -18.577 0.5000000000
4565  -12.549  -79.808  -18.552 0.5000000000
3784  -12.313  -81.222  -19.917 0.5000000000
3392  -10.772  -81.850  -23.756 0.4000000060
3402  -10.530  -82.013  -25.335 0.6000000238
6720  -8.358  -75.766  -30.954 0.6000000238
5650  -8.463  -77.247  -31.151 0.6000000238
6722  -10.084  -75.891  -30.885 0.6000000238
6153  -7.090  -76.471  -29.034 0.6000000238
6703  -7.647  -75.851  -29.279 0.5000000000
6696  -8.009  -75.320  -28.290 0.6000000238
7324  -8.076  -75.083  -27.127 0.6000000238
6173  -10.489  -76.462  -30.690 0.6000000238
5617  -6.208  -77.047  -27.610 0.6999999881
119268  -7.615  -75.539  -27.367 0.6000000238
7313  -8.083  -74.900  -26.280 0.6000000238
6143  -10.525  -76.569  -28.158 0.5000000000
6167  -11.191  -76.517  -29.662 0.6000000238
5602  -5.983  -77.154  -26.449 0.6000000238
6686  -7.528  -75.468  -26.376 0.6999999881
6142  -9.993  -77.002  -27.628 0.5000000000
6677  -6.878  -76.064  -26.138 0.6999999881
5593  -9.297  -77.214  -26.027 0.6000000238
6663  -7.257  -75.222  -24.722 0.6000000238
5576  -8.660  -77.433  -24.594 0.6000000238
132245  -9.090  -77.061  -25.224 0.6000000238
6099  -9.280  -76.750  -24.601 0.6000000238
5556  -9.212  -77.041  -23.302 0.6000000238
112826  -9.409  -77.540  -22.011 0.6000000238
5525  -9.963  -77.509  -21.273 0.6000000238
6050  -12.363  -76.004  -19.758 0.6000000238
5008  -10.756  -78.252  -19.545 0.6000000238
6581  -13.361  -75.688  -19.387 0.6000000238
5484  -12.134  -77.760  -18.584 0.6000000238
3424  -10.695  -81.950  -26.814 0.6000000238
3438  -11.104  -81.690  -27.806 0.6000000238
118474  -11.307  -81.794  -28.647 0.6000000238
5486  -13.098  -77.756  -18.570 0.5000000000
5010  -13.495  -78.637  -19.276 0.5000000000
4580  -12.908  -79.891  -19.498 0.5000000000
3050  -12.423  -82.738  -30.212 0.6000000238
3839  -10.804  -81.240  -25.456 0.4000000060
3425  -11.009  -81.619  -27.016 0.6000000238
3439  -11.528  -81.886  -28.058 0.6000000238
7334  -8.893  -74.375  -29.469 0.6000000238
127419  -9.183  -73.666  -28.788 0.5000000000
8015  -9.327  -74.294  -29.927 0.6000000238
8646  -10.158  -72.637  -29.219 0.5000000000
6704  -8.087  -75.351  -29.548 0.6000000238
7964  -9.236  -73.470  -28.123 0.6000000238
120176  -9.508  -75.110  -30.619 0.5000000000
8016  -10.199  -74.260  -30.311 0.5000000000
7353  -10.863  -75.220  -30.615 0.5000000000
7947  -9.051  -74.037  -27.519 0.5000000000
7963  -8.905  -74.183  -28.494 0.6000000238
7938  -9.113  -73.870  -26.557 0.5000000000
122194  -10.978  -76.003  -30.714 0.6000000238
6678  -7.757  -75.006  -25.410 0.6999999881
7304  -8.528  -74.380  -25.813 0.6000000238
114449  -8.495  -74.164  -24.430 0.6000000238
6113  -10.261  -76.077  -25.984 0.5000000000
6648  -6.990  -74.984  -23.865 0.5000000000
7293  -7.583  -74.811  -24.549 0.6999999881
6112  -9.663  -76.539  -25.450 0.5000000000
120525  -9.805  -76.431  -23.098 0.5000000000
6074  -9.542  -77.009  -22.546 0.6000000238
6622  -11.382  -75.410  -21.554 0.6000000238
6063  -11.075  -76.220  -21.095 0.5000000000
6604  -12.600  -75.129  -20.263 0.6000000238
6603  -11.769  -75.668  -20.620 0.6000000238
5487  -13.636  -77.225  -18.834 0.5000000000
116782  -11.013  -81.077  -25.996 0.5000000000
119452  -11.432  -81.660  -26.721 0.5000000000
3033  -12.176  -82.655  -27.971 0.6000000238
2602  -12.706  -84.094  -28.555 0.6000000238
8631  -9.336  -72.683  -28.372 0.6000000238
132652  -9.304  -72.134  -28.408 0.6000000238
9231  -8.827  -71.814  -27.953 0.6000000238
8001  -10.753  -73.435  -29.901 0.5000000000
7948  -9.420  -73.357  -27.232 0.6000000238
8572  -9.938  -72.546  -26.054 0.6999999881
122033  -11.702  -75.688  -30.399 0.6000000238
120791  -9.439  -73.490  -25.270 0.6000000238
127385  -9.116  -73.784  -25.783 0.6000000238
6705  -11.662  -75.995  -29.593 0.6000000238
7916  -8.612  -73.954  -23.768 0.6000000238
7930  -9.817  -73.270  -24.584 0.6000000238
131087  -10.815  -75.840  -27.492 0.5000000000
130226  -10.361  -75.681  -24.417 0.5000000000
7282  -6.537  -75.213  -22.817 0.5000000000
7270  -7.922  -74.036  -22.980 0.6000000238
6635  -10.445  -75.856  -22.850 0.5000000000
7256  -11.777  -74.701  -21.983 0.6000000238
6621  -10.722  -75.930  -21.980 0.5000000000
7242  -13.089  -74.366  -20.527 0.5000000000
6605  -13.427  -74.881  -19.850 0.5000000000
3023  -12.204  -82.642  -26.429 0.6000000238
2582  -12.792  -84.035  -26.062 0.6000000238
9230  -8.236  -70.803  -27.837 0.6000000238
9241  -8.796  -71.314  -28.119 0.5000000000
9243  -9.398  -71.002  -28.674 0.5000000000
9850  -8.291  -70.523  -27.221 0.6999999881
9249  -10.475  -71.582  -29.091 0.5000000000
8595  -9.911  -71.883  -26.213 0.6999999881
9215  -8.978  -71.495  -27.201 0.6000000238
8647  -11.237  -72.543  -29.528 0.5000000000
7940  -9.976  -72.905  -25.365 0.6000000238
8017  -11.375  -74.263  -30.458 0.5000000000
6723  -12.595  -75.296  -30.212 0.6000000238
8543  -10.796  -72.484  -23.748 0.6999999881
115386  -11.748  -75.537  -28.743 0.6000000238
7905  -9.746  -73.298  -23.139 0.6000000238
6697  -11.462  -75.220  -27.684 0.6000000238
7893  -8.771  -73.440  -21.641 0.6999999881
7904  -8.882  -73.613  -22.844 0.6999999881
6679  -10.517  -75.595  -25.142 0.5000000000
6687  -10.670  -75.711  -26.523 0.5000000000
7903  -8.058  -73.834  -22.017 0.6000000238
6664  -10.806  -75.256  -24.223 0.5000000000
7892  -7.975  -73.586  -21.109 0.5000000000
6650  -11.289  -74.852  -23.548 0.6000000238
6649  -10.761  -75.377  -23.394 0.5000000000
7891  -7.251  -73.586  -20.974 0.6000000238
6636  -11.130  -75.196  -22.603 0.5000000000
7257  -12.464  -74.300  -21.393 0.6000000238
7880  -13.758  -73.749  -20.643 0.5000000000
9849  -7.776  -69.505  -27.317 0.6999999881
10543  -7.721  -69.517  -27.962 0.5000000000
9875  -8.656  -70.345  -28.337 0.5000000000
130019  -9.569  -69.376  -25.325 0.8000000119
9835  -8.718  -70.051  -26.396 0.6999999881
115408  -9.591  -70.166  -28.702 0.5000000000
9886  -11.374  -70.717  -29.090 0.5000000000
9828  -11.073  -70.415  -24.320 0.6999999881
9827  -10.361  -70.655  -25.078 0.6999999881
9851  -9.484  -70.914  -26.096 0.8000000119
116873  -10.669  -71.994  -24.861 0.6999999881
9250  -11.830  -71.613  -29.364 0.5000000000
8556  -11.322  -71.824  -23.774 0.6999999881
8555  -10.895  -72.091  -24.315 0.6999999881
8018  -12.505  -74.248  -30.518 0.6000000238
8648  -12.362  -72.525  -29.798 0.5000000000
8518  -11.173  -72.379  -21.522 0.6000000238
8531  -10.473  -72.849  -22.855 0.6000000238
6698  -12.131  -74.850  -28.228 0.6000000238
8517  -10.380  -72.752  -21.580 0.6999999881
8530  -9.629  -73.207  -22.202 0.6999999881
6688  -11.054  -75.185  -25.887 0.6000000238
7315  -11.728  -74.671  -26.505 0.6000000238
7879  -8.563  -73.204  -20.768 0.6000000238
7305  -11.794  -74.534  -25.345 0.6000000238
7271  -11.738  -74.512  -22.917 0.6000000238
8515  -7.397  -72.361  -21.040 0.6000000238
7272  -12.309  -74.176  -22.405 0.6000000238
7894  -12.894  -73.766  -21.921 0.5000000000
10502  -8.679  -69.168  -26.033 0.6000000238
11170  -7.728  -68.372  -26.876 0.5000000000
11169  -7.537  -68.405  -27.697 0.5000000000
110451  -10.862  -69.898  -28.846 0.5000000000
10503  -10.279  -69.626  -24.783 0.8000000119
9877  -12.035  -70.031  -28.970 0.5000000000
9817  -11.563  -71.038  -23.759 0.6999999881
7355  -13.065  -74.817  -30.425 0.6000000238
11693  -9.058  -67.004  -21.153 0.6000000238
9168  -11.745  -72.007  -22.095 0.8000000119
11694  -9.814  -67.405  -20.858 0.6000000238
9158  -11.668  -72.069  -21.043 0.6999999881
9159  -12.310  -71.537  -21.380 0.8000000119
6706  -12.402  -75.377  -29.471 0.6000000238
10436  -8.783  -69.509  -21.629 0.6000000238
8505  -9.944  -72.484  -20.606 0.6000000238
7306  -12.372  -74.107  -25.932 0.6000000238
130611  -12.483  -74.032  -25.241 0.6000000238
9787  -9.045  -70.220  -20.991 0.6000000238
9145  -8.148  -72.007  -20.694 0.6000000238
9147  -9.500  -71.858  -20.131 0.6000000238
7296  -12.254  -74.179  -24.566 0.6000000238
114310  -12.965  -73.695  -24.793 0.6000000238
8503  -8.327  -72.744  -20.519 0.5000000000
7906  -13.473  -73.384  -22.303 0.5000000000
114896  -14.111  -73.159  -21.765 0.5000000000
7921  -14.350  -72.956  -23.481 0.5000000000
11152  -8.428  -67.958  -25.963 0.5000000000
11151  -7.630  -67.266  -26.735 0.5000000000
11153  -9.548  -68.634  -25.149 0.6000000238
11777  -9.080  -67.427  -25.240 0.5000000000
10483  -11.144  -69.483  -24.073 0.8000000119
115145  -10.494  -68.673  -24.402 0.6999999881
10466  -11.740  -69.430  -23.493 0.8000000119
9818  -12.157  -70.798  -23.124 0.8000000119
8655  -12.934  -73.431  -30.392 0.6000000238
9887  -12.478  -70.751  -29.223 0.5000000000
12336  -9.526  -65.393  -20.277 0.6000000238
9798  -12.744  -70.835  -21.641 0.8000000119
8649  -13.377  -72.561  -30.104 0.5000000000
113423  -10.367  -66.014  -20.091 0.6999999881
12353  -9.613  -66.465  -20.604 0.6000000238
9150  -12.067  -71.484  -20.522 0.8000000119
7335  -12.862  -74.667  -28.680 0.6000000238
116376  -13.345  -74.956  -29.774 0.6000000238
8019  -13.531  -74.231  -30.538 0.6000000238
11695  -10.477  -67.776  -20.448 0.6000000238
7949  -12.847  -73.787  -26.283 0.6000000238
7316  -12.441  -74.175  -26.724 0.6000000238
128558  -13.525  -74.476  -28.920 0.6000000238
10425  -9.341  -69.180  -21.285 0.6000000238
9138  -10.204  -71.209  -19.841 0.6000000238
9140  -11.709  -71.276  -19.971 0.5000000000
7941  -12.968  -73.668  -25.620 0.6000000238
9788  -9.559  -70.889  -20.105 0.6000000238
7933  -13.616  -73.332  -24.201 0.6000000238
7942  -13.737  -73.202  -25.240 0.6000000238
7934  -14.421  -72.892  -24.451 0.5000000000
8557  -15.290  -72.641  -23.719 0.5000000000
8544  -15.120  -72.715  -22.670 0.5000000000
8545  -16.072  -72.459  -22.782 0.5000000000
11755  -10.481  -67.700  -24.201 0.6000000238
11114  -11.318  -68.501  -23.694 0.6999999881
13665  -8.728  -64.853  -17.412 0.6000000238
12999  -9.229  -64.929  -18.286 0.6000000238
10449  -12.745  -69.689  -22.353 0.8000000119
9888  -13.397  -70.995  -29.239 0.5000000000
128617  -10.096  -64.846  -18.517 0.6000000238
10450  -13.207  -69.641  -21.616 0.8000000119
9252  -13.928  -71.829  -29.694 0.5000000000
127564  -10.752  -65.326  -19.532 0.6999999881
9790  -13.039  -70.251  -20.266 0.8000000119
7345  -14.033  -74.616  -30.173 0.6000000238
8656  -14.284  -72.646  -30.346 0.6000000238
11680  -11.067  -67.091  -19.970 0.8000000119
122966  -12.302  -70.246  -19.562 0.6999999881
7327  -13.261  -74.080  -27.923 0.6000000238
7346  -14.846  -74.362  -30.134 0.6000000238
11058  -11.093  -68.248  -19.867 0.6999999881
116227  -11.159  -69.162  -19.679 0.6999999881
9782  -11.650  -70.633  -19.611 0.6000000238
7950  -13.495  -73.411  -26.287 0.6000000238
7981  -14.796  -73.930  -29.139 0.6000000238
118388  -9.849  -69.729  -20.430 0.6000000238
132826  -14.152  -73.217  -26.777 0.5000000000
8574  -14.661  -72.781  -25.252 0.5000000000
122952  -11.042  -67.334  -23.625 0.6000000238
12414  -10.675  -66.294  -23.624 0.5000000000
14388  -8.277  -63.966  -15.748 0.6000000238
11756  -11.875  -67.858  -23.100 0.6999999881
13637  -8.528  -64.475  -16.441 0.6000000238
11097  -12.271  -68.933  -22.952 0.6999999881
118901  -12.583  -68.101  -22.463 0.6000000238
13000  -9.671  -65.047  -17.592 0.6000000238
13638  -9.382  -64.772  -16.646 0.6000000238
11098  -12.984  -68.916  -22.119 0.6000000238
11080  -13.820  -68.208  -21.083 0.6999999881
13001  -10.631  -65.173  -17.887 0.8000000119
10437  -13.460  -69.650  -20.777 0.6999999881
11070  -14.169  -68.275  -20.338 0.6000000238
12322  -11.261  -65.306  -19.160 0.8000000119
10420  -13.084  -69.403  -19.396 0.8000000119
11051  -14.097  -68.168  -18.733 0.6999999881
12338  -11.852  -66.930  -19.184 0.6999999881
11059  -11.714  -68.634  -19.313 0.6999999881
11049  -12.806  -68.487  -18.651 0.6000000238
11050  -13.329  -68.378  -18.564 0.8000000119
14367  -7.938  -63.326  -15.237 0.6000000238
13614  -9.267  -64.278  -15.703 0.6000000238
117414  -9.989  -64.706  -16.086 0.6999999881
114457  -14.673  -67.018  -20.070 0.6000000238
12986  -10.228  -65.072  -16.850 0.6999999881
129101  -11.568  -65.223  -16.526 0.6999999881
11682  -14.703  -67.642  -19.358 0.6999999881
12325  -15.289  -66.731  -18.359 0.6000000238
121240  -11.840  -65.613  -17.114 0.8000000119
13003  -12.779  -66.017  -16.989 0.6000000238
124412  -12.776  -66.681  -17.508 0.5000000000
11667  -13.770  -67.878  -18.069 0.6999999881
12310  -15.358  -66.238  -17.768 0.6999999881
13022  -15.539  -66.050  -18.614 0.6000000238
12307  -12.021  -66.046  -17.862 0.8000000119
12308  -13.596  -66.685  -17.271 0.6000000238
11666  -12.979  -68.022  -18.108 0.6000000238
15063  -8.121  -62.036  -14.567 0.6000000238
15064  -8.925  -62.168  -14.558 0.6000000238
14358  -10.148  -62.998  -14.620 0.6999999881
14368  -8.816  -63.526  -15.124 0.6000000238
13615  -10.292  -64.300  -15.473 0.6999999881
14370  -10.721  -63.622  -14.878 0.6999999881
13639  -10.874  -64.869  -16.129 0.6999999881
13617  -12.220  -64.319  -15.364 0.6000000238
12339  -15.236  -66.727  -19.216 0.6000000238
12988  -12.337  -65.362  -16.466 0.6000000238
12989  -13.301  -65.453  -16.368 0.6000000238
13705  -15.635  -65.147  -18.852 0.5000000000
114394  -15.987  -64.981  -17.515 0.6000000238
13686  -15.995  -64.506  -18.293 0.5000000000
14413  -16.223  -63.634  -17.938 0.5000000000
12991  -15.728  -64.819  -16.694 0.6000000238
13666  -16.152  -64.309  -17.326 0.5000000000
16521  -8.711  -60.397  -15.337 0.6000000238
16513  -8.872  -61.008  -14.872 0.6000000238
15065  -9.752  -62.284  -14.644 0.6999999881
15801  -9.596  -60.987  -15.253 0.6999999881
15066  -10.654  -62.419  -14.743 0.6999999881
129635  -10.695  -63.021  -14.649 0.6999999881
14359  -11.265  -63.005  -14.691 0.6000000238
14371  -11.706  -63.697  -14.921 0.5000000000
14372  -12.667  -63.621  -15.011 0.6999999881
15077  -13.505  -62.220  -15.142 0.6000000238
13618  -13.191  -64.271  -15.401 0.6000000238
13619  -14.165  -64.198  -15.438 0.6000000238
14362  -14.117  -62.801  -14.925 0.6000000238
13643  -14.827  -64.757  -16.005 0.6000000238
14375  -15.499  -63.385  -15.417 0.5000000000
15079  -16.174  -62.538  -15.508 0.5000000000
15094  -16.674  -61.983  -16.136 0.5000000000
18045  -6.178  -59.557  -19.793 0.6999999881
17323  -6.514  -60.467  -20.463 0.6999999881
18056  -5.993  -59.728  -20.753 0.6999999881
17280  -8.582  -59.702  -16.974 0.6000000238
17324  -6.991  -61.094  -20.021 0.6999999881
17335  -6.609  -60.473  -21.553 0.6999999881
17349  -6.440  -60.028  -22.197 0.6999999881
18086  -6.820  -59.180  -23.483 0.6000000238
17272  -8.978  -59.969  -16.182 0.6999999881
17313  -8.236  -61.276  -18.922 0.6999999881
16576  -7.786  -61.625  -20.430 0.6999999881
17351  -7.627  -60.297  -21.695 0.6999999881
16533  -9.823  -60.422  -16.436 0.6999999881
16551  -9.591  -60.446  -17.259 0.6999999881
17337  -8.189  -61.042  -21.116 0.6999999881
15789  -10.917  -61.777  -15.069 0.6999999881
119135  -12.211  -61.736  -15.373 0.6000000238
15076  -12.592  -62.315  -15.078 0.6000000238
16525  -13.155  -60.992  -15.970 0.6000000238
16537  -13.331  -60.365  -16.412 0.6000000238
14373  -13.642  -63.535  -15.086 0.6000000238
15805  -13.787  -61.516  -15.564 0.6000000238
16526  -14.095  -60.818  -16.040 0.6000000238
129176  -14.618  -61.421  -15.559 0.5000000000
16538  -14.836  -60.265  -16.224 0.6000000238
17283  -14.474  -59.586  -16.595 0.6000000238
112370  -15.148  -62.661  -15.085 0.5000000000
15806  -15.540  -61.795  -15.357 0.5000000000
16539  -15.839  -60.445  -16.159 0.5000000000
18044  -5.637  -58.755  -20.088 0.6999999881
18068  -5.938  -59.804  -21.723 0.6999999881
18085  -6.075  -59.558  -23.557 0.6000000238
18105  -5.964  -59.069  -24.378 0.6000000238
18107  -7.465  -58.267  -23.852 0.6000000238
18824  -8.300  -57.845  -23.252 0.4000000060
17352  -8.648  -59.947  -21.388 0.6000000238
17364  -7.344  -59.634  -22.498 0.5000000000
18087  -7.846  -58.709  -22.850 0.5000000000
18847  -8.642  -57.123  -23.853 0.4000000060
19592  -9.541  -56.191  -24.645 0.5000000000
16522  -10.210  -60.686  -15.917 0.6999999881
16565  -10.023  -61.535  -18.450 0.8000000119
16587  -8.831  -61.845  -20.635 0.6999999881
18070  -9.075  -58.792  -21.533 0.5000000000
18825  -9.096  -57.492  -22.815 0.4000000060
19570  -9.365  -56.771  -23.555 0.4000000060
19593  -10.606  -56.014  -24.033 0.4000000060
112316  -10.258  -60.594  -17.118 0.8000000119
16566  -10.903  -61.643  -18.603 0.8000000119
110786  -10.408  -62.146  -19.297 0.8000000119
132067  -9.712  -61.589  -20.480 0.8000000119
110708  -9.514  -59.413  -20.934 0.6000000238
18071  -9.840  -58.327  -21.065 0.5000000000
18804  -9.480  -57.876  -21.848 0.4000000060
18826  -9.876  -57.111  -22.412 0.4000000060
16523  -11.058  -60.892  -16.075 0.6999999881
16535  -11.410  -60.600  -16.626 0.8000000119
16553  -11.508  -60.458  -17.330 0.6999999881
16554  -12.245  -60.030  -16.989 0.5000000000
18789  -10.586  -57.912  -20.669 0.5000000000
19549  -10.711  -56.784  -22.030 0.4000000060
19572  -11.186  -56.233  -22.745 0.4000000060
111774  -11.861  -60.385  -16.775 0.6000000238
16536  -12.509  -60.560  -16.443 0.5000000000
17299  -12.687  -59.500  -17.303 0.5000000000
125988  -13.335  -59.014  -17.262 0.6000000238
131793  -14.017  -60.137  -16.388 0.6000000238
17300  -14.075  -58.929  -17.052 0.6000000238
18055  -5.507  -58.986  -21.120 0.6000000238
18803  -5.028  -58.244  -21.832 0.5000000000
18104  -5.440  -59.159  -23.966 0.5000000000
18844  -5.968  -58.432  -25.050 0.4000000060
18845  -7.025  -57.892  -24.635 0.5000000000
18846  -7.881  -57.448  -24.254 0.5000000000
19590  -8.206  -56.772  -24.543 0.5000000000
19607  -8.915  -55.871  -25.067 0.5000000000
19608  -9.337  -55.652  -25.395 0.5000000000
21085  -9.695  -54.500  -25.811 0.5000000000
20322  -9.993  -55.755  -25.347 0.5000000000
21086  -10.903  -54.499  -26.554 0.5000000000
126795  -10.621  -61.671  -19.945 0.6999999881
126243  -10.055  -60.351  -20.459 0.6000000238
17326  -10.973  -59.993  -19.962 0.5000000000
18057  -10.283  -58.953  -20.454 0.5000000000
20323  -10.921  -55.714  -24.935 0.5000000000
20339  -11.700  -55.300  -26.397 0.5000000000
16552  -10.950  -60.858  -17.653 0.8000000119
16567  -11.495  -60.903  -18.364 0.6999999881
17314  -11.884  -60.426  -18.775 0.6000000238
18046  -11.051  -58.464  -20.078 0.5000000000
18806  -11.067  -57.161  -21.150 0.4000000060
19550  -11.572  -56.562  -21.681 0.5000000000
20304  -11.664  -55.653  -23.681 0.4000000060
20324  -11.732  -55.469  -25.418 0.5000000000
17315  -12.284  -59.400  -18.161 0.5000000000
18048  -12.333  -58.335  -19.173 0.5000000000
18047  -11.642  -59.012  -19.514 0.6000000238
18790  -11.366  -57.560  -20.435 0.5000000000
19528  -11.831  -56.893  -20.859 0.5000000000
19573  -12.094  -56.034  -22.288 0.5000000000
18036  -12.634  -58.618  -18.494 0.5000000000
18774  -11.748  -57.901  -19.758 0.5000000000
19529  -12.576  -56.749  -20.508 0.5000000000
18037  -13.182  -58.239  -18.130 0.6000000238
18776  -13.488  -57.163  -19.389 0.6000000238
18822  -4.275  -57.175  -23.137 0.5000000000
18842  -4.445  -57.494  -24.056 0.5000000000
18843  -4.865  -58.464  -24.642 0.5000000000
19603  -5.347  -57.881  -25.119 0.4000000060
19604  -6.064  -57.478  -24.917 0.4000000060
19569  -4.153  -56.540  -23.358 0.5000000000
124353  -4.699  -56.722  -24.369 0.4000000060
132646  -7.709  -56.591  -24.613 0.5000000000
19606  -8.268  -56.296  -24.702 0.6000000238
20335  -8.548  -55.761  -24.800 0.5000000000
111467  -8.942  -54.659  -25.349 0.5000000000
21073  -9.354  -53.639  -24.848 0.4000000060
21890  -9.941  -52.585  -24.912 0.4000000060
22839  -10.838  -51.910  -24.502 0.4000000060
20318  -5.010  -56.074  -24.116 0.4000000060
20319  -5.795  -56.173  -24.198 0.4000000060
121069  -6.750  -56.273  -24.287 0.4000000060
20334  -7.740  -56.265  -24.561 0.5000000000
21072  -8.670  -55.175  -24.680 0.5000000000
20320  -7.642  -55.858  -24.288 0.4000000060
126537  -8.565  -55.234  -23.346 0.4000000060
21055  -9.063  -54.501  -23.867 0.5000000000
21056  -9.698  -53.921  -23.439 0.4000000060
21876  -10.116  -53.267  -23.601 0.4000000060
130645  -10.806  -52.599  -23.634 0.4000000060
22825  -11.498  -52.147  -23.600 0.4000000060
20300  -5.439  -55.446  -23.634 0.4000000060
20301  -6.341  -55.651  -23.486 0.4000000060
20302  -7.036  -55.813  -23.163 0.4000000060
20246  -7.033  -55.306  -21.136 0.4000000060
20273  -7.406  -55.501  -21.931 0.4000000060
20303  -7.843  -55.598  -23.169 0.4000000060
20275  -9.234  -55.114  -22.363 0.4000000060
21033  -9.818  -54.556  -22.500 0.5000000000
21057  -10.686  -54.169  -22.187 0.5000000000
21034  -10.479  -54.796  -21.231 0.4000000060
21035  -11.707  -54.193  -21.250 0.4000000060
21862  -12.412  -53.639  -21.473 0.4000000060
21861  -11.348  -53.565  -22.466 0.4000000060
21877  -11.946  -52.947  -22.732 0.4000000060
21032  -6.247  -54.775  -21.700 0.4000000060
21011  -7.352  -55.172  -20.159 0.3000000119
20249  -9.290  -55.277  -20.996 0.3000000119
20997  -9.276  -54.734  -18.783 0.4000000060
20233  -8.963  -55.207  -19.399 0.3000000119
132695  -9.357  -55.286  -19.963 0.3000000119
20250  -10.055  -55.104  -20.194 0.4000000060
22775  -11.965  -52.985  -19.116 0.5000000000
21014  -12.272  -53.947  -20.259 0.4000000060
21839  -12.826  -53.542  -20.426 0.4000000060
21840  -13.355  -53.128  -20.079 0.4000000060
22814  -13.996  -52.782  -20.871 0.3000000119
23692  -11.691  -52.178  -19.401 0.5000000000
115575  -12.596  -51.706  -19.362 0.5000000000
21824  -13.154  -52.745  -19.458 0.4000000060
22798  -13.925  -52.554  -19.859 0.3000000119
20979  -9.563  -54.226  -18.661 0.4000000060
20980  -10.334  -54.203  -18.729 0.4000000060
21806  -10.766  -53.566  -18.948 0.5000000000
20998  -11.186  -54.190  -19.040 0.5000000000
22774  -9.753  -52.667  -19.426 0.4000000060
121533  -11.014  -52.853  -19.240 0.5000000000
24579  -10.908  -50.705  -20.533 0.5000000000
24563  -11.841  -51.211  -19.843 0.4000000060
24564  -12.843  -50.977  -19.536 0.4000000060
22777  -13.661  -52.164  -19.463 0.3000000119
130747  -9.958  -50.330  -21.116 0.3000000119
25360  -11.125  -49.876  -20.747 0.3000000119
20996  -8.480  -54.794  -18.947 0.4000000060
23714  -9.392  -51.563  -20.425 0.3000000119
25359  -8.449  -50.238  -21.338 0.4000000060
25346  -13.068  -50.120  -19.800 0.3000000119
23690  -8.955  -51.863  -20.075 0.3000000119
109386  -7.807  -49.264  -21.318 0.3000000119
6163  -7.879  -77.526  -30.944 0.6000000238
6164  -7.980  -76.422  -31.080 0.5000000000
128860  -15.096  -65.353  -16.614 0.6000000238
12990  -14.288  -65.444  -16.387 0.6000000238
2933  -4.516  -83.663  -20.569 0.5000000000
2953  -5.905  -83.028  -21.350 0.6000000238
3413  -7.488  -83.014  -24.964 0.5000000000
3360  -6.283  -82.699  -19.910 0.6999999881
2152  -7.026  -85.024  -19.477 0.6999999881
2525  -7.520  -84.471  -19.169 0.6999999881
3794  -8.255  -81.039  -20.731 0.6999999881
2910  -8.306  -83.348  -18.566 0.6999999881
3342  -8.188  -82.335  -18.505 0.6999999881
5132  -8.034  -78.844  -26.220 0.5000000000
2170  -9.623  -85.620  -21.728 0.6999999881
4586  -8.560  -79.519  -21.501 0.6999999881
4167  -8.420  -80.388  -21.139 0.6999999881
2541  -10.277  -85.058  -21.388 0.6999999881
5164  -9.186  -78.554  -30.378 0.6000000238
2551  -11.185  -84.460  -22.386 0.6999999881
5025  -9.776  -78.376  -20.757 0.6000000238
4994  -11.240  -78.753  -18.526 0.6000000238
3749  -11.422  -81.290  -18.234 0.5000000000
6140  -6.781  -76.430  -27.886 0.6999999881
5518  -10.387  -77.867  -20.403 0.6000000238
3013  -10.446  -82.792  -26.192 0.6000000238
3450  -10.794  -82.068  -28.130 0.6000000238
5009  -11.465  -77.965  -18.975 0.5000000000
5503  -13.620  -77.946  -18.886 0.5000000000
3414  -10.786  -81.550  -26.232 0.5000000000
6141  -7.361  -75.880  -28.122 0.6000000238
6124  -6.550  -76.489  -26.864 0.6999999881
6156  -11.161  -76.116  -28.678 0.6000000238
6062  -10.393  -76.684  -21.542 0.5000000000
6048  -10.690  -77.031  -20.718 0.5000000000
130763  -12.204  -76.691  -19.369 0.6000000238
6049  -11.521  -76.594  -20.110 0.5000000000
6032  -12.911  -76.530  -19.043 0.5000000000
3040  -12.236  -82.585  -29.053 0.6000000238
3426  -11.615  -82.012  -27.309 0.6000000238
3841  -11.480  -81.064  -25.745 0.5000000000
7931  -10.412  -72.597  -24.593 0.6000000238
9251  -12.923  -71.667  -29.547 0.5000000000
11711  -8.474  -67.653  -21.680 0.6000000238
9156  -7.711  -71.372  -21.581 0.6000000238
7932  -12.756  -73.804  -23.823 0.6000000238
11067  -9.396  -68.113  -21.352 0.6000000238
9799  -13.096  -70.294  -21.134 0.8000000119
10426  -10.462  -68.806  -20.326 0.6000000238
7965  -13.978  -73.946  -28.382 0.6000000238
9780  -10.161  -70.462  -19.860 0.6000000238
7951  -14.275  -72.951  -26.031 0.6000000238
127070  -13.970  -68.843  -19.870 0.8000000119
117223  -15.264  -73.894  -30.551 0.6000000238
10419  -12.499  -69.597  -19.309 0.6000000238
10418  -11.819  -69.417  -19.320 0.6999999881
12324  -12.490  -67.087  -18.171 0.6000000238
12309  -14.515  -66.572  -17.319 0.6999999881
13642  -13.746  -64.879  -15.870 0.6000000238
14389  -16.122  -63.451  -16.033 0.5000000000
16524  -12.359  -61.198  -15.844 0.5000000000
13620  -14.953  -64.011  -15.542 0.6000000238
15080  -16.547  -61.420  -16.103 0.5000000000
17312  -7.260  -60.430  -18.988 0.6999999881
119551  -7.926  -59.912  -17.945 0.6000000238
17336  -7.167  -61.070  -21.003 0.6999999881
113828  -9.331  -62.053  -19.158 0.8000000119
17338  -9.154  -60.665  -20.860 0.6000000238
123425  -5.274  -58.964  -22.786 0.6000000238
18088  -8.701  -58.299  -22.317 0.5000000000
18069  -8.230  -59.316  -22.034 0.5000000000
18823  -4.720  -58.184  -23.314 0.5000000000
20338  -10.566  -55.448  -26.116 0.5000000000
130956  -11.169  -60.961  -19.628 0.6000000238
18775  -12.673  -57.365  -19.698 0.5000000000
20299  -4.350  -56.015  -23.745 0.5000000000
20321  -8.236  -55.470  -24.256 0.6000000238
21054  -5.827  -54.941  -22.933 0.4000000060
20272  -6.732  -55.457  -22.279 0.4000000060
20247  -7.796  -55.388  -20.754 0.3000000119
20274  -8.408  -55.405  -21.809 0.4000000060
21012  -10.897  -54.690  -19.967 0.4000000060
113070  -11.163  -54.541  -20.942 0.4000000060
21863  -13.245  -53.292  -21.105 0.4000000060
112423  -13.391  -52.671  -21.984 0.4000000060
20234  -9.712  -55.079  -19.221 0.3000000119
20235  -10.400  -54.682  -19.117 0.5000000000
131326  -12.619  -52.807  -19.291 0.5000000000
20999  -11.917  -53.915  -19.323 0.4000000060
24580  -12.074  -50.360  -20.137 0.5000000000
22776  -12.788  -52.374  -19.295 0.4000000060
23693  -13.364  -51.663  -19.353 0.4000000060
23691  -10.135  -52.180  -19.936 0.5000000000
23715  -10.579  -51.508  -20.233 0.4000000060
25361  -12.287  -49.489  -20.335 0.4000000060
24578  -9.538  -50.956  -20.811 0.4000000060
24577  -8.474  -50.985  -20.547 0.3000000119
25358  -7.782  -49.685  -21.433 0.3000000119
25375  -8.281  -49.326  -21.957 0.3000000119
2225  -16.006  -85.547  -32.391 0.5000000000
2226  -17.281  -85.594  -32.377 0.5000000000
1920  -19.205  -85.415  -31.709 0.5000000000
2227  -18.622  -84.979  -32.399 0.5000000000
1921  -19.813  -85.206  -31.031 0.5000000000
2632  -19.179  -84.551  -31.864 0.5000000000
2212  -20.097  -85.196  -29.861 0.6000000238
2229  -14.639  -84.748  -32.549 0.5000000000
2230  -15.678  -84.799  -32.692 0.5000000000
2231  -16.803  -84.767  -32.808 0.5000000000
2631  -18.468  -83.939  -32.450 0.5000000000
1898  -19.815  -85.475  -29.155 0.6000000238
2626  -18.742  -83.827  -31.525 0.6000000238
2627  -19.300  -84.492  -31.222 0.6000000238
2223  -13.849  -85.469  -32.181 0.4000000060
1581  -9.019  -87.087  -29.185 0.4000000060
1896  -9.893  -86.475  -29.555 0.4000000060
1905  -9.979  -86.641  -30.866 0.5000000000
128879  -10.786  -85.761  -31.419 0.5000000000
1914  -11.219  -86.175  -31.403 0.5000000000
2221  -11.265  -85.340  -31.622 0.5000000000
2220  -10.804  -84.904  -31.564 0.5000000000
123360  -12.719  -85.595  -31.817 0.5000000000
2222  -12.044  -84.827  -31.895 0.5000000000
1893  -19.164  -86.222  -28.198 0.6000000238
1567  -17.936  -87.376  -26.609 0.6000000238
128278  -13.868  -84.575  -32.436 0.5000000000
2635  -14.337  -83.940  -32.464 0.5000000000
3075  -13.183  -83.528  -31.868 0.5000000000
1892  -17.983  -86.172  -28.604 0.6000000238
2636  -15.269  -83.981  -32.614 0.5000000000
3074  -17.572  -83.315  -32.354 0.6000000238
2622  -18.898  -84.191  -30.764 0.6000000238
1576  -17.582  -87.036  -27.635 0.6000000238
2621  -17.771  -83.808  -30.161 0.6000000238
2211  -17.442  -85.576  -28.946 0.6000000238
1891  -16.665  -86.564  -27.694 0.6999999881
2210  -16.884  -85.337  -28.732 0.6000000238
2205  -16.666  -85.709  -28.028 0.6999999881
1556  -8.895  -87.611  -25.618 0.6000000238
1565  -9.979  -87.164  -26.616 0.6000000238
1878  -10.574  -86.667  -25.896 0.6000000238
1574  -9.844  -86.940  -27.742 0.5000000000
126203  -10.194  -86.469  -28.434 0.5000000000
114541  -10.599  -86.044  -28.431 0.6000000238
116170  -10.059  -85.984  -30.938 0.5000000000
2209  -10.461  -85.494  -29.240 0.5000000000
2215  -10.297  -85.210  -30.295 0.5000000000
122189  -11.279  -84.512  -31.790 0.5000000000
2628  -10.667  -83.961  -31.390 0.5000000000
2633  -12.599  -83.882  -32.104 0.5000000000
117905  -18.020  -87.512  -25.335 0.6999999881
1559  -17.377  -87.467  -25.901 0.6000000238
131117  -17.044  -87.468  -25.226 0.8000000119
3076  -14.018  -83.439  -32.044 0.5000000000
121676  -15.376  -82.966  -31.770 0.5000000000
3479  -15.996  -82.565  -31.581 0.6000000238
1566  -16.912  -87.326  -26.707 0.6999999881
1558  -16.729  -87.284  -25.674 0.6999999881
3054  -17.781  -83.305  -31.051 0.6000000238
110793  -16.477  -85.978  -27.073 0.6999999881
3053  -17.032  -82.985  -30.298 0.6000000238
2620  -17.170  -83.602  -29.550 0.6000000238
3043  -17.096  -82.928  -28.661 0.6999999881
2596  -16.729  -84.969  -27.875 0.6999999881
2199  -16.783  -85.188  -26.993 0.6000000238
121505  -8.710  -87.543  -24.873 0.5000000000
1557  -9.861  -87.253  -25.738 0.6000000238
2198  -10.770  -85.761  -26.767 0.6000000238
118092  -10.518  -85.232  -28.369 0.6000000238
3049  -10.478  -83.101  -29.573 0.6000000238
3068  -11.411  -82.942  -31.406 0.5000000000
3473  -11.399  -82.215  -30.769 0.6000000238
1540  -17.387  -87.398  -23.494 0.6999999881
3069  -12.308  -83.212  -31.497 0.5000000000
3062  -12.504  -82.976  -31.064 0.5000000000
1872  -16.434  -86.478  -23.465 0.5000000000
2172  -16.564  -85.565  -21.709 0.6000000238
3070  -13.557  -83.314  -31.440 0.6000000238
3475  -15.348  -82.778  -31.483 0.5000000000
1875  -16.348  -86.662  -24.383 0.6000000238
3476  -15.627  -82.546  -31.156 0.5000000000
1885  -16.363  -86.699  -26.271 0.6999999881
2187  -16.399  -85.974  -24.908 0.6000000238
3467  -16.182  -82.430  -29.743 0.5000000000
2193  -16.414  -85.883  -25.981 0.6000000238
2194  -17.178  -84.942  -26.176 0.6000000238
3453  -15.791  -82.109  -29.056 0.5000000000
3454  -16.422  -82.209  -28.607 0.6000000238
2597  -17.781  -84.110  -27.068 0.5000000000
110377  -18.233  -82.706  -26.903 0.5000000000
3017  -19.771  -83.505  -26.218 0.5000000000
1536  -8.472  -87.270  -23.545 0.6000000238
1547  -9.571  -87.286  -24.926 0.6000000238
1523  -7.992  -87.258  -22.974 0.4000000060
3464  -11.653  -81.792  -29.563 0.5000000000
1869  -16.487  -86.134  -22.464 0.6000000238
3063  -13.548  -83.247  -31.250 0.5000000000
2180  -16.564  -85.758  -23.078 0.5000000000
112397  -15.061  -82.776  -29.860 0.5000000000
2188  -16.912  -85.475  -24.589 0.5000000000
119047  -17.355  -84.954  -23.121 0.5000000000
2181  -16.836  -85.278  -22.858 0.5000000000
3452  -15.198  -82.637  -28.924 0.5000000000
118691  -16.805  -85.495  -25.389 0.5000000000
2574  -18.576  -84.716  -24.720 0.5000000000
3440  -15.517  -82.341  -28.188 0.6000000238
3441  -15.765  -82.289  -27.351 0.6000000238
2584  -18.237  -84.423  -26.168 0.5000000000
2585  -19.163  -84.228  -25.866 0.6000000238
3428  -16.554  -82.236  -26.802 0.6000000238
112618  -17.465  -82.318  -26.682 0.5000000000
116390  -7.431  -86.623  -21.521 0.4000000060
2619  -13.276  -84.035  -29.501 0.5000000000
2544  -17.677  -84.264  -22.061 0.5000000000
114752  -14.275  -83.490  -29.315 0.5000000000
3041  -14.571  -83.406  -28.305 0.5000000000
2566  -18.843  -84.566  -23.928 0.5000000000
2974  -18.560  -84.179  -22.403 0.5000000000
2958  -19.637  -83.500  -21.574 0.5000000000
3366  -20.494  -82.612  -20.417 0.5000000000
116903  -22.511  -82.255  -19.792 0.5000000000
3024  -14.852  -83.297  -26.440 0.6000000238
3427  -15.617  -82.653  -26.383 0.6000000238
2575  -19.527  -84.393  -25.076 0.5000000000
3417  -15.826  -82.693  -25.651 0.6000000238
3006  -21.095  -83.390  -25.317 0.5000000000
3406  -16.949  -82.247  -24.731 0.5000000000
3397  -17.635  -81.904  -24.474 0.5000000000
3001  -12.671  -83.253  -25.403 0.5000000000
2555  -19.174  -84.357  -23.156 0.5000000000
124307  -20.480  -83.400  -21.529 0.5000000000
115711  -20.963  -83.103  -21.102 0.5000000000
3367  -21.449  -82.747  -20.556 0.5000000000
2583  -13.359  -84.262  -26.070 0.5000000000
3003  -13.992  -83.506  -24.401 0.6000000238
121642  -20.266  -84.175  -23.406 0.5000000000
2976  -20.600  -83.846  -22.407 0.5000000000
2943  -22.036  -83.401  -21.345 0.5000000000
3368  -22.330  -82.906  -20.549 0.5000000000
3770  -23.008  -81.747  -19.527 0.5000000000
114175  -15.997  -82.686  -24.689 0.5000000000
2992  -20.950  -83.942  -24.660 0.5000000000
3007  -21.860  -83.414  -24.752 0.5000000000
3403  -12.668  -82.600  -24.979 0.5000000000
2961  -23.004  -83.763  -22.200 0.5000000000
3369  -23.214  -83.063  -20.434 0.5000000000
126176  -24.822  -82.348  -19.372 0.4000000060
2945  -23.987  -83.868  -21.221 0.4000000060
4249  -7.077  -81.164  -30.108 0.4000000060
12352  -8.857  -65.940  -20.778 0.5000000000
13664  -7.754  -64.743  -17.949 0.5000000000
13035  -8.460  -64.577  -19.759 0.5000000000
13636  -7.031  -64.091  -16.730 0.5000000000
115431  -7.846  -64.543  -17.119 0.5000000000
13052  -8.784  -64.952  -20.424 0.5000000000
18034  -6.563  -59.443  -18.915 0.5000000000
18033  -5.902  -58.559  -19.013 0.5000000000
18788  -5.224  -57.963  -20.606 0.5000000000
2594  -12.999  -84.522  -26.898 0.5000000000
2612  -13.531  -84.250  -28.613 0.5000000000
1902  -19.086  -85.136  -29.613 0.6000000238
3079  -16.727  -83.203  -32.402 0.6000000238
2216  -17.806  -84.703  -29.563 0.6000000238
3065  -17.243  -82.834  -31.338 0.6000000238
2605  -16.800  -84.889  -28.641 0.6999999881
1884  -10.566  -86.520  -26.727 0.6000000238
3064  -14.451  -83.109  -31.341 0.5000000000
3042  -16.750  -82.826  -29.377 0.6000000238
2606  -17.151  -83.861  -28.497 0.6000000238
3035  -17.463  -83.108  -28.001 0.6000000238
1528  -16.636  -86.968  -23.019 0.6999999881
112842  -14.054  -83.128  -31.027 0.5000000000
3466  -15.649  -82.495  -30.306 0.5000000000
3442  -16.581  -82.139  -27.804 0.6000000238
3429  -17.536  -82.579  -27.500 0.6000000238
3025  -18.148  -83.144  -27.240 0.5000000000
2586  -19.992  -84.000  -25.824 0.5000000000
2565  -17.920  -84.866  -23.755 0.5000000000
2554  -18.068  -84.574  -22.945 0.5000000000
3034  -14.753  -83.252  -27.361 0.5000000000
3418  -16.766  -82.336  -25.749 0.5000000000
2595  -13.864  -84.161  -26.604 0.5000000000
3004  -14.968  -83.286  -24.599 0.5000000000
3015  -14.124  -83.982  -25.758 0.5000000000
2959  -21.332  -83.571  -21.864 0.5000000000
2993  -21.338  -83.970  -23.759 0.5000000000
2960  -22.202  -83.723  -22.256 0.5000000000
3351  -23.471  -82.391  -19.737 0.5000000000
2978  -22.836  -83.770  -23.230 0.4000000060
3370  -24.102  -83.237  -20.303 0.4000000060
126135  -16.840  -82.270  -17.926 0.5000000000
125276  -16.928  -82.476  -18.644 0.6000000238
3346  -17.078  -82.638  -19.414 0.6000000238
2924  -16.565  -83.773  -19.562 0.6000000238
117926  -16.602  -84.127  -18.978 0.4000000060
3347  -17.840  -82.244  -19.614 0.4000000060
2940  -17.803  -83.231  -20.807 0.4000000060
3363  -17.349  -82.868  -20.126 0.5000000000
2938  -16.562  -83.899  -20.260 0.6000000238
2955  -16.621  -84.182  -20.923 0.5000000000
2956  -17.222  -83.833  -21.299 0.4000000060
130764  -16.477  -84.151  -20.015 0.5000000000
2552  -16.635  -85.337  -22.176 0.5000000000
1850  -16.569  -85.406  -20.925 0.6000000238
127366  -17.194  -87.198  -22.668 0.6000000238
1550  -18.349  -87.478  -24.388 0.6000000238
1560  -19.289  -87.325  -25.214 0.6000000238
1568  -18.964  -87.237  -26.179 0.6000000238
1886  -18.965  -86.775  -27.207 0.5000000000
132544  -20.174  -86.114  -27.825 0.5000000000
1899  -20.788  -85.697  -28.713 0.4000000060
1903  -20.702  -85.814  -29.861 0.5000000000
3771  -23.857  -81.755  -19.445 0.3000000119
1919  -18.226  -85.978  -31.922 0.4000000060
127580  -14.516  -72.144  -30.007 0.4000000060
8657  -15.716  -73.250  -30.555 0.4000000060
7347  -15.442  -74.027  -30.345 0.5000000000
18014  -15.026  -58.929  -16.862 0.5000000000
18022  -14.553  -58.189  -17.488 0.5000000000
131563  -15.310  -57.798  -17.719 0.5000000000
18752  -14.697  -57.509  -18.168 0.4000000060
19514  -13.443  -56.632  -20.074 0.4000000060
113132  -17.404  -57.035  -19.464 0.4000000060
19552  -13.165  -56.217  -20.932 0.4000000060
19530  -13.957  -56.024  -20.550 0.4000000060
119826  -14.234  -56.351  -19.982 0.4000000060
120905  -12.381  -56.394  -21.323 0.4000000060
19532  -15.665  -56.060  -19.919 0.4000000060
19551  -12.876  -55.814  -21.754 0.4000000060
120855  -13.312  -55.407  -22.176 0.4000000060
21036  -15.228  -54.563  -21.818 0.4000000060
20305  -12.646  -55.471  -22.806 0.4000000060
20306  -13.372  -54.884  -23.083 0.4000000060
20325  -12.479  -55.130  -24.288 0.4000000060
21075  -13.070  -54.358  -24.831 0.4000000060
119038  -10.569  -52.090  -25.587 0.3000000119
21906  -12.023  -53.966  -26.779 0.4000000060
22826  -12.502  -52.220  -23.043 0.3000000119
22840  -11.708  -51.493  -24.244 0.3000000119
21924  -11.554  -52.592  -26.585 0.3000000119
19516  -16.609  -56.998  -19.110 0.4000000060
19515  -15.804  -56.610  -19.320 0.4000000060
111943  -14.920  -56.428  -19.618 0.4000000060
18762  -15.601  -57.422  -18.269 0.4000000060
19531  -14.772  -55.956  -20.217 0.4000000060
20251  -14.547  -55.573  -20.850 0.4000000060
119131  -17.028  -55.377  -20.697 0.4000000060
20279  -15.435  -55.075  -21.187 0.4000000060
20278  -14.571  -55.145  -21.510 0.4000000060
20277  -13.735  -55.599  -21.370 0.4000000060
7152  -23.408  -74.773  -15.865 0.3000000119
7175  -22.451  -74.544  -16.699 0.3000000119
6526  -22.768  -75.243  -15.668 0.4000000060
6525  -22.033  -74.901  -15.935 0.3000000119
7174  -21.565  -74.616  -16.787 0.4000000060
6523  -19.503  -75.685  -15.969 0.3000000119
6543  -20.152  -75.170  -16.522 0.3000000119
7172  -19.990  -75.168  -17.145 0.4000000060
5426  -18.006  -77.392  -14.858 0.3000000119
6522  -18.986  -75.940  -16.496 0.3000000119
6006  -18.804  -76.406  -17.017 0.3000000119
5441  -18.170  -76.906  -15.613 0.3000000119
5992  -17.899  -77.159  -16.101 0.3000000119
5453  -17.971  -77.511  -16.608 0.3000000119
4954  -17.176  -78.264  -15.406 0.3000000119
132770  -17.154  -78.356  -15.849 0.3000000119
4970  -17.300  -78.634  -16.338 0.3000000119
126660  -16.303  -80.323  -15.039 0.3000000119
4518  -16.538  -79.727  -15.489 0.3000000119
4527  -16.970  -79.512  -16.256 0.3000000119
3287  -16.501  -82.643  -13.673 0.3000000119
3720  -16.318  -81.416  -14.332 0.3000000119
126887  -16.208  -81.024  -14.995 0.3000000119
3727  -16.384  -81.485  -15.621 0.3000000119
3736  -16.616  -81.149  -16.297 0.3000000119
121334  -16.252  -82.282  -14.263 0.4000000060
7194  -21.252  -74.767  -17.640 0.3000000119
118904  -21.469  -75.593  -15.586 0.4000000060
6565  -20.045  -75.586  -17.664 0.4000000060
128600  -19.311  -76.285  -15.366 0.3000000119
6007  -19.545  -76.220  -17.641 0.4000000060
4936  -17.176  -78.509  -14.711 0.3000000119
5468  -18.200  -77.985  -17.155 0.4000000060
4980  -17.886  -78.692  -17.044 0.4000000060
4488  -16.769  -79.974  -14.073 0.3000000119
4114  -17.223  -80.228  -16.866 0.4000000060
3288  -16.924  -82.283  -13.213 0.3000000119
3709  -16.986  -81.643  -13.318 0.4000000060
122494  -16.862  -81.643  -17.199 0.4000000060
3316  -16.574  -81.950  -16.429 0.3000000119
3271  -17.681  -82.612  -12.780 0.3000000119
7196  -22.935  -74.501  -17.479 0.3000000119
7210  -22.598  -74.804  -18.260 0.3000000119
7197  -23.816  -74.397  -17.185 0.3000000119
7209  -21.775  -74.969  -18.249 0.3000000119
6567  -21.477  -75.569  -18.585 0.3000000119
119390  -22.785  -77.842  -15.819 0.4000000060
6019  -20.234  -76.087  -18.134 0.3000000119
121629  -20.498  -76.573  -18.445 0.3000000119
5956  -18.706  -76.738  -15.083 0.3000000119
5957  -19.726  -76.897  -14.803 0.4000000060
5488  -19.870  -76.775  -18.142 0.4000000060
5489  -20.401  -77.286  -18.547 0.3000000119
4982  -18.844  -77.852  -17.667 0.4000000060
4998  -19.222  -78.676  -18.085 0.4000000060
4937  -17.728  -78.142  -14.499 0.3000000119
4490  -18.780  -79.657  -14.032 0.3000000119
4536  -18.216  -79.430  -17.481 0.4000000060
4550  -18.778  -79.335  -17.893 0.4000000060
124530  -17.442  -80.236  -13.617 0.3000000119
4085  -18.587  -80.569  -13.781 0.3000000119
125579  -18.076  -80.762  -17.951 0.4000000060
3752  -18.582  -81.047  -18.464 0.5000000000
126342  -17.424  -80.996  -17.523 0.4000000060
117347  -17.807  -81.375  -18.371 0.4000000060
3766  -18.263  -81.645  -19.047 0.5000000000
2857  -19.410  -83.383  -12.296 0.3000000119
6569  -23.139  -75.177  -18.797 0.3000000119
7212  -24.366  -74.592  -17.819 0.3000000119
5442  -22.534  -78.692  -15.853 0.4000000060
4999  -20.346  -78.327  -18.627 0.4000000060
4567  -20.675  -79.423  -18.808 0.4000000060
5428  -20.354  -78.047  -14.719 0.4000000060
4551  -19.312  -79.694  -18.298 0.4000000060
4130  -19.318  -80.625  -18.580 0.5000000000
3348  -18.986  -82.033  -19.625 0.4000000060
4504  -19.394  -79.325  -14.391 0.3000000119
3767  -19.178  -81.390  -18.990 0.4000000060
113896  -19.660  -81.599  -14.469 0.3000000119
3364  -18.342  -82.638  -20.242 0.4000000060
2941  -18.936  -83.122  -20.878 0.4000000060
117609  -18.982  -81.735  -13.815 0.3000000119
3698  -19.277  -82.707  -12.804 0.3000000119
6586  -22.101  -75.930  -19.133 0.3000000119
5505  -21.124  -76.782  -18.841 0.3000000119
116464  -21.215  -78.711  -19.014 0.3000000119
4939  -20.054  -78.913  -14.697 0.4000000060
127879  -20.924  -80.201  -19.012 0.5000000000
3768  -20.671  -81.603  -19.455 0.4000000060
4505  -20.321  -79.883  -14.817 0.4000000060
3349  -20.087  -82.144  -19.813 0.4000000060
3712  -21.521  -82.246  -14.642 0.3000000119
4087  -21.147  -81.460  -15.132 0.3000000119
3290  -20.826  -82.885  -14.410 0.3000000119
3274  -21.140  -83.054  -13.612 0.3000000119
112467  -21.370  -83.917  -11.403 0.3000000119
2858  -20.371  -83.276  -12.232 0.3000000119
5012  -21.757  -78.008  -19.294 0.3000000119
4568  -21.483  -79.727  -19.161 0.4000000060
114841  -21.559  -80.616  -19.260 0.4000000060
3686  -22.595  -82.296  -12.649 0.3000000119
4070  -22.780  -81.402  -11.790 0.3000000119
3275  -22.040  -82.791  -13.073 0.3000000119
3258  -22.861  -82.768  -12.232 0.3000000119
2846  -22.324  -83.163  -11.957 0.3000000119
3675  -23.438  -81.654  -10.965 0.3000000119
3676  -23.946  -81.981  -10.000 0.3000000119
3249  -23.705  -82.502  -11.061 0.3000000119
120219  -24.430  -82.757  -10.114 0.3000000119
2847  -23.111  -83.225  -11.544 0.3000000119
117774  -23.143  -79.963  -19.497 0.3000000119
117542  -22.329  -80.507  -19.393 0.4000000060
3660  -23.771  -81.559  -8.575 0.3000000119
3226  -24.122  -81.950  -7.656 0.3000000119
112001  -24.674  -78.686  -19.716 0.3000000119
112002  -23.629  -78.846  -19.661 0.3000000119
4147  -23.042  -81.053  -19.460 0.3000000119
117773  -24.176  -79.762  -19.609 0.3000000119
4149  -24.617  -80.523  -19.515 0.3000000119
18751  -13.828  -57.816  -18.108 0.5000000000
21087  -12.132  -54.967  -26.772 0.5000000000
21074  -12.279  -55.035  -25.985 0.4000000060
18777  -14.170  -56.800  -19.465 0.4000000060
1529  -16.803  -86.680  -22.212 0.6000000238
123335  -16.551  -84.892  -21.311 0.5000000000
2957  -18.433  -83.680  -21.627 0.4000000060
116638  -21.039  -82.238  -19.926 0.4000000060
118460  -21.382  -81.286  -19.369 0.4000000060
4148  -23.897  -80.759  -19.502 0.3000000119
18024  -16.489  -58.670  -17.434 0.5000000000
18753  -16.109  -57.904  -17.739 0.4000000060
19533  -16.724  -56.382  -19.749 0.4000000060
6524  -20.583  -75.552  -15.705 0.3000000119
4502  -16.503  -79.737  -14.704 0.3000000119
4084  -16.761  -80.954  -13.752 0.3000000119
129368  -21.754  -76.463  -15.364 0.4000000060
4121  -17.859  -80.182  -17.463 0.4000000060
5958  -20.794  -77.268  -14.914 0.4000000060
5427  -19.108  -77.594  -14.498 0.3000000119
4925  -18.333  -78.732  -14.074 0.3000000119
4552  -19.877  -79.120  -18.479 0.4000000060
3289  -19.778  -82.521  -14.135 0.3000000119
4144  -19.998  -81.070  -19.021 0.4000000060
3273  -20.262  -82.937  -13.463 0.3000000119
132216  -21.887  -80.180  -19.312 0.4000000060
4088  -21.760  -81.213  -14.661 0.3000000119
2440  -22.293  -84.209  -10.871 0.3000000119
5013  -22.742  -78.965  -19.530 0.3000000119
3237  -24.539  -82.222  -9.011 0.3000000119
1880  -20.416  -86.741  -26.012 0.5000000000
1561  -20.560  -87.007  -25.051 0.5000000000
1551  -19.607  -87.316  -24.341 0.5000000000
1530  -18.215  -87.327  -22.735 0.5000000000
1851  -16.932  -86.117  -20.924 0.4000000060
3404  -13.268  -82.616  -24.086 0.4000000060
2913  -16.627  -83.542  -18.735 0.5000000000
123151  -16.672  -83.507  -18.043 0.3000000119
2500  -16.822  -83.693  -16.504 0.3000000119
3323  -16.699  -82.439  -17.306 0.4000000060
118984  -16.277  -82.731  -14.892 0.3000000119
123203  -16.409  -82.323  -15.650 0.3000000119
4506  -21.173  -80.285  -15.151 0.3000000119
4927  -22.283  -79.823  -15.152 0.3000000119
120047  -20.977  -79.352  -15.126 0.3000000119
5975  -22.798  -76.364  -15.513 0.3000000119
4926  -21.764  -80.263  -14.886 0.3000000119
4956  -22.847  -79.603  -15.722 0.3000000119
4955  -22.163  -79.341  -15.501 0.3000000119
5443  -23.153  -79.003  -16.079 0.3000000119
5444  -24.020  -78.612  -15.974 0.3000000119
125708  -24.382  -79.356  -15.990 0.3000000119
4941  -23.193  -79.946  -15.378 0.3000000119
4507  -23.854  -80.306  -15.398 0.3000000119
4958  -23.910  -79.861  -15.887 0.3000000119
4520  -25.225  -80.926  -15.371 0.3000000119
5976  -23.505  -77.149  -15.681 0.3000000119
5977  -24.542  -77.120  -15.449 0.3000000119
4492  -24.834  -80.041  -14.466 0.3000000119
132112  -25.399  -79.340  -15.687 0.3000000119
1912  -20.295  -85.758  -30.533 0.3000000119
2155  -17.075  -85.286  -19.418 0.5000000000
1517  -17.744  -87.083  -22.014 0.4000000060
1541  -18.836  -87.385  -23.550 0.5000000000
2904  -16.657  -83.180  -17.379 0.3000000119
119621  -17.100  -54.832  -21.178 0.3000000119
20280  -16.280  -55.183  -20.847 0.3000000119
21892  -13.783  -53.678  -24.587 0.3000000119
1894  -21.409  -85.886  -27.942 0.4000000060
1552  -21.818  -86.754  -24.828 0.4000000060
117307  -21.930  -88.072  -18.005 0.4000000060
1490  -21.854  -87.461  -19.956 0.4000000060
1519  -21.184  -87.305  -21.495 0.4000000060
1518  -19.819  -87.160  -21.360 0.4000000060
114448  -19.044  -87.210  -22.025 0.4000000060
1531  -21.123  -87.251  -22.937 0.4000000060
1542  -20.255  -87.272  -23.604 0.4000000060
120051  -19.596  -87.312  -22.821 0.4000000060
1459  -22.650  -88.360  -16.502 0.3000000119
1468  -21.205  -87.827  -17.305 0.4000000060
115747  -20.444  -86.820  -18.638 0.4000000060
121513  -20.785  -87.120  -24.302 0.4000000060
112061  -22.421  -87.826  -19.323 0.4000000060
116692  -21.985  -87.325  -22.289 0.4000000060
1163  -22.175  -88.415  -17.247 0.3000000119
113165  -21.378  -87.286  -18.985 0.4000000060
116167  -20.428  -87.285  -22.126 0.4000000060
1854  -20.574  -87.033  -20.212 0.4000000060
1853  -19.369  -86.779  -20.558 0.4000000060
124028  -22.890  -87.789  -15.702 0.3000000119
1458  -21.452  -88.071  -16.552 0.3000000119
1819  -20.385  -87.197  -17.490 0.3000000119
1457  -20.497  -87.686  -16.653 0.3000000119
1829  -19.558  -86.371  -18.397 0.3000000119
2145  -18.612  -85.807  -18.553 0.3000000119
129104  -19.853  -86.567  -19.037 0.3000000119
2136  -17.990  -85.297  -18.018 0.3000000119
2515  -16.759  -84.081  -18.287 0.3000000119
2516  -17.051  -84.774  -18.665 0.3000000119
1828  -19.042  -86.224  -19.141 0.3000000119
1839  -18.024  -85.799  -19.292 0.3000000119
1852  -17.908  -86.437  -20.661 0.3000000119
117222  -15.543  -82.933  -10.185 0.3000000119
3656  -15.355  -81.152  -9.257 0.3000000119
4467  -21.112  -79.283  -9.826 0.3000000119
4451  -15.618  -79.391  -9.321 0.3000000119
4463  -15.946  -79.645  -9.680 0.3000000119
4452  -18.069  -78.970  -9.080 0.3000000119
4453  -18.927  -78.928  -8.238 0.3000000119
4454  -19.528  -78.448  -8.188 0.3000000119
4874  -20.029  -78.592  -7.817 0.3000000119
4455  -20.503  -78.492  -8.883 0.3000000119
4466  -20.734  -78.690  -10.050 0.3000000119
5368  -15.897  -77.965  -9.685 0.3000000119
5369  -16.600  -78.112  -9.876 0.3000000119
5370  -17.555  -77.675  -9.928 0.3000000119
129536  -18.084  -78.182  -9.319 0.3000000119
5358  -19.549  -77.802  -8.667 0.3000000119
1830  -20.238  -86.762  -18.076 0.3000000119
3245  -15.848  -82.084  -10.151 0.3000000119
3657  -17.926  -80.390  -9.406 0.3000000119
4060  -16.001  -80.437  -9.872 0.3000000119
4059  -15.652  -80.317  -9.471 0.3000000119
4061  -16.935  -80.333  -9.944 0.3000000119
4465  -17.183  -79.448  -9.756 0.3000000119
118470  -16.852  -77.300  -10.333 0.3000000119
1449  -23.621  -88.074  -15.921 0.3000000119
1477  -21.088  -87.249  -18.169 0.3000000119
1503  -20.482  -87.169  -20.864 0.4000000060
1504  -21.693  -87.375  -20.826 0.4000000060
1520  -22.750  -87.550  -21.647 0.4000000060
1535  -7.508  -87.577  -23.594 0.4000000060
1537  -9.045  -87.274  -24.224 0.6000000238
1539  -16.661  -87.209  -23.937 0.5000000000
1543  -21.953  -86.951  -23.863 0.4000000060
1548  -10.412  -86.784  -25.081 0.6999999881
1549  -16.668  -87.272  -24.829 0.8000000119
1575  -16.882  -87.116  -27.522 0.6999999881
1582  -17.040  -86.863  -28.001 0.6999999881
1840  -19.658  -86.608  -19.707 0.3000000119
1841  -20.603  -86.919  -19.406 0.4000000060
1862  -16.614  -86.071  -21.608 0.6000000238
1863  -17.267  -86.585  -21.416 0.6000000238
1864  -18.536  -86.912  -21.291 0.4000000060
1868  -10.328  -85.971  -23.022 0.6999999881
1879  -16.317  -86.737  -25.315 0.6000000238
1887  -20.282  -86.485  -27.012 0.5000000000
1890  -10.578  -86.272  -27.605 0.6000000238
1897  -16.948  -86.200  -28.333 0.6000000238
1900  -21.220  -85.914  -29.117 0.5000000000
1901  -10.106  -86.002  -30.159 0.5000000000
1904  -9.610  -86.770  -30.587 0.5000000000
1911  -19.787  -85.865  -31.145 0.3000000119
2154  -16.609  -85.147  -20.108 0.5000000000
2161  -7.471  -85.607  -20.270 0.6999999881
2163  -17.209  -85.817  -20.134 0.4000000060
2169  -8.760  -85.788  -21.328 0.6999999881
2171  -10.310  -85.450  -22.075 0.6999999881
2177  -9.950  -85.856  -22.428 0.6999999881
2182  -10.829  -85.595  -23.506 0.6999999881
2183  -16.496  -85.894  -23.998 0.5000000000
2184  -17.017  -85.293  -23.669 0.5000000000
2213  -20.601  -85.552  -29.581 0.6000000238
2217  -19.627  -84.845  -30.450 0.6000000238
2218  -20.303  -85.430  -30.217 0.6000000238
2219  -10.452  -85.007  -31.154 0.5000000000
2224  -14.970  -85.499  -32.278 0.5000000000
2228  -13.081  -84.746  -32.237 0.5000000000
2232  -17.853  -84.642  -32.747 0.5000000000
2513  -7.298  -83.977  -18.677 0.6999999881
2514  -7.967  -83.973  -18.777 0.6999999881
2523  -5.270  -85.016  -19.093 0.5000000000
2527  -9.312  -84.403  -19.826 0.6999999881
2529  -16.569  -84.534  -19.610 0.4000000060
2537  -16.512  -84.551  -20.475 0.5000000000
2542  -11.035  -84.380  -21.447 0.6999999881
2543  -16.831  -84.564  -21.665 0.5000000000
2553  -17.111  -84.790  -22.466 0.5000000000
2564  -11.149  -84.469  -23.125 0.6999999881
2573  -17.695  -85.066  -24.512 0.5000000000
2593  -12.493  -83.686  -26.919 0.6000000238
2603  -13.020  -84.563  -28.006 0.5000000000
2604  -13.692  -84.287  -27.591 0.5000000000
2609  -10.500  -84.352  -28.819 0.6999999881
2610  -12.863  -83.924  -29.450 0.6000000238
2611  -12.977  -84.353  -28.801 0.5000000000
2613  -17.060  -83.860  -29.124 0.6999999881
2618  -10.425  -84.505  -29.637 0.5000000000
2625  -10.430  -84.099  -30.576 0.5000000000
2629  -11.028  -83.823  -31.707 0.5000000000
2630  -11.685  -83.751  -31.905 0.5000000000
2634  -13.480  -83.926  -32.297 0.5000000000
2637  -16.322  -83.955  -32.769 0.5000000000
2638  -17.410  -83.908  -32.813 0.5000000000
2837  -23.777  -83.057  -11.058 0.3000000119
2845  -20.656  -83.727  -11.707 0.3000000119
2855  -16.983  -83.003  -13.051 0.3000000119
2859  -21.348  -83.220  -12.257 0.3000000119
2879  -16.331  -83.108  -14.257 0.4000000060
2898  -16.583  -82.777  -16.492 0.3000000119
2908  -6.904  -83.629  -18.665 0.6999999881
2925  -16.762  -83.288  -19.868 0.6000000238
2939  -16.914  -83.522  -20.563 0.5000000000
2942  -19.984  -83.026  -20.945 0.5000000000
2944  -23.074  -83.603  -21.306 0.5000000000
2952  -4.984  -83.358  -21.615 0.5000000000
2972  -7.206  -83.238  -22.878 0.6999999881
2973  -11.360  -83.736  -21.993 0.6000000238
2975  -19.451  -83.995  -22.358 0.5000000000
2977  -21.777  -83.841  -22.908 0.5000000000
2985  -5.885  -84.143  -22.973 0.5000000000
2987  -7.257  -83.686  -23.612 0.6000000238
2991  -19.874  -84.300  -24.262 0.5000000000
3000  -7.400  -84.115  -24.997 0.5000000000
3002  -13.242  -83.291  -24.512 0.4000000060
3005  -20.433  -83.982  -25.338 0.5000000000
3012  -7.373  -83.601  -25.821 0.5000000000
3014  -13.418  -83.875  -25.248 0.6000000238
3016  -14.955  -83.357  -25.570 0.5000000000
3021  -7.382  -83.167  -26.736 0.5000000000
3051  -13.183  -83.467  -30.478 0.5000000000
3052  -14.033  -83.366  -30.263 0.5000000000
3061  -11.089  -82.585  -31.012 0.6999999881
3066  -17.928  -83.181  -31.920 0.6000000238
3067  -10.938  -83.216  -31.407 0.5000000000
3071  -14.699  -83.121  -31.598 0.5000000000
3072  -16.038  -82.765  -31.878 0.6000000238
3073  -16.881  -82.720  -31.895 0.6000000238
3077  -14.895  -83.361  -32.153 0.5000000000
3078  -15.769  -83.300  -32.270 0.6000000238
3234  -15.502  -82.161  -9.798 0.3000000119
3259  -23.368  -82.773  -11.663 0.3000000119
3272  -18.546  -82.969  -12.570 0.3000000119
3291  -21.508  -82.809  -14.085 0.3000000119
3327  -7.257  -83.134  -18.611 0.6999999881
3328  -7.858  -82.937  -18.429 0.6999999881
3329  -8.624  -82.727  -18.390 0.6999999881
3332  -16.673  -82.900  -18.207 0.5000000000
3343  -10.764  -82.876  -18.911 0.6999999881
3345  -16.708  -83.096  -19.109 0.6000000238
3350  -21.797  -82.377  -20.040 0.5000000000
3359  -5.883  -82.835  -20.476 0.6000000238
3362  -11.662  -82.617  -20.173 0.6000000238
3365  -19.468  -82.584  -20.297 0.4000000060
3378  -6.560  -82.598  -20.906 0.6999999881
3391  -10.569  -82.023  -24.593 0.4000000060
3415  -11.077  -81.337  -26.347 0.5000000000
3416  -11.880  -81.833  -26.006 0.5000000000
3419  -17.790  -82.211  -25.900 0.5000000000
3436  -7.630  -82.382  -28.345 0.5000000000
3437  -10.788  -81.967  -27.403 0.6000000238
3443  -17.118  -82.514  -28.118 0.6000000238
3451  -11.759  -81.926  -28.619 0.6000000238
3462  -10.779  -81.962  -29.950 0.6000000238
3463  -11.209  -81.792  -30.152 0.6000000238
3465  -14.937  -82.786  -30.905 0.5000000000
3472  -10.987  -82.062  -30.490 0.6000000238
3474  -11.720  -82.089  -30.531 0.5000000000
3477  -16.355  -82.531  -30.974 0.6000000238
3478  -11.799  -82.527  -31.073 0.6000000238
3671  -15.731  -81.248  -9.804 0.3000000119
3687  -23.214  -82.290  -11.830 0.3000000119
3696  -17.567  -81.976  -13.029 0.4000000060
3697  -18.523  -82.159  -12.986 0.3000000119
3699  -22.084  -82.315  -13.671 0.3000000119
3708  -16.513  -81.866  -13.718 0.3000000119
3711  -20.545  -82.151  -14.759 0.3000000119
3747  -9.917  -81.865  -17.846 0.6999999881
3750  -11.947  -80.627  -18.278 0.5000000000
3751  -17.162  -81.821  -18.125 0.4000000060
3762  -9.384  -81.478  -18.128 0.6999999881
3763  -11.601  -81.887  -18.755 0.6000000238
3765  -17.432  -81.995  -18.929 0.5000000000
3769  -21.612  -81.876  -19.624 0.4000000060
3818  -10.718  -81.342  -24.603 0.4000000060
3829  -7.451  -82.159  -24.425 0.6000000238
3831  -12.213  -81.616  -25.540 0.5000000000
3840  -11.274  -80.846  -25.504 0.5000000000
3847  -7.446  -81.555  -26.630 0.6000000238
4048  -17.733  -79.738  -9.417 0.3000000119
4050  -18.709  -80.340  -8.645 0.3000000119
4086  -19.678  -80.453  -14.562 0.3000000119
4095  -16.410  -80.547  -14.463 0.3000000119
4096  -20.727  -80.687  -15.084 0.3000000119
4097  -21.517  -80.820  -15.196 0.3000000119
4105  -16.410  -80.664  -15.575 0.3000000119
4113  -16.715  -80.348  -16.221 0.3000000119
4120  -16.920  -80.872  -16.819 0.4000000060
4128  -11.980  -79.836  -17.926 0.5000000000
4129  -18.604  -80.174  -18.009 0.4000000060
4131  -20.146  -80.186  -18.716 0.4000000060
4143  -12.500  -80.564  -19.060 0.5000000000
4145  -20.792  -80.854  -19.103 0.4000000060
4146  -22.203  -81.355  -19.461 0.4000000060
4157  -8.736  -80.627  -20.232 0.6999999881
4166  -7.935  -81.091  -21.607 0.6999999881
4189  -7.662  -80.678  -22.582 0.6999999881
4214  -7.314  -80.632  -24.329 0.6999999881
4441  -19.718  -78.954  -7.719 0.3000000119
4450  -15.334  -79.075  -8.967 0.3000000119
4464  -16.491  -79.799  -9.875 0.3000000119
4489  -17.950  -79.498  -13.717 0.3000000119
4503  -16.898  -79.218  -14.402 0.3000000119
4508  -24.509  -80.851  -15.105 0.3000000119
4519  -24.525  -80.739  -15.443 0.3000000119
4535  -17.555  -79.444  -16.926 0.4000000060
4548  -11.897  -79.085  -17.951 0.6000000238
4549  -12.448  -79.101  -18.230 0.5000000000
4566  -13.032  -79.221  -18.879 0.5000000000
4569  -22.245  -79.742  -19.383 0.4000000060
4577  -8.980  -79.820  -20.641 0.6000000238
4579  -10.190  -78.536  -20.060 0.6000000238
4607  -8.140  -79.218  -22.294 0.6999999881
4623  -7.798  -79.008  -22.966 0.6999999881
4636  -7.524  -79.313  -24.419 0.6999999881
4679  -8.539  -79.660  -28.319 0.6000000238
4707  -7.003  -79.720  -30.157 0.5000000000
4709  -8.443  -79.596  -30.294 0.5000000000
4882  -18.811  -78.274  -8.670 0.3000000119
4883  -19.993  -78.061  -8.380 0.3000000119
4891  -15.939  -78.796  -9.669 0.3000000119
4892  -16.538  -79.091  -9.837 0.3000000119
4893  -17.314  -78.610  -9.716 0.3000000119
4894  -18.743  -77.497  -9.248 0.3000000119
4924  -17.502  -78.870  -14.127 0.3000000119
4938  -19.013  -78.403  -14.313 0.3000000119
4940  -21.607  -79.785  -15.115 0.3000000119
4953  -16.684  -78.955  -15.029 0.3000000119
4957  -23.318  -79.858  -15.771 0.3000000119
4959  -24.828  -80.024  -15.813 0.3000000119
4969  -16.881  -78.848  -15.690 0.3000000119
4981  -18.530  -78.663  -17.562 0.4000000060
5011  -21.067  -77.702  -18.941 0.4000000060
5033  -9.321  -78.188  -21.526 0.6000000238
5051  -8.936  -78.066  -22.163 0.6000000238
5085  -7.783  -78.621  -24.765 0.6999999881
5086  -8.076  -78.125  -24.257 0.6999999881
5111  -7.961  -78.560  -25.461 0.6000000238
5162  -5.761  -78.681  -28.551 0.6000000238
5172  -8.048  -79.110  -30.641 0.6000000238
5425  -17.463  -77.890  -14.955 0.3000000119
5429  -21.310  -78.876  -15.269 0.4000000060
5440  -17.643  -77.546  -15.497 0.3000000119
5445  -24.912  -78.621  -15.772 0.3000000119
5454  -18.317  -76.949  -16.603 0.3000000119
5469  -18.512  -77.244  -17.148 0.3000000119
5470  -19.129  -76.973  -17.679 0.4000000060
5485  -12.709  -77.638  -18.564 0.5000000000
5501  -11.779  -77.249  -19.256 0.5000000000
5502  -12.515  -77.164  -18.829 0.6000000238
5506  -21.635  -77.256  -19.198 0.3000000119
5519  -11.060  -77.486  -19.862 0.6000000238
5555  -8.571  -77.704  -23.582 0.6999999881
5577  -8.995  -77.045  -23.980 0.6000000238
5592  -8.739  -77.612  -25.545 0.6000000238
5616  -5.778  -77.674  -27.288 0.6999999881
5630  -6.535  -77.111  -28.765 0.6000000238
5632  -9.253  -78.459  -28.967 0.6000000238
5651  -9.195  -77.547  -31.087 0.6000000238
5959  -21.744  -77.852  -15.363 0.4000000060
5971  -18.744  -76.273  -15.815 0.3000000119
5972  -20.201  -76.251  -15.233 0.3000000119
5973  -21.123  -76.399  -15.238 0.4000000060
5974  -22.273  -77.174  -15.555 0.4000000060
5993  -18.446  -76.565  -16.264 0.3000000119
6018  -13.137  -77.141  -18.682 0.5000000000
6020  -20.895  -76.074  -18.548 0.3000000119
6021  -21.499  -76.161  -18.897 0.3000000119
6033  -13.650  -76.538  -18.954 0.5000000000
6036  -21.891  -76.610  -19.223 0.3000000119
6061  -9.847  -77.014  -21.916 0.6000000238
6075  -10.122  -76.483  -22.314 0.6000000238
6086  -9.531  -76.508  -23.882 0.6000000238
6087  -10.210  -75.856  -23.768 0.5000000000
6111  -6.384  -76.545  -26.015 0.6000000238
6125  -7.147  -75.986  -27.096 0.6000000238
6126  -9.844  -76.770  -26.516 0.5000000000
6127  -10.349  -76.327  -27.049 0.5000000000
6154  -10.123  -77.268  -28.798 0.4000000060
6155  -10.684  -76.838  -29.286 0.6000000238
6165  -9.906  -77.127  -30.801 0.5000000000
6166  -10.690  -76.834  -30.163 0.6000000238
6172  -8.914  -76.573  -31.247 0.6000000238
6174  -11.303  -76.234  -30.266 0.6000000238
6542  -19.563  -75.496  -16.684 0.3000000119
6544  -21.055  -74.949  -16.229 0.3000000119
6554  -19.418  -75.712  -17.114 0.3000000119
6555  -20.576  -75.077  -17.667 0.4000000060
6566  -20.696  -75.539  -18.161 0.4000000060
6568  -22.317  -75.357  -18.771 0.3000000119
6623  -11.972  -74.874  -21.059 0.6000000238
6662  -6.643  -75.608  -24.417 0.6000000238
6680  -11.107  -74.995  -24.986 0.5000000000
6712  -7.946  -75.761  -30.467 0.5000000000
6713  -12.092  -75.711  -30.076 0.6000000238
6714  -12.816  -75.308  -30.062 0.6000000238
6715  -13.333  -74.963  -30.209 0.6000000238
7151  -22.785  -74.735  -16.068 0.3000000119
7173  -20.657  -74.755  -17.015 0.4000000060
7176  -23.253  -74.512  -16.563 0.3000000119
7195  -22.081  -74.605  -17.599 0.3000000119
7208  -21.120  -75.128  -18.120 0.3000000119
7211  -23.459  -74.670  -18.107 0.3000000119
7283  -7.808  -74.414  -23.932 0.6999999881
7284  -12.291  -74.096  -23.176 0.6000000238
7294  -8.185  -74.519  -24.857 0.6000000238
7295  -11.523  -74.667  -24.401 0.6000000238
7314  -8.594  -74.489  -26.832 0.6000000238
7317  -13.022  -73.807  -26.981 0.6000000238
7325  -8.541  -74.654  -27.849 0.5000000000
7326  -12.629  -74.328  -27.588 0.6000000238
7333  -8.466  -74.816  -29.009 0.6000000238
7336  -14.119  -74.488  -29.597 0.6000000238
7344  -8.400  -75.158  -30.190 0.6000000238
7352  -8.751  -75.350  -30.686 0.6000000238
7354  -12.068  -74.993  -30.524 0.6000000238
7356  -13.869  -74.531  -30.313 0.6000000238
7357  -14.690  -74.245  -30.361 0.6000000238
7877  -7.191  -73.072  -20.759 0.6000000238
7878  -7.798  -73.185  -20.673 0.5000000000
7890  -6.669  -73.444  -21.107 0.6000000238
7895  -13.568  -73.487  -21.451 0.5000000000
7896  -14.350  -73.222  -21.000 0.5000000000
7902  -7.427  -73.933  -21.437 0.5000000000
7907  -14.240  -73.027  -22.515 0.5000000000
7917  -9.432  -73.547  -23.804 0.6000000238
7918  -10.183  -73.079  -23.824 0.6999999881
7919  -12.803  -73.691  -22.833 0.5000000000
7920  -13.502  -73.340  -23.226 0.5000000000
7929  -8.809  -74.037  -25.100 0.6000000238
7939  -9.593  -73.208  -26.198 0.6999999881
7966  -14.627  -73.409  -27.753 0.5000000000
7999  -9.341  -73.591  -29.112 0.6000000238
8000  -9.839  -73.509  -29.528 0.5000000000
8002  -15.600  -74.000  -29.877 0.5000000000
8020  -14.449  -74.103  -30.573 0.6000000238
8502  -7.739  -72.778  -20.634 0.5000000000
8504  -9.079  -72.654  -20.494 0.6000000238
8506  -10.846  -72.289  -20.810 0.6999999881
8514  -6.754  -72.763  -21.264 0.6000000238
8516  -9.429  -73.087  -21.087 0.6000000238
8532  -11.081  -72.509  -22.233 0.6000000238
8573  -10.301  -72.217  -25.437 0.6000000238
8594  -9.615  -72.515  -27.034 0.6000000238
8614  -9.314  -72.783  -27.889 0.6000000238
8645  -9.606  -72.763  -28.768 0.6000000238
8654  -11.863  -73.411  -30.181 0.5000000000
9139  -10.974  -71.296  -19.763 0.5000000000
9141  -12.388  -70.767  -19.981 0.6999999881
9146  -8.881  -71.402  -20.447 0.6000000238
9148  -10.425  -71.882  -20.106 0.6000000238
9149  -11.296  -71.777  -20.334 0.5000000000
9157  -8.376  -70.920  -21.181 0.6000000238
9169  -12.344  -71.259  -22.328 0.8000000119
9180  -11.856  -71.568  -23.083 0.6999999881
9191  -10.965  -71.361  -24.511 0.6999999881
9205  -10.339  -71.512  -25.349 0.6999999881
9242  -9.518  -71.901  -28.694 0.5000000000
9253  -14.774  -71.725  -29.722 0.4000000060
9265  -15.137  -72.477  -30.372 0.4000000060
9781  -10.789  -70.580  -19.657 0.6000000238
9783  -12.835  -70.024  -19.692 0.6999999881
9789  -12.702  -70.924  -20.768 0.8000000119
9807  -12.586  -70.489  -22.427 0.8000000119
9808  -12.951  -70.226  -21.834 0.8000000119
9836  -9.551  -69.988  -25.553 0.8000000119
9867  -7.808  -70.133  -27.813 0.6000000238
9874  -8.022  -70.264  -27.938 0.5000000000
9876  -10.311  -70.668  -28.916 0.5000000000
10412  -12.348  -68.872  -19.038 0.6000000238
10413  -12.954  -68.934  -18.997 0.8000000119
10417  -10.598  -69.778  -19.855 0.6000000238
10427  -13.482  -69.501  -19.870 0.8000000119
10467  -12.267  -69.956  -23.068 0.8000000119
10560  -8.127  -69.711  -28.182 0.5000000000
10561  -8.829  -69.548  -28.457 0.5000000000
11060  -13.587  -68.796  -19.259 0.8000000119
11061  -14.245  -68.312  -19.566 0.8000000119
11068  -10.031  -68.170  -20.835 0.6000000238
11069  -13.860  -68.960  -20.549 0.6999999881
11079  -8.708  -68.686  -21.781 0.6000000238
11132  -9.913  -67.928  -24.689 0.6000000238
11656  -13.286  -67.340  -17.687 0.6000000238
11657  -14.196  -67.243  -17.681 0.6999999881
11668  -14.703  -67.434  -18.392 0.6000000238
11681  -11.604  -67.827  -19.392 0.6999999881
11696  -14.462  -67.750  -20.066 0.6999999881
11731  -12.256  -67.344  -22.650 0.6000000238
11732  -12.854  -67.369  -22.092 0.6000000238
11804  -7.599  -66.543  -27.038 0.5000000000
12323  -11.787  -66.010  -18.862 0.8000000119
12337  -11.199  -66.096  -19.511 0.8000000119
12354  -10.284  -66.941  -20.476 0.6999999881
12987  -11.039  -65.357  -16.991 0.6999999881
13002  -11.422  -65.457  -17.703 0.8000000119
13004  -13.906  -66.097  -16.752 0.6000000238
13005  -14.837  -65.926  -16.954 0.6000000238
13006  -15.555  -65.502  -17.274 0.6000000238
13018  -8.937  -64.604  -19.104 0.5000000000
13019  -9.833  -64.585  -19.156 0.6000000238
13020  -10.732  -64.783  -19.045 0.6999999881
13021  -11.378  -65.362  -18.599 0.8000000119
13023  -15.807  -65.448  -18.077 0.6000000238
13036  -9.319  -64.671  -19.794 0.5000000000
13037  -10.113  -64.955  -19.668 0.6000000238
13038  -15.270  -65.637  -19.392 0.5000000000
13616  -11.261  -64.334  -15.368 0.6999999881
13640  -11.828  -64.849  -15.916 0.6000000238
13641  -12.760  -64.878  -15.876 0.6000000238
13644  -15.552  -64.117  -15.990 0.5000000000
13684  -7.983  -64.813  -18.811 0.5000000000
13685  -8.441  -64.882  -18.203 0.6000000238
14356  -8.457  -62.782  -14.707 0.6000000238
14357  -9.312  -62.902  -14.651 0.6000000238
14360  -12.165  -62.981  -14.770 0.6000000238
14361  -13.122  -62.917  -14.845 0.6000000238
14369  -9.749  -63.647  -15.009 0.6999999881
14374  -14.606  -63.436  -15.184 0.6000000238
14387  -7.443  -63.697  -15.941 0.5000000000
14403  -16.325  -63.548  -16.967 0.5000000000
15067  -11.631  -62.217  -14.955 0.6000000238
15078  -14.508  -62.078  -15.133 0.5000000000
15093  -16.496  -62.760  -16.486 0.5000000000
15787  -9.311  -61.577  -14.753 0.6999999881
15788  -10.141  -61.690  -14.926 0.6999999881
15802  -10.574  -61.262  -15.466 0.6999999881
15803  -11.520  -61.416  -15.547 0.6999999881
15804  -12.929  -61.644  -15.501 0.5000000000
15807  -16.072  -61.187  -15.841 0.5000000000
15817  -16.506  -60.799  -16.371 0.5000000000
16527  -15.154  -60.967  -15.855 0.5000000000
16534  -10.766  -60.617  -16.712 0.8000000119
16550  -8.967  -60.757  -18.126 0.6999999881
16577  -8.552  -61.996  -19.797 0.6999999881
16578  -9.626  -62.198  -19.922 0.8000000119
16579  -11.260  -61.469  -19.196 0.6999999881
17281  -12.813  -59.967  -16.786 0.5000000000
17282  -13.509  -59.617  -16.773 0.6000000238
17284  -15.495  -59.691  -16.467 0.5000000000
17298  -12.057  -60.124  -17.775 0.5000000000
17311  -6.653  -60.212  -19.600 0.6999999881
17325  -7.710  -61.362  -19.611 0.6999999881
17327  -11.601  -60.313  -19.334 0.6000000238
17348  -5.899  -59.645  -22.771 0.6000000238
17350  -6.979  -60.111  -22.172 0.6999999881
17363  -6.575  -59.793  -22.784 0.6999999881
18020  -12.900  -58.797  -17.785 0.6000000238
18021  -13.620  -58.447  -17.607 0.6000000238
18023  -15.574  -58.391  -17.291 0.5000000000
18035  -12.148  -59.473  -18.951 0.5000000000
18067  -5.512  -59.231  -22.021 0.6000000238
18106  -6.639  -58.614  -24.417 0.6000000238
18124  -5.377  -58.846  -24.876 0.4000000060
18761  -13.146  -57.796  -18.846 0.6000000238
18763  -16.572  -57.548  -18.447 0.4000000060
18802  -4.494  -57.294  -22.245 0.5000000000
18805  -10.273  -57.504  -21.476 0.5000000000
18861  -5.139  -58.411  -25.117 0.4000000060
18862  -6.689  -57.579  -24.777 0.5000000000
18863  -7.541  -57.001  -24.653 0.5000000000
19503  -15.004  -56.980  -18.910 0.4000000060
19504  -15.921  -57.054  -18.778 0.4000000060
19571  -10.233  -56.490  -23.180 0.4000000060
19586  -4.400  -56.902  -24.147 0.5000000000
19587  -4.746  -57.641  -24.811 0.5000000000
19588  -5.315  -56.940  -24.731 0.4000000060
19589  -6.183  -56.764  -24.609 0.4000000060
19591  -8.773  -56.460  -24.565 0.5000000000
19605  -6.977  -56.896  -24.683 0.4000000060
20232  -8.151  -55.262  -19.713 0.3000000119
20248  -8.664  -55.374  -20.353 0.3000000119
20252  -16.424  -55.726  -20.318 0.4000000060
20276  -9.832  -55.044  -21.486 0.4000000060
20307  -13.855  -55.152  -22.072 0.4000000060
20336  -9.080  -55.377  -25.330 0.5000000000
20337  -9.457  -55.280  -25.784 0.5000000000
21013  -11.606  -54.345  -20.045 0.4000000060
21805  -9.831  -53.860  -18.731 0.4000000060
21822  -11.683  -53.614  -19.128 0.5000000000
21823  -12.508  -53.314  -19.405 0.5000000000
21878  -12.788  -53.064  -22.071 0.4000000060
21904  -9.718  -53.462  -25.922 0.4000000060
21905  -10.514  -53.052  -26.360 0.3000000119
22852  -11.231  -51.486  -25.435 0.3000000119
111251  -18.361  -77.957  -14.397 0.3000000119
111278  -8.738  -78.146  -31.041 0.6000000238
111681  -7.425  -80.001  -24.805 0.6999999881
111909  -16.207  -54.598  -21.416 0.3000000119
112088  -11.092  -75.294  -26.816 0.5000000000
112205  -11.321  -69.948  -19.523 0.6000000238
112610  -9.893  -68.795  -20.938 0.6000000238
112623  -10.832  -82.104  -29.044 0.6000000238
112947  -10.765  -82.840  -23.819 0.5000000000
113448  -17.737  -85.403  -18.757 0.3000000119
113612  -9.929  -76.106  -24.626 0.5000000000
114177  -16.250  -81.876  -14.945 0.3000000119
114248  -9.108  -73.775  -24.501 0.6000000238
114329  -7.584  -83.230  -28.441 0.5000000000
114591  -7.570  -81.893  -21.690 0.6999999881
114785  -21.361  -80.056  -15.027 0.3000000119
114909  -5.953  -84.435  -18.956 0.6999999881
115005  -11.844  -85.685  -31.651 0.5000000000
115387  -16.490  -86.799  -27.060 0.6999999881
115946  -19.609  -77.728  -18.199 0.3000000119
116133  -16.504  -83.158  -15.645 0.3000000119
116173  -10.396  -85.841  -31.275 0.5000000000
116411  -18.532  -86.277  -19.895 0.3000000119
116445  -7.800  -64.201  -16.346 0.6000000238
116496  -19.790  -81.646  -19.397 0.4000000060
116658  -9.730  -76.376  -31.068 0.6999999881
116661  -10.913  -86.185  -26.071 0.6999999881
116665  -11.951  -74.327  -23.753 0.6000000238
116690  -7.116  -75.626  -25.366 0.6999999881
116843  -20.348  -78.584  -7.984 0.3000000119
116942  -13.932  -73.458  -30.548 0.6000000238
116959  -17.468  -83.788  -27.833 0.6000000238
117210  -8.198  -78.478  -30.881 0.6000000238
117464  -12.035  -57.261  -20.255 0.5000000000
117554  -10.611  -84.846  -26.384 0.6999999881
118147  -13.090  -73.850  -21.125 0.5000000000
118358  -10.593  -80.392  -17.918 0.6000000238
118688  -10.518  -84.480  -20.798 0.6999999881
118783  -8.135  -80.093  -27.651 0.6000000238
118939  -13.712  -73.579  -27.298 0.6000000238
119053  -8.404  -78.246  -25.926 0.6000000238
119185  -11.334  -80.491  -17.890 0.6000000238
119355  -22.173  -75.816  -15.503 0.3000000119
119508  -11.665  -70.209  -23.633 0.8000000119
119636  -13.255  -68.165  -21.784 0.6000000238
119651  -16.015  -81.916  -28.214 0.6000000238
119790  -15.428  -55.541  -20.594 0.4000000060
119848  -14.271  -83.760  -25.034 0.5000000000
120251  -18.255  -84.745  -25.335 0.5000000000
120608  -7.536  -80.101  -25.707 0.6000000238
120856  -5.181  -83.706  -19.869 0.5000000000
121344  -7.169  -74.684  -22.899 0.5000000000
121611  -11.321  -72.287  -23.009 0.6000000238
121773  -14.868  -73.446  -30.627 0.6000000238
121827  -13.523  -68.942  -21.360 0.6999999881
122029  -7.524  -76.529  -30.248 0.5000000000
122055  -20.342  -81.303  -14.904 0.3000000119
122098  -14.048  -57.323  -18.829 0.4000000060
122256  -17.516  -85.080  -25.365 0.5000000000
122661  -11.917  -70.015  -19.370 0.6000000238
122681  -7.570  -81.406  -30.121 0.4000000060
122737  -7.494  -67.334  -27.426 0.5000000000
122865  -7.509  -82.322  -23.746 0.6999999881
122943  -17.179  -87.473  -24.506 0.8000000119
123134  -12.304  -68.047  -18.782 0.6999999881
123505  -8.769  -72.175  -20.368 0.6000000238
123630  -11.795  -60.870  -16.237 0.8000000119
124359  -16.026  -64.097  -16.573 0.6000000238
124371  -17.429  -77.844  -16.045 0.3000000119
125186  -10.353  -60.979  -17.784 0.8000000119
125818  -11.219  -82.078  -22.806 0.4000000060
126289  -17.690  -78.087  -16.644 0.3000000119
126372  -10.466  -82.530  -25.551 0.6000000238
126456  -21.903  -87.665  -18.635 0.4000000060
126512  -6.034  -79.490  -29.177 0.5000000000
126637  -17.250  -79.509  -13.913 0.3000000119
126689  -7.536  -67.819  -27.278 0.5000000000
126817  -12.057  -74.587  -27.312 0.6000000238
127637  -14.922  -66.921  -17.857 0.6999999881
127852  -8.173  -64.771  -17.655 0.5000000000
127919  -9.905  -54.604  -18.744 0.3000000119
127981  -8.867  -74.872  -30.213 0.5000000000
128059  -8.536  -61.459  -14.655 0.6000000238
128254  -11.887  -60.192  -17.216 0.6999999881
128414  -7.705  -80.255  -26.600 0.6000000238
128428  -9.452  -60.439  -15.771 0.6999999881
128552  -16.332  -61.773  -15.679 0.5000000000
129333  -17.018  -84.513  -29.205 0.6000000238
129995  -21.434  -83.218  -25.208 0.5000000000
130050  -10.809  -85.958  -23.995 0.6999999881
130122  -18.064  -87.483  -25.995 0.6000000238
130223  -10.094  -76.057  -25.284 0.5000000000
130618  -12.489  -74.627  -20.788 0.6000000238
130643  -11.403  -79.287  -18.058 0.6000000238
130999  -10.621  -75.634  -25.891 0.5000000000
131038  -8.811  -85.459  -20.826 0.6999999881
131264  -10.664  -83.763  -24.552 0.6000000238
131537  -14.975  -55.327  -21.023 0.4000000060
131817  -12.707  -84.222  -27.623 0.5000000000
131974  -24.225  -82.557  -19.639 0.4000000060
132066  -17.103  -84.523  -27.523 0.5000000000
132637  -19.737  -78.441  -18.353 0.4000000060
132679  -20.812  -79.723  -15.029 0.3000000119
133059  -22.227  -83.708  -23.918 0.4000000060
