#!ascii label  , from subject sub-v1s19x0051302_ses-1 vox2ras=TkReg
1758
79480  -36.122  16.145  53.353 0.0000000000
146800  -48.561  22.372  35.159 0.0000000000
83928  -37.103  19.508  41.525 0.0000000000
68212  -8.118  5.141  57.623 0.0000000000
77441  -21.280  13.441  55.607 0.0000000000
75358  -3.801  11.931  55.946 0.0000000000
126557  -6.531  14.002  63.538 0.0000000000
81973  -43.573  16.977  37.010 0.0000000000
73137  -8.229  9.369  48.841 0.0000000000
140524  -6.863  7.495  67.565 0.0000000000
80731  -34.391  16.361  45.811 0.0000000000
74259  -29.982  11.393  52.178 0.0000000000
76447  -29.005  11.848  55.377 0.0000000000
89196  -50.009  25.687  32.518 0.0000000000
80791  -40.116  17.244  39.464 0.0000000000
71810  -17.036  8.831  55.230 0.0000000000
80667  -6.787  16.099  49.955 0.0000000000
71806  -7.480  8.661  55.201 0.0000000000
70607  -2.343  8.269  52.890 0.0000000000
65903  -6.202  3.346  51.527 0.0000000000
71694  -14.337  8.648  66.506 0.0000000000
74103  -11.696  10.239  69.321 0.0000000000
86517  -34.352  23.153  44.467 0.0000000000
78411  -25.843  15.232  57.420 0.0000000000
74241  -22.441  11.114  52.688 0.0000000000
76402  -5.159  12.172  59.867 0.0000000000
73011  -11.335  10.086  59.363 0.0000000000
83990  -46.679  19.131  36.313 0.0000000000
70493  -16.145  7.962  62.896 0.0000000000
70562  -16.244  7.810  58.965 0.0000000000
75422  -6.971  11.140  53.124 0.0000000000
70655  -2.671  7.898  48.279 0.0000000000
78360  -10.491  14.514  65.714 0.0000000000
74128  -12.285  10.190  65.169 0.0000000000
70506  -6.809  6.837  63.102 0.0000000000
145375  -37.338  18.023  51.516 0.0000000000
78493  -35.313  14.803  50.603 0.0000000000
134509  -36.070  15.772  49.490 0.0000000000
77464  -33.176  13.379  53.412 0.0000000000
76502  -32.100  13.271  50.937 0.0000000000
145246  -32.227  12.920  55.179 0.0000000000
87491  -48.897  23.831  33.965 0.0000000000
84917  -45.873  19.939  32.442 0.0000000000
85776  -46.856  22.191  31.225 0.0000000000
137149  -48.401  23.758  30.860 0.0000000000
81929  -38.943  17.910  40.577 0.0000000000
83925  -34.244  20.110  40.771 0.0000000000
82967  -35.404  18.280  39.511 0.0000000000
132587  -36.865  17.411  38.902 0.0000000000
69399  -9.499  6.389  55.780 0.0000000000
69419  -7.816  6.225  53.286 0.0000000000
65847  -7.884  3.661  54.318 0.0000000000
64710  -5.561  2.127  54.079 0.0000000000
65822  -5.874  2.760  56.645 0.0000000000
68101  -11.978  6.210  64.970 0.0000000000
69242  -11.484  6.628  67.028 0.0000000000
88152  -33.601  24.522  46.242 0.0000000000
140723  -33.683  19.897  47.385 0.0000000000
81884  -32.969  17.003  45.203 0.0000000000
132472  -31.744  20.961  46.310 0.0000000000
85648  -31.697  21.675  44.719 0.0000000000
79418  -28.079  16.775  58.263 0.0000000000
73080  -26.837  8.384  52.827 0.0000000000
75391  -25.652  11.171  53.706 0.0000000000
89244  -51.792  25.577  27.376 0.0000000000
90127  -53.429  27.591  25.571 0.0000000000
124233  -6.372  12.764  61.570 0.0000000000
75333  -7.741  11.489  59.506 0.0000000000
76395  -9.541  12.353  60.693 0.0000000000
83019  -45.157  18.296  36.316 0.0000000000
79706  -40.175  15.460  36.791 0.0000000000
78670  -42.420  14.931  35.343 0.0000000000
80847  -44.058  16.252  34.373 0.0000000000
75298  -17.185  11.355  64.860 0.0000000000
75307  -17.205  10.847  63.151 0.0000000000
78431  -6.601  14.570  56.106 0.0000000000
77456  -8.210  14.386  54.087 0.0000000000
75382  -4.670  11.911  54.649 0.0000000000
69451  -2.191  6.515  50.744 0.0000000000
71860  -1.615  8.496  50.757 0.0000000000
68326  -1.316  6.768  48.271 0.0000000000
79372  -12.206  15.076  67.095 0.0000000000
72941  -9.795  9.035  68.824 0.0000000000
143091  -11.635  10.107  67.634 0.0000000000
71700  -9.588  8.368  66.110 0.0000000000
132131  -9.448  8.254  64.042 0.0000000000
146338  -6.653  7.454  65.217 0.0000000000
82859  -35.495  18.306  47.906 0.0000000000
78415  -30.057  14.546  57.698 0.0000000000
76413  -31.552  12.679  56.461 0.0000000000
73052  -28.931  10.224  53.669 0.0000000000
90073  -51.562  27.176  31.241 0.0000000000
88376  -49.743  24.478  28.606 0.0000000000
81968  -41.968  16.999  37.796 0.0000000000
80817  -38.464  16.440  37.849 0.0000000000
74215  -19.079  11.564  53.275 0.0000000000
75384  -18.345  12.120  54.723 0.0000000000
77499  -8.169  12.865  49.855 0.0000000000
73030  -3.874  9.382  56.678 0.0000000000
74198  -3.044  10.013  54.639 0.0000000000
70596  -4.276  7.811  54.254 0.0000000000
68285  -4.811  5.802  51.506 0.0000000000
65920  -4.598  3.607  49.893 0.0000000000
75286  -15.042  12.202  67.987 0.0000000000
77343  -13.324  12.953  68.707 0.0000000000
72944  -13.407  9.410  68.682 0.0000000000
69220  -10.726  7.112  68.569 0.0000000000
85676  -36.541  21.296  43.034 0.0000000000
84808  -32.366  20.960  42.182 0.0000000000
77427  -23.059  13.861  56.242 0.0000000000
77431  -27.666  13.491  56.298 0.0000000000
76443  -24.307  13.089  54.996 0.0000000000
75388  -22.228  12.451  54.109 0.0000000000
78405  -5.532  14.851  57.648 0.0000000000
78387  -3.414  14.296  59.689 0.0000000000
75339  -3.763  11.533  58.165 0.0000000000
135290  -6.794  10.216  57.431 0.0000000000
73024  -9.525  9.907  57.259 0.0000000000
69378  -9.784  6.839  58.054 0.0000000000
84877  -47.563  20.153  36.131 0.0000000000
82000  -45.606  17.807  33.901 0.0000000000
75288  -16.151  11.681  67.029 0.0000000000
70475  -14.863  7.938  64.555 0.0000000000
68133  -13.572  6.382  62.968 0.0000000000
75359  -17.216  11.765  56.744 0.0000000000
75348  -16.743  11.782  58.672 0.0000000000
143402  -16.534  11.074  60.582 0.0000000000
70534  -16.120  7.768  60.932 0.0000000000
68151  -14.247  6.443  61.533 0.0000000000
80642  -7.938  16.952  52.602 0.0000000000
77475  -8.660  13.251  51.574 0.0000000000
73092  -8.506  10.375  51.036 0.0000000000
135070  -3.553  9.882  52.604 0.0000000000
71845  -4.696  8.867  51.251 0.0000000000
71903  -6.749  7.852  48.716 0.0000000000
77363  -8.413  14.590  64.890 0.0000000000
76359  -12.462  12.829  67.584 0.0000000000
76366  -11.784  12.650  65.976 0.0000000000
126562  -10.818  12.923  63.560 0.0000000000
129730  -11.655  10.182  61.988 0.0000000000
70524  -9.307  7.852  61.139 0.0000000000
69339  -7.730  6.253  59.729 0.0000000000
70461  -3.701  6.777  66.440 0.0000000000
69273  -4.379  6.228  63.821 0.0000000000
67011  -5.700  4.133  58.668 0.0000000000
80653  -36.918  17.077  52.423 0.0000000000
81786  -37.305  17.822  53.932 0.0000000000
79520  -35.559  15.375  52.002 0.0000000000
80664  -36.436  16.329  51.245 0.0000000000
133967  -34.346  14.411  53.208 0.0000000000
77482  -33.877  14.202  51.934 0.0000000000
79458  -35.784  15.931  54.986 0.0000000000
78452  -34.230  14.455  54.186 0.0000000000
87490  -48.659  23.041  34.619 0.0000000000
145880  -47.361  21.008  33.486 0.0000000000
84919  -46.833  21.057  32.662 0.0000000000
86646  -48.083  22.356  33.349 0.0000000000
145173  -48.233  22.915  32.762 0.0000000000
82940  -38.629  18.850  41.463 0.0000000000
82941  -39.622  18.993  41.465 0.0000000000
83917  -39.546  20.293  42.415 0.0000000000
82952  -35.113  18.843  39.974 0.0000000000
83944  -36.536  19.092  40.792 0.0000000000
81927  -37.254  18.134  40.224 0.0000000000
68236  -8.901  5.236  56.246 0.0000000000
68257  -9.078  5.262  55.308 0.0000000000
67030  -7.924  4.090  56.192 0.0000000000
64701  -6.856  2.927  55.255 0.0000000000
65810  -7.168  3.793  56.638 0.0000000000
68114  -11.408  5.652  64.455 0.0000000000
68100  -11.162  5.792  65.341 0.0000000000
85622  -33.230  21.766  47.856 0.0000000000
84770  -32.975  20.053  47.002 0.0000000000
86487  -32.893  22.760  47.565 0.0000000000
130696  -32.344  23.082  46.101 0.0000000000
90098  -52.450  26.904  28.770 0.0000000000
89245  -52.542  26.207  27.023 0.0000000000
91834  -53.109  29.375  26.646 0.0000000000
77388  -6.491  13.236  62.259 0.0000000000
136747  -7.987  12.434  61.264 0.0000000000
76375  -8.108  13.102  62.029 0.0000000000
81982  -44.003  17.551  36.589 0.0000000000
83040  -44.280  18.652  35.566 0.0000000000
79708  -41.956  15.019  37.164 0.0000000000
141583  -41.546  14.840  36.569 0.0000000000
79710  -43.575  15.632  36.596 0.0000000000
142977  -44.174  16.081  36.378 0.0000000000
76374  -17.909  12.697  63.913 0.0000000000
76379  -17.600  12.760  63.185 0.0000000000
77425  -21.578  13.784  56.199 0.0000000000
77424  -20.835  13.633  56.148 0.0000000000
74278  -8.230  10.863  48.484 0.0000000000
76435  -5.257  12.999  55.876 0.0000000000
76436  -5.779  12.987  55.198 0.0000000000
76434  -4.137  11.897  55.343 0.0000000000
68319  -2.457  5.401  49.229 0.0000000000
68308  -1.661  6.521  49.800 0.0000000000
68327  -1.787  5.727  48.063 0.0000000000
140218  -12.076  16.437  66.573 0.0000000000
79373  -12.840  15.372  67.104 0.0000000000
71680  -8.713  8.032  68.116 0.0000000000
71692  -9.095  8.278  67.623 0.0000000000
71690  -8.087  7.776  67.014 0.0000000000
71698  -8.022  7.814  66.135 0.0000000000
70455  -6.698  7.566  66.736 0.0000000000
82833  -36.892  18.460  50.119 0.0000000000
139071  -36.306  17.285  48.952 0.0000000000
83819  -36.683  19.892  49.757 0.0000000000
136257  -35.810  20.093  48.741 0.0000000000
75415  -31.604  12.303  53.781 0.0000000000
75374  -31.134  11.768  54.581 0.0000000000
73083  -29.341  10.390  52.784 0.0000000000
73082  -28.151  8.838  52.698 0.0000000000
90057  -50.401  26.381  32.196 0.0000000000
88344  -49.771  24.766  31.640 0.0000000000
87530  -48.755  24.144  30.083 0.0000000000
88356  -50.283  25.235  30.963 0.0000000000
89218  -50.883  25.686  30.458 0.0000000000
80803  -40.916  16.960  38.998 0.0000000000
81967  -41.321  17.500  38.039 0.0000000000
82991  -40.885  18.024  38.584 0.0000000000
80789  -38.277  17.113  39.087 0.0000000000
129693  -37.940  16.803  38.418 0.0000000000
80801  -38.847  16.673  38.655 0.0000000000
80818  -40.321  16.299  38.316 0.0000000000
79542  -6.362  15.416  49.382 0.0000000000
77497  -6.601  13.749  48.774 0.0000000000
78497  -7.324  14.219  49.614 0.0000000000
71795  -5.858  8.886  56.019 0.0000000000
135204  -4.488  8.647  55.736 0.0000000000
70586  -5.803  8.163  54.821 0.0000000000
67113  -7.570  4.882  52.600 0.0000000000
69431  -6.267  6.214  52.611 0.0000000000
68300  -6.525  4.714  51.585 0.0000000000
68310  -4.924  5.077  50.587 0.0000000000
65902  -5.661  3.505  50.884 0.0000000000
64743  -5.296  2.737  51.273 0.0000000000
146142  -15.173  10.840  67.683 0.0000000000
135230  -14.451  10.935  68.627 0.0000000000
71678  -13.785  9.071  68.047 0.0000000000
68076  -10.667  6.068  66.976 0.0000000000
69233  -11.486  6.973  67.695 0.0000000000
68065  -9.903  6.122  67.685 0.0000000000
148983  -9.400  6.904  68.871 0.0000000000
85662  -35.936  21.889  43.492 0.0000000000
86534  -32.818  22.344  44.043 0.0000000000
85659  -32.329  21.765  43.535 0.0000000000
85660  -33.372  21.956  43.367 0.0000000000
85674  -34.132  21.512  42.677 0.0000000000
79427  -25.280  15.769  57.870 0.0000000000
130200  -24.074  15.069  57.510 0.0000000000
78423  -24.562  14.496  56.925 0.0000000000
77433  -29.805  13.043  56.569 0.0000000000
78427  -28.315  14.353  56.956 0.0000000000
76446  -27.615  12.595  55.514 0.0000000000
74217  -23.652  11.217  53.140 0.0000000000
127102  -24.608  11.846  54.023 0.0000000000
75390  -23.560  12.128  54.052 0.0000000000
76462  -23.025  12.669  54.509 0.0000000000
136177  -22.473  12.049  53.670 0.0000000000
74240  -21.181  11.523  52.883 0.0000000000
76389  -4.140  12.998  60.118 0.0000000000
76400  -3.928  12.579  59.371 0.0000000000
77399  -3.853  12.915  58.570 0.0000000000
75329  -3.926  11.828  58.968 0.0000000000
74168  -4.567  10.623  58.214 0.0000000000
75342  -6.102  11.207  58.748 0.0000000000
75346  -10.189  11.157  58.814 0.0000000000
139831  -8.922  10.896  58.227 0.0000000000
73013  -10.749  9.772  58.265 0.0000000000
125781  -10.186  7.983  57.209 0.0000000000
70561  -10.424  8.278  58.663 0.0000000000
83980  -47.089  19.442  36.262 0.0000000000
85725  -47.739  21.253  36.592 0.0000000000
85731  -46.261  21.480  35.713 0.0000000000
81983  -45.682  17.406  35.671 0.0000000000
81992  -45.142  17.164  34.289 0.0000000000
83041  -46.574  18.384  35.365 0.0000000000
84001  -47.087  18.949  35.120 0.0000000000
76365  -16.932  13.035  66.561 0.0000000000
72978  -16.505  9.504  63.896 0.0000000000
72967  -16.178  9.604  64.771 0.0000000000
70492  -15.721  7.860  63.471 0.0000000000
143002  -14.502  7.529  63.865 0.0000000000
69291  -14.668  7.299  62.757 0.0000000000
74199  -17.492  10.824  54.956 0.0000000000
134541  -17.442  11.639  55.940 0.0000000000
73037  -16.903  10.025  56.272 0.0000000000
70577  -16.486  7.711  57.943 0.0000000000
146862  -16.614  10.288  57.771 0.0000000000
138154  -16.531  9.896  58.567 0.0000000000
75337  -16.540  11.334  59.689 0.0000000000
132171  -16.498  9.731  59.643 0.0000000000
73004  -16.471  9.113  61.068 0.0000000000
70546  -16.344  7.718  59.914 0.0000000000
68188  -14.245  6.318  59.838 0.0000000000
130095  -7.558  17.502  53.416 0.0000000000
76474  -7.861  12.493  53.534 0.0000000000
125011  -8.448  13.987  53.409 0.0000000000
75424  -8.480  11.915  52.338 0.0000000000
75434  -8.659  11.682  51.519 0.0000000000
74250  -8.105  10.389  51.602 0.0000000000
71813  -2.721  9.093  53.880 0.0000000000
74210  -2.959  10.090  53.884 0.0000000000
73070  -2.389  9.226  52.757 0.0000000000
71880  -2.187  8.438  49.896 0.0000000000
71861  -2.655  8.709  50.684 0.0000000000
139543  -4.606  8.227  49.987 0.0000000000
129457  -6.216  8.123  50.032 0.0000000000
144780  -5.196  7.625  48.899 0.0000000000
70675  -5.929  7.357  47.249 0.0000000000
78359  -9.599  14.625  65.388 0.0000000000
75280  -12.831  11.911  69.129 0.0000000000
135756  -12.765  13.078  68.117 0.0000000000
75283  -12.339  11.164  68.666 0.0000000000
74121  -12.210  10.448  66.107 0.0000000000
74122  -12.384  11.205  66.449 0.0000000000
140022  -12.162  11.534  65.089 0.0000000000
76372  -11.004  13.012  64.541 0.0000000000
130832  -11.998  11.669  64.405 0.0000000000
139335  -11.678  11.673  62.709 0.0000000000
74140  -12.111  10.238  63.578 0.0000000000
70490  -8.181  7.626  63.227 0.0000000000
71741  -9.775  8.297  62.423 0.0000000000
70508  -8.370  7.517  62.378 0.0000000000
70530  -8.822  7.216  60.726 0.0000000000
69309  -7.285  6.549  61.401 0.0000000000
69252  -2.592  6.217  66.043 0.0000000000
69254  -3.917  6.623  65.548 0.0000000000
83812  -37.141  19.572  50.810 0.0000000000
77509  -34.908  14.259  49.257 0.0000000000
77510  -35.438  14.649  49.206 0.0000000000
78494  -35.655  15.238  50.238 0.0000000000
80672  -36.731  17.039  50.501 0.0000000000
75429  -31.711  12.455  53.098 0.0000000000
146434  -32.798  13.334  51.759 0.0000000000
77492  -33.470  13.792  50.652 0.0000000000
76477  -32.578  12.987  53.861 0.0000000000
88312  -49.273  24.646  33.383 0.0000000000
84935  -45.843  21.056  31.229 0.0000000000
86671  -46.712  22.330  30.337 0.0000000000
86677  -47.253  22.820  29.850 0.0000000000
86673  -47.915  23.263  31.193 0.0000000000
87508  -49.129  24.152  32.107 0.0000000000
81939  -39.495  17.511  39.978 0.0000000000
82980  -40.736  18.114  39.366 0.0000000000
82957  -40.135  18.782  40.870 0.0000000000
83957  -39.972  19.444  39.922 0.0000000000
83940  -32.788  19.941  40.169 0.0000000000
83955  -33.295  19.337  39.669 0.0000000000
82966  -34.611  18.536  39.453 0.0000000000
81952  -34.875  17.589  38.500 0.0000000000
80814  -35.266  17.263  38.082 0.0000000000
81935  -35.915  17.885  39.255 0.0000000000
81937  -37.571  17.555  39.528 0.0000000000
70588  -8.957  7.688  55.179 0.0000000000
70599  -7.595  7.504  54.245 0.0000000000
69408  -8.823  6.417  54.504 0.0000000000
67096  -8.071  4.663  53.304 0.0000000000
65865  -7.212  3.439  53.020 0.0000000000
64718  -5.773  2.348  52.985 0.0000000000
64711  -6.564  2.604  54.336 0.0000000000
127357  -5.806  2.309  55.070 0.0000000000
69249  -13.312  7.526  65.911 0.0000000000
141844  -12.629  7.335  66.796 0.0000000000
68084  -11.947  6.647  66.093 0.0000000000
133426  -33.661  23.509  45.022 0.0000000000
82877  -34.146  18.570  46.933 0.0000000000
80730  -33.717  16.730  45.524 0.0000000000
82876  -33.309  18.661  46.473 0.0000000000
82892  -32.521  18.729  46.008 0.0000000000
83881  -31.317  19.857  45.328 0.0000000000
85637  -31.543  21.143  45.483 0.0000000000
86504  -32.226  22.733  45.460 0.0000000000
79429  -27.263  16.115  57.892 0.0000000000
74202  -27.617  10.252  54.007 0.0000000000
128244  -27.094  11.368  54.284 0.0000000000
138948  -26.268  10.190  53.459 0.0000000000
74243  -24.850  10.290  52.694 0.0000000000
87573  -51.219  24.321  26.076 0.0000000000
88438  -52.348  24.739  24.782 0.0000000000
89305  -53.506  26.470  23.741 0.0000000000
91043  -53.129  27.445  23.530 0.0000000000
76391  -5.335  12.632  60.562 0.0000000000
75332  -6.617  11.540  59.479 0.0000000000
75322  -7.135  11.773  60.287 0.0000000000
75324  -9.167  11.855  60.070 0.0000000000
75326  -10.704  11.723  60.240 0.0000000000
83020  -46.060  18.580  36.281 0.0000000000
84000  -45.138  19.707  35.387 0.0000000000
146471  -41.094  14.657  34.876 0.0000000000
137917  -41.278  15.071  33.803 0.0000000000
142261  -42.543  15.739  33.784 0.0000000000
79750  -43.796  15.808  34.885 0.0000000000
80836  -45.213  16.891  35.943 0.0000000000
142652  -17.598  13.035  65.353 0.0000000000
76370  -17.717  12.858  64.623 0.0000000000
74131  -17.139  11.123  63.990 0.0000000000
72985  -16.647  9.218  62.660 0.0000000000
69394  -15.772  6.828  57.012 0.0000000000
69359  -15.576  6.842  58.824 0.0000000000
140895  -7.373  15.865  55.476 0.0000000000
79449  -7.753  15.691  54.756 0.0000000000
78432  -7.133  14.210  55.293 0.0000000000
76455  -6.368  12.731  54.620 0.0000000000
75403  -6.355  11.659  53.685 0.0000000000
69427  -2.107  7.363  52.074 0.0000000000
70617  -1.518  8.293  51.630 0.0000000000
69438  -1.250  7.610  50.930 0.0000000000
70640  -1.109  7.817  49.980 0.0000000000
125616  -1.703  7.615  48.083 0.0000000000
81615  -11.206  18.076  65.963 0.0000000000
80488  -11.416  16.510  66.512 0.0000000000
136290  -11.612  14.953  66.652 0.0000000000
72942  -10.508  9.432  69.040 0.0000000000
74110  -11.909  10.597  68.276 0.0000000000
72946  -10.444  9.320  68.419 0.0000000000
71693  -10.318  8.758  66.721 0.0000000000
71701  -10.542  8.637  65.685 0.0000000000
71712  -11.332  8.795  64.288 0.0000000000
71710  -9.714  8.373  64.930 0.0000000000
70474  -8.009  7.776  64.114 0.0000000000
70488  -6.513  7.144  63.934 0.0000000000
78565  -35.055  14.928  45.999 0.0000000000
79575  -35.677  15.079  48.496 0.0000000000
80704  -35.748  16.413  47.834 0.0000000000
81858  -35.274  17.024  47.200 0.0000000000
123990  -35.032  18.946  47.743 0.0000000000
85612  -34.854  21.373  48.730 0.0000000000
142181  -30.206  12.220  55.947 0.0000000000
76428  -32.178  12.686  55.762 0.0000000000
75373  -30.905  11.649  54.926 0.0000000000
138301  -29.001  10.538  54.144 0.0000000000
73060  -27.812  8.937  53.149 0.0000000000
87544  -48.567  23.543  28.331 0.0000000000
133279  -50.470  24.783  28.205 0.0000000000
89227  -51.469  25.898  29.127 0.0000000000
80821  -42.377  16.486  37.560 0.0000000000
81972  -42.199  17.977  35.987 0.0000000000
148250  -41.778  17.855  36.477 0.0000000000
80815  -36.537  16.740  37.667 0.0000000000
79689  -39.632  16.013  37.418 0.0000000000
79691  -41.501  15.716  37.618 0.0000000000
75386  -20.335  12.522  54.158 0.0000000000
76457  -19.281  12.630  54.931 0.0000000000
75406  -18.765  11.875  53.926 0.0000000000
73056  -17.532  9.493  53.869 0.0000000000
76506  -7.695  12.594  48.910 0.0000000000
75457  -8.311  11.417  49.102 0.0000000000
74185  -3.369  10.469  56.773 0.0000000000
75368  -3.478  10.922  55.370 0.0000000000
73041  -3.693  9.225  55.997 0.0000000000
71814  -3.316  8.723  54.502 0.0000000000
70609  -3.863  7.552  53.642 0.0000000000
70611  -5.877  7.142  53.759 0.0000000000
69416  -4.462  7.068  53.056 0.0000000000
69415  -3.464  7.350  52.938 0.0000000000
69440  -3.553  6.323  51.702 0.0000000000
78347  -13.367  14.336  68.068 0.0000000000
77344  -13.890  13.070  68.653 0.0000000000
74105  -13.439  11.041  69.351 0.0000000000
72938  -12.052  9.636  69.441 0.0000000000
70439  -12.801  8.062  67.932 0.0000000000
70431  -11.808  8.088  68.849 0.0000000000
71670  -11.379  8.884  69.297 0.0000000000
71668  -9.690  8.366  69.112 0.0000000000
70436  -8.505  7.579  68.623 0.0000000000
70435  -7.178  7.175  68.364 0.0000000000
84812  -37.160  20.658  42.652 0.0000000000
84813  -39.003  20.667  42.928 0.0000000000
144652  -37.775  21.332  43.406 0.0000000000
79621  -33.145  15.526  44.330 0.0000000000
84823  -31.815  20.562  41.645 0.0000000000
84826  -35.610  20.337  41.657 0.0000000000
78421  -22.791  14.420  56.944 0.0000000000
77442  -22.311  13.607  55.793 0.0000000000
79419  -29.041  16.640  58.397 0.0000000000
78413  -27.737  15.246  57.444 0.0000000000
78425  -26.318  14.631  56.918 0.0000000000
76445  -26.521  12.697  55.209 0.0000000000
77446  -25.879  13.456  55.911 0.0000000000
77429  -25.112  13.979  56.390 0.0000000000
77444  -23.711  13.510  55.560 0.0000000000
76441  -22.491  13.181  55.017 0.0000000000
141322  -21.948  13.061  54.847 0.0000000000
75408  -20.524  12.194  53.556 0.0000000000
90162  -51.176  26.621  24.034 0.0000000000
89302  -49.574  25.520  24.863 0.0000000000
88427  -48.714  25.055  25.151 0.0000000000
78406  -6.042  14.582  56.948 0.0000000000
77421  -4.630  13.013  56.621 0.0000000000
77400  -4.218  13.635  58.589 0.0000000000
77405  -3.891  12.545  57.880 0.0000000000
76417  -3.702  11.896  56.700 0.0000000000
74174  -3.898  10.375  57.544 0.0000000000
73020  -5.198  9.597  57.228 0.0000000000
73033  -7.433  9.614  56.375 0.0000000000
75343  -7.250  11.254  58.751 0.0000000000
73023  -8.342  9.967  56.907 0.0000000000
147965  -8.493  9.526  56.180 0.0000000000
70581  -9.874  7.605  56.458 0.0000000000
68214  -9.609  6.386  57.188 0.0000000000
69377  -9.162  6.203  57.794 0.0000000000
85742  -48.005  20.867  35.090 0.0000000000
80867  -43.360  16.854  33.124 0.0000000000
82010  -43.640  17.417  32.744 0.0000000000
83075  -44.378  18.411  32.353 0.0000000000
84023  -46.093  18.628  33.655 0.0000000000
84025  -47.359  19.674  34.667 0.0000000000
139130  -15.746  12.509  67.550 0.0000000000
74116  -15.320  10.241  66.736 0.0000000000
75294  -17.145  11.742  65.727 0.0000000000
72961  -15.672  9.464  65.428 0.0000000000
71703  -14.684  8.472  65.671 0.0000000000
139835  -12.552  6.058  64.163 0.0000000000
76422  -19.070  13.097  56.107 0.0000000000
76421  -18.568  13.077  56.867 0.0000000000
76412  -18.211  13.148  57.624 0.0000000000
73027  -16.719  10.181  57.083 0.0000000000
75352  -16.962  11.795  57.630 0.0000000000
76408  -17.987  13.354  58.452 0.0000000000
76405  -17.224  12.847  59.916 0.0000000000
76399  -17.104  12.729  60.924 0.0000000000
76388  -17.007  12.336  61.864 0.0000000000
75321  -16.678  11.287  61.911 0.0000000000
72993  -16.709  8.956  62.095 0.0000000000
70525  -15.878  7.529  62.186 0.0000000000
69343  -15.482  6.952  59.817 0.0000000000
69327  -14.952  6.883  61.310 0.0000000000
69311  -14.941  6.984  62.100 0.0000000000
68150  -13.488  6.154  62.145 0.0000000000
144822  -7.628  16.690  51.395 0.0000000000
79465  -8.317  15.695  53.397 0.0000000000
125226  -8.510  14.982  52.068 0.0000000000
79526  -8.240  15.030  51.309 0.0000000000
77486  -8.501  13.055  50.743 0.0000000000
75450  -8.607  11.339  50.005 0.0000000000
73124  -8.410  9.689  49.736 0.0000000000
75400  -3.477  10.661  54.213 0.0000000000
74211  -3.720  10.618  53.716 0.0000000000
74233  -5.252  10.459  52.878 0.0000000000
73087  -2.177  9.188  52.083 0.0000000000
73088  -4.085  9.486  51.909 0.0000000000
73073  -5.925  9.799  52.305 0.0000000000
129606  -7.408  9.386  51.355 0.0000000000
71865  -7.600  8.817  50.406 0.0000000000
73136  -7.778  8.661  48.566 0.0000000000
70676  -6.882  7.657  47.365 0.0000000000
78346  -12.875  14.207  67.945 0.0000000000
78345  -12.479  14.016  67.591 0.0000000000
77354  -11.979  13.398  66.819 0.0000000000
74115  -12.406  11.542  67.283 0.0000000000
76362  -12.074  12.851  66.768 0.0000000000
125554  -10.799  14.067  65.795 0.0000000000
125111  -10.152  14.086  65.304 0.0000000000
77371  -9.617  13.673  64.148 0.0000000000
77381  -9.251  13.517  63.184 0.0000000000
124872  -9.936  13.154  62.433 0.0000000000
148504  -11.365  11.736  61.296 0.0000000000
125161  -11.473  9.972  60.675 0.0000000000
71727  -11.171  8.749  63.476 0.0000000000
71752  -11.159  8.948  61.602 0.0000000000
71762  -10.757  8.640  60.041 0.0000000000
70545  -9.685  7.425  59.521 0.0000000000
69340  -8.589  6.552  59.381 0.0000000000
68197  -7.684  5.386  58.436 0.0000000000
70444  -5.539  7.316  68.101 0.0000000000
69241  -3.915  6.859  68.037 0.0000000000
145843  -5.320  7.402  67.322 0.0000000000
70463  -5.145  7.319  65.891 0.0000000000
70486  -4.866  6.717  64.376 0.0000000000
69275  -5.961  6.631  63.358 0.0000000000
68130  -4.089  5.397  62.558 0.0000000000
69307  -5.562  6.081  61.976 0.0000000000
68164  -6.181  5.555  60.475 0.0000000000
129288  -6.366  5.248  59.565 0.0000000000
67012  -6.512  4.405  58.271 0.0000000000
65793  -6.007  3.733  57.893 0.0000000000
64672  -4.129  2.401  57.494 0.0000000000
80636  -36.597  16.609  52.852 0.0000000000
80637  -37.020  17.232  53.432 0.0000000000
80615  -36.624  16.694  53.895 0.0000000000
79503  -36.059  16.011  52.342 0.0000000000
80652  -36.458  16.446  51.937 0.0000000000
79502  -35.551  15.544  52.950 0.0000000000
78465  -34.987  14.975  52.611 0.0000000000
79459  -36.154  16.211  54.232 0.0000000000
78453  -34.862  15.074  53.598 0.0000000000
143854  -48.773  23.575  35.828 0.0000000000
87478  -48.718  22.862  35.737 0.0000000000
85753  -47.935  21.482  34.107 0.0000000000
86647  -48.399  22.328  34.335 0.0000000000
83929  -38.149  19.471  41.770 0.0000000000
83930  -39.186  19.551  41.955 0.0000000000
83916  -38.698  20.093  42.380 0.0000000000
83927  -36.122  19.662  41.274 0.0000000000
82939  -37.496  18.813  41.023 0.0000000000
67024  -8.466  4.954  56.949 0.0000000000
67031  -8.338  4.620  56.437 0.0000000000
67023  -7.766  4.461  57.056 0.0000000000
139548  -10.678  5.118  64.136 0.0000000000
77379  -7.124  13.430  62.801 0.0000000000
83018  -43.597  18.141  35.957 0.0000000000
81981  -43.076  17.652  36.401 0.0000000000
80833  -43.060  16.162  37.221 0.0000000000
79709  -42.760  15.224  36.903 0.0000000000
80834  -43.901  16.434  36.783 0.0000000000
77383  -18.556  13.934  63.098 0.0000000000
77373  -18.183  13.390  63.556 0.0000000000
77382  -17.963  13.437  62.792 0.0000000000
76439  -20.650  13.214  55.371 0.0000000000
74285  -8.210  9.990  48.118 0.0000000000
76419  -4.392  12.406  55.873 0.0000000000
76454  -4.819  12.480  55.254 0.0000000000
127214  -2.215  5.070  48.488 0.0000000000
79374  -13.577  15.276  67.021 0.0000000000
71679  -8.143  7.705  67.748 0.0000000000
71691  -8.563  7.950  67.476 0.0000000000
70456  -7.485  7.593  67.325 0.0000000000
133622  -7.492  7.663  66.608 0.0000000000
83820  -36.904  20.166  50.420 0.0000000000
140636  -36.564  18.989  49.356 0.0000000000
84735  -36.707  20.530  50.043 0.0000000000
85614  -36.529  21.084  49.886 0.0000000000
147318  -30.814  11.906  53.120 0.0000000000
74223  -30.664  11.585  53.502 0.0000000000
140770  -29.876  10.913  52.735 0.0000000000
89197  -50.456  25.751  31.894 0.0000000000
88345  -50.049  25.182  32.192 0.0000000000
143394  -50.282  25.352  31.622 0.0000000000
89209  -50.760  25.786  31.241 0.0000000000
81955  -41.017  17.485  38.904 0.0000000000
125586  -40.709  17.736  39.432 0.0000000000
80790  -39.195  17.052  39.329 0.0000000000
80802  -39.860  16.689  38.903 0.0000000000
81818  -6.108  16.797  49.575 0.0000000000
79543  -7.141  15.121  49.833 0.0000000000
71796  -6.938  9.096  55.790 0.0000000000
71804  -5.270  8.554  55.543 0.0000000000
71805  -6.350  8.609  55.324 0.0000000000
67112  -7.104  4.378  52.128 0.0000000000
144016  -7.064  5.018  52.154 0.0000000000
67125  -6.673  4.041  51.574 0.0000000000
67124  -6.102  4.133  50.914 0.0000000000
71685  -14.496  9.236  66.966 0.0000000000
125219  -14.215  9.398  67.692 0.0000000000
71684  -14.071  8.847  67.326 0.0000000000
68066  -10.477  6.302  67.459 0.0000000000
86536  -35.336  22.637  44.012 0.0000000000
86518  -36.411  23.095  44.592 0.0000000000
139895  -35.383  23.300  44.594 0.0000000000
79611  -34.547  15.515  45.467 0.0000000000
85661  -34.683  21.986  43.331 0.0000000000
79428  -26.199  15.913  57.862 0.0000000000
78410  -24.968  15.096  57.462 0.0000000000
78424  -25.461  14.576  56.939 0.0000000000
76425  -29.356  12.434  55.966 0.0000000000
76424  -28.430  12.650  55.839 0.0000000000
147622  -28.306  12.224  55.459 0.0000000000
75412  -24.049  11.529  53.574 0.0000000000
75411  -23.209  11.809  53.625 0.0000000000
74216  -22.834  11.470  53.166 0.0000000000
75410  -21.968  11.671  53.200 0.0000000000
76390  -4.678  12.817  60.281 0.0000000000
76401  -4.358  12.340  59.578 0.0000000000
75330  -4.615  11.660  59.228 0.0000000000
75341  -5.012  11.068  58.827 0.0000000000
75331  -5.536  11.582  59.376 0.0000000000
74166  -10.834  10.917  58.882 0.0000000000
74171  -10.546  10.552  58.429 0.0000000000
73014  -11.114  10.316  58.792 0.0000000000
71784  -10.713  9.022  58.513 0.0000000000
73010  -11.127  9.560  58.973 0.0000000000
85732  -47.157  20.596  36.428 0.0000000000
84876  -46.967  19.720  36.413 0.0000000000
81984  -46.199  17.910  35.916 0.0000000000
81993  -45.893  17.617  34.939 0.0000000000
83021  -46.557  18.675  36.135 0.0000000000
83022  -47.077  18.900  35.901 0.0000000000
71729  -16.157  8.303  63.361 0.0000000000
70510  -15.062  7.590  63.208 0.0000000000
70511  -15.765  7.686  62.748 0.0000000000
73043  -17.153  9.874  55.336 0.0000000000
71785  -16.453  8.499  58.602 0.0000000000
141681  -16.524  9.171  58.344 0.0000000000
126881  -16.460  9.129  59.164 0.0000000000
71775  -16.476  8.383  59.563 0.0000000000
73012  -16.568  8.945  60.248 0.0000000000
81762  -7.351  17.288  54.471 0.0000000000
75404  -7.398  11.838  53.374 0.0000000000
75405  -8.115  12.059  52.991 0.0000000000
75423  -7.893  11.461  52.731 0.0000000000
74236  -8.355  11.159  52.008 0.0000000000
74235  -7.575  10.728  52.403 0.0000000000
71824  -2.818  8.476  53.621 0.0000000000
71823  -2.342  8.888  53.112 0.0000000000
70641  -3.096  8.125  49.154 0.0000000000
71881  -3.502  8.378  49.941 0.0000000000
70642  -4.419  7.898  49.341 0.0000000000
70656  -4.237  7.644  48.465 0.0000000000
70674  -4.734  7.414  47.527 0.0000000000
145019  -3.609  7.619  47.697 0.0000000000
79370  -10.283  15.583  65.943 0.0000000000
75279  -12.341  11.044  69.149 0.0000000000
75284  -12.666  11.892  68.729 0.0000000000
72959  -11.891  9.614  65.710 0.0000000000
74129  -12.385  10.996  65.536 0.0000000000
75297  -12.301  10.830  64.530 0.0000000000
75306  -12.034  11.264  63.572 0.0000000000
126064  -12.196  9.927  64.358 0.0000000000
70507  -7.617  7.145  62.757 0.0000000000
70522  -7.836  7.013  61.909 0.0000000000
69290  -7.019  6.738  62.218 0.0000000000
66924  -1.283  4.668  65.890 0.0000000000
68090  -2.202  5.906  66.092 0.0000000000
68097  -1.927  5.307  65.381 0.0000000000
82822  -37.296  18.803  51.150 0.0000000000
78507  -34.821  14.389  50.154 0.0000000000
78508  -35.312  14.741  49.816 0.0000000000
80673  -36.916  17.098  51.196 0.0000000000
81824  -37.106  17.942  50.762 0.0000000000
76487  -32.756  12.983  53.085 0.0000000000
76486  -32.278  12.768  52.755 0.0000000000
76495  -32.809  13.175  52.282 0.0000000000
78478  -34.812  14.583  51.335 0.0000000000
77493  -34.189  14.170  50.873 0.0000000000
146501  -34.810  14.475  50.694 0.0000000000
125768  -34.162  13.972  49.911 0.0000000000
77465  -33.622  13.908  53.758 0.0000000000
77458  -33.580  14.007  54.673 0.0000000000
76476  -32.154  12.672  53.482 0.0000000000
89173  -48.976  25.101  34.049 0.0000000000
147462  -45.314  19.644  32.167 0.0000000000
84050  -44.862  19.705  31.625 0.0000000000
85767  -47.140  21.929  32.108 0.0000000000
85775  -46.486  21.459  31.685 0.0000000000
135237  -46.260  21.717  30.792 0.0000000000
86672  -47.342  22.788  30.744 0.0000000000
86667  -47.500  22.626  31.631 0.0000000000
87498  -48.556  23.190  33.517 0.0000000000
87507  -48.619  23.511  32.519 0.0000000000
87499  -49.095  24.015  33.006 0.0000000000
88327  -49.555  24.648  32.527 0.0000000000
81930  -39.917  18.083  40.479 0.0000000000
136722  -39.571  18.419  40.975 0.0000000000
128266  -40.047  19.861  41.634 0.0000000000
83945  -40.065  19.395  41.288 0.0000000000
84837  -40.133  19.663  40.951 0.0000000000
84834  -33.272  20.271  40.728 0.0000000000
83941  -33.787  19.672  40.246 0.0000000000
82976  -34.510  18.028  38.916 0.0000000000
81934  -35.260  17.838  39.000 0.0000000000
82955  -38.193  18.302  40.815 0.0000000000
81928  -38.054  17.876  40.201 0.0000000000
81938  -38.553  17.459  39.808 0.0000000000
70601  -9.195  6.813  55.142 0.0000000000
70600  -8.541  7.267  54.553 0.0000000000
68268  -9.258  5.992  55.133 0.0000000000
65837  -8.374  4.064  54.752 0.0000000000
67073  -8.506  4.696  54.153 0.0000000000
65867  -8.150  4.079  53.906 0.0000000000
148524  -7.891  4.105  53.397 0.0000000000
65866  -7.634  3.611  53.611 0.0000000000
64720  -7.008  3.007  53.639 0.0000000000
64702  -7.313  3.174  54.355 0.0000000000
65823  -6.684  3.126  56.233 0.0000000000
64690  -6.113  2.561  55.901 0.0000000000
64700  -5.404  2.236  55.765 0.0000000000
64689  -5.463  2.404  56.266 0.0000000000
68093  -12.363  6.732  65.317 0.0000000000
69255  -12.801  7.199  65.604 0.0000000000
147316  -33.843  23.958  45.314 0.0000000000
81856  -33.771  17.930  46.357 0.0000000000
83841  -33.544  19.312  46.963 0.0000000000
84758  -32.369  20.965  46.999 0.0000000000
83862  -32.733  19.398  46.510 0.0000000000
84769  -32.174  20.187  46.491 0.0000000000
83882  -31.924  19.527  46.007 0.0000000000
84780  -31.592  20.350  45.881 0.0000000000
146552  -31.402  20.518  45.360 0.0000000000
85630  -31.709  21.627  46.024 0.0000000000
87330  -32.840  23.769  46.358 0.0000000000
142163  -27.287  16.883  58.261 0.0000000000
73059  -27.236  8.802  53.318 0.0000000000
74220  -26.982  9.613  53.629 0.0000000000
73058  -26.386  9.326  53.187 0.0000000000
88389  -50.637  24.530  27.332 0.0000000000
88410  -50.766  24.260  26.619 0.0000000000
88411  -51.308  24.881  26.826 0.0000000000
90126  -53.185  26.875  26.304 0.0000000000
89265  -52.669  26.059  26.043 0.0000000000
89289  -52.952  25.991  25.278 0.0000000000
89304  -53.059  25.606  24.528 0.0000000000
91032  -53.246  27.785  24.112 0.0000000000
91014  -53.343  28.154  24.904 0.0000000000
76382  -5.539  12.944  61.342 0.0000000000
76392  -6.197  12.321  60.706 0.0000000000
76393  -7.144  12.266  61.052 0.0000000000
76384  -8.876  12.714  61.335 0.0000000000
76394  -8.630  12.188  60.667 0.0000000000
75325  -10.057  11.902  60.086 0.0000000000
83004  -45.569  17.959  36.341 0.0000000000
83988  -45.273  18.970  35.947 0.0000000000
79726  -39.867  15.107  35.938 0.0000000000
78669  -41.474  14.737  35.568 0.0000000000
78691  -41.660  14.886  34.536 0.0000000000
79748  -42.508  15.337  34.431 0.0000000000
79749  -43.215  15.362  35.102 0.0000000000
80835  -44.604  16.649  36.432 0.0000000000
80841  -44.559  16.295  35.880 0.0000000000
81975  -45.077  17.333  36.372 0.0000000000
81976  -45.696  17.638  36.142 0.0000000000
76371  -18.227  13.327  64.250 0.0000000000
75308  -17.389  11.907  63.537 0.0000000000
135456  -16.637  9.518  63.216 0.0000000000
74147  -16.789  9.999  62.830 0.0000000000
69380  -16.130  7.094  57.735 0.0000000000
68218  -15.074  6.307  57.383 0.0000000000
79440  -7.367  15.061  55.494 0.0000000000
147575  -5.406  12.499  54.797 0.0000000000
75383  -5.792  12.121  54.286 0.0000000000
76473  -6.922  12.294  53.993 0.0000000000
75402  -5.192  11.522  53.931 0.0000000000
69439  -2.564  6.719  51.612 0.0000000000
138391  -1.762  7.177  51.336 0.0000000000
69450  -1.458  7.093  50.651 0.0000000000
69459  -1.192  7.269  49.090 0.0000000000
70654  -1.372  7.647  49.144 0.0000000000
70653  -1.339  7.250  48.343 0.0000000000
69473  -1.402  6.935  46.843 0.0000000000
147838  -12.374  15.683  66.766 0.0000000000
144914  -11.849  15.651  66.662 0.0000000000
79371  -11.121  15.644  66.387 0.0000000000
143645  -9.499  8.471  66.992 0.0000000000
71682  -9.928  8.780  67.810 0.0000000000
72958  -11.230  9.105  66.257 0.0000000000
70465  -7.134  7.633  65.734 0.0000000000
71708  -7.946  7.833  65.110 0.0000000000
70473  -7.114  7.514  64.632 0.0000000000
78564  -34.846  14.154  45.870 0.0000000000
147388  -35.110  14.481  46.496 0.0000000000
78524  -35.941  15.222  49.202 0.0000000000
78523  -35.666  14.790  48.921 0.0000000000
82860  -36.173  18.207  48.641 0.0000000000
80705  -36.090  16.629  48.539 0.0000000000
130887  -35.817  17.382  48.019 0.0000000000
81843  -35.198  17.754  47.403 0.0000000000
82858  -34.826  18.334  47.326 0.0000000000
84745  -34.988  20.535  48.454 0.0000000000
76501  -31.424  12.918  50.679 0.0000000000
77415  -31.674  13.495  57.385 0.0000000000
77414  -30.673  13.378  57.159 0.0000000000
76426  -30.848  12.437  56.216 0.0000000000
77435  -33.122  13.542  56.274 0.0000000000
76429  -32.455  13.003  55.713 0.0000000000
74205  -30.227  11.201  54.014 0.0000000000
74194  -30.758  11.507  54.351 0.0000000000
74204  -29.716  10.865  53.924 0.0000000000
74192  -29.707  11.113  54.471 0.0000000000
73051  -28.338  9.777  53.614 0.0000000000
73061  -28.486  9.561  53.184 0.0000000000
71837  -27.836  8.093  52.126 0.0000000000
90082  -52.195  27.361  30.485 0.0000000000
87529  -47.912  23.407  30.195 0.0000000000
144651  -47.674  23.198  29.370 0.0000000000
88365  -49.600  24.608  29.572 0.0000000000
87537  -48.976  24.127  28.975 0.0000000000
87545  -49.280  23.918  28.069 0.0000000000
87546  -49.971  24.222  27.712 0.0000000000
88377  -50.328  24.985  29.119 0.0000000000
89210  -51.456  26.423  30.766 0.0000000000
89219  -51.430  26.108  29.930 0.0000000000
140054  -51.954  26.687  30.123 0.0000000000
80820  -41.801  16.433  37.826 0.0000000000
81969  -42.565  17.251  37.112 0.0000000000
148050  -41.167  17.864  37.336 0.0000000000
83003  -40.988  18.108  36.506 0.0000000000
82969  -40.474  18.727  39.795 0.0000000000
82979  -40.479  18.535  39.012 0.0000000000
80799  -36.165  17.187  38.334 0.0000000000
141873  -35.645  16.857  37.567 0.0000000000
80831  -37.873  16.370  37.101 0.0000000000
80832  -38.747  16.173  37.063 0.0000000000
80819  -41.222  16.441  38.208 0.0000000000
79690  -40.660  15.813  37.634 0.0000000000
75385  -19.432  12.404  54.349 0.0000000000
73050  -17.897  10.488  53.728 0.0000000000
78515  -5.544  14.060  48.462 0.0000000000
77498  -7.510  13.379  49.277 0.0000000000
76516  -7.881  11.865  48.638 0.0000000000
76507  -8.285  12.070  49.500 0.0000000000
74186  -3.632  9.850  57.006 0.0000000000
73029  -3.457  9.782  56.406 0.0000000000
71816  -4.695  8.311  54.911 0.0000000000
71803  -3.942  8.750  55.363 0.0000000000
71815  -3.902  8.325  54.614 0.0000000000
70595  -3.481  8.087  54.026 0.0000000000
69407  -8.152  6.814  53.945 0.0000000000
69406  -7.129  7.019  53.687 0.0000000000
69430  -5.312  6.213  52.374 0.0000000000
69417  -5.532  6.844  53.104 0.0000000000
69429  -4.030  6.611  52.398 0.0000000000
67137  -4.743  4.357  49.961 0.0000000000
68309  -4.033  5.221  50.286 0.0000000000
63604  -4.866  1.979  52.565 0.0000000000
63589  -4.589  1.781  53.387 0.0000000000
77347  -14.094  13.783  68.385 0.0000000000
76358  -14.548  12.695  68.438 0.0000000000
72945  -13.930  9.665  68.311 0.0000000000
74106  -13.986  10.712  68.992 0.0000000000
72940  -13.587  10.171  68.972 0.0000000000
144922  -13.002  10.593  69.404 0.0000000000
72939  -12.909  9.879  69.276 0.0000000000
70448  -13.111  7.807  67.222 0.0000000000
69234  -12.226  7.272  67.371 0.0000000000
70437  -11.376  7.336  68.390 0.0000000000
70430  -11.067  7.871  69.007 0.0000000000
71669  -10.511  8.576  69.232 0.0000000000
70429  -10.300  7.665  69.067 0.0000000000
69229  -8.832  6.619  68.612 0.0000000000
69218  -8.888  7.362  68.943 0.0000000000
145695  -8.507  7.165  68.748 0.0000000000
126690  -7.919  7.367  68.348 0.0000000000
80739  -33.439  16.257  44.935 0.0000000000
80738  -32.644  16.472  44.563 0.0000000000
85672  -31.881  21.237  42.943 0.0000000000
84807  -31.530  20.724  42.367 0.0000000000
85675  -35.384  21.435  42.786 0.0000000000
84810  -34.945  21.055  42.027 0.0000000000
84811  -36.046  20.763  42.377 0.0000000000
78422  -23.581  14.460  56.928 0.0000000000
77426  -22.231  14.111  56.578 0.0000000000
140147  -28.575  15.176  57.536 0.0000000000
78426  -27.238  14.520  56.887 0.0000000000
77430  -26.634  13.869  56.431 0.0000000000
75392  -26.231  11.647  54.176 0.0000000000
145389  -26.634  12.075  54.593 0.0000000000
76464  -24.908  12.464  54.578 0.0000000000
76444  -25.369  12.960  55.142 0.0000000000
77445  -24.742  13.508  55.684 0.0000000000
76442  -23.347  13.118  54.949 0.0000000000
76461  -22.345  12.741  54.499 0.0000000000
76460  -21.704  12.726  54.426 0.0000000000
75387  -21.123  12.503  53.983 0.0000000000
74239  -20.346  11.308  52.578 0.0000000000
91030  -52.564  28.028  24.558 0.0000000000
126479  -52.025  27.078  23.644 0.0000000000
90147  -51.540  27.604  25.094 0.0000000000
89288  -49.125  25.705  25.618 0.0000000000
89264  -48.654  25.953  26.306 0.0000000000
77407  -5.207  13.862  57.279 0.0000000000
127805  -3.467  13.689  59.941 0.0000000000
78392  -4.332  14.544  59.054 0.0000000000
76406  -3.779  12.232  58.566 0.0000000000
76409  -3.692  11.964  57.597 0.0000000000
76410  -3.964  12.540  57.084 0.0000000000
75349  -3.540  11.232  57.260 0.0000000000
75350  -3.850  10.915  57.999 0.0000000000
74169  -5.538  10.620  58.231 0.0000000000
74175  -5.005  10.104  57.724 0.0000000000
74176  -5.956  10.166  57.590 0.0000000000
73021  -6.347  9.733  56.961 0.0000000000
75344  -8.335  11.263  58.790 0.0000000000
74178  -8.642  10.463  57.601 0.0000000000
73035  -9.247  9.412  56.518 0.0000000000
73034  -9.022  9.025  55.830 0.0000000000
71797  -9.706  8.569  56.418 0.0000000000
70575  -10.321  7.627  57.971 0.0000000000
126805  -10.028  7.132  57.244 0.0000000000
84878  -48.063  20.775  35.913 0.0000000000
85734  -48.266  21.500  36.253 0.0000000000
85733  -47.800  20.924  36.361 0.0000000000
84814  -39.512  20.816  42.911 0.0000000000
79762  -43.247  15.872  34.209 0.0000000000
80855  -42.895  16.254  33.447 0.0000000000
80856  -43.638  16.479  33.723 0.0000000000
81999  -44.792  17.459  33.509 0.0000000000
80868  -44.052  17.191  33.273 0.0000000000
82011  -44.325  17.741  32.865 0.0000000000
82012  -45.144  18.257  33.010 0.0000000000
84002  -47.371  19.469  35.718 0.0000000000
84887  -47.699  20.204  35.381 0.0000000000
76361  -15.871  13.259  67.433 0.0000000000
74113  -15.510  10.846  67.186 0.0000000000
74117  -15.829  10.652  66.470 0.0000000000
145723  -17.453  12.315  65.140 0.0000000000
75293  -16.719  10.792  65.330 0.0000000000
71713  -15.582  8.554  64.543 0.0000000000
71705  -15.803  9.012  64.853 0.0000000000
71704  -15.304  8.854  65.361 0.0000000000
70467  -15.051  8.319  64.896 0.0000000000
70466  -14.463  7.970  65.161 0.0000000000
69263  -14.266  7.610  64.568 0.0000000000
69277  -14.254  7.335  63.439 0.0000000000
68116  -13.410  6.818  63.694 0.0000000000
143008  -12.943  5.988  63.491 0.0000000000
68115  -11.961  5.711  63.666 0.0000000000
68132  -12.585  5.785  62.751 0.0000000000
76438  -19.672  12.992  55.442 0.0000000000
76437  -18.715  12.629  55.452 0.0000000000
75360  -18.000  12.528  56.189 0.0000000000
76420  -17.671  12.526  57.142 0.0000000000
73036  -16.671  9.388  56.920 0.0000000000
75351  -16.613  10.886  58.155 0.0000000000
76411  -17.404  12.614  58.028 0.0000000000
76407  -17.232  12.807  58.954 0.0000000000
76404  -16.676  12.054  60.274 0.0000000000
76398  -16.683  11.738  61.150 0.0000000000
143675  -16.578  10.876  61.294 0.0000000000
137383  -16.415  8.473  61.205 0.0000000000
129349  -16.609  9.507  61.492 0.0000000000
148596  -16.571  8.868  61.613 0.0000000000
71753  -16.459  8.387  61.992 0.0000000000
70526  -16.188  7.873  61.807 0.0000000000
69358  -14.899  6.521  59.164 0.0000000000
68168  -13.740  6.086  60.499 0.0000000000
68169  -14.465  6.476  60.732 0.0000000000
69312  -15.483  7.201  61.857 0.0000000000
81789  -7.543  17.568  52.459 0.0000000000
81800  -7.651  17.190  51.862 0.0000000000
129630  -7.257  17.248  51.141 0.0000000000
80658  -7.991  16.480  51.943 0.0000000000
78439  -7.764  14.731  54.756 0.0000000000
79450  -8.235  15.231  54.130 0.0000000000
143475  -8.643  13.448  52.585 0.0000000000
78456  -8.566  14.474  52.676 0.0000000000
78469  -8.615  14.216  51.861 0.0000000000
78485  -8.444  14.001  51.013 0.0000000000
74251  -8.587  10.949  51.313 0.0000000000
75441  -8.714  11.601  50.841 0.0000000000
74264  -8.674  10.855  50.689 0.0000000000
74271  -8.602  10.469  49.919 0.0000000000
73109  -8.502  10.066  50.484 0.0000000000
133738  -3.261  10.363  55.206 0.0000000000
75380  -3.352  10.558  54.665 0.0000000000
74231  -3.144  10.119  53.322 0.0000000000
149247  -3.249  10.359  53.814 0.0000000000
74232  -4.101  10.420  53.028 0.0000000000
74212  -4.664  10.914  53.523 0.0000000000
71843  -1.742  8.661  51.506 0.0000000000
128275  -2.197  9.008  51.409 0.0000000000
71862  -4.009  8.593  50.653 0.0000000000
71844  -3.144  9.154  51.423 0.0000000000
73089  -5.334  9.322  51.768 0.0000000000
73090  -6.477  9.253  51.621 0.0000000000
71846  -5.910  8.714  51.163 0.0000000000
71883  -6.531  7.954  49.390 0.0000000000
71864  -7.066  8.332  50.051 0.0000000000
73123  -7.922  8.847  49.601 0.0000000000
71884  -7.279  8.227  49.090 0.0000000000
71904  -7.241  8.049  48.124 0.0000000000
70658  -6.436  7.622  48.093 0.0000000000
124553  -7.916  14.369  64.408 0.0000000000
77346  -13.478  13.505  68.539 0.0000000000
78342  -13.116  13.854  68.338 0.0000000000
77349  -12.410  13.462  67.508 0.0000000000
131778  -12.009  13.864  67.014 0.0000000000
148365  -12.202  13.192  67.182 0.0000000000
141541  -12.373  11.147  67.950 0.0000000000
74114  -12.223  10.653  67.186 0.0000000000
75289  -12.215  12.111  66.613 0.0000000000
77359  -11.614  13.221  66.132 0.0000000000
77358  -10.965  13.643  65.671 0.0000000000
76368  -11.234  13.147  65.440 0.0000000000
77372  -10.383  13.376  64.137 0.0000000000
76377  -10.131  13.349  63.361 0.0000000000
142362  -10.569  12.913  62.762 0.0000000000
74146  -11.911  10.710  62.694 0.0000000000
141284  -11.342  12.019  61.901 0.0000000000
75315  -11.669  11.191  61.793 0.0000000000
75320  -11.490  11.265  60.921 0.0000000000
74157  -11.595  10.511  61.226 0.0000000000
71711  -10.412  8.495  63.925 0.0000000000
70509  -9.114  7.922  61.974 0.0000000000
71742  -10.622  8.577  62.065 0.0000000000
71750  -9.895  8.267  61.594 0.0000000000
131058  -10.936  8.826  60.740 0.0000000000
71761  -10.172  8.282  60.674 0.0000000000
70532  -10.229  8.084  59.603 0.0000000000
70531  -9.577  7.620  60.278 0.0000000000
69326  -8.299  6.714  60.218 0.0000000000
68184  -8.094  6.003  58.911 0.0000000000
68183  -7.279  5.637  59.250 0.0000000000
70433  -5.529  6.855  68.506 0.0000000000
69246  -3.015  6.529  66.776 0.0000000000
69240  -3.206  6.573  67.678 0.0000000000
70443  -3.721  6.843  67.263 0.0000000000
130821  -4.542  7.208  67.605 0.0000000000
70454  -4.200  7.041  66.828 0.0000000000
142089  -4.845  7.294  66.716 0.0000000000
70462  -4.368  7.027  66.135 0.0000000000
69261  -4.159  6.439  64.650 0.0000000000
70470  -4.668  6.821  65.284 0.0000000000
70487  -5.670  6.912  64.164 0.0000000000
69274  -5.122  6.473  63.575 0.0000000000
69306  -4.774  5.721  62.282 0.0000000000
68146  -5.056  5.521  61.553 0.0000000000
68147  -5.927  5.752  61.270 0.0000000000
68163  -5.368  5.299  60.812 0.0000000000
68182  -5.600  5.170  60.102 0.0000000000
66999  -6.207  4.675  58.950 0.0000000000
68196  -6.890  5.028  58.725 0.0000000000
81804  -37.168  17.482  51.991 0.0000000000
82812  -37.459  18.313  52.435 0.0000000000
81795  -37.312  17.672  52.936 0.0000000000
134942  -37.428  18.265  53.465 0.0000000000
78479  -35.604  15.046  51.270 0.0000000000
78480  -35.883  15.239  50.839 0.0000000000
79521  -36.059  15.694  51.389 0.0000000000
80665  -36.773  16.890  51.699 0.0000000000
77471  -33.801  13.925  52.867 0.0000000000
78464  -34.490  14.510  52.291 0.0000000000
126196  -35.136  14.903  51.851 0.0000000000
78440  -34.928  15.127  54.793 0.0000000000
138595  -36.441  16.617  54.929 0.0000000000
88299  -48.894  24.331  34.369 0.0000000000
136919  -48.759  23.633  34.973 0.0000000000
84899  -47.038  20.123  33.528 0.0000000000
84918  -46.464  20.253  32.766 0.0000000000
132902  -47.524  21.712  32.995 0.0000000000
86659  -47.746  22.445  32.469 0.0000000000
82956  -39.007  18.437  41.152 0.0000000000
83931  -39.891  19.720  41.903 0.0000000000
84829  -39.961  20.417  42.145 0.0000000000
83942  -34.724  19.452  40.376 0.0000000000
83943  -35.634  19.263  40.575 0.0000000000
82953  -35.963  18.651  40.205 0.0000000000
82968  -36.322  18.212  39.853 0.0000000000
82954  -36.712  18.545  40.431 0.0000000000
68237  -9.470  5.968  56.434 0.0000000000
67050  -8.558  4.516  55.615 0.0000000000
67049  -8.077  3.882  55.471 0.0000000000
65836  -7.698  3.515  54.994 0.0000000000
65824  -7.437  3.520  55.811 0.0000000000
66936  -10.615  5.404  64.880 0.0000000000
85623  -34.074  21.029  48.191 0.0000000000
84759  -33.331  20.723  47.541 0.0000000000
146293  -32.780  21.361  47.396 0.0000000000
85621  -32.337  21.993  47.157 0.0000000000
85631  -31.947  21.572  46.589 0.0000000000
86486  -32.502  22.946  46.762 0.0000000000
80542  -28.704  17.459  58.475 0.0000000000
73079  -25.940  8.833  52.590 0.0000000000
133732  -52.154  26.341  28.306 0.0000000000
90110  -52.668  26.822  27.819 0.0000000000
138044  -53.104  27.073  27.035 0.0000000000
92674  -53.187  29.683  27.581 0.0000000000
77387  -5.771  13.406  62.140 0.0000000000
76383  -7.196  12.814  61.855 0.0000000000
128473  -44.824  17.702  36.465 0.0000000000
83998  -43.636  19.307  34.524 0.0000000000
79707  -41.125  15.185  37.108 0.0000000000
79727  -40.748  14.947  36.200 0.0000000000
126601  -42.262  14.829  36.350 0.0000000000
79728  -43.126  15.073  36.052 0.0000000000
81974  -44.352  17.089  36.657 0.0000000000
75317  -17.153  11.785  62.696 0.0000000000
78408  -22.247  14.643  57.357 0.0000000000
75456  -7.675  11.464  47.795 0.0000000000
74284  -8.063  10.684  47.514 0.0000000000
77422  -5.714  13.731  56.464 0.0000000000
77440  -6.255  13.640  55.690 0.0000000000
67136  -2.883  5.649  50.079 0.0000000000
68318  -1.683  6.213  48.802 0.0000000000
80489  -12.725  16.232  66.576 0.0000000000
71681  -9.271  8.465  68.433 0.0000000000
132487  -8.778  8.074  66.709 0.0000000000
71699  -8.776  8.056  65.580 0.0000000000
139210  -36.569  17.099  49.780 0.0000000000
80695  -36.249  16.451  49.269 0.0000000000
131179  -36.607  17.962  49.505 0.0000000000
83829  -36.336  19.733  49.109 0.0000000000
83828  -35.835  19.159  48.455 0.0000000000
84746  -36.381  20.396  49.419 0.0000000000
77491  -32.821  13.583  50.240 0.0000000000
75395  -31.557  12.232  54.348 0.0000000000
75375  -31.574  12.198  54.697 0.0000000000
75414  -31.205  11.959  53.831 0.0000000000
73063  -30.203  11.165  53.503 0.0000000000
73062  -29.544  10.579  53.084 0.0000000000
133654  -28.800  9.790  52.961 0.0000000000
73102  -28.711  9.483  52.542 0.0000000000
90072  -50.958  26.396  31.545 0.0000000000
87521  -48.992  24.254  31.161 0.0000000000
88355  -49.619  24.691  30.593 0.0000000000
88366  -50.277  25.117  30.058 0.0000000000
80804  -41.433  16.974  38.418 0.0000000000
125232  -37.075  16.978  38.317 0.0000000000
128945  -39.354  16.354  38.159 0.0000000000
143055  -39.049  16.247  37.635 0.0000000000
74237  -18.505  10.673  53.037 0.0000000000
78496  -6.428  14.618  49.123 0.0000000000
77485  -8.034  13.705  50.183 0.0000000000
71794  -4.880  8.801  56.236 0.0000000000
71793  -4.163  8.963  56.204 0.0000000000
70597  -5.225  7.645  54.329 0.0000000000
68274  -7.907  5.429  52.978 0.0000000000
68288  -7.215  5.718  52.602 0.0000000000
68287  -6.453  5.521  52.122 0.0000000000
68286  -5.863  5.447  51.624 0.0000000000
68299  -5.759  4.918  50.970 0.0000000000
67138  -5.450  4.408  50.531 0.0000000000
65921  -5.375  3.906  50.344 0.0000000000
64760  -4.927  3.130  50.498 0.0000000000
64742  -4.233  2.250  50.948 0.0000000000
74109  -14.953  11.278  68.133 0.0000000000
75285  -14.526  11.826  68.662 0.0000000000
74111  -14.693  10.414  67.963 0.0000000000
72948  -14.311  9.868  67.968 0.0000000000
68077  -11.039  6.250  66.813 0.0000000000
68067  -10.968  6.461  67.271 0.0000000000
69232  -10.904  6.728  67.942 0.0000000000
69231  -10.345  6.535  68.128 0.0000000000
69219  -10.055  6.921  68.793 0.0000000000
69230  -9.651  6.450  68.374 0.0000000000
144118  -36.998  21.810  43.661 0.0000000000
86537  -36.740  22.446  44.107 0.0000000000
81883  -32.193  17.299  44.779 0.0000000000
85649  -32.036  22.084  44.253 0.0000000000
85673  -32.873  21.467  42.748 0.0000000000
79426  -24.529  15.602  57.862 0.0000000000
77413  -29.739  13.870  57.172 0.0000000000
78414  -29.175  14.578  57.389 0.0000000000
77412  -29.143  13.876  56.865 0.0000000000
77432  -28.756  13.328  56.409 0.0000000000
75413  -24.856  11.224  53.470 0.0000000000
142150  -25.451  11.915  54.208 0.0000000000
76463  -23.926  12.557  54.504 0.0000000000
75389  -22.786  12.334  54.078 0.0000000000
139735  -21.808  12.293  53.803 0.0000000000
75409  -21.237  12.042  53.426 0.0000000000
87583  -51.520  23.568  24.509 0.0000000000
77395  -3.742  12.969  59.312 0.0000000000
78391  -3.759  13.547  59.271 0.0000000000
75340  -4.205  11.216  58.624 0.0000000000
75345  -9.306  11.256  58.799 0.0000000000
131330  -9.784  10.805  58.297 0.0000000000
74180  -10.142  10.224  57.870 0.0000000000
73025  -10.303  9.425  57.698 0.0000000000
71789  -9.951  8.975  57.133 0.0000000000
144722  -10.583  9.174  58.083 0.0000000000
70576  -10.481  8.562  57.893 0.0000000000
70560  -10.011  7.532  58.787 0.0000000000
84868  -47.409  20.302  36.336 0.0000000000
137804  -47.150  21.467  36.433 0.0000000000
135791  -44.726  16.593  34.658 0.0000000000
80857  -44.354  16.817  33.866 0.0000000000
83059  -46.207  18.166  34.431 0.0000000000
83060  -46.610  18.626  34.505 0.0000000000
75291  -16.888  12.217  66.508 0.0000000000
74130  -16.786  10.309  64.523 0.0000000000
71714  -16.052  8.867  64.065 0.0000000000
71728  -15.851  8.252  63.936 0.0000000000
70476  -15.393  8.077  64.218 0.0000000000
70491  -15.060  7.812  64.016 0.0000000000
68117  -14.006  7.012  63.006 0.0000000000
144438  -17.643  11.526  55.229 0.0000000000
74191  -17.252  10.762  55.706 0.0000000000
74187  -17.007  10.878  56.494 0.0000000000
71790  -16.588  8.691  57.615 0.0000000000
75347  -16.523  10.614  59.127 0.0000000000
75338  -16.798  12.202  59.476 0.0000000000
133187  -16.465  10.397  60.109 0.0000000000
75328  -16.526  10.250  60.986 0.0000000000
129975  -16.495  9.635  60.608 0.0000000000
71764  -16.489  8.255  60.399 0.0000000000
68167  -12.752  5.666  60.283 0.0000000000
131692  -13.201  5.852  61.236 0.0000000000
80619  -8.048  16.502  53.380 0.0000000000
146762  -8.085  13.677  54.000 0.0000000000
134038  -8.270  13.184  53.491 0.0000000000
76475  -8.461  12.601  52.848 0.0000000000
76484  -8.688  12.530  52.005 0.0000000000
73047  -2.803  9.652  54.048 0.0000000000
73054  -2.631  9.451  53.408 0.0000000000
73055  -2.700  9.662  53.227 0.0000000000
73071  -2.648  9.569  52.789 0.0000000000
71863  -5.365  8.356  50.497 0.0000000000
71882  -5.526  7.898  49.581 0.0000000000
70643  -6.031  7.636  48.836 0.0000000000
70657  -5.482  7.491  48.194 0.0000000000
76354  -13.099  12.519  68.927 0.0000000000
77345  -13.068  13.183  68.510 0.0000000000
76356  -12.876  12.561  68.684 0.0000000000
147707  -12.720  12.505  68.249 0.0000000000
142117  -12.568  11.940  67.995 0.0000000000
72951  -11.747  9.876  66.716 0.0000000000
75292  -12.122  11.846  65.833 0.0000000000
76369  -11.635  12.321  65.056 0.0000000000
76373  -11.516  12.217  63.794 0.0000000000
76378  -11.170  12.426  62.727 0.0000000000
72984  -11.744  9.710  62.763 0.0000000000
71724  -8.803  8.024  63.654 0.0000000000
71725  -9.636  8.307  63.268 0.0000000000
71740  -8.931  8.016  62.811 0.0000000000
70523  -8.583  7.383  61.559 0.0000000000
69310  -8.099  6.800  61.095 0.0000000000
69325  -7.507  6.381  60.568 0.0000000000
69245  -2.507  6.223  66.589 0.0000000000
69253  -3.194  6.459  65.828 0.0000000000
69260  -3.447  6.234  64.927 0.0000000000
69272  -3.731  5.918  64.091 0.0000000000
77525  -34.209  13.800  48.932 0.0000000000
130735  -34.732  13.938  48.317 0.0000000000
78509  -35.685  15.055  49.539 0.0000000000
79552  -35.885  15.641  50.016 0.0000000000
79538  -36.094  15.670  50.740 0.0000000000
134531  -36.377  16.298  50.675 0.0000000000
80683  -36.313  16.324  50.003 0.0000000000
81835  -36.819  17.687  50.198 0.0000000000
142899  -37.102  18.826  50.595 0.0000000000
75428  -31.029  12.175  52.803 0.0000000000
76485  -31.687  12.609  52.397 0.0000000000
76494  -32.317  13.038  51.853 0.0000000000
77480  -32.770  13.497  51.191 0.0000000000
77481  -33.287  13.698  51.620 0.0000000000
77508  -33.474  13.691  49.513 0.0000000000
76449  -32.771  13.316  55.518 0.0000000000
147753  -34.223  14.458  55.034 0.0000000000
77448  -33.135  13.616  55.142 0.0000000000
76467  -32.452  13.077  54.696 0.0000000000
76466  -31.996  12.648  54.179 0.0000000000
133580  -49.732  25.120  32.774 0.0000000000
89185  -49.423  25.587  33.283 0.0000000000
84927  -46.139  20.689  32.071 0.0000000000
84934  -45.267  20.706  30.764 0.0000000000
85781  -45.687  21.293  30.336 0.0000000000
86676  -46.684  22.358  29.441 0.0000000000
86668  -48.087  23.069  32.036 0.0000000000
87520  -48.530  23.660  31.656 0.0000000000
81940  -40.287  17.783  39.935 0.0000000000
82970  -40.468  18.404  40.041 0.0000000000
129874  -40.303  19.058  40.575 0.0000000000
82951  -34.245  19.087  39.764 0.0000000000
82965  -33.672  18.598  39.146 0.0000000000
81951  -34.126  17.589  38.262 0.0000000000
81953  -35.617  17.556  38.701 0.0000000000
127940  -6.764  17.054  50.364 0.0000000000
71807  -8.540  8.503  55.342 0.0000000000
71817  -6.950  8.137  54.697 0.0000000000
70587  -8.074  8.068  54.733 0.0000000000
69420  -8.446  6.109  53.935 0.0000000000
68267  -8.853  5.494  54.485 0.0000000000
68275  -8.355  5.449  53.632 0.0000000000
65885  -7.591  4.077  52.819 0.0000000000
65884  -6.907  3.601  52.264 0.0000000000
64731  -6.334  2.895  52.294 0.0000000000
64719  -6.664  2.945  52.949 0.0000000000
138377  -6.381  2.548  53.604 0.0000000000
146042  -5.080  1.958  54.735 0.0000000000
70458  -13.973  8.026  65.978 0.0000000000
70449  -13.753  8.274  66.867 0.0000000000
69248  -12.594  7.220  66.232 0.0000000000
68083  -11.370  6.375  66.565 0.0000000000
68092  -11.597  6.215  65.742 0.0000000000
132675  -11.292  6.195  66.270 0.0000000000
68082  -10.903  5.983  66.533 0.0000000000
66911  -10.423  5.752  66.718 0.0000000000
87341  -34.736  23.989  45.031 0.0000000000
81870  -34.090  17.139  46.135 0.0000000000
148528  -34.025  16.108  45.294 0.0000000000
81869  -33.376  17.476  45.778 0.0000000000
82893  -33.105  18.129  46.027 0.0000000000
81868  -32.524  17.914  45.454 0.0000000000
82909  -31.789  18.036  44.923 0.0000000000
82891  -31.667  18.816  45.398 0.0000000000
82908  -31.142  18.515  44.695 0.0000000000
128491  -31.335  20.738  44.705 0.0000000000
86497  -32.016  22.320  46.241 0.0000000000
86496  -31.782  22.024  45.453 0.0000000000
86514  -31.965  22.276  44.896 0.0000000000
86515  -32.493  22.611  44.710 0.0000000000
79417  -26.485  16.650  58.165 0.0000000000
75393  -27.993  11.159  54.501 0.0000000000
74201  -26.658  10.704  53.834 0.0000000000
74219  -25.463  10.435  53.180 0.0000000000
74244  -25.590  9.713  52.775 0.0000000000
74218  -24.496  10.926  53.119 0.0000000000
74242  -23.269  10.772  52.554 0.0000000000
87576  -51.256  23.879  25.353 0.0000000000
88412  -52.044  25.455  26.508 0.0000000000
88428  -51.765  24.516  25.479 0.0000000000
88437  -51.819  24.148  24.886 0.0000000000
87584  -52.242  24.194  24.183 0.0000000000
88451  -52.934  24.958  23.857 0.0000000000
89322  -53.424  25.755  23.542 0.0000000000
90177  -53.324  27.087  23.230 0.0000000000
91031  -53.097  28.065  24.234 0.0000000000
91843  -53.264  28.869  26.047 0.0000000000
76403  -6.060  11.907  60.000 0.0000000000
75323  -8.228  11.722  60.146 0.0000000000
75334  -8.769  11.530  59.447 0.0000000000
75335  -9.704  11.562  59.411 0.0000000000
75336  -10.608  11.385  59.492 0.0000000000
74167  -11.209  10.771  59.353 0.0000000000
84875  -46.382  20.298  36.077 0.0000000000
83989  -46.153  19.413  36.197 0.0000000000
83999  -44.528  19.307  35.146 0.0000000000
78668  -40.476  14.664  35.222 0.0000000000
79761  -41.924  15.363  33.778 0.0000000000
80840  -43.899  15.679  35.762 0.0000000000
79729  -44.378  16.130  35.140 0.0000000000
129396  -44.882  16.529  35.365 0.0000000000
81977  -46.111  18.122  36.256 0.0000000000
77361  -17.840  13.774  65.576 0.0000000000
133589  -17.469  12.055  64.311 0.0000000000
74141  -16.951  10.161  63.587 0.0000000000
71744  -16.423  8.488  62.636 0.0000000000
70590  -16.588  7.321  55.535 0.0000000000
124064  -16.366  7.211  56.361 0.0000000000
70582  -16.535  7.966  56.970 0.0000000000
133440  -16.248  7.402  57.169 0.0000000000
69360  -16.098  7.160  58.453 0.0000000000
69344  -15.952  7.274  59.360 0.0000000000
68202  -15.218  6.525  58.292 0.0000000000
80582  -7.452  16.530  55.011 0.0000000000
77455  -7.641  13.881  54.595 0.0000000000
77454  -6.794  13.428  54.954 0.0000000000
76456  -7.527  13.045  54.259 0.0000000000
70619  -2.556  7.648  52.702 0.0000000000
70618  -1.814  7.998  52.286 0.0000000000
70625  -1.523  7.750  51.597 0.0000000000
70624  -1.156  7.883  50.976 0.0000000000
69449  -1.149  7.491  50.195 0.0000000000
70630  -1.075  7.886  50.576 0.0000000000
71859  -1.181  8.102  50.596 0.0000000000
71879  -1.348  8.124  49.935 0.0000000000
71902  -1.817  8.065  49.059 0.0000000000
70673  -2.488  7.673  47.390 0.0000000000
81609  -10.930  17.403  66.405 0.0000000000
80487  -10.533  16.514  66.362 0.0000000000
79383  -10.879  14.932  66.029 0.0000000000
72943  -11.145  9.854  69.237 0.0000000000
74107  -11.680  10.475  69.099 0.0000000000
72947  -11.141  9.910  68.582 0.0000000000
72950  -10.954  9.385  67.457 0.0000000000
71702  -11.370  8.923  65.256 0.0000000000
72966  -11.897  9.391  64.742 0.0000000000
144225  -10.721  8.606  64.811 0.0000000000
71709  -8.763  8.043  64.552 0.0000000000
70489  -7.366  7.371  63.626 0.0000000000
129561  -34.717  14.717  45.441 0.0000000000
79612  -35.008  15.814  46.190 0.0000000000
77526  -35.190  14.395  48.611 0.0000000000
127369  -35.422  14.936  47.730 0.0000000000
79576  -36.010  15.778  48.682 0.0000000000
127806  -35.596  15.575  47.767 0.0000000000
80717  -35.405  16.133  46.955 0.0000000000
80716  -34.808  16.703  46.480 0.0000000000
81857  -34.590  17.650  46.797 0.0000000000
145926  -34.567  18.779  47.351 0.0000000000
83842  -34.328  19.336  47.470 0.0000000000
83843  -35.035  19.696  48.128 0.0000000000
84760  -34.242  20.180  47.860 0.0000000000
85611  -34.014  21.813  48.479 0.0000000000
76414  -32.312  12.994  56.590 0.0000000000
139986  -31.383  11.957  54.886 0.0000000000
75362  -31.400  12.040  55.247 0.0000000000
137238  -31.291  12.287  55.910 0.0000000000
75361  -30.719  11.895  55.482 0.0000000000
135831  -29.684  11.343  54.986 0.0000000000
75371  -28.959  11.100  54.656 0.0000000000
74203  -28.484  10.444  54.184 0.0000000000
74221  -27.610  9.297  53.553 0.0000000000
73081  -27.535  8.327  52.790 0.0000000000
87536  -48.275  23.610  29.259 0.0000000000
86695  -48.215  22.885  27.539 0.0000000000
88378  -51.139  25.141  27.786 0.0000000000
89226  -50.897  25.517  29.574 0.0000000000
89234  -50.991  25.348  28.686 0.0000000000
89235  -51.660  25.784  28.276 0.0000000000
90097  -51.902  26.273  28.786 0.0000000000
90091  -52.438  27.181  29.668 0.0000000000
81971  -41.665  17.565  37.251 0.0000000000
79692  -42.252  15.696  37.432 0.0000000000
76459  -20.926  12.843  54.628 0.0000000000
76458  -20.099  12.779  54.811 0.0000000000
74200  -17.919  11.230  54.257 0.0000000000
74214  -18.384  11.199  53.617 0.0000000000
73049  -17.487  10.226  54.454 0.0000000000
126625  -17.287  9.402  54.661 0.0000000000
70591  -16.916  7.824  54.889 0.0000000000
147440  -8.040  11.416  48.509 0.0000000000
74279  -8.489  10.175  49.087 0.0000000000
75357  -3.511  11.226  56.191 0.0000000000
75369  -3.730  11.457  55.527 0.0000000000
74190  -3.332  10.413  55.925 0.0000000000
73040  -3.284  9.725  55.480 0.0000000000
71802  -3.506  9.135  55.231 0.0000000000
73048  -3.094  9.391  54.632 0.0000000000
70608  -3.024  7.873  53.354 0.0000000000
70598  -6.378  7.554  54.251 0.0000000000
69418  -6.690  6.605  53.089 0.0000000000
70610  -4.790  7.307  53.778 0.0000000000
69428  -2.979  6.959  52.341 0.0000000000
68297  -3.255  6.035  50.873 0.0000000000
68298  -4.150  5.736  50.931 0.0000000000
67147  -3.587  4.651  49.526 0.0000000000
64730  -5.614  2.464  52.034 0.0000000000
78343  -13.603  14.014  68.366 0.0000000000
76355  -13.389  12.561  68.937 0.0000000000
76357  -13.889  12.301  68.987 0.0000000000
75281  -13.243  11.934  69.253 0.0000000000
130395  -12.790  11.246  69.325 0.0000000000
74104  -12.381  10.505  69.374 0.0000000000
71683  -13.504  8.482  67.656 0.0000000000
71677  -13.191  8.743  68.362 0.0000000000
70438  -12.083  7.609  68.215 0.0000000000
71672  -12.753  9.120  68.976 0.0000000000
71671  -12.144  8.796  69.114 0.0000000000
72937  -11.324  9.689  69.352 0.0000000000
72936  -10.765  9.341  69.243 0.0000000000
71675  -9.986  9.054  69.139 0.0000000000
71674  -9.367  8.616  68.935 0.0000000000
70428  -9.500  7.559  69.082 0.0000000000
71667  -9.011  8.075  69.009 0.0000000000
71673  -8.841  8.150  68.644 0.0000000000
70447  -8.344  7.678  68.270 0.0000000000
70446  -7.509  7.515  68.006 0.0000000000
83915  -37.694  20.088  42.171 0.0000000000
129004  -38.242  20.654  42.816 0.0000000000
84800  -38.780  21.214  43.351 0.0000000000
86538  -38.070  22.277  44.141 0.0000000000
84833  -32.217  20.276  40.881 0.0000000000
148037  -33.706  20.564  41.217 0.0000000000
84809  -33.620  21.070  41.881 0.0000000000
84825  -34.576  20.517  41.412 0.0000000000
84827  -36.651  20.178  41.915 0.0000000000
129683  -23.787  15.704  58.122 0.0000000000
78409  -23.057  15.056  57.665 0.0000000000
79430  -28.341  15.952  57.909 0.0000000000
78412  -26.769  15.285  57.424 0.0000000000
75370  -27.372  12.006  54.830 0.0000000000
77447  -26.860  13.237  55.857 0.0000000000
76465  -25.859  12.347  54.631 0.0000000000
144787  -25.886  14.081  56.523 0.0000000000
77428  -24.104  13.969  56.264 0.0000000000
77443  -22.926  13.443  55.477 0.0000000000
134813  -21.826  13.378  55.389 0.0000000000
76440  -21.409  13.141  55.025 0.0000000000
75425  -19.954  11.747  53.123 0.0000000000
75426  -20.673  11.777  53.130 0.0000000000
90175  -52.781  27.096  22.966 0.0000000000
90174  -51.706  26.512  23.250 0.0000000000
90161  -50.362  26.051  24.491 0.0000000000
89303  -50.741  25.918  23.706 0.0000000000
88426  -47.724  24.737  25.418 0.0000000000
79434  -6.519  15.272  56.645 0.0000000000
76418  -4.063  12.357  56.386 0.0000000000
78404  -4.845  14.171  58.165 0.0000000000
77406  -4.343  13.204  57.706 0.0000000000
73019  -4.277  9.663  57.229 0.0000000000
73031  -4.576  9.206  56.753 0.0000000000
73032  -5.507  9.228  56.621 0.0000000000
131043  -6.404  9.321  56.355 0.0000000000
74170  -6.738  10.721  58.051 0.0000000000
140208  -7.917  10.861  58.135 0.0000000000
74177  -7.621  10.398  57.516 0.0000000000
73022  -7.303  10.004  57.042 0.0000000000
73042  -8.057  9.182  55.684 0.0000000000
71808  -9.379  8.165  55.743 0.0000000000
70589  -9.549  7.219  55.773 0.0000000000
69392  -9.744  6.741  56.486 0.0000000000
68213  -8.960  5.621  57.195 0.0000000000
85743  -48.342  21.580  35.288 0.0000000000
86634  -48.542  22.090  35.825 0.0000000000
83017  -42.682  18.254  35.466 0.0000000000
84815  -39.827  20.793  42.600 0.0000000000
80866  -42.469  16.593  32.740 0.0000000000
146714  -43.850  16.846  33.492 0.0000000000
82009  -42.979  17.205  32.508 0.0000000000
144383  -43.291  17.664  32.298 0.0000000000
82024  -43.799  17.963  32.364 0.0000000000
130711  -43.821  18.503  31.910 0.0000000000
84041  -45.628  19.147  32.767 0.0000000000
84042  -46.349  19.522  33.186 0.0000000000
84024  -46.816  19.202  34.078 0.0000000000
84900  -47.598  20.547  34.326 0.0000000000
76360  -15.264  13.027  67.899 0.0000000000
75287  -15.426  11.579  67.589 0.0000000000
74112  -15.019  10.269  67.287 0.0000000000
72952  -14.939  9.691  66.636 0.0000000000
76367  -17.459  12.624  66.005 0.0000000000
75290  -16.455  11.212  66.115 0.0000000000
148638  -16.409  10.181  65.046 0.0000000000
74123  -16.108  10.202  65.613 0.0000000000
72953  -15.458  9.919  66.102 0.0000000000
71695  -14.853  9.024  66.185 0.0000000000
69256  -13.713  7.581  65.338 0.0000000000
69262  -13.272  7.234  64.911 0.0000000000
69276  -13.746  7.286  64.166 0.0000000000
68102  -12.863  6.783  64.535 0.0000000000
76423  -20.045  13.402  56.094 0.0000000000
147518  -17.951  12.175  55.453 0.0000000000
77423  -19.514  13.459  56.802 0.0000000000
77401  -18.689  13.604  58.074 0.0000000000
71799  -16.804  9.158  56.074 0.0000000000
73026  -16.595  9.594  57.729 0.0000000000
74181  -16.766  10.975  57.293 0.0000000000
133239  -18.796  13.962  58.866 0.0000000000
77396  -17.941  13.519  59.438 0.0000000000
77393  -18.506  14.099  61.341 0.0000000000
132797  -17.443  12.797  62.510 0.0000000000
75316  -16.862  10.595  62.447 0.0000000000
135510  -16.661  10.297  61.753 0.0000000000
74158  -16.762  9.691  62.192 0.0000000000
70512  -16.205  7.930  62.376 0.0000000000
69329  -15.940  7.355  60.202 0.0000000000
69328  -15.477  7.254  60.925 0.0000000000
69342  -14.928  6.725  60.335 0.0000000000
69292  -15.348  7.392  62.470 0.0000000000
68134  -14.226  6.825  62.441 0.0000000000
68149  -12.610  5.730  61.857 0.0000000000
80668  -7.345  16.469  50.777 0.0000000000
80597  -7.755  16.590  54.192 0.0000000000
80620  -8.233  16.147  52.644 0.0000000000
78446  -8.454  14.845  53.425 0.0000000000
79486  -8.435  15.340  52.683 0.0000000000
79507  -8.279  15.684  51.964 0.0000000000
79506  -7.841  15.994  51.329 0.0000000000
79525  -7.576  15.561  50.598 0.0000000000
78484  -7.847  14.613  50.444 0.0000000000
76492  -8.704  12.367  51.198 0.0000000000
76499  -8.557  12.202  50.404 0.0000000000
133270  -8.510  10.845  49.346 0.0000000000
75381  -3.806  11.251  54.851 0.0000000000
75401  -4.187  11.173  54.175 0.0000000000
74213  -5.805  11.022  53.347 0.0000000000
74234  -6.472  10.489  52.707 0.0000000000
71832  -1.901  8.712  52.308 0.0000000000
139521  -3.002  9.522  52.174 0.0000000000
73072  -4.723  9.879  52.430 0.0000000000
73074  -7.144  9.953  51.964 0.0000000000
147957  -7.764  9.868  51.488 0.0000000000
73091  -8.137  9.759  51.050 0.0000000000
139960  -6.353  8.381  50.573 0.0000000000
71847  -6.987  8.702  50.965 0.0000000000
73108  -8.132  9.370  50.358 0.0000000000
143302  -6.607  7.490  46.701 0.0000000000
77370  -7.478  13.936  63.712 0.0000000000
79368  -13.107  14.781  67.679 0.0000000000
79367  -12.609  14.612  67.501 0.0000000000
77350  -12.791  13.654  68.048 0.0000000000
78351  -12.088  14.422  67.123 0.0000000000
78350  -11.414  14.296  66.369 0.0000000000
76363  -12.353  12.326  67.261 0.0000000000
77353  -11.518  13.719  66.291 0.0000000000
141113  -10.110  14.342  65.432 0.0000000000
77364  -9.153  14.157  64.786 0.0000000000
77365  -10.353  13.640  64.932 0.0000000000
131250  -8.546  13.865  63.968 0.0000000000
77380  -8.232  13.525  62.979 0.0000000000
76376  -9.039  13.220  62.182 0.0000000000
76385  -9.782  12.781  61.490 0.0000000000
76386  -10.657  12.547  61.882 0.0000000000
76396  -10.512  12.278  60.846 0.0000000000
76397  -11.120  11.818  60.739 0.0000000000
75327  -11.261  11.244  60.113 0.0000000000
74165  -11.420  10.373  59.981 0.0000000000
72977  -11.739  9.306  63.695 0.0000000000
71743  -11.290  8.941  62.649 0.0000000000
71726  -10.526  8.550  62.935 0.0000000000
133689  -11.450  9.374  62.096 0.0000000000
72992  -11.453  9.652  61.424 0.0000000000
71763  -11.272  9.305  60.890 0.0000000000
73003  -11.246  9.407  59.970 0.0000000000
71774  -10.781  8.830  59.284 0.0000000000
70544  -9.084  7.048  59.872 0.0000000000
69341  -9.398  6.935  59.025 0.0000000000
69357  -8.937  6.372  58.537 0.0000000000
68198  -8.468  5.796  58.087 0.0000000000
70445  -6.552  7.380  68.078 0.0000000000
69224  -3.473  6.108  68.567 0.0000000000
69225  -4.258  6.401  68.542 0.0000000000
70432  -4.757  7.015  68.338 0.0000000000
126338  -6.096  7.473  67.448 0.0000000000
126122  -5.682  7.489  66.616 0.0000000000
70464  -6.110  7.500  65.707 0.0000000000
70471  -5.474  7.023  65.046 0.0000000000
70472  -6.260  7.225  64.788 0.0000000000
68113  -3.943  5.628  63.302 0.0000000000
69287  -4.623  5.863  63.083 0.0000000000
69288  -5.373  6.165  62.810 0.0000000000
69289  -6.188  6.460  62.514 0.0000000000
69308  -6.439  6.326  61.690 0.0000000000
69324  -6.739  6.043  60.941 0.0000000000
68165  -6.963  5.867  60.099 0.0000000000
67013  -7.316  4.738  57.943 0.0000000000
67022  -6.838  4.124  57.459 0.0000000000
65809  -6.344  3.410  57.068 0.0000000000
64673  -4.873  2.418  56.820 0.0000000000
68258  -9.311  5.771  55.750 0.0000000000
69467  -1.287  7.038  47.803 0.0000000000
70457  -13.288  7.669  66.505 0.0000000000
71676  -12.486  8.410  68.581 0.0000000000
71751  -10.584  8.590  61.321 0.0000000000
71842  -1.395  8.312  51.085 0.0000000000
71848  -7.673  9.166  50.850 0.0000000000
72949  -14.594  9.789  67.422 0.0000000000
72960  -15.227  9.376  65.924 0.0000000000
74108  -14.163  10.246  68.470 0.0000000000
74179  -9.444  10.481  57.832 0.0000000000
74193  -30.376  11.319  54.339 0.0000000000
74206  -30.836  11.543  53.994 0.0000000000
74222  -29.605  10.715  53.601 0.0000000000
74245  -30.055  10.982  53.198 0.0000000000
75282  -13.975  11.471  69.148 0.0000000000
75363  -31.704  12.299  55.222 0.0000000000
75364  -31.970  12.605  55.194 0.0000000000
75372  -30.262  11.466  55.004 0.0000000000
75394  -31.244  11.900  54.405 0.0000000000
75427  -30.447  11.555  52.859 0.0000000000
76387  -11.076  12.171  61.246 0.0000000000
76427  -31.762  12.467  55.904 0.0000000000
76448  -29.991  11.740  55.439 0.0000000000
76493  -31.598  12.797  51.562 0.0000000000
77457  -33.055  13.417  54.264 0.0000000000
77470  -33.281  13.522  52.557 0.0000000000
79464  -8.125  15.952  54.017 0.0000000000
79479  -35.580  15.667  53.984 0.0000000000
79593  -35.358  15.153  46.847 0.0000000000
80848  -45.308  16.971  35.145 0.0000000000
82834  -36.908  19.342  50.169 0.0000000000
84884  -44.306  19.911  34.574 0.0000000000
85613  -35.863  20.990  49.097 0.0000000000
85678  -39.756  21.270  42.920 0.0000000000
88429  -52.353  25.279  25.560 0.0000000000
89236  -52.163  26.103  27.781 0.0000000000
89287  -48.193  25.347  25.884 0.0000000000
90090  -51.932  26.488  29.416 0.0000000000
90148  -53.284  26.688  25.471 0.0000000000
90163  -51.772  27.330  24.296 0.0000000000
90164  -53.469  27.174  23.991 0.0000000000
90187  -53.085  26.566  22.208 0.0000000000
90996  -53.358  28.361  25.574 0.0000000000
91042  -52.718  27.629  23.785 0.0000000000
123943  -28.226  11.798  55.092 0.0000000000
125569  -8.822  4.722  54.854 0.0000000000
127035  -2.374  5.826  65.508 0.0000000000
128520  -31.028  19.235  44.912 0.0000000000
130001  -24.093  10.674  52.761 0.0000000000
131405  -31.133  12.047  53.418 0.0000000000
136183  -47.252  22.762  28.988 0.0000000000
136433  -51.712  24.882  26.098 0.0000000000
136624  -33.293  23.828  45.617 0.0000000000
136823  -37.447  18.812  51.771 0.0000000000
137706  -11.518  10.695  60.571 0.0000000000
137859  -16.392  8.947  63.269 0.0000000000
144691  -31.144  12.451  52.088 0.0000000000
144819  -29.034  10.169  53.308 0.0000000000
144963  -7.844  11.997  60.692 0.0000000000
145702  -44.419  18.073  36.322 0.0000000000
145715  -31.914  12.620  54.609 0.0000000000
146026  -8.694  11.269  51.084 0.0000000000
147902  -5.715  12.271  60.225 0.0000000000
148170  -17.779  11.453  54.764 0.0000000000
148739  -21.033  11.102  52.325 0.0000000000
149265  -1.225  7.135  48.414 0.0000000000
