#!ascii label  , from subject sub-v1s19x0051302_ses-1 vox2ras=TkReg
1851
55073  19.939  -7.312  68.471 0.1111110002
55069  20.770  -6.975  69.553 0.1111110002
56331  21.075  -6.420  70.176 0.2222220004
57581  21.147  -6.163  70.668 0.4444440007
53939  22.338  -8.903  66.256 0.1111110002
53934  20.731  -8.942  67.410 0.1111110002
53930  20.326  -8.196  68.026 0.1111110002
124868  20.946  -8.796  65.931 0.1111110002
137231  20.435  -8.799  66.630 0.1111110002
53947  21.045  -8.582  65.042 0.2222220004
53935  19.711  -8.262  67.036 0.1111110002
57576  21.099  -6.034  70.960 0.4444440007
56323  20.594  -6.180  71.119 0.4444440007
56324  19.041  -6.478  71.038 0.2222220004
53955  20.144  -8.349  64.447 0.2222220004
53948  19.971  -8.458  65.226 0.2222220004
53941  19.766  -8.438  66.091 0.2222220004
143708  19.563  -7.646  67.652 0.1111110002
53961  20.178  -8.197  63.655 0.2222220004
56332  20.613  -6.175  69.637 0.4444440007
55094  19.631  -7.771  62.929 0.2222220004
57582  20.882  -5.561  70.686 0.4444440007
57577  20.875  -5.843  71.025 0.4444440007
56317  19.600  -5.984  71.287 0.3333329856
56319  17.117  -6.508  72.361 0.3333329856
55052  15.862  -7.605  72.619 0.2222220004
148778  19.462  -6.824  68.284 0.4444440007
55084  19.160  -7.858  65.479 0.2222220004
55080  19.080  -7.720  66.331 0.2222220004
55076  19.032  -7.448  67.072 0.2222220004
56340  19.179  -6.345  68.146 0.4444440007
55093  20.013  -7.862  62.168 0.2222220004
148189  19.711  -8.066  64.061 0.2222220004
55085  18.655  -7.157  65.749 0.3333329856
55077  18.709  -6.879  67.096 0.3333329856
57587  20.147  -5.624  69.370 0.5555559993
58800  20.470  -4.979  70.234 0.5555559993
55101  19.721  -7.451  61.459 0.2222220004
55095  18.896  -7.010  63.157 0.2222220004
55089  19.364  -7.704  63.718 0.2222220004
140492  18.539  -6.614  64.577 0.3333329856
131333  20.167  -4.992  69.681 0.5555559993
147338  19.221  -6.820  61.609 0.4444440007
58792  20.454  -4.850  70.646 0.4444440007
57573  18.966  -5.348  71.579 0.4444440007
150263  19.819  -7.192  60.291 0.2222220004
145227  14.848  -8.170  72.071 0.1111110002
140739  19.099  -7.021  67.750 0.4444440007
56351  18.444  -6.476  65.987 0.3333329856
56341  18.713  -6.316  67.417 0.5555559993
58814  19.290  -4.864  68.465 0.5555559993
55090  18.807  -7.142  64.139 0.2222220004
56357  18.443  -6.534  65.242 0.3333329856
57609  18.349  -5.882  66.231 0.5555559993
57602  18.449  -5.514  66.932 0.5555559993
56363  18.575  -6.357  63.902 0.3333329856
57620  18.335  -5.840  64.635 0.5555559993
58826  18.187  -5.067  65.155 0.6666669846
58801  20.003  -4.541  69.796 0.6666669846
58788  20.225  -4.657  71.078 0.6666669846
56390  19.643  -6.658  59.854 0.3333329856
56375  19.026  -6.100  61.345 0.4444440007
58793  20.042  -4.378  70.202 0.7777780294
57649  19.406  -5.645  59.688 0.6666669846
57641  19.230  -5.965  60.493 0.3333329856
56320  16.244  -6.970  72.958 0.2222220004
55050  15.405  -7.151  72.706 0.2222220004
57601  18.896  -5.571  67.873 0.5555559993
58820  18.410  -4.514  66.663 0.5555559993
58815  18.748  -4.705  67.590 0.5555559993
125886  18.616  -6.119  63.187 0.5555559993
57626  18.426  -5.483  63.722 0.6666669846
140582  18.254  -4.982  64.313 0.6666669846
138375  18.274  -5.176  66.029 0.5555559993
138180  18.668  -3.772  67.359 0.7777780294
58806  19.616  -4.433  69.135 0.7777780294
60023  19.646  -3.989  69.579 0.6666669846
58784  19.371  -4.534  71.395 0.5555559993
57631  18.580  -5.452  62.846 0.5555559993
58838  18.418  -4.825  63.312 0.7777780294
58833  18.282  -4.315  63.838 0.8888890147
132230  17.390  -5.852  72.445 0.4444440007
56401  19.739  -6.117  58.858 0.6666669846
140115  19.027  -5.215  61.064 0.7777780294
57636  18.809  -5.351  61.943 0.7777780294
56314  15.780  -6.570  73.010 0.2222220004
131625  18.201  -4.280  64.715 0.8888890147
138342  18.398  -3.748  66.453 0.8888890147
58844  18.606  -4.690  62.544 0.8888890147
60052  18.216  -3.486  65.043 0.8888890147
60042  18.312  -3.242  65.870 0.8888890147
141432  19.238  -5.163  60.340 0.6666669846
58856  19.236  -4.424  60.702 0.7777780294
135601  18.259  -3.554  64.242 0.8888890147
57660  20.015  -6.060  58.058 0.6666669846
131936  19.513  -5.159  58.951 0.6666669846
60078  18.664  -3.521  62.712 0.8888890147
60069  18.413  -3.499  63.447 0.8888890147
136921  18.428  -4.146  63.033 0.8888890147
148311  18.284  -2.935  64.552 0.7777780294
58850  18.899  -4.404  61.647 0.8888890147
138039  20.180  -5.578  57.424 0.7777780294
58876  19.665  -4.599  58.381 0.7777780294
58864  19.409  -4.593  59.770 0.7777780294
56426  20.956  -5.934  56.094 0.7777780294
57680  20.535  -5.352  56.637 0.7777780294
130296  20.231  -4.877  57.069 0.7777780294
129026  18.392  -2.775  63.858 0.6666669846
60086  19.424  -3.710  61.186 0.8888890147
60087  19.055  -3.621  61.968 0.8888890147
61342  18.693  -2.726  63.086 0.7777780294
61328  18.603  -1.891  63.633 0.6666669846
132068  19.539  -4.384  59.022 0.7777780294
60097  19.640  -3.768  60.305 0.8888890147
55183  22.737  -6.960  54.241 0.5555559993
56442  22.160  -6.573  54.690 0.5555559993
56443  21.525  -6.137  55.198 0.7777780294
57694  21.145  -5.333  55.431 0.7777780294
58903  20.557  -4.533  56.445 0.7777780294
57671  19.903  -4.767  57.677 0.7777780294
58916  20.968  -4.559  55.690 0.7777780294
55234  26.087  -7.265  51.812 0.3333329856
143658  19.750  -3.155  61.725 0.8888890147
55202  23.331  -7.275  53.805 0.4444440007
58875  19.842  -4.033  57.918 0.7777780294
60106  19.701  -3.825  59.422 0.8888890147
60096  20.307  -3.223  59.950 0.8888890147
60085  20.214  -3.158  60.953 0.8888890147
58890  20.171  -4.214  57.197 0.8888890147
55203  22.807  -6.846  53.452 0.6666669846
56461  22.325  -6.448  53.937 0.6666669846
57713  21.508  -5.441  54.687 0.7777780294
58915  21.320  -4.660  54.964 0.7777780294
56483  22.051  -6.021  53.718 0.7777780294
55219  26.105  -7.187  52.883 0.2222220004
55200  25.206  -7.407  53.367 0.3333329856
55264  26.110  -7.069  49.947 0.4444440007
55250  26.106  -7.230  50.814 0.4444440007
55221  24.275  -7.481  52.507 0.4444440007
146661  20.372  -2.834  61.651 0.7777780294
147200  19.935  -2.612  62.295 0.7777780294
61341  19.189  -2.456  62.661 0.6666669846
55251  25.347  -7.299  50.312 0.5555559993
55201  24.112  -7.522  53.506 0.5555559993
60114  20.104  -3.566  58.317 0.8888890147
60105  20.165  -3.393  59.024 0.8888890147
55265  25.437  -7.050  49.675 0.5555559993
55222  23.378  -7.190  52.831 0.6666669846
60137  20.610  -3.757  56.665 0.8888890147
58927  21.636  -4.805  54.231 0.7777780294
60151  20.841  -3.991  56.011 0.8888890147
56482  22.420  -6.313  53.156 0.7777780294
57730  22.167  -5.557  53.194 0.7777780294
55220  25.220  -7.482  52.192 0.3333329856
55235  25.281  -7.449  51.187 0.4444440007
146075  20.938  -2.661  60.056 0.7777780294
55252  24.584  -7.318  50.618 0.5555559993
55236  24.424  -7.425  51.511 0.5555559993
55237  23.654  -7.174  51.817 0.5555559993
61369  20.599  -3.045  58.505 0.8888890147
61364  20.749  -2.833  59.354 0.7777780294
61359  20.795  -2.773  60.586 0.7777780294
56545  25.189  -6.653  49.127 0.5555559993
55266  24.798  -7.102  49.860 0.5555559993
55253  23.884  -7.137  50.935 0.5555559993
60124  21.059  -3.033  56.966 0.8888890147
61372  21.044  -2.651  57.902 0.8888890147
56546  24.422  -6.609  49.522 0.6666669846
56534  23.748  -6.323  49.892 0.6666669846
143503  23.686  -6.693  50.545 0.7777780294
56519  23.320  -6.580  51.245 0.7777780294
56499  23.046  -6.708  52.141 0.7777780294
60150  21.297  -3.818  55.348 0.8888890147
60136  21.145  -3.393  56.135 0.8888890147
57782  24.843  -5.652  48.110 0.6666669846
56558  24.641  -6.238  48.827 0.6666669846
144139  24.130  -6.119  49.263 0.6666669846
57759  22.702  -6.062  51.853 0.7777780294
142054  22.404  -5.974  52.563 0.7777780294
58943  21.926  -4.957  53.621 0.7777780294
60164  21.619  -4.031  54.467 0.7777780294
135085  27.190  -6.597  45.621 0.5555559993
56578  27.157  -6.009  46.027 0.5555559993
57810  26.883  -5.373  45.785 0.7777780294
148242  26.759  -5.580  46.322 0.6666669846
57799  25.718  -4.890  46.780 0.6666669846
57791  25.363  -5.244  47.345 0.6666669846
57775  24.254  -5.623  48.806 0.6666669846
59011  25.267  -4.443  47.105 0.6666669846
59012  24.765  -4.750  47.730 0.7777780294
61368  21.201  -2.439  58.848 0.8888890147
61363  21.390  -2.320  59.724 0.7777780294
134500  23.421  -6.229  50.563 0.7777780294
61381  21.681  -2.988  55.627 0.8888890147
55296  27.050  -7.253  44.951 0.5555559993
56586  27.175  -6.432  44.945 0.5555559993
57776  23.790  -5.580  49.434 0.6666669846
140321  23.117  -5.142  50.884 0.7777780294
58969  22.788  -5.236  51.548 0.7777780294
58942  22.270  -4.643  52.980 0.7777780294
60163  22.155  -3.587  53.984 0.8888890147
134591  27.147  -5.882  45.349 0.8888890147
57798  26.305  -4.930  46.245 0.8888890147
146665  24.471  -4.132  48.322 0.7777780294
58993  23.929  -4.935  48.976 0.8888890147
58994  23.609  -4.824  49.664 0.8888890147
135131  22.944  -3.750  52.027 0.8888890147
141689  22.534  -3.987  52.606 0.8888890147
135934  22.360  -3.832  53.273 0.8888890147
59042  26.269  -4.146  45.879 0.8888890147
59026  25.757  -4.230  46.483 0.8888890147
60267  24.947  -3.896  47.567 0.8888890147
133149  23.987  -4.053  49.209 0.8888890147
61499  25.322  -3.025  47.517 0.8888890147
61371  21.705  -1.996  58.303 0.8888890147
61376  21.622  -2.675  56.418 0.8888890147
124575  21.727  -2.222  57.320 0.8888890147
60149  21.990  -3.207  54.792 0.8888890147
132294  22.266  -2.354  56.021 0.8888890147
145625  23.598  -4.183  49.963 0.8888890147
58981  23.336  -4.664  50.418 0.8888890147
143072  22.609  -3.262  53.552 0.8888890147
61388  22.596  -2.895  54.135 0.8888890147
56593  27.295  -6.572  44.273 0.8888890147
139022  27.323  -5.826  44.623 0.8888890147
57809  27.071  -5.038  45.084 0.8888890147
60212  23.465  -3.899  50.622 0.8888890147
60201  23.426  -3.494  51.385 0.7777780294
60190  22.927  -3.307  52.871 0.7777780294
149238  26.477  -3.515  45.593 0.8888890147
61498  26.000  -2.409  47.195 0.7777780294
61481  25.173  -2.763  48.437 0.8888890147
61482  24.600  -3.329  48.796 0.8888890147
60280  26.008  -3.394  46.217 0.8888890147
61516  25.710  -2.979  46.788 0.8888890147
62573  22.580  -1.753  57.270 0.7777780294
141008  22.474  -1.650  58.635 0.4444440007
61375  22.216  -2.114  56.690 0.8888890147
142675  22.278  -1.739  57.900 0.7777780294
61379  22.927  -2.108  55.627 0.7777780294
53109  26.462  -9.639  43.439 0.4444440007
54143  26.794  -8.179  44.445 0.5555559993
124489  22.757  -2.527  54.864 0.8888890147
61380  22.288  -2.639  55.355 0.8888890147
54153  26.847  -8.119  43.542 0.5555559993
131017  23.534  -2.667  52.982 0.7777780294
61398  23.121  -2.754  53.553 0.7777780294
55302  27.111  -7.338  43.947 0.8888890147
61458  24.412  -3.125  49.598 0.8888890147
61441  24.375  -2.843  50.375 0.8888890147
60200  23.868  -2.879  51.469 0.7777780294
56602  27.583  -6.677  43.435 0.8888890147
137329  27.618  -5.893  43.828 0.8888890147
59058  27.192  -4.204  44.594 0.8888890147
60289  26.946  -3.243  44.960 0.7777780294
61531  26.561  -2.827  45.704 0.7777780294
62670  26.662  -1.929  46.855 0.7777780294
61480  25.847  -2.289  48.082 0.7777780294
62637  25.749  -2.151  49.011 0.7777780294
147319  24.863  -2.539  49.991 0.7777780294
61515  26.250  -2.585  46.420 0.7777780294
61374  22.962  -1.763  56.499 0.5555559993
142433  23.308  -1.578  57.269 0.4444440007
52102  26.431  -10.173  42.861 0.2222220004
53136  26.367  -9.802  41.968 0.2222220004
53123  26.468  -9.492  42.739 0.5555559993
54154  26.624  -8.869  43.115 0.5555559993
62583  23.563  -2.002  55.125 0.4444440007
54166  26.599  -8.913  42.274 0.6666669846
61397  23.977  -2.222  53.632 0.6666669846
61387  23.361  -2.379  54.303 0.7777780294
55310  27.342  -7.418  43.066 0.7777780294
61425  25.037  -2.018  51.577 0.7777780294
129075  24.333  -2.415  51.907 0.7777780294
61410  24.274  -2.247  52.767 0.6666669846
57860  28.175  -6.040  42.978 0.8888890147
57840  27.930  -5.094  43.501 0.8888890147
60318  28.021  -3.583  43.688 0.8888890147
61545  27.652  -2.585  44.563 0.7777780294
61530  27.222  -2.351  45.301 0.7777780294
62669  27.437  -1.597  46.594 0.7777780294
62651  27.294  -1.503  47.449 0.7777780294
62652  26.542  -1.833  47.740 0.7777780294
61440  25.028  -2.269  50.716 0.6666669846
140695  28.439  0.124  54.231 0.3333329856
63683  27.269  -0.344  54.721 0.2222220004
63676  26.666  -0.551  55.199 0.1111110002
62580  25.746  -0.997  56.032 0.1111110002
62576  25.236  -1.227  56.626 0.1111110002
62577  24.509  -1.477  56.303 0.2222220004
64878  29.664  0.230  52.679 0.1111110002
64868  29.277  0.254  53.251 0.3333329856
140306  27.823  -0.219  54.119 0.3333329856
63684  27.072  -0.589  53.961 0.2222220004
148647  26.678  -0.662  54.517 0.2222220004
62585  26.141  -0.902  54.796 0.2222220004
143890  25.608  -1.160  55.244 0.1111110002
62581  25.093  -1.368  55.771 0.2222220004
62572  23.876  -1.547  56.834 0.3333329856
51131  26.842  -11.006  41.358 0.2222220004
63709  29.826  -0.129  51.353 0.1111110002
63698  28.970  -0.128  52.508 0.2222220004
63699  28.071  -0.413  52.673 0.3333329856
63690  27.608  -0.473  53.352 0.2222220004
62588  26.258  -1.009  53.934 0.2222220004
62586  25.573  -1.291  54.418 0.2222220004
141400  24.939  -1.474  54.898 0.2222220004
62582  24.341  -1.611  55.438 0.3333329856
125728  23.698  -1.688  55.959 0.3333329856
52129  26.652  -10.470  40.558 0.3333329856
52115  26.506  -10.385  41.402 0.4444440007
144120  30.298  -0.301  49.511 0.1111110002
63724  29.501  -0.360  50.824 0.2222220004
63725  28.621  -0.595  50.876 0.2222220004
63712  27.766  -0.758  51.270 0.3333329856
62593  26.947  -0.976  52.303 0.2222220004
63691  26.793  -0.868  53.118 0.2222220004
62589  25.979  -1.305  53.082 0.2222220004
142831  25.566  -1.401  53.682 0.2222220004
127463  24.817  -1.648  53.930 0.3333329856
61386  24.163  -1.838  54.559 0.4444440007
130341  26.431  -9.747  40.928 0.4444440007
54181  26.566  -8.998  41.352 0.5555559993
62666  30.036  -0.853  46.171 0.5555559993
63769  30.592  -0.631  46.853 0.4444440007
63759  29.344  -0.700  47.971 0.4444440007
63749  29.204  -0.626  48.911 0.4444440007
63739  28.510  -0.741  49.989 0.4444440007
63726  27.837  -0.866  50.441 0.5555559993
62601  27.097  -1.058  51.586 0.4444440007
62602  26.449  -1.346  51.832 0.4444440007
62595  25.684  -1.588  52.217 0.3333329856
62590  25.113  -1.679  53.043 0.5555559993
146800  24.551  -1.907  53.337 0.5555559993
54165  26.953  -8.147  42.669 0.7777780294
61543  29.299  -1.832  44.089 0.7777780294
62649  28.856  -0.930  47.112 0.6666669846
63760  28.570  -0.939  47.773 0.5555559993
63751  27.889  -1.059  48.829 0.6666669846
62615  27.191  -1.266  50.046 0.6666669846
62616  26.508  -1.517  50.485 0.5555559993
62603  25.846  -1.707  51.145 0.5555559993
142262  24.886  -1.922  52.302 0.4444440007
54195  26.941  -8.298  40.826 0.7777780294
55321  27.478  -7.520  42.182 0.8888890147
57839  28.519  -5.113  42.873 0.8888890147
61560  28.948  -2.494  43.654 0.7777780294
62699  28.852  -1.593  44.837 0.7777780294
62668  28.274  -1.314  46.425 0.7777780294
62650  28.058  -1.220  47.224 0.6666669846
62635  27.227  -1.437  48.326 0.6666669846
62626  27.203  -1.360  49.201 0.7777780294
62627  26.453  -1.652  49.578 0.7777780294
56622  28.045  -7.011  41.680 0.8888890147
56609  28.556  -6.453  42.119 0.8888890147
57859  28.921  -5.834  42.337 0.8888890147
51150  27.283  -11.221  40.582 0.1111110002
52128  26.993  -10.732  39.962 0.3333329856
53150  26.484  -9.716  40.054 0.4444440007
54196  26.536  -9.050  40.383 0.4444440007
54209  26.664  -9.070  39.564 0.5555559993
135993  30.117  -1.764  44.120 0.7777780294
55336  27.492  -7.620  41.260 0.7777780294
130111  29.473  -3.028  43.286 0.7777780294
55352  27.376  -7.667  40.315 0.8888890147
142907  29.166  -5.198  42.475 0.8888890147
60334  29.551  -3.804  42.814 0.7777780294
51168  27.671  -11.160  39.745 0.2222220004
52141  28.009  -10.773  38.937 0.4444440007
52142  27.208  -10.366  39.283 0.4444440007
52143  26.695  -10.202  39.820 0.4444440007
62682  31.408  -1.308  45.251 0.3333329856
53165  26.772  -9.685  39.387 0.4444440007
62696  31.693  -2.051  44.527 0.5555559993
61542  30.912  -2.099  43.936 0.6666669846
60316  30.336  -3.416  43.113 0.5555559993
54208  27.063  -8.455  39.085 0.6666669846
130951  26.900  -8.369  39.891 0.6666669846
60333  30.581  -4.411  42.595 0.6666669846
55368  27.356  -7.743  39.403 0.6666669846
56643  27.781  -7.087  39.787 0.8888890147
56621  28.757  -6.590  41.157 0.8888890147
57878  29.284  -6.100  41.668 0.8888890147
150253  30.266  -5.303  42.087 0.7777780294
57857  30.725  -5.436  41.819 1.0000000000
56642  28.391  -6.568  40.106 1.0000000000
57877  30.089  -5.694  41.346 1.0000000000
134372  33.124  -1.603  46.038 0.2222220004
51187  28.818  -11.019  38.681 0.2222220004
62681  32.661  -2.116  45.252 0.3333329856
62695  32.789  -3.203  44.514 0.4444440007
62664  32.046  -0.960  46.025 0.3333329856
61541  31.869  -2.936  43.974 0.4444440007
52162  27.698  -10.084  38.537 0.4444440007
61558  31.103  -3.096  43.521 0.5555559993
60315  31.509  -4.310  42.965 0.6666669846
53181  27.554  -9.303  38.277 0.5555559993
60332  31.686  -5.068  42.377 0.6666669846
57875  31.219  -5.294  41.156 1.0000000000
54230  27.387  -8.560  38.410 0.7777780294
127656  30.537  -5.516  40.864 1.0000000000
56656  27.771  -7.145  38.907 1.0000000000
57893  29.078  -6.117  40.370 1.0000000000
56620  29.463  -6.151  41.102 1.0000000000
57892  29.778  -5.740  40.639 1.0000000000
62633  35.338  -1.600  48.031 0.1111110002
63754  34.367  -1.098  47.875 0.2222220004
62646  35.145  -2.019  47.334 0.2222220004
126874  34.244  -1.496  47.259 0.2222220004
62663  34.096  -2.323  46.194 0.2222220004
62680  33.891  -2.819  45.611 0.3333329856
144024  32.878  -3.940  43.948 0.4444440007
61557  32.290  -4.139  43.471 0.6666669846
60314  32.807  -5.064  42.774 0.6666669846
52160  29.260  -10.631  38.156 0.2222220004
52161  28.439  -10.395  38.310 0.3333329856
129944  31.473  -5.334  42.059 0.6666669846
59089  32.306  -5.201  42.132 0.6666669846
57856  31.482  -5.330  41.754 0.8888890147
53180  28.167  -9.730  37.952 0.5555559993
53199  28.044  -9.126  37.742 0.8888890147
59124  30.709  -4.939  40.470 1.0000000000
54254  27.761  -8.710  37.885 1.0000000000
59125  30.008  -5.104  40.106 1.0000000000
55388  27.493  -7.852  38.591 0.7777780294
55387  27.956  -7.292  38.087 1.0000000000
56655  28.305  -6.509  38.451 1.0000000000
57913  28.694  -6.015  39.307 1.0000000000
57912  29.370  -5.481  39.734 1.0000000000
62662  34.879  -2.530  46.651 0.2222220004
61497  35.883  -3.124  46.897 0.1111110002
61513  34.940  -3.380  45.915 0.3333329856
61528  33.872  -3.605  44.895 0.3333329856
61556  33.541  -4.839  43.442 0.6666669846
59073  33.139  -5.001  42.463 0.6666669846
52159  30.117  -10.827  38.067 0.2222220004
59107  32.691  -5.109  41.993 0.6666669846
59108  31.929  -5.011  41.488 1.0000000000
52174  30.589  -10.361  37.649 0.2222220004
52175  29.736  -10.216  37.631 0.3333329856
53197  29.432  -9.494  37.296 0.6666669846
149401  31.311  -4.812  40.803 1.0000000000
53198  28.636  -9.288  37.468 0.7777780294
54252  29.149  -8.767  36.957 0.8888890147
54280  28.973  -7.976  36.799 1.0000000000
60359  30.810  -4.146  40.180 1.0000000000
55402  27.775  -8.060  37.882 1.0000000000
55401  28.373  -7.614  37.371 1.0000000000
56669  28.508  -6.776  37.551 1.0000000000
57931  28.746  -5.838  38.372 1.0000000000
57930  29.165  -5.316  38.726 1.0000000000
59144  29.626  -4.728  39.168 1.0000000000
59143  30.213  -4.354  39.630 1.0000000000
124670  36.028  -2.606  47.473 0.1111110002
61496  36.243  -3.001  46.975 0.2222220004
126466  35.696  -3.527  46.196 0.2222220004
148745  35.368  -3.494  45.208 0.1111110002
61512  35.727  -3.379  46.214 0.3333329856
61526  35.321  -3.517  45.396 0.2222220004
143381  35.107  -3.829  44.528 0.2222220004
61527  34.797  -3.875  45.162 0.3333329856
60288  34.637  -4.244  44.508 0.4444440007
60299  34.584  -4.511  44.079 0.2222220004
60313  34.270  -4.734  43.534 0.4444440007
60300  34.177  -4.781  43.635 0.6666669846
59072  33.796  -5.009  43.091 0.6666669846
60330  33.713  -4.866  42.763 0.5555559993
53196  30.314  -9.675  37.281 0.3333329856
60345  32.377  -4.496  41.576 0.7777780294
59123  31.536  -4.056  40.761 1.0000000000
53213  29.979  -8.996  36.807 0.6666669846
54279  29.746  -8.246  36.598 0.6666669846
55419  29.648  -7.453  36.499 0.8888890147
56685  29.630  -6.648  36.491 1.0000000000
56668  29.094  -6.173  37.062 1.0000000000
60358  30.952  -3.409  39.964 1.0000000000
57949  29.143  -5.431  37.726 1.0000000000
59162  29.955  -3.985  38.672 1.0000000000
60375  30.461  -3.441  39.219 1.0000000000
61583  31.344  -2.899  40.215 1.0000000000
60374  30.863  -2.674  39.427 1.0000000000
146551  34.464  -3.934  43.561 0.3333329856
60331  33.051  -4.777  42.130 0.5555559993
53212  30.975  -9.124  36.879 0.5555559993
61576  31.928  -3.257  41.017 0.8888890147
149292  30.497  -8.491  36.590 0.5555559993
139281  30.555  -7.710  36.350 0.6666669846
57969  29.521  -5.418  36.912 1.0000000000
59182  29.576  -4.869  37.307 1.0000000000
133360  29.936  -3.830  37.890 1.0000000000
60391  30.281  -3.287  38.235 1.0000000000
61555  34.024  -3.970  42.925 0.4444440007
62705  34.023  -2.447  43.276 0.4444440007
61567  33.129  -3.349  42.139 0.4444440007
62717  32.319  -2.552  41.312 0.6666669846
54278  31.267  -8.329  36.528 0.5555559993
54277  32.653  -8.254  36.635 0.2222220004
125181  31.976  -8.125  36.497 0.3333329856
55416  32.388  -7.603  36.292 0.3333329856
55417  31.550  -7.595  36.246 0.4444440007
55434  31.066  -6.893  35.961 0.6666669846
55418  30.227  -6.997  36.210 0.7777780294
139603  29.688  -5.952  36.532 1.0000000000
62726  31.671  -2.021  40.474 1.0000000000
56682  33.528  -6.778  36.068 0.3333329856
56683  32.803  -7.099  36.026 0.3333329856
55433  32.027  -6.940  35.821 0.3333329856
57968  30.098  -5.409  36.401 1.0000000000
59181  29.960  -4.200  37.165 1.0000000000
127022  31.208  -2.129  39.727 0.8888890147
56702  31.190  -6.136  35.752 0.8888890147
57989  30.782  -5.458  35.899 0.8888890147
137899  30.501  -4.617  36.324 1.0000000000
60413  30.338  -3.398  37.396 1.0000000000
61603  30.617  -2.607  38.577 1.0000000000
61602  30.933  -1.839  38.935 1.0000000000
62735  31.394  -1.409  39.575 0.8888890147
56699  33.434  -5.997  35.692 0.3333329856
56700  32.759  -6.483  35.736 0.5555559993
56701  31.997  -6.128  35.619 0.5555559993
57988  31.470  -5.556  35.655 1.0000000000
60440  30.635  -3.697  36.604 1.0000000000
61624  30.601  -2.674  37.696 1.0000000000
127930  31.249  -1.143  38.857 1.0000000000
63815  31.843  -0.958  40.166 0.8888890147
133774  32.713  -5.835  35.587 0.7777780294
57987  32.177  -5.209  35.558 1.0000000000
59231  31.905  -4.315  35.599 0.8888890147
59205  31.187  -4.021  35.947 1.0000000000
129109  31.300  -3.240  36.203 1.0000000000
128275  31.055  -2.124  37.176 1.0000000000
62757  31.293  -1.328  37.490 1.0000000000
63833  31.431  -0.681  38.194 1.0000000000
57986  33.111  -5.246  35.571 0.8888890147
59230  32.721  -4.478  35.547 0.8888890147
138171  33.512  -2.487  42.645 0.4444440007
63800  33.059  -1.662  42.123 0.5555559993
144767  32.624  -1.906  41.620 0.7777780294
62725  32.191  -1.411  40.977 0.8888890147
134477  35.263  -6.598  36.601 0.2222220004
55414  34.403  -7.229  36.547 0.2222220004
55415  33.313  -7.637  36.456 0.2222220004
56681  34.386  -6.148  36.127 0.3333329856
57967  34.731  -5.219  36.076 0.3333329856
63824  31.596  -0.538  39.235 0.8888890147
63823  32.052  -0.112  39.921 0.8888890147
57985  33.947  -5.333  35.718 0.4444440007
130295  32.389  -3.844  35.573 1.0000000000
61667  31.840  -2.926  35.854 1.0000000000
61644  31.529  -2.376  36.375 1.0000000000
125476  31.490  -1.658  36.761 1.0000000000
63845  31.574  -0.608  37.334 1.0000000000
59229  33.577  -4.559  35.604 1.0000000000
60465  33.166  -3.684  35.550 1.0000000000
60466  32.393  -3.190  35.623 1.0000000000
62773  32.015  -1.546  36.256 1.0000000000
63807  33.272  -0.421  42.025 0.5555559993
63808  32.679  -0.919  41.445 0.7777780294
56680  36.036  -6.109  36.743 0.2222220004
64946  32.875  0.017  41.161 0.7777780294
63814  32.335  -0.469  40.691 0.8888890147
57966  35.295  -5.753  36.420 0.3333329856
64953  32.596  0.321  40.379 0.8888890147
131521  32.124  0.729  38.847 0.8888890147
64963  31.922  0.180  39.252 0.8888890147
138860  35.372  -5.030  36.359 0.4444440007
64985  32.117  0.600  37.146 1.0000000000
64986  31.751  0.015  37.639 1.0000000000
59204  35.029  -4.297  36.111 0.6666669846
59228  34.301  -4.674  35.783 0.6666669846
131622  32.996  -2.855  35.556 1.0000000000
61666  32.346  -2.335  35.794 1.0000000000
63858  32.393  -0.588  36.251 1.0000000000
125153  33.929  -2.934  35.585 1.0000000000
62797  32.775  -1.413  35.805 1.0000000000
64939  33.859  0.395  42.320 0.5555559993
56667  36.075  -6.967  37.089 0.1111110002
64945  33.486  0.573  41.547 0.6666669846
64952  33.186  0.800  40.763 0.7777780294
57965  35.965  -5.303  36.624 0.2222220004
66062  32.891  1.028  40.025 0.7777780294
64962  32.352  0.575  39.627 0.8888890147
66081  32.476  1.326  38.391 0.7777780294
66070  32.631  1.227  39.248 0.6666669846
65003  32.467  0.321  36.523 1.0000000000
64972  32.045  0.716  37.988 1.0000000000
60464  34.169  -3.893  35.693 0.7777780294
65027  32.903  0.071  36.026 1.0000000000
61664  34.227  -2.100  35.612 0.8888890147
61665  33.293  -2.164  35.599 1.0000000000
66054  34.416  1.022  42.593 0.4444440007
66055  34.065  1.189  41.897 0.5555559993
67086  34.715  2.396  42.365 0.3333329856
56666  36.713  -6.316  37.245 0.1111110002
66058  33.734  1.392  41.140 0.3333329856
66061  33.428  1.525  40.389 0.3333329856
57948  36.673  -5.480  37.069 0.2222220004
67095  33.569  2.287  39.333 0.4444440007
67092  33.631  2.090  40.025 0.3333329856
66060  33.931  2.134  40.672 0.3333329856
129191  33.042  1.802  37.124 0.7777780294
66095  32.912  1.911  37.955 0.5555559993
59203  35.848  -4.499  36.537 0.3333329856
60439  35.794  -3.568  36.445 0.3333329856
65002  33.065  0.773  36.151 1.0000000000
66118  32.659  1.113  36.750 0.8888890147
60463  34.963  -3.152  35.887 0.8888890147
147122  34.585  -2.590  35.695 0.8888890147
62796  33.692  -1.379  35.605 1.0000000000
63880  33.291  -0.538  35.740 1.0000000000
56665  37.462  -6.224  37.607 0.1111110002
147549  37.046  -5.873  37.358 0.1111110002
127969  35.878  4.646  43.221 0.2222220004
129122  35.165  3.978  41.952 0.3333329856
68240  34.722  3.103  41.712 0.3333329856
129955  35.834  4.561  42.297 0.3333329856
68239  35.020  3.701  40.914 0.3333329856
145822  34.405  2.900  40.863 0.3333329856
59202  36.434  -4.758  36.830 0.3333329856
67103  33.478  2.403  38.445 0.5555559993
67094  34.034  2.882  38.984 0.4444440007
67116  33.491  2.409  37.555 0.6666669846
67102  33.978  2.957  38.047 0.5555559993
61643  35.887  -2.559  36.330 0.7777780294
61663  35.148  -2.132  35.815 0.8888890147
134563  34.142  -0.709  35.557 1.0000000000
63879  33.943  -0.096  35.574 1.0000000000
66137  33.763  1.155  35.763 0.8888890147
66117  33.357  1.568  36.391 0.7777780294
62794  35.479  -1.399  35.754 0.8888890147
146784  34.722  -0.737  35.542 0.8888890147
63878  34.722  -0.128  35.461 1.0000000000
65025  34.259  0.580  35.492 1.0000000000
66116  34.163  2.115  35.970 0.8888890147
68255  34.585  3.349  39.487 0.4444440007
67136  33.677  2.310  36.748 0.7777780294
67115  34.070  2.903  37.177 0.5555559993
68262  34.552  3.383  38.600 0.4444440007
56335  19.893  -6.451  68.867 0.4444440007
57586  20.768  -5.656  70.120 0.4444440007
137644  20.134  -6.481  71.077 0.4444440007
55086  19.330  -7.874  64.565 0.2222220004
57594  19.502  -5.639  68.664 0.5555559993
53967  20.506  -8.146  62.889 0.2222220004
135775  20.638  -5.259  70.972 0.4444440007
57572  20.169  -5.400  71.230 0.4444440007
56325  17.775  -6.826  71.470 0.2222220004
56318  18.275  -6.059  71.785 0.4444440007
55051  16.686  -7.245  72.070 0.2222220004
55049  15.700  -7.279  72.858 0.2222220004
55053  15.335  -7.694  72.403 0.1111110002
53908  15.390  -8.196  72.023 0.2222220004
55059  16.237  -7.821  71.910 0.2222220004
56369  19.313  -7.264  62.235 0.2222220004
55087  18.710  -7.220  64.959 0.3333329856
55081  18.650  -7.029  66.494 0.3333329856
56345  18.502  -6.363  66.683 0.5555559993
138105  19.747  -5.074  69.096 0.5555559993
56376  18.852  -6.326  62.307 0.3333329856
56382  19.465  -6.851  60.797 0.3333329856
144820  20.092  -7.507  60.701 0.2222220004
56313  16.472  -6.014  73.029 0.4444440007
53909  14.557  -8.250  71.772 0.1111110002
57615  18.292  -5.837  65.546 0.4444440007
128703  18.246  -4.220  65.688 0.7777780294
58789  19.731  -4.059  71.073 0.5555559993
60009  19.961  -4.181  70.672 0.5555559993
57574  17.977  -5.318  72.207 0.5555559993
58807  19.100  -4.115  68.283 0.6666669846
60027  19.219  -3.732  68.896 0.7777780294
147260  18.327  -4.899  63.803 0.7777780294
57568  17.000  -5.242  72.774 0.5555559993
57661  19.785  -5.403  58.203 0.6666669846
148815  18.656  -4.072  62.387 0.8888890147
57695  20.790  -5.143  56.031 0.7777780294
60077  19.219  -3.003  62.378 0.8888890147
146494  18.854  -2.058  63.022 0.6666669846
60115  19.720  -3.917  58.648 0.8888890147
56462  21.832  -6.055  54.352 0.6666669846
57731  21.830  -5.493  53.974 0.7777780294
55223  22.835  -6.705  52.799 0.6666669846
60125  20.437  -3.462  57.610 0.8888890147
56500  22.659  -6.348  52.482 0.7777780294
60178  21.948  -4.297  53.749 0.7777780294
61358  21.501  -2.350  60.631 0.5555559993
56533  24.126  -6.949  50.184 0.6666669846
57758  23.118  -5.820  51.048 0.7777780294
57747  22.447  -5.355  52.346 0.7777780294
145858  26.657  -4.732  45.654 0.8888890147
57790  26.246  -5.544  46.893 0.7777780294
59001  24.321  -4.963  48.379 0.6666669846
146167  24.164  -4.516  48.714 0.6666669846
60281  25.438  -3.639  46.911 0.8888890147
61367  21.868  -1.871  59.207 0.7777780294
57769  23.395  -5.536  50.232 0.8888890147
58958  22.619  -4.544  52.098 0.7777780294
58968  23.070  -4.394  51.264 0.8888890147
59041  26.717  -4.141  45.263 0.8888890147
60248  24.858  -3.423  48.096 0.8888890147
60226  23.882  -3.526  50.064 0.8888890147
60211  23.867  -3.186  50.827 0.8888890147
61411  23.554  -2.919  52.176 0.7777780294
57823  27.473  -5.057  44.261 0.8888890147
61457  25.024  -2.608  49.293 0.7777780294
54144  26.592  -8.967  43.952 0.4444440007
61426  24.419  -2.593  51.145 0.7777780294
60302  27.554  -3.414  44.220 0.8888890147
59075  27.694  -4.263  43.912 0.8888890147
61514  26.878  -2.105  46.038 0.7777780294
56610  27.898  -6.847  42.590 0.8888890147
59074  28.252  -4.278  43.328 0.8888890147
60301  28.145  -2.833  43.855 0.7777780294
61529  27.970  -1.856  44.994 0.7777780294
62634  27.955  -1.161  48.029 0.7777780294
62636  26.484  -1.746  48.659 0.7777780294
62617  25.631  -2.039  50.032 0.6666669846
138830  28.885  0.408  54.682 0.2222220004
63682  28.053  0.121  54.969 0.2222220004
63675  27.302  -0.174  55.594 0.1111110002
148550  26.126  -0.815  55.481 0.1111110002
64888  29.749  0.007  52.013 0.1111110002
125059  30.383  0.359  52.435 0.1111110002
144594  29.628  0.449  53.729 0.2222220004
63689  28.451  -0.058  53.448 0.3333329856
64887  30.473  0.185  51.559 0.1111110002
63710  29.175  -0.323  51.572 0.2222220004
63711  28.370  -0.496  51.835 0.3333329856
143926  27.403  -0.674  52.713 0.2222220004
125066  29.638  -0.475  49.498 0.3333329856
63738  31.001  -0.185  49.096 0.3333329856
125067  29.945  -0.327  50.155 0.2222220004
126819  29.214  -0.553  50.163 0.2222220004
63700  27.605  -0.700  52.060 0.3333329856
62594  26.383  -1.237  52.510 0.2222220004
54180  26.975  -8.225  41.766 0.6666669846
62683  30.377  -1.131  45.371 0.4444440007
62684  29.448  -1.221  45.509 0.5555559993
62667  29.153  -1.056  46.306 0.7777780294
63758  30.306  -0.549  47.735 0.4444440007
63770  29.719  -0.734  47.022 0.6666669846
63748  30.093  -0.439  48.716 0.3333329856
131820  28.506  -0.781  49.238 0.5555559993
141864  29.023  -0.641  49.560 0.2222220004
63750  28.582  -0.838  48.470 0.5555559993
63740  27.853  -0.983  49.632 0.6666669846
128334  27.183  -1.155  50.846 0.5555559993
126099  26.636  -1.370  51.189 0.4444440007
62698  29.777  -1.465  44.736 0.6666669846
62685  28.530  -1.437  45.623 0.7777780294
59092  28.916  -4.362  42.784 0.8888890147
60317  28.700  -3.402  43.295 0.7777780294
61544  28.428  -2.138  44.278 0.7777780294
62686  27.665  -1.720  45.781 0.7777780294
62697  30.709  -1.546  44.602 0.4444440007
61559  29.998  -2.400  43.607 0.7777780294
56631  28.003  -7.095  40.737 0.8888890147
57858  29.766  -5.551  41.990 0.7777780294
59091  29.807  -4.840  42.397 0.7777780294
53164  27.177  -9.714  38.838 0.5555559993
54231  26.976  -9.111  38.883 0.6666669846
59090  30.774  -5.179  42.204 0.6666669846
137189  28.163  -6.634  39.315 1.0000000000
57876  30.882  -5.466  41.398 0.8888890147
62632  36.297  -2.036  48.092 0.1111110002
61540  33.943  -4.458  44.178 0.4444440007
52176  28.897  -10.014  37.719 0.3333329856
54253  28.349  -8.508  37.397 1.0000000000
56686  28.985  -7.115  36.873 0.8888890147
57950  28.695  -6.102  37.797 1.0000000000
61511  36.073  -3.232  46.552 0.2222220004
60298  35.001  -4.145  44.682 0.3333329856
59163  29.547  -4.563  38.076 1.0000000000
61575  32.607  -3.766  41.625 0.6666669846
146675  31.583  -6.536  35.761 0.5555559993
56684  30.362  -6.216  36.113 0.8888890147
59206  29.864  -4.861  36.781 1.0000000000
61645  30.824  -2.874  36.842 1.0000000000
61623  30.842  -1.947  38.030 1.0000000000
59232  31.283  -4.843  35.711 1.0000000000
62744  31.130  -1.375  38.301 1.0000000000
60467  31.801  -3.569  35.727 1.0000000000
64973  31.765  0.092  38.528 0.8888890147
62774  31.702  -0.951  36.750 1.0000000000
63844  31.892  -0.154  36.864 1.0000000000
66096  32.479  1.285  37.522 1.0000000000
66069  33.186  1.679  39.661 0.4444440007
66080  33.009  1.838  38.843 0.5555559993
65026  33.508  0.325  35.753 1.0000000000
67091  34.133  2.708  39.956 0.4444440007
69332  35.336  4.065  42.878 0.2222220004
69331  36.578  5.055  42.700 0.2222220004
68248  34.645  3.314  40.243 0.4444440007
62795  34.674  -1.325  35.609 0.8888890147
144959  34.311  2.721  36.505 0.7777780294
69344  35.739  4.416  41.300 0.4444440007
58785  18.478  -4.621  72.036 0.4444440007
139013  18.667  -3.993  71.794 0.4444440007
60016  19.502  -3.617  70.123 0.5555559993
136626  17.856  -3.943  71.976 0.2222220004
60006  19.100  -3.708  71.382 0.2222220004
60010  19.383  -3.444  70.816 0.3333329856
61272  19.201  -3.362  69.397 0.6666669846
60028  18.846  -3.411  68.168 0.6666669846
60011  18.901  -3.078  71.327 0.2222220004
61264  19.050  -2.917  69.836 0.3333329856
61279  18.880  -3.057  68.783 0.6666669846
149707  18.651  -3.077  67.529 0.6666669846
60034  18.495  -3.082  66.760 0.7777780294
61256  18.897  -2.704  70.900 0.2222220004
61255  19.174  -2.996  70.404 0.3333329856
136324  18.647  -2.696  68.074 0.6666669846
61288  18.511  -2.460  67.232 0.6666669846
61297  18.374  -2.316  66.174 0.6666669846
62470  18.408  -1.945  67.823 0.6666669846
62479  18.289  -1.676  66.889 0.5555559993
61309  18.295  -2.651  65.212 0.4444440007
133759  18.262  -1.368  66.007 0.4444440007
61320  18.370  -2.206  64.453 0.4444440007
62480  17.925  -0.861  66.612 0.3333329856
62503  18.513  -1.356  64.460 0.3333329856
62491  18.356  -1.795  65.265 0.3333329856
63597  18.645  -0.541  64.598 0.2222220004
63583  18.338  -0.199  65.296 0.2222220004
63575  18.062  -0.573  65.881 0.1111110002
62518  18.788  -0.988  63.858 0.3333329856
62517  19.569  -2.026  62.764 0.4444440007
63596  19.002  -0.204  64.092 0.1111110002
124416  20.028  -1.363  62.937 0.1111110002
143815  19.031  -1.436  63.183 0.2222220004
56577  27.312  -6.628  46.374 0.2222220004
61340  21.386  -2.380  62.235 0.2222220004
148875  20.721  -2.593  62.066 0.3333329856
61352  21.006  -2.599  61.369 0.3333329856
55289  27.141  -7.439  46.057 0.3333329856
64844  30.915  1.282  55.571 0.1111110002
134069  30.006  1.044  55.708 0.1111110002
64857  29.604  0.570  54.350 0.1111110002
64858  29.038  0.311  53.949 0.1111110002
61351  21.874  -2.258  61.575 0.2222220004
61350  22.635  -1.938  61.751 0.2222220004
61357  22.313  -1.929  60.947 0.3333329856
61362  22.070  -1.861  60.092 0.3333329856
62560  22.681  -1.599  59.486 0.3333329856
63735  33.912  -0.091  49.196 0.1111110002
63736  32.916  0.051  49.100 0.1111110002
63747  31.579  -0.263  48.296 0.2222220004
134968  33.621  -0.417  48.419 0.2222220004
63746  32.579  -0.280  48.199 0.2222220004
63755  33.495  -0.774  47.616 0.2222220004
127262  31.993  -0.403  47.644 0.2222220004
63756  32.702  -0.632  47.279 0.2222220004
63767  31.986  -0.590  46.937 0.2222220004
63768  31.349  -0.627  46.664 0.2222220004
62648  32.671  -0.931  46.585 0.2222220004
124441  31.952  0.052  49.037 0.2222220004
128233  30.837  -0.381  48.277 0.3333329856
63757  31.224  -0.476  47.496 0.2222220004
62647  33.567  -1.373  46.788 0.2222220004
62665  30.957  -0.795  46.022 0.2222220004
65024  35.199  0.796  35.186 0.7777780294
66135  35.392  1.727  35.114 0.7777780294
66153  35.989  1.343  34.822 0.7777780294
63789  33.993  -1.205  43.184 0.3333329856
68290  36.773  3.374  35.606 0.7777780294
67155  35.724  2.554  35.299 0.6666669846
146670  34.935  2.201  35.517 0.6666669846
68288  38.540  3.257  35.393 0.6666669846
68289  37.636  3.379  35.473 0.6666669846
66136  34.586  1.437  35.444 0.7777780294
67153  39.852  2.460  35.154 0.7777780294
67178  37.308  2.367  34.686 0.7777780294
67180  36.027  2.014  34.816 0.7777780294
67152  40.664  2.393  35.524 0.7777780294
63799  33.575  -1.354  42.672 0.3333329856
63798  33.843  -0.413  42.775 0.4444440007
68260  39.592  3.915  37.727 0.3333329856
126097  38.832  3.887  36.890 0.4444440007
68268  37.856  4.081  37.041 0.4444440007
68279  36.413  3.653  36.313 0.7777780294
67135  34.980  2.913  35.950 0.5555559993
68267  40.436  3.501  37.325 0.4444440007
128890  39.667  3.602  36.745 0.5555559993
68277  38.218  3.743  36.108 0.5555559993
140238  40.366  3.279  36.490 0.5555559993
68287  39.396  3.082  35.467 0.6666669846
67133  41.393  2.295  36.008 0.7777780294
68275  40.172  2.961  35.758 0.7777780294
66115  42.299  1.736  36.418 0.7777780294
64938  34.287  0.286  43.029 0.4444440007
68238  41.976  3.856  41.147 0.1111110002
68271  35.303  3.667  37.363 0.4444440007
68246  41.038  4.013  39.940 0.2222220004
69359  39.504  4.359  39.341 0.3333329856
69369  38.163  4.409  38.500 0.2222220004
69370  37.232  4.422  38.375 0.3333329856
69378  35.826  4.118  37.949 0.3333329856
70488  44.609  4.969  41.344 0.1111110002
69347  44.180  4.309  40.985 0.1111110002
68236  44.022  3.382  41.194 0.3333329856
125520  42.969  2.975  40.301 0.5555559993
124417  41.106  3.698  39.116 0.3333329856
69368  39.078  4.300  38.533 0.3333329856
68269  36.923  4.029  36.989 0.5555559993
68280  35.536  3.470  36.480 0.5555559993
143359  43.995  4.752  40.443 0.1111110002
136972  43.541  3.234  40.373 0.2222220004
68252  43.074  2.609  39.709 0.4444440007
68259  41.716  3.145  38.608 0.5555559993
133268  40.653  3.647  38.192 0.4444440007
70496  43.865  4.951  39.924 0.1111110002
141201  43.635  2.234  39.222 0.3333329856
68258  42.903  2.373  39.191 0.6666669846
67114  42.327  2.475  38.161 0.6666669846
131065  43.443  1.753  38.693 0.7777780294
68266  41.193  3.057  37.090 0.7777780294
67113  42.889  1.769  37.843 0.7777780294
67081  34.997  2.505  43.153 0.2222220004
67082  34.789  1.696  42.886 0.2222220004
69350  40.849  4.279  40.668 0.1111110002
68261  35.173  3.750  38.252 0.3333329856
68272  34.586  3.366  37.680 0.4444440007
69358  40.020  4.409  40.181 0.2222220004
69371  36.340  4.375  38.524 0.3333329856
67088  34.300  2.113  41.569 0.2222220004
143306  40.169  4.585  40.965 0.1111110002
144878  36.104  4.403  39.158 0.2222220004
69372  35.681  4.173  38.755 0.3333329856
69360  38.588  4.469  39.278 0.2222220004
69361  37.659  4.537  39.215 0.2222220004
140792  36.772  4.504  39.172 0.2222220004
133399  39.009  4.526  40.073 0.1111110002
68254  35.126  3.783  39.111 0.3333329856
69355  35.652  4.305  40.348 0.3333329856
69351  39.365  4.758  40.961 0.1111110002
69352  38.522  4.736  40.660 0.1111110002
132704  38.086  4.609  40.017 0.1111110002
69362  36.265  4.480  39.802 0.2222220004
69354  36.498  4.608  40.664 0.2222220004
135250  37.131  4.623  39.957 0.2222220004
69353  37.609  4.841  40.903 0.1111110002
132474  27.051  -6.072  46.645 0.4444440007
54136  26.832  -8.322  45.376 0.4444440007
62566  23.272  -1.477  58.839 0.3333329856
145866  34.470  1.679  42.266 0.2222220004
128794  29.480  0.698  55.130 0.1111110002
149999  18.871  -2.800  69.260 0.3333329856
128399  18.382  -0.964  65.247 0.4444440007
66152  36.663  1.810  34.654 0.7777780294
68278  37.299  3.771  36.198 0.6666669846
141761  36.398  2.970  35.275 0.7777780294
68291  35.918  3.239  35.736 0.6666669846
68276  39.079  3.558  36.054 0.5555559993
140851  37.085  2.973  35.042 0.6666669846
67179  36.523  2.485  34.889 0.7777780294
66134  40.408  1.802  34.975 0.7777780294
69367  40.033  4.104  38.688 0.3333329856
69375  38.565  4.208  37.751 0.4444440007
141071  37.288  4.253  37.605 0.5555559993
69376  37.826  4.309  37.857 0.4444440007
68270  36.093  3.886  37.129 0.5555559993
68281  34.730  3.257  36.778 0.3333329856
124750  41.261  3.261  37.816 0.6666669846
144937  39.739  3.338  36.063 0.5555559993
66133  41.267  1.747  35.433 0.7777780294
130210  41.815  2.387  36.918 0.7777780294
67134  40.952  2.835  36.213 0.7777780294
140513  43.465  1.367  37.601 0.7777780294
68245  41.879  3.650  40.580 0.2222220004
141965  40.320  4.180  39.421 0.1111110002
69377  36.600  4.249  37.754 0.4444440007
69348  43.805  3.993  40.467 0.1111110002
68243  43.596  3.277  40.740 0.5555559993
136920  42.204  3.066  39.303 0.5555559993
68253  42.078  3.305  39.860 0.5555559993
68251  43.345  2.855  39.827 0.4444440007
69357  43.568  4.013  39.713 0.2222220004
135012  43.527  2.834  39.606 0.2222220004
67101  43.457  1.940  39.075 0.5555559993
144481  20.801  -6.806  70.951 0.3333329856
55054  14.935  -7.823  72.196 0.1111110002
56315  15.572  -6.185  72.989 0.1111110002
138536  15.876  -5.823  73.024 0.2222220004
58786  17.481  -4.604  72.275 0.2222220004
53953  22.342  -8.546  64.854 0.1111110002
131684  22.964  -8.103  63.118 0.1111110002
53959  22.301  -8.317  63.553 0.1111110002
143390  22.329  -8.420  64.153 0.1111110002
53960  21.269  -8.332  63.552 0.1111110002
53954  21.137  -8.431  64.271 0.1111110002
53966  21.534  -8.237  62.929 0.1111110002
62460  18.577  -2.248  68.756 0.4444440007
62461  18.058  -1.449  68.389 0.2222220004
62452  17.682  -0.910  68.811 0.2222220004
148053  20.813  -8.093  62.320 0.1111110002
55098  23.247  -7.701  61.787 0.1111110002
53972  22.731  -7.912  62.277 0.1111110002
53973  21.693  -8.077  62.250 0.1111110002
63561  17.567  -0.657  68.078 0.1111110002
55106  22.397  -7.718  60.732 0.1111110002
55099  21.864  -7.898  61.446 0.1111110002
55100  20.662  -7.862  61.496 0.1111110002
55107  21.004  -7.734  60.453 0.1111110002
55130  23.133  -7.486  58.991 0.1111110002
55116  23.131  -7.562  60.034 0.1111110002
134365  22.123  -7.559  59.215 0.1111110002
55117  21.724  -7.645  59.787 0.1111110002
137105  21.369  -7.480  59.110 0.1111110002
55118  20.811  -7.463  59.503 0.1111110002
55108  20.183  -7.354  59.956 0.1111110002
55132  20.815  -7.230  58.761 0.1111110002
56389  20.141  -6.965  59.171 0.1111110002
55129  24.748  -7.390  59.503 0.1111110002
55199  26.263  -6.883  53.972 0.2222220004
131073  23.858  -7.432  58.449 0.1111110002
56543  27.846  -6.526  48.778 0.2222220004
55143  22.567  -7.420  57.800 0.1111110002
55131  21.677  -7.395  58.449 0.1111110002
55145  20.897  -6.978  58.109 0.2222220004
55144  21.397  -7.058  57.551 0.2222220004
56413  20.593  -6.428  57.585 0.3333329856
56544  26.066  -6.737  49.187 0.4444440007
56400  20.319  -6.617  58.407 0.4444440007
150228  25.694  -7.134  54.354 0.2222220004
133167  25.666  -7.050  55.226 0.1111110002
55166  25.648  -7.028  56.339 0.1111110002
55167  24.511  -7.379  56.190 0.1111110002
55180  24.844  -7.413  54.310 0.2222220004
55181  24.667  -7.391  55.229 0.1111110002
55156  24.368  -7.375  57.152 0.1111110002
55142  24.224  -7.396  57.945 0.1111110002
128363  28.889  -6.879  48.607 0.1111110002
55182  23.714  -7.450  55.214 0.1111110002
55168  23.432  -7.413  56.063 0.1111110002
125324  23.941  -7.515  54.400 0.2222220004
124892  23.137  -7.398  57.020 0.1111110002
55157  21.970  -7.122  56.823 0.1111110002
132178  26.911  -6.502  48.667 0.3333329856
145856  26.971  -6.642  49.426 0.3333329856
56412  21.135  -6.561  56.804 0.2222220004
54110  28.552  -7.885  48.579 0.1111110002
55263  29.081  -7.091  48.686 0.1111110002
55273  28.579  -7.031  48.127 0.1111110002
56555  28.416  -6.813  48.292 0.2222220004
125310  22.425  -7.157  56.015 0.2222220004
56556  27.524  -6.504  47.867 0.3333329856
143739  23.259  -7.305  54.531 0.3333329856
124496  22.761  -7.149  55.125 0.3333329856
55169  22.042  -6.744  55.371 0.4444440007
130581  26.172  -6.358  48.304 0.4444440007
56427  20.600  -6.019  56.879 0.6666669846
54111  28.135  -7.742  48.041 0.1111110002
55281  28.066  -6.911  47.594 0.2222220004
56557  25.260  -6.233  48.394 0.4444440007
53065  28.623  -8.979  48.745 0.1111110002
53066  28.045  -8.674  48.165 0.1111110002
55274  28.071  -7.169  47.563 0.1111110002
56567  26.789  -6.152  47.354 0.4444440007
56568  25.753  -5.926  47.711 0.4444440007
52061  28.608  -10.505  47.696 0.1111110002
53074  28.250  -9.680  48.050 0.1111110002
56566  27.473  -6.593  47.063 0.1111110002
51049  30.122  -11.194  47.112 0.1111110002
52060  29.487  -10.764  47.861 0.1111110002
62552  22.882  -1.602  60.347 0.2222220004
51050  29.102  -11.205  47.163 0.1111110002
53075  27.630  -9.345  47.546 0.1111110002
54120  27.624  -8.212  47.558 0.1111110002
147243  27.663  -7.531  47.272 0.1111110002
62571  24.645  -1.358  57.200 0.1111110002
55282  27.637  -7.046  46.968 0.1111110002
51084  28.740  -11.537  44.929 0.1111110002
51072  29.279  -11.499  45.653 0.1111110002
51059  29.704  -11.373  46.384 0.1111110002
62542  22.982  -1.686  61.099 0.2222220004
51060  28.703  -11.333  46.447 0.1111110002
140430  28.069  -11.493  44.248 0.1111110002
51073  28.260  -11.355  45.781 0.1111110002
146573  23.626  -1.455  58.340 0.1111110002
62559  23.519  -1.406  59.674 0.2222220004
140072  27.478  -11.343  43.583 0.1111110002
130259  27.738  -11.268  45.090 0.1111110002
51061  27.992  -11.058  46.388 0.1111110002
52068  28.253  -10.870  46.984 0.1111110002
52062  27.862  -10.214  47.343 0.1111110002
127992  23.947  -1.460  57.792 0.1111110002
126426  27.778  -11.551  42.757 0.1111110002
51074  27.465  -10.851  45.881 0.1111110002
52069  27.623  -10.546  46.636 0.1111110002
62567  23.082  -1.543  57.996 0.2222220004
51114  27.225  -11.338  42.094 0.1111110002
51098  26.999  -11.151  42.943 0.1111110002
51086  26.857  -10.924  43.678 0.1111110002
52085  26.729  -10.515  44.372 0.1111110002
53083  27.298  -9.891  46.893 0.1111110002
135396  27.177  -8.983  46.974 0.1111110002
141961  27.273  -7.973  46.913 0.1111110002
51099  26.668  -10.718  43.090 0.1111110002
54127  26.946  -8.616  46.251 0.1111110002
133903  26.609  -10.728  42.252 0.1111110002
52091  26.542  -10.351  43.623 0.1111110002
52084  27.053  -10.710  45.104 0.1111110002
141705  26.950  -10.362  45.652 0.1111110002
52070  27.102  -10.239  46.234 0.1111110002
53100  26.483  -9.811  44.250 0.2222220004
52079  26.626  -10.007  45.131 0.1111110002
54128  26.725  -9.307  45.644 0.1111110002
53084  26.936  -9.552  46.332 0.1111110002
54251  31.988  -8.853  36.809 0.1111110002
140463  33.330  -8.354  36.833 0.1111110002
54276  34.041  -8.117  36.895 0.1111110002
62771  36.734  -1.284  36.225 0.6666669846
62793  36.110  -1.032  35.804 0.7777780294
139737  35.349  -0.707  35.574 0.7777780294
62792  37.313  -0.928  35.877 0.6666669846
144242  36.710  -0.758  35.760 0.6666669846
63876  36.226  -0.253  35.440 0.6666669846
63874  37.993  -0.518  35.375 0.6666669846
63875  37.172  -0.216  35.337 0.6666669846
65023  36.037  0.550  35.029 0.6666669846
65042  37.374  0.544  34.806 0.6666669846
65043  36.701  1.012  34.719 0.6666669846
63890  38.725  -0.002  34.802 0.6666669846
65041  38.213  0.724  34.624 0.6666669846
66151  37.578  1.470  34.570 0.6666669846
60435  41.566  -3.865  36.523 0.5555559993
60436  40.906  -3.307  36.324 0.5555559993
61662  39.976  -2.217  35.789 0.6666669846
60434  42.381  -4.042  35.973 0.5555559993
60461  41.738  -3.408  35.741 0.5555559993
61661  40.798  -2.384  35.484 0.6666669846
62790  39.506  -1.488  35.484 0.6666669846
63873  38.850  -0.883  35.324 0.6666669846
146179  38.962  0.779  34.555 0.6666669846
66150  38.708  1.568  34.546 0.6666669846
67154  37.934  2.846  34.915 0.5555559993
62789  40.465  -1.668  35.214 0.6666669846
143781  40.144  -0.157  34.665 0.6666669846
60460  42.809  -3.365  35.516 0.5555559993
61660  41.554  -2.584  35.387 0.5555559993
65040  39.437  1.184  34.565 0.6666669846
66149  39.590  1.819  34.714 0.6666669846
62788  41.308  -1.831  35.070 0.6666669846
63888  40.805  -0.299  34.716 0.6666669846
137287  39.652  0.430  34.590 0.6666669846
65021  40.957  1.126  34.904 0.6666669846
65020  41.353  0.368  34.893 0.6666669846
65039  40.531  0.461  34.668 0.6666669846
68244  42.781  3.406  40.923 0.1111110002
59226  44.185  -4.150  35.744 0.4444440007
60459  43.776  -3.513  35.512 0.4444440007
61659  42.930  -2.471  35.314 0.5555559993
62787  42.184  -1.997  35.124 0.6666669846
62805  41.020  -1.080  34.829 0.6666669846
141800  42.006  1.032  35.417 0.6666669846
63871  41.566  -0.434  34.889 0.6666669846
59225  45.022  -4.149  35.739 0.3333329856
60458  44.630  -3.543  35.516 0.4444440007
61658  43.521  -2.850  35.358 0.5555559993
128828  44.270  -2.863  35.376 0.4444440007
127555  43.020  -1.736  35.279 0.6666669846
142844  42.271  -0.530  35.135 0.6666669846
129895  42.172  0.164  35.264 0.6666669846
125518  41.805  -1.197  34.944 0.6666669846
59224  45.734  -4.120  35.850 0.3333329856
128052  46.317  -2.952  35.514 0.3333329856
60457  45.546  -3.464  35.560 0.3333329856
128003  44.988  -2.969  35.393 0.3333329856
66114  43.103  1.096  36.442 0.6666669846
125242  46.290  -2.155  35.499 0.3333329856
61657  45.614  -2.617  35.449 0.3333329856
125491  44.880  -2.285  35.439 0.4444440007
143818  44.310  -1.033  35.609 0.6666669846
65018  43.224  -0.129  35.663 0.6666669846
65019  42.832  0.584  35.777 0.6666669846
65017  44.219  -0.359  35.923 0.6666669846
66079  44.004  1.711  38.938 0.6666669846
67112  44.174  1.734  38.640 0.5555559993
66094  43.854  1.442  38.550 0.6666669846
128354  44.915  0.853  37.546 0.6666669846
131481  44.443  0.906  37.682 0.6666669846
66113  44.116  1.214  38.239 0.5555559993
63865  47.391  -0.483  35.858 0.2222220004
63866  46.589  -0.753  35.778 0.4444440007
63855  46.174  -0.193  36.117 0.5555559993
64999  45.331  0.688  37.018 0.6666669846
65000  44.880  0.667  37.332 0.6666669846
144420  43.931  0.927  37.584 0.6666669846
61656  46.823  -2.467  35.552 0.2222220004
149632  46.255  -1.428  35.596 0.3333329856
62784  45.609  -1.791  35.522 0.3333329856
63868  44.957  -0.544  35.934 0.6666669846
139551  44.373  0.333  36.658 0.6666669846
65001  43.794  0.606  36.658 0.6666669846
131261  43.801  2.773  37.518 0.4444440007
127317  43.513  3.675  37.017 0.4444440007
64997  48.379  0.952  36.482 0.2222220004
63853  48.156  -0.105  36.048 0.2222220004
62783  47.954  -1.064  35.809 0.2222220004
67132  44.437  2.005  37.403 0.5555559993
68274  43.626  3.242  36.241 0.5555559993
64996  49.161  1.067  36.739 0.1111110002
63854  47.594  0.641  36.226 0.2222220004
65016  46.818  0.171  36.106 0.4444440007
64998  46.068  0.530  36.479 0.5555559993
67131  45.199  1.266  37.228 0.6666669846
148715  43.943  2.709  35.809 0.6666669846
66130  47.487  1.989  36.144 0.2222220004
66131  46.581  1.630  36.155 0.4444440007
66112  46.021  1.022  36.695 0.5555559993
148890  45.431  0.907  37.142 0.5555559993
67130  49.328  2.292  36.508 0.1111110002
67169  49.860  2.356  34.258 0.1111110002
66129  48.411  2.163  36.288 0.1111110002
66110  47.932  1.658  36.326 0.2222220004
141259  44.552  2.365  35.954 0.5555559993
66147  50.032  2.054  33.870 0.2222220004
66155  49.494  2.112  33.519 0.1111110002
67170  48.921  2.491  34.314 0.1111110002
67150  47.151  2.252  35.484 0.2222220004
67151  45.450  1.977  35.794 0.5555559993
65037  49.532  1.973  33.426 0.2222220004
67192  48.696  2.366  33.380 0.2222220004
67171  47.932  2.504  34.376 0.2222220004
67172  46.865  2.413  34.413 0.4444440007
67173  45.704  2.376  34.339 0.5555559993
67174  44.626  2.539  34.667 0.5555559993
68297  44.080  2.943  33.889 0.5555559993
67195  44.805  2.663  33.646 0.5555559993
69383  43.457  3.989  35.339 0.4444440007
67175  43.986  2.802  34.843 0.5555559993
65038  48.779  0.808  33.488 0.1111110002
145888  48.717  1.678  32.954 0.2222220004
66157  48.248  2.083  32.521 0.2222220004
67206  47.667  2.269  32.483 0.2222220004
67194  46.701  2.462  33.331 0.3333329856
127097  45.671  2.549  33.110 0.5555559993
68307  43.745  3.675  33.742 0.4444440007
62782  49.778  -1.905  35.015 0.1111110002
63887  48.277  -0.522  33.348 0.1111110002
65054  48.078  0.489  32.834 0.1111110002
143018  47.661  1.907  32.031 0.2222220004
145146  47.084  2.147  31.781 0.3333329856
67207  46.571  2.435  32.381 0.4444440007
63898  47.778  -0.715  32.506 0.1111110002
63899  47.621  0.303  32.234 0.2222220004
66160  47.074  1.516  31.195 0.2222220004
67230  46.160  2.528  30.793 0.3333329856
67219  46.285  2.446  31.587 0.4444440007
62812  48.249  -1.530  33.142 0.1111110002
71756  44.471  5.993  33.787 0.3333329856
139791  43.929  5.405  34.234 0.3333329856
70531  43.670  4.532  33.895 0.4444440007
70524  43.595  4.707  34.750 0.4444440007
70537  44.222  4.921  32.513 0.4444440007
69395  43.922  4.328  33.097 0.4444440007
69388  43.542  3.890  34.483 0.4444440007
69403  44.281  4.189  32.346 0.5555559993
67231  45.691  3.121  30.895 0.5555559993
67220  45.634  2.874  31.492 0.5555559993
68314  44.642  3.549  32.190 0.5555559993
147185  44.464  2.986  33.334 0.5555559993
68306  44.243  3.515  33.035 0.4444440007
61698  48.778  -2.478  32.375 0.1111110002
61691  48.513  -2.308  33.012 0.1111110002
62819  48.203  -1.593  32.525 0.1111110002
145437  47.672  -0.446  31.280 0.2222220004
66165  47.133  1.150  30.461 0.2222220004
66166  46.667  1.807  30.495 0.3333329856
60482  49.294  -3.523  33.639 0.1111110002
61682  49.011  -2.903  34.059 0.1111110002
71762  44.579  5.759  32.868 0.3333329856
70546  44.677  5.439  31.988 0.4444440007
69426  45.453  4.475  30.364 0.4444440007
69414  45.085  4.394  31.129 0.5555559993
70547  44.540  4.684  31.806 0.5555559993
68340  45.540  3.697  30.522 0.5555559993
68326  45.162  3.519  31.426 0.5555559993
68327  44.640  4.080  31.748 0.5555559993
62828  48.373  -1.673  31.967 0.1111110002
65063  47.387  0.431  30.970 0.2222220004
67241  46.375  2.238  29.947 0.4444440007
68352  46.299  2.950  29.449 0.5555559993
62834  49.907  -2.222  31.161 0.1111110002
62835  48.917  -1.765  31.379 0.1111110002
63910  48.018  -1.017  31.268 0.2222220004
63919  47.775  -0.253  30.480 0.2222220004
63930  47.742  0.242  29.819 0.2222220004
66184  47.446  1.531  29.154 0.3333329856
67240  46.869  2.177  29.306 0.4444440007
63916  50.950  -1.653  30.824 0.2222220004
63918  48.537  -0.956  30.580 0.2222220004
63929  48.270  -0.223  29.819 0.2222220004
65078  48.131  0.510  29.338 0.2222220004
65079  47.578  0.875  29.540 0.2222220004
128748  52.406  -0.563  30.432 0.4444440007
63926  51.796  -0.904  30.604 0.3333329856
63927  51.002  -0.945  30.530 0.3333329856
129656  51.034  -0.231  29.824 0.4444440007
70574  45.711  4.906  29.828 0.4444440007
69451  46.925  4.419  28.636 0.4444440007
69439  46.234  4.458  29.190 0.4444440007
67252  46.942  2.879  28.775 0.4444440007
68364  46.552  3.642  28.903 0.4444440007
63928  49.186  -0.695  29.972 0.3333329856
65077  48.916  0.179  29.308 0.3333329856
65088  48.642  0.994  28.795 0.3333329856
65089  47.926  1.058  28.996 0.3333329856
130748  47.764  2.953  28.496 0.4444440007
65076  50.043  -0.183  29.604 0.3333329856
65087  49.552  0.755  28.879 0.3333329856
150281  49.280  1.286  28.654 0.4444440007
66182  49.024  1.853  28.556 0.4444440007
66183  48.092  1.615  28.688 0.3333329856
66173  52.647  0.271  29.850 0.4444440007
65075  51.726  0.088  29.773 0.4444440007
69448  49.919  4.356  28.457 0.4444440007
69449  48.823  4.420  28.443 0.4444440007
68361  50.060  3.267  28.466 0.4444440007
68362  49.155  3.598  28.444 0.4444440007
141479  48.247  3.686  28.446 0.4444440007
66180  51.739  1.050  29.111 0.4444440007
139646  51.792  1.881  28.673 0.4444440007
66181  49.976  1.601  28.594 0.4444440007
135481  49.164  2.763  28.458 0.4444440007
66179  52.545  1.429  29.096 0.4444440007
67239  54.299  1.291  29.567 0.4444440007
66178  53.288  1.896  28.965 0.4444440007
73136  54.522  8.582  27.720 0.1111110002
73125  54.347  7.607  27.828 0.2222220004
71817  52.611  7.106  27.972 0.3333329856
140230  52.170  5.450  28.368 0.2222220004
139772  51.625  6.008  28.308 0.4444440007
71818  51.796  6.866  28.133 0.4444440007
69446  51.864  4.730  28.439 0.4444440007
132997  51.520  5.298  28.411 0.4444440007
135475  50.948  5.660  28.388 0.4444440007
70587  49.322  5.216  28.442 0.4444440007
135597  51.452  4.018  28.474 0.4444440007
140544  50.700  3.936  28.467 0.4444440007
128348  51.017  1.721  28.614 0.4444440007
67249  50.543  2.480  28.498 0.4444440007
134096  51.012  3.274  28.478 0.4444440007
68350  56.166  3.059  29.457 0.3333329856
67238  54.783  2.337  29.241 0.4444440007
149711  53.133  2.754  28.646 0.4444440007
67248  51.418  2.549  28.530 0.4444440007
74305  55.272  8.806  27.673 0.1111110002
147636  55.552  7.187  28.115 0.1111110002
71816  54.224  6.532  28.162 0.2222220004
70582  55.589  5.809  28.644 0.2222220004
70583  54.725  5.657  28.488 0.2222220004
69444  55.410  4.948  28.845 0.2222220004
142035  53.604  4.684  28.500 0.2222220004
137371  53.999  4.076  28.637 0.3333329856
139352  53.164  4.087  28.525 0.3333329856
68349  57.086  2.929  29.775 0.3333329856
69436  56.638  3.915  29.556 0.1111110002
69437  55.739  4.041  29.196 0.2222220004
69438  54.858  4.089  28.819 0.2222220004
68358  53.559  3.370  28.624 0.4444440007
68359  52.703  3.371  28.537 0.4444440007
68360  51.859  3.321  28.504 0.4444440007
134065  56.011  9.000  27.613 0.1111110002
74292  55.829  8.234  27.736 0.1111110002
73123  56.120  7.424  28.095 0.1111110002
74291  56.537  8.210  27.784 0.1111110002
71814  55.787  6.601  28.394 0.1111110002
149092  56.937  5.189  29.405 0.2222220004
70571  56.273  5.407  29.016 0.2222220004
146166  56.348  4.719  29.302 0.2222220004
75466  58.210  10.010  27.454 0.1111110002
75467  57.160  9.927  27.528 0.1111110002
74303  57.739  9.085  27.583 0.1111110002
74304  56.833  9.066  27.607 0.1111110002
74289  58.357  8.203  28.128 0.1111110002
74290  57.371  8.257  27.889 0.1111110002
73121  58.506  7.273  28.711 0.1111110002
71812  57.729  6.918  28.710 0.1111110002
125692  57.794  7.620  28.356 0.1111110002
73107  59.303  6.834  29.306 0.1111110002
71802  58.463  6.513  29.249 0.1111110002
71813  56.829  6.593  28.607 0.1111110002
71801  60.298  6.316  29.940 0.1111110002
70568  59.210  6.048  29.779 0.1111110002
71803  57.712  6.161  29.198 0.1111110002
70581  56.307  6.009  28.750 0.2222220004
70569  58.935  5.365  30.129 0.1111110002
70570  57.867  5.285  29.707 0.2222220004
127474  57.226  4.594  29.679 0.2222220004
137990  59.199  8.497  28.117 0.1111110002
59263  49.569  -4.399  32.426 0.1111110002
58019  50.114  -5.116  33.324 0.1111110002
148138  49.918  -2.478  31.035 0.1111110002
61701  49.549  -2.829  31.353 0.1111110002
55170  21.615  -6.634  56.010 0.5555559993
54137  26.603  -9.132  44.822 0.2222220004
62772  36.044  -1.714  36.128 0.7777780294
63877  35.508  0.041  35.343 0.6666669846
69342  37.802  5.154  41.867 0.1111110002
58780  16.600  -4.515  72.769 0.2222220004
66148  40.125  1.172  34.651 0.6666669846
62451  18.120  -1.513  69.317 0.2222220004
62471  17.905  -1.166  67.475 0.2222220004
147977  23.402  -7.447  57.736 0.1111110002
55179  26.449  -6.647  55.020 0.2222220004
51085  27.232  -11.110  44.360 0.1111110002
147515  26.766  -9.946  45.827 0.1111110002
62791  38.026  -1.185  35.912 0.6666669846
63891  37.899  0.095  34.953 0.6666669846
65022  36.704  0.324  35.061 0.6666669846
67177  38.101  2.229  34.613 0.6666669846
61638  40.428  -2.772  36.077 0.6666669846
60462  41.071  -2.974  35.732 0.5555559993
143828  39.723  -2.456  36.470 0.6666669846
67176  38.898  2.544  34.836 0.5555559993
150242  42.222  -2.810  35.360 0.5555559993
147226  39.514  -0.933  35.135 0.6666669846
63872  40.146  -0.888  34.916 0.6666669846
63889  39.512  -0.427  34.842 0.6666669846
62786  43.910  -1.968  35.402 0.5555559993
63870  42.665  -1.111  35.179 0.6666669846
63869  43.550  -1.026  35.466 0.6666669846
62785  44.897  -1.403  35.582 0.4444440007
68257  43.665  2.590  39.163 0.4444440007
66093  44.085  1.443  38.614 0.5555559993
63857  44.941  0.138  36.646 0.6666669846
66092  44.233  1.213  38.059 0.5555559993
142065  47.080  -1.598  35.603 0.2222220004
63867  45.723  -0.843  35.762 0.4444440007
63856  45.542  -0.010  36.402 0.6666669846
63852  48.857  0.117  36.445 0.2222220004
66109  48.749  1.864  36.687 0.1111110002
66111  46.867  1.234  36.306 0.4444440007
66132  45.850  1.428  36.467 0.5555559993
67111  49.878  2.190  37.011 0.1111110002
67148  49.082  2.478  35.398 0.1111110002
66108  49.463  1.889  37.050 0.1111110002
67149  48.112  2.415  35.453 0.1111110002
68286  43.659  3.281  35.105 0.5555559993
65053  48.829  2.078  32.937 0.2222220004
125191  46.242  2.050  35.481 0.5555559993
65060  48.073  1.584  32.420 0.2222220004
67205  48.393  2.225  32.794 0.2222220004
67193  47.766  2.465  33.396 0.2222220004
67209  44.880  2.937  32.774 0.5555559993
68298  43.732  3.254  34.352 0.4444440007
63886  48.925  -0.243  34.100 0.1111110002
67208  45.645  2.678  32.228 0.5555559993
62804  48.613  -1.373  33.902 0.1111110002
61674  49.025  -2.132  34.361 0.1111110002
61653  49.543  -2.802  34.735 0.1111110002
147321  46.629  2.117  31.166 0.3333329856
144397  45.153  3.092  32.027 0.5555559993
65061  47.419  0.955  31.745 0.2222220004
61683  48.641  -2.240  33.635 0.1111110002
70530  44.021  5.171  33.354 0.4444440007
141830  45.882  3.455  29.869 0.5555559993
68339  45.934  2.954  30.200 0.5555559993
60489  49.221  -3.537  32.945 0.1111110002
62827  49.113  -2.403  31.765 0.1111110002
60490  48.859  -2.913  33.365 0.1111110002
62820  47.745  -0.989  31.913 0.2222220004
63906  47.543  -0.179  31.779 0.2222220004
68353  45.760  4.127  29.823 0.5555559993
133636  44.907  5.112  31.369 0.3333329856
65066  47.408  0.588  30.116 0.2222220004
66174  46.993  1.432  29.844 0.3333329856
132515  49.324  -2.916  31.901 0.1111110002
63917  49.792  -1.613  30.872 0.1111110002
135992  50.254  -1.074  30.458 0.3333329856
68363  47.328  3.651  28.557 0.4444440007
69450  47.823  4.434  28.470 0.4444440007
67251  47.514  2.221  28.746 0.4444440007
67250  48.329  2.389  28.511 0.4444440007
138926  48.539  3.070  28.432 0.4444440007
65086  50.701  0.712  29.089 0.4444440007
70586  50.220  5.328  28.436 0.4444440007
70588  48.333  5.226  28.456 0.4444440007
135670  49.765  2.399  28.492 0.4444440007
67246  53.907  2.515  28.876 0.4444440007
73137  53.586  8.454  27.810 0.1111110002
73124  55.242  7.810  27.839 0.1111110002
136034  52.389  6.250  28.216 0.3333329856
133054  53.209  6.394  28.142 0.2222220004
131921  53.458  7.349  27.868 0.2222220004
129253  50.378  6.062  28.390 0.4444440007
69447  50.962  4.748  28.447 0.4444440007
67247  52.369  2.485  28.618 0.4444440007
68351  55.235  3.218  29.160 0.4444440007
68357  54.389  3.292  28.822 0.4444440007
132510  56.281  9.855  27.642 0.1111110002
71815  55.069  6.313  28.381 0.2222220004
70584  53.680  5.521  28.374 0.2222220004
131813  52.788  4.878  28.429 0.3333329856
69445  54.379  4.838  28.582 0.3333329856
133998  52.292  4.072  28.486 0.3333329856
73122  57.061  7.491  28.249 0.1111110002
71804  56.998  5.764  29.117 0.1111110002
141820  58.428  5.871  29.611 0.1111110002
60500  49.479  -3.545  31.481 0.1111110002
60497  49.327  -3.404  32.258 0.1111110002
61273  18.649  -2.282  69.593 0.1111110002
62541  24.305  -1.417  61.489 0.1111110002
62528  23.899  -1.582  62.397 0.1111110002
125925  23.414  -1.662  61.658 0.1111110002
61338  23.040  -1.793  62.459 0.1111110002
56518  26.944  -6.823  51.405 0.3333329856
62501  24.017  -1.422  64.459 0.1111110002
138052  23.538  -1.578  63.235 0.1111110002
149081  23.650  -1.505  63.884 0.1111110002
62529  22.821  -1.783  63.016 0.1111110002
62515  22.335  -1.794  63.199 0.1111110002
61339  22.236  -2.121  62.546 0.1111110002
62551  23.733  -1.414  60.675 0.1111110002
62502  23.431  -1.344  64.075 0.1111110002
63605  22.864  -1.331  63.648 0.1111110002
62530  21.614  -2.145  62.863 0.1111110002
62531  20.688  -2.193  62.675 0.1111110002
59161  37.859  -4.450  38.019 0.3333329856
60411  37.587  -3.390  37.881 0.3333329856
60412  37.062  -3.264  37.360 0.3333329856
60438  36.540  -2.928  36.856 0.4444440007
60410  37.897  -2.431  38.283 0.3333329856
144918  37.519  -2.650  37.763 0.3333329856
61601  38.386  -2.308  38.719 0.2222220004
61621  37.771  -2.076  37.823 0.4444440007
61642  36.760  -1.925  36.780 0.5555559993
61641  37.584  -1.831  37.190 0.5555559993
62770  37.405  -1.436  36.525 0.5555559993
60409  39.579  -2.601  37.906 0.2222220004
61639  39.032  -2.237  37.430 0.3333329856
61640  38.236  -1.883  37.399 0.4444440007
62769  38.120  -1.595  36.623 0.5555559993
60408  40.599  -3.431  37.340 0.2222220004
139186  41.575  -4.257  37.544 0.3333329856
60437  40.071  -2.867  36.877 0.4444440007
62768  39.022  -1.938  36.402 0.5555559993
145729  42.203  -4.325  36.648 0.2222220004
59201  42.947  -4.474  36.393 0.4444440007
59200  43.782  -4.596  36.244 0.4444440007
59199  44.618  -4.641  36.183 0.2222220004
59198  45.431  -4.605  36.219 0.1111110002
60432  47.339  -3.704  36.228 0.1111110002
60433  46.457  -3.737  35.853 0.2222220004
61637  47.931  -2.948  36.048 0.1111110002
61655  47.365  -2.440  35.662 0.1111110002
61654  47.932  -1.978  35.768 0.1111110002
138289  49.237  -0.584  36.545 0.1111110002
132598  43.988  1.901  39.100 0.4444440007
148028  43.544  3.471  38.480 0.4444440007
68265  43.710  2.896  38.297 0.4444440007
70520  43.528  4.782  35.622 0.2222220004
144717  43.373  4.085  36.110 0.2222220004
55057  18.623  -7.108  70.790 0.1111110002
55058  17.230  -7.595  71.242 0.1111110002
61265  18.755  -2.440  70.317 0.1111110002
59227  43.288  -4.098  35.807 0.4444440007
60456  47.056  -3.075  35.698 0.1111110002
62767  48.468  -1.489  36.087 0.1111110002
142528  38.678  -1.489  35.890 0.5555559993
63547  17.819  -1.123  70.013 0.1111110002
62514  23.127  -1.509  63.483 0.1111110002
61622  37.215  -2.357  37.358 0.4444440007
61620  38.299  -2.045  38.178 0.2222220004
61619  38.826  -2.131  38.537 0.2222220004
60388  39.847  -2.771  38.546 0.2222220004
59158  40.631  -3.560  38.174 0.2222220004
57945  42.353  -4.794  37.869 0.1111110002
59179  42.607  -4.678  37.162 0.2222220004
59178  43.424  -4.940  36.938 0.3333329856
57964  44.240  -5.063  36.773 0.2222220004
125470  46.894  -4.260  36.389 0.1111110002
53019  26.904  -8.858  53.102 0.1111110002
56542  28.739  -6.574  49.116 0.1111110002
56530  28.846  -6.285  50.102 0.1111110002
56516  28.989  -5.968  51.048 0.1111110002
55163  29.661  -5.994  56.499 0.1111110002
136296  27.979  -6.413  50.919 0.2222220004
139284  28.478  -6.118  51.775 0.2222220004
56496  28.483  -5.912  52.810 0.1111110002
56479  28.651  -5.579  54.220 0.1111110002
57712  29.644  -5.147  55.045 0.1111110002
57693  29.987  -5.316  55.968 0.1111110002
56531  27.936  -6.459  49.757 0.2222220004
56532  27.000  -6.774  50.371 0.2222220004
56517  27.736  -6.429  52.083 0.2222220004
56497  27.781  -6.273  53.276 0.1111110002
54031  27.908  -7.660  56.149 0.1111110002
55178  28.516  -7.389  55.904 0.1111110002
56459  28.140  -5.888  55.638 0.1111110002
56440  28.729  -5.965  56.756 0.1111110002
127382  26.916  -6.751  52.502 0.1111110002
56498  27.000  -6.576  53.623 0.1111110002
56481  27.176  -6.385  54.729 0.1111110002
54008  28.231  -7.075  58.783 0.1111110002
54021  28.198  -7.340  57.498 0.1111110002
55165  28.829  -7.017  56.983 0.1111110002
143318  28.742  -6.660  57.586 0.1111110002
55164  29.086  -6.321  57.039 0.1111110002
56424  28.460  -6.466  57.542 0.1111110002
56423  28.856  -6.445  57.300 0.1111110002
142167  28.374  -6.917  58.633 0.1111110002
56425  27.719  -6.510  57.722 0.1111110002
56441  27.860  -6.309  56.874 0.1111110002
56460  27.471  -6.255  55.851 0.1111110002
146645  17.691  -0.164  66.367 0.1111110002
63745  34.600  -0.721  48.585 0.1111110002
59180  37.067  -4.402  37.356 0.2222220004
138057  36.481  -3.929  36.856 0.3333329856
61554  34.671  -3.154  43.976 0.1111110002
62704  34.381  -1.693  43.802 0.2222220004
63788  34.314  -0.557  43.449 0.2222220004
63734  34.889  -0.380  49.333 0.1111110002
54054  27.193  -8.452  54.179 0.1111110002
56515  29.676  -5.662  51.273 0.1111110002
136000  30.168  -5.963  55.873 0.1111110002
56439  29.555  -5.911  56.576 0.1111110002
57729  29.274  -5.359  53.588 0.1111110002
56458  29.109  -5.497  55.775 0.1111110002
56480  27.953  -5.971  54.577 0.1111110002
56438  29.991  -5.551  56.122 0.1111110002
54042  27.127  -8.313  55.173 0.1111110002
54040  28.599  -7.453  54.983 0.1111110002
54041  27.786  -7.910  54.947 0.1111110002
124903  29.445  -6.691  55.416 0.1111110002
55177  29.152  -6.734  56.368 0.1111110002
55152  28.599  -6.864  58.095 0.1111110002
55151  28.587  -6.803  58.043 0.1111110002
56410  28.347  -6.820  58.551 0.1111110002
55153  26.729  -6.538  56.340 0.1111110002
139991  31.128  -9.858  37.390 0.1111110002
53195  31.676  -9.480  37.214 0.2222220004
69336  44.484  3.750  41.702 0.1111110002
140935  44.479  6.072  34.659 0.1111110002
71769  45.289  6.332  32.322 0.2222220004
71761  45.203  6.488  33.392 0.1111110002
70557  45.360  5.222  30.672 0.3333329856
71777  45.713  6.437  31.481 0.2222220004
145409  45.938  6.479  31.012 0.2222220004
139163  45.222  5.784  31.418 0.2222220004
70556  45.914  5.703  30.106 0.3333329856
71786  47.028  6.937  30.118 0.2222220004
71807  46.568  6.154  29.685 0.2222220004
70573  46.289  5.337  29.368 0.2222220004
73110  47.739  7.301  29.684 0.1111110002
73108  49.133  7.908  29.154 0.1111110002
71806  47.317  6.586  29.293 0.2222220004
71822  47.861  6.091  28.653 0.2222220004
63915  51.922  -1.238  30.629 0.2222220004
146526  51.506  -1.371  30.730 0.2222220004
75442  52.271  9.689  29.336 0.1111110002
74297  50.303  8.156  28.724 0.1111110002
129297  49.235  6.735  28.503 0.2222220004
63925  52.665  -1.042  30.839 0.2222220004
63914  53.212  -1.035  30.854 0.2222220004
65065  53.573  -0.858  30.667 0.3333329856
63912  53.916  -0.658  30.452 0.3333329856
65073  54.175  -0.112  30.346 0.3333329856
66171  54.968  0.268  30.157 0.3333329856
74296  51.485  8.259  28.398 0.1111110002
74295  52.191  8.508  28.245 0.2222220004
65074  52.796  -0.693  30.842 0.2222220004
126472  53.342  0.017  30.386 0.3333329856
136804  55.296  1.215  29.758 0.3333329856
65072  54.859  -0.244  30.198 0.2222220004
73126  52.780  8.001  27.896 0.3333329856
66170  55.717  0.197  30.071 0.3333329856
137383  56.128  1.025  29.920 0.3333329856
67237  55.705  2.167  29.507 0.3333329856
134422  56.752  1.759  29.839 0.2222220004
68338  57.910  2.884  30.268 0.1111110002
143782  58.207  3.649  30.394 0.1111110002
137716  57.508  3.802  29.971 0.1111110002
68336  59.691  2.862  31.060 0.1111110002
68337  58.780  2.881  30.647 0.1111110002
67218  60.943  2.522  30.891 0.1111110002
68325  60.575  2.686  31.153 0.1111110002
129741  61.808  3.348  30.631 0.1111110002
68346  62.032  3.246  30.972 0.1111110002
67228  59.539  2.021  30.660 0.1111110002
67229  58.557  1.943  30.409 0.1111110002
147681  62.658  4.379  31.224 0.1111110002
69413  60.301  3.752  31.313 0.1111110002
69425  59.009  3.924  30.719 0.1111110002
69422  63.014  4.362  30.698 0.1111110002
69412  61.576  3.934  31.470 0.1111110002
69423  62.640  3.814  31.043 0.1111110002
140688  61.176  3.246  31.329 0.1111110002
69432  62.647  3.924  30.627 0.1111110002
70523  43.957  5.506  35.108 0.1111110002
70590  46.682  5.039  28.796 0.3333329856
66172  53.436  0.773  29.658 0.3333329856
73127  52.033  7.701  28.089 0.3333329856
135866  49.680  6.013  28.423 0.3333329856
70589  47.364  5.167  28.577 0.3333329856
71821  48.824  5.996  28.474 0.2222220004
71820  50.064  6.737  28.405 0.3333329856
69374  43.436  4.063  37.753 0.2222220004
71776  46.088  6.979  32.119 0.2222220004
71788  45.659  6.062  30.819 0.3333329856
138550  46.285  6.858  31.330 0.2222220004
71787  46.289  6.504  30.551 0.2222220004
73093  47.605  7.502  30.633 0.2222220004
70572  46.957  5.739  28.963 0.2222220004
73109  48.446  7.612  29.410 0.1111110002
73131  48.788  7.290  28.750 0.2222220004
71805  48.025  7.030  28.911 0.2222220004
75443  51.571  9.305  29.022 0.1111110002
75459  51.668  8.918  28.615 0.1111110002
73129  50.514  7.434  28.432 0.2222220004
53921  21.712  -8.583  70.153 0.1111110002
53913  21.686  -9.065  70.340 0.1111110002
55068  21.426  -7.546  70.130 0.1111110002
149909  21.099  -6.973  69.957 0.1111110002
146752  21.286  -8.148  70.492 0.1111110002
53914  21.132  -8.164  70.594 0.1111110002
55061  21.182  -7.476  70.468 0.1111110002
55062  20.872  -7.528  70.729 0.1111110002
55063  20.650  -7.511  70.684 0.1111110002
55055  21.026  -6.657  70.820 0.1111110002
55056  19.944  -6.973  70.819 0.1111110002
61510  36.238  -3.086  46.841 0.1111110002
69287  36.230  4.791  45.800 0.1111110002
71611  37.799  5.991  47.128 0.1111110002
70413  37.330  5.589  46.437 0.1111110002
68221  35.332  3.477  44.286 0.1111110002
69319  35.415  4.127  43.779 0.1111110002
136303  38.081  5.511  43.428 0.1111110002
70468  36.574  5.163  43.554 0.1111110002
69366  43.451  4.119  38.699 0.1111110002
70512  43.605  4.981  37.655 0.1111110002
62840  51.133  -2.003  30.295 0.1111110002
62845  52.565  -1.325  29.814 0.1111110002
62838  52.954  -1.209  30.538 0.1111110002
56330  21.149  -6.837  70.497 0.1111110002
61479  36.542  -2.387  47.445 0.1111110002
62661  36.165  -3.085  46.484 0.1111110002
134594  35.167  3.380  43.440 0.1111110002
67085  34.988  3.271  42.579 0.1111110002
146017  37.320  5.360  43.088 0.1111110002
149669  37.286  5.237  42.390 0.1111110002
62832  52.848  -1.077  30.780 0.1111110002
63913  53.498  -0.953  30.717 0.1111110002
52873  22.453  -9.582  69.943 0.1111110002
69302  36.078  4.737  44.945 0.1111110002
69303  35.564  4.142  44.637 0.1111110002
71596  38.501  6.431  47.380 0.1111110002
70399  37.087  5.443  47.157 0.1111110002
69318  35.897  4.748  44.093 0.1111110002
62839  52.115  -1.340  30.453 0.1111110002
62844  53.271  -1.182  30.300 0.1111110002
63935  52.981  -0.989  29.326 0.1111110002
62831  53.319  -1.031  30.757 0.1111110002
57569  16.068  -5.219  72.950 0.1111110002
62432  18.100  -1.958  71.832 0.1111110002
61252  17.792  -2.521  72.006 0.1111110002
61247  17.026  -2.554  72.485 0.1111110002
60007  17.414  -3.248  72.170 0.1111110002
131912  18.402  -3.236  71.945 0.1111110002
63782  35.378  -0.622  44.894 0.1111110002
64922  36.080  0.466  45.531 0.1111110002
62693  35.326  -1.927  45.016 0.1111110002
64928  35.658  0.357  44.907 0.1111110002
63783  34.803  -0.908  44.275 0.1111110002
57947  37.351  -5.358  37.524 0.1111110002
66045  35.454  1.061  44.357 0.1111110002
64929  35.193  0.188  44.311 0.1111110002
60390  38.076  -3.026  38.629 0.1111110002
59160  38.351  -3.961  38.669 0.1111110002
138401  17.032  -3.896  72.539 0.1111110002
61251  18.471  -2.529  71.522 0.1111110002
64934  34.721  0.163  43.699 0.1111110002
62694  34.953  -2.499  44.485 0.1111110002
57944  43.068  -5.117  37.692 0.1111110002
138715  54.526  3.458  25.452 0.1111110002
69465  54.769  4.488  25.598 0.1111110002
65084  55.705  -0.047  28.936 0.1111110002
125552  56.282  0.048  29.496 0.1111110002
65103  56.157  0.549  26.139 0.1111110002
65083  57.165  0.370  28.556 0.1111110002
65070  56.928  0.393  29.628 0.1111110002
65102  56.877  0.716  26.133 0.1111110002
66199  56.478  1.009  25.548 0.1111110002
67264  55.827  1.816  25.364 0.1111110002
131056  55.350  2.873  25.491 0.1111110002
69466  53.987  4.332  25.486 0.1111110002
125449  53.443  6.193  25.344 0.1111110002
66193  57.090  1.080  26.045 0.1111110002
67263  56.611  1.823  25.835 0.1111110002
68378  56.111  2.912  25.825 0.1111110002
68372  56.047  3.891  26.017 0.1111110002
67258  57.201  1.853  26.352 0.1111110002
68379  55.415  3.724  25.687 0.1111110002
63923  54.305  -0.478  30.243 0.1111110002
63922  55.218  -0.285  29.875 0.1111110002
65071  55.908  0.079  29.927 0.1111110002
147235  57.294  0.840  26.415 0.1111110002
65082  57.948  0.582  28.242 0.1111110002
65069  57.807  0.534  29.215 0.1111110002
127783  57.610  0.738  29.710 0.1111110002
66169  56.725  0.534  29.861 0.1111110002
71863  53.084  6.990  24.916 0.1111110002
65091  57.537  0.643  27.128 0.1111110002
143299  58.266  0.862  29.516 0.1111110002
70615  53.957  5.274  25.501 0.1111110002
136946  56.767  2.593  26.198 0.1111110002
68371  56.641  3.564  26.405 0.1111110002
69458  56.335  4.528  26.261 0.1111110002
67257  57.687  1.977  26.963 0.1111110002
68370  57.224  3.662  26.986 0.1111110002
74294  52.822  8.754  28.082 0.1111110002
132211  57.486  1.065  30.000 0.1111110002
66192  57.661  1.086  26.718 0.1111110002
66187  58.151  0.830  27.620 0.1111110002
67236  57.665  1.908  30.155 0.1111110002
143852  58.104  1.284  27.332 0.1111110002
66186  58.556  1.217  28.057 0.1111110002
126403  56.353  0.279  28.372 0.1111110002
132530  54.982  -0.296  29.262 0.1111110002
65113  56.159  0.783  25.569 0.1111110002
71845  54.305  6.265  25.429 0.1111110002
138698  57.214  2.774  26.653 0.1111110002
63933  54.400  -0.590  29.863 0.1111110002
65092  56.760  0.464  27.177 0.1111110002
65081  58.490  0.817  28.770 0.1111110002
66164  58.309  1.157  30.003 0.1111110002
67255  58.872  1.957  28.367 0.1111110002
56322  21.019  -6.310  71.018 0.4444440007
59269  49.509  -4.158  31.689 0.1111110002
60312  34.780  -4.333  44.139 0.2222220004
68247  35.112  3.806  39.944 0.3333329856
68323  61.966  3.290  31.147 0.1111110002
68324  61.346  2.749  31.058 0.1111110002
68335  61.412  2.770  30.970 0.1111110002
68347  61.254  2.789  30.726 0.1111110002
69343  36.739  4.911  41.719 0.1111110002
69363  35.632  4.231  39.523 0.3333329856
69421  63.476  4.863  30.232 0.1111110002
70495  44.401  5.328  40.394 0.1111110002
70585  52.840  5.672  28.317 0.2222220004
71819  50.935  6.609  28.292 0.4444440007
73128  51.268  7.487  28.277 0.2222220004
73130  49.660  7.527  28.642 0.1111110002
74275  50.968  8.746  28.831 0.1111110002
74298  49.726  8.194  28.984 0.1111110002
142189  55.042  6.989  28.112 0.2222220004
145885  46.117  3.707  29.434 0.5555559993
146130  48.522  6.662  28.627 0.2222220004
146421  50.889  8.045  28.500 0.1111110002
148984  48.884  -2.932  32.825 0.1111110002
150241  59.947  2.362  31.049 0.1111110002
