#!ascii label  , from subject sub-v1s19x0051302_ses-1 vox2ras=TkReg
938
53955  20.144  -8.349  64.447 0.0000000000
60388  39.847  -2.771  38.546 0.0000000000
55273  28.579  -7.031  48.127 0.0000000000
124497  30.502  -11.709  43.585 0.0000000000
56499  23.046  -6.708  52.141 0.0000000000
134720  25.249  -7.312  59.107 0.0000000000
67169  49.860  2.356  34.258 0.0000000000
57885  47.660  -5.247  40.508 0.0000000000
53196  30.314  -9.675  37.281 0.0000000000
139646  51.792  1.881  28.673 0.0000000000
57768  30.430  -5.606  51.199 0.0000000000
55098  23.247  -7.701  61.787 0.0000000000
134690  50.157  -1.969  37.238 0.0000000000
125470  46.894  -4.260  36.389 0.0000000000
57911  39.199  -5.211  39.021 0.0000000000
59088  40.636  -2.700  42.196 0.0000000000
56666  36.713  -6.316  37.245 0.0000000000
52091  26.542  -10.351  43.623 0.0000000000
52068  28.253  -10.870  46.984 0.0000000000
56497  27.781  -6.273  53.276 0.0000000000
56424  28.460  -6.466  57.542 0.0000000000
55182  23.714  -7.450  55.214 0.0000000000
55145  20.897  -6.978  58.109 0.0000000000
55264  26.110  -7.069  49.947 0.0000000000
65014  52.367  1.721  35.604 0.0000000000
63830  53.060  0.142  38.624 0.0000000000
142676  43.439  -5.256  39.676 0.0000000000
53178  35.008  -9.821  38.376 0.0000000000
50036  29.129  -12.026  40.584 0.0000000000
63906  47.543  -0.179  31.779 0.0000000000
60476  50.081  -4.027  34.762 0.0000000000
145839  49.761  -2.886  30.643 0.0000000000
127737  31.435  -4.690  52.687 0.0000000000
53966  21.534  -8.237  62.929 0.0000000000
53965  24.028  -8.132  63.204 0.0000000000
53952  23.249  -8.668  64.597 0.0000000000
63865  47.391  -0.483  35.858 0.0000000000
55367  39.749  -7.466  39.058 0.0000000000
56630  40.772  -6.474  39.952 0.0000000000
55072  21.098  -7.881  69.176 0.0000000000
60412  37.062  -3.264  37.360 0.0000000000
55282  27.637  -7.046  46.968 0.0000000000
53084  26.936  -9.552  46.332 0.0000000000
53066  28.045  -8.674  48.165 0.0000000000
55219  26.105  -7.187  52.883 0.0000000000
150228  25.694  -7.134  54.354 0.0000000000
55202  23.331  -7.275  53.805 0.0000000000
55252  24.584  -7.318  50.618 0.0000000000
56518  26.944  -6.823  51.405 0.0000000000
56411  27.874  -6.742  58.917 0.0000000000
66146  50.554  2.146  34.456 0.0000000000
139723  53.125  2.521  37.266 0.0000000000
66090  51.069  1.942  37.595 0.0000000000
59153  49.277  -4.334  38.680 0.0000000000
60385  51.468  -3.254  38.918 0.0000000000
60435  41.566  -3.865  36.523 0.0000000000
59178  43.424  -4.940  36.938 0.0000000000
59156  41.802  -4.507  38.470 0.0000000000
125181  31.976  -8.125  36.497 0.0000000000
140463  33.330  -8.354  36.833 0.0000000000
52172  32.686  -10.228  37.796 0.0000000000
140430  28.069  -11.493  44.248 0.0000000000
51114  27.225  -11.338  42.094 0.0000000000
50005  29.845  -12.109  42.381 0.0000000000
67206  47.667  2.269  32.483 0.0000000000
66166  46.667  1.807  30.495 0.0000000000
65060  48.073  1.584  32.420 0.0000000000
63885  49.778  0.009  34.611 0.0000000000
63914  53.212  -1.035  30.854 0.0000000000
63926  51.796  -0.904  30.604 0.0000000000
59263  49.569  -4.399  32.426 0.0000000000
62835  48.917  -1.765  31.379 0.0000000000
56541  29.345  -6.560  49.603 0.0000000000
54099  29.883  -8.803  49.555 0.0000000000
55248  31.643  -7.333  50.593 0.0000000000
133920  24.775  -7.492  60.783 0.0000000000
53986  25.907  -7.717  60.720 0.0000000000
53969  25.265  -7.927  61.779 0.0000000000
67149  48.112  2.415  35.453 0.0000000000
64984  49.893  1.064  37.086 0.0000000000
63852  48.857  0.117  36.445 0.0000000000
135748  48.792  -3.065  36.611 0.0000000000
59155  47.816  -4.920  38.067 0.0000000000
60373  39.060  -2.438  39.625 0.0000000000
60356  40.286  -2.704  40.527 0.0000000000
59121  39.677  -3.093  40.750 0.0000000000
53199  28.044  -9.126  37.742 0.0000000000
49988  31.326  -12.408  43.028 0.0000000000
55080  19.080  -7.720  66.331 0.0000000000
53946  22.350  -8.700  65.613 0.0000000000
53934  20.731  -8.942  67.410 0.0000000000
61639  39.032  -2.237  37.430 0.0000000000
60390  38.076  -3.026  38.629 0.0000000000
57946  37.898  -5.513  37.893 0.0000000000
55386  37.637  -7.638  38.092 0.0000000000
54143  26.794  -8.179  44.445 0.0000000000
51074  27.465  -10.851  45.881 0.0000000000
51072  29.279  -11.499  45.653 0.0000000000
52040  30.027  -9.860  49.152 0.0000000000
51048  31.358  -10.791  46.822 0.0000000000
57728  30.058  -4.877  54.353 0.0000000000
56438  29.991  -5.551  56.122 0.0000000000
56459  28.140  -5.888  55.638 0.0000000000
55153  26.729  -6.538  56.340 0.0000000000
55156  24.368  -7.375  57.152 0.0000000000
55169  22.042  -6.744  55.371 0.0000000000
55157  21.970  -7.122  56.823 0.0000000000
131073  23.858  -7.432  58.449 0.0000000000
55117  21.724  -7.645  59.787 0.0000000000
55100  20.662  -7.862  61.496 0.0000000000
55095  18.896  -7.010  63.157 0.0000000000
56567  26.789  -6.152  47.354 0.0000000000
56557  25.260  -6.233  48.394 0.0000000000
56543  27.846  -6.526  48.778 0.0000000000
136296  27.979  -6.413  50.919 0.0000000000
57757  29.227  -5.607  52.152 0.0000000000
127038  54.838  0.710  39.342 0.0000000000
62754  51.394  -0.693  37.790 0.0000000000
59225  45.022  -4.149  35.739 0.0000000000
57942  45.370  -5.371  37.385 0.0000000000
57906  45.943  -5.527  39.697 0.0000000000
59119  41.966  -3.680  41.027 0.0000000000
57870  44.099  -4.567  42.220 0.0000000000
56681  34.386  -6.148  36.127 0.0000000000
55399  35.695  -7.703  37.352 0.0000000000
135608  36.289  -9.493  38.672 0.0000000000
52142  27.208  -10.366  39.283 0.0000000000
51186  29.633  -11.239  38.561 0.0000000000
48891  30.815  -13.032  41.392 0.0000000000
50052  31.347  -12.745  39.150 0.0000000000
51183  32.277  -11.620  38.401 0.0000000000
51182  34.156  -11.762  38.600 0.0000000000
51165  35.580  -11.667  39.251 0.0000000000
65077  48.916  0.179  29.308 0.0000000000
62812  48.249  -1.530  33.142 0.0000000000
62780  51.396  -1.451  35.848 0.0000000000
58955  33.253  -4.372  53.692 0.0000000000
53961  20.178  -8.197  63.655 0.0000000000
53959  22.301  -8.317  63.553 0.0000000000
53954  21.137  -8.431  64.271 0.0000000000
54206  39.360  -8.450  39.248 0.0000000000
54205  40.096  -8.200  39.533 0.0000000000
56331  21.075  -6.420  70.176 0.0000000000
55274  28.071  -7.169  47.563 0.0000000000
54120  27.624  -8.212  47.558 0.0000000000
54111  28.135  -7.742  48.041 0.0000000000
55221  24.275  -7.481  52.507 0.0000000000
55200  25.206  -7.407  53.367 0.0000000000
55222  23.378  -7.190  52.831 0.0000000000
143503  23.686  -6.693  50.545 0.0000000000
55236  24.424  -7.425  51.511 0.0000000000
55220  25.220  -7.482  52.192 0.0000000000
55140  27.051  -6.853  59.209 0.0000000000
53997  27.207  -7.013  59.494 0.0000000000
67128  51.219  2.526  36.134 0.0000000000
67129  50.315  2.486  36.260 0.0000000000
59138  48.751  -4.657  39.244 0.0000000000
59137  49.469  -4.405  39.492 0.0000000000
60408  40.599  -3.431  37.340 0.0000000000
139186  41.575  -4.257  37.544 0.0000000000
59157  41.068  -3.892  38.503 0.0000000000
53213  29.979  -8.996  36.807 0.0000000000
53212  30.975  -9.124  36.879 0.0000000000
54251  31.988  -8.853  36.809 0.0000000000
52173  31.856  -10.072  37.565 0.0000000000
51083  29.204  -11.657  43.989 0.0000000000
51097  28.427  -11.637  43.396 0.0000000000
51096  29.568  -11.815  43.118 0.0000000000
67192  48.696  2.366  33.380 0.0000000000
66157  48.248  2.083  32.521 0.0000000000
66155  49.494  2.112  33.519 0.0000000000
65037  49.532  1.973  33.426 0.0000000000
66173  52.647  0.271  29.850 0.0000000000
65075  51.726  0.088  29.773 0.0000000000
63927  51.002  -0.945  30.530 0.0000000000
65076  50.043  -0.183  29.604 0.0000000000
56529  29.700  -6.065  50.452 0.0000000000
56540  30.001  -6.634  49.848 0.0000000000
56528  30.506  -6.158  50.487 0.0000000000
55105  23.950  -7.497  61.230 0.0000000000
149355  25.098  -7.680  61.516 0.0000000000
55097  24.660  -7.792  62.219 0.0000000000
52918  23.678  -8.508  63.460 0.0000000000
52922  24.246  -8.429  62.670 0.0000000000
67150  47.151  2.252  35.484 0.0000000000
66110  47.932  1.658  36.326 0.0000000000
61655  47.365  -2.440  35.662 0.0000000000
61654  47.932  -1.978  35.768 0.0000000000
60431  48.167  -3.769  36.650 0.0000000000
59175  48.272  -4.411  37.420 0.0000000000
59176  47.511  -4.772  37.362 0.0000000000
143420  38.876  -2.959  39.757 0.0000000000
59122  39.395  -2.714  40.193 0.0000000000
59141  39.319  -3.900  39.838 0.0000000000
67194  46.701  2.462  33.331 0.0000000000
53935  19.711  -8.262  67.036 0.0000000000
143708  19.563  -7.646  67.652 0.0000000000
61640  38.236  -1.883  37.399 0.0000000000
61601  38.386  -2.308  38.719 0.0000000000
144918  37.519  -2.650  37.763 0.0000000000
57948  36.673  -5.480  37.069 0.0000000000
57947  37.351  -5.358  37.524 0.0000000000
56665  37.462  -6.224  37.607 0.0000000000
56654  37.893  -6.936  37.892 0.0000000000
55398  37.035  -7.122  37.561 0.0000000000
55296  27.050  -7.253  44.951 0.0000000000
53083  27.298  -9.891  46.893 0.0000000000
52070  27.102  -10.239  46.234 0.0000000000
52069  27.623  -10.546  46.636 0.0000000000
51073  28.260  -11.355  45.781 0.0000000000
51060  28.703  -11.333  46.447 0.0000000000
53058  30.698  -9.299  49.640 0.0000000000
53059  29.269  -9.206  49.153 0.0000000000
52039  31.150  -10.012  49.207 0.0000000000
145692  33.002  -10.199  47.478 0.0000000000
51057  32.202  -10.766  45.806 0.0000000000
56479  28.651  -5.579  54.220 0.0000000000
57712  29.644  -5.147  55.045 0.0000000000
56480  27.953  -5.971  54.577 0.0000000000
133167  25.666  -7.050  55.226 0.0000000000
55166  25.648  -7.028  56.339 0.0000000000
55155  25.674  -7.044  57.577 0.0000000000
55167  24.511  -7.379  56.190 0.0000000000
56442  22.160  -6.573  54.690 0.0000000000
56413  20.593  -6.428  57.585 0.0000000000
56412  21.135  -6.561  56.804 0.0000000000
55144  21.397  -7.058  57.551 0.0000000000
55143  22.567  -7.420  57.800 0.0000000000
55131  21.677  -7.395  58.449 0.0000000000
134365  22.123  -7.559  59.215 0.0000000000
137105  21.369  -7.480  59.110 0.0000000000
55093  20.013  -7.862  62.168 0.0000000000
132474  27.051  -6.072  46.645 0.0000000000
57790  26.246  -5.544  46.893 0.0000000000
55266  24.798  -7.102  49.860 0.0000000000
56545  25.189  -6.653  49.127 0.0000000000
130581  26.172  -6.358  48.304 0.0000000000
145856  26.971  -6.642  49.426 0.0000000000
56531  27.936  -6.459  49.757 0.0000000000
56532  27.000  -6.774  50.371 0.0000000000
127382  26.916  -6.751  52.502 0.0000000000
56517  27.736  -6.429  52.083 0.0000000000
56496  28.483  -5.912  52.810 0.0000000000
57729  29.274  -5.359  53.588 0.0000000000
56439  29.555  -5.911  56.576 0.0000000000
52905  22.922  -9.167  66.745 0.0000000000
53938  23.201  -8.980  66.087 0.0000000000
66106  54.175  2.361  36.411 0.0000000000
66077  53.243  1.922  38.342 0.0000000000
66076  54.005  1.943  38.485 0.0000000000
64961  53.992  0.697  39.038 0.0000000000
62733  53.685  -1.083  39.227 0.0000000000
62756  49.967  -0.985  36.922 0.0000000000
63841  51.047  0.252  37.616 0.0000000000
62755  50.709  -1.420  37.455 0.0000000000
61591  52.181  -2.833  39.069 0.0000000000
57927  44.005  -5.459  38.274 0.0000000000
57943  44.655  -5.333  37.275 0.0000000000
128140  44.350  -5.506  38.729 0.0000000000
129833  45.989  -5.541  38.891 0.0000000000
147239  45.106  -5.518  39.804 0.0000000000
127774  40.310  -2.663  41.478 0.0000000000
133459  40.846  -2.713  41.341 0.0000000000
60344  40.803  -2.582  42.237 0.0000000000
56699  33.434  -5.997  35.692 0.0000000000
136319  34.140  -9.222  37.658 0.0000000000
55400  34.902  -7.919  37.109 0.0000000000
53192  34.826  -9.235  37.893 0.0000000000
54229  36.347  -8.705  38.179 0.0000000000
134024  35.657  -9.829  38.642 0.0000000000
54154  26.624  -8.869  43.115 0.0000000000
53136  26.367  -9.802  41.968 0.0000000000
51129  28.093  -11.717  40.865 0.0000000000
51150  27.283  -11.221  40.582 0.0000000000
51149  28.404  -11.616  40.076 0.0000000000
52141  28.009  -10.773  38.937 0.0000000000
51148  29.216  -11.749  39.686 0.0000000000
50004  30.817  -12.621  42.287 0.0000000000
48941  32.138  -13.038  38.900 0.0000000000
50068  31.745  -12.291  38.665 0.0000000000
50067  32.604  -12.439  38.597 0.0000000000
134259  33.192  -11.710  38.462 0.0000000000
50066  33.476  -12.528  38.616 0.0000000000
66165  47.133  1.150  30.461 0.0000000000
63919  47.775  -0.253  30.480 0.0000000000
63910  48.018  -1.017  31.268 0.0000000000
145437  47.672  -0.446  31.280 0.0000000000
131085  51.213  0.813  35.235 0.0000000000
62802  50.194  -0.797  35.108 0.0000000000
63863  51.823  0.628  35.622 0.0000000000
62764  52.695  -0.981  36.448 0.0000000000
62833  51.330  -1.548  30.613 0.0000000000
130890  49.534  -4.055  33.211 0.0000000000
59222  51.509  -4.777  35.206 0.0000000000
133632  51.409  -4.029  35.725 0.0000000000
127400  30.758  -5.125  52.005 0.0000000000
56514  31.040  -5.742  51.050 0.0000000000
57744  32.337  -4.681  52.657 0.0000000000
53973  21.693  -8.077  62.250 0.0000000000
53971  23.962  -7.787  62.775 0.0000000000
131684  22.964  -8.103  63.118 0.0000000000
127963  23.273  -8.466  63.880 0.0000000000
52913  23.547  -8.841  64.387 0.0000000000
63866  46.589  -0.753  35.778 0.0000000000
125242  46.290  -2.155  35.499 0.0000000000
56641  39.573  -6.333  38.926 0.0000000000
57910  39.792  -5.421  39.538 0.0000000000
56640  40.218  -6.501  39.436 0.0000000000
55366  40.532  -7.447  39.633 0.0000000000
55073  19.939  -7.312  68.471 0.0000000000
55069  20.770  -6.975  69.553 0.0000000000
149909  21.099  -6.973  69.957 0.0000000000
61622  37.215  -2.357  37.358 0.0000000000
57965  35.965  -5.303  36.624 0.0000000000
55289  27.141  -7.439  46.057 0.0000000000
141961  27.273  -7.973  46.913 0.0000000000
53075  27.630  -9.345  47.546 0.0000000000
53074  28.250  -9.680  48.050 0.0000000000
56498  27.000  -6.576  53.623 0.0000000000
55199  26.263  -6.883  53.972 0.0000000000
55180  24.844  -7.413  54.310 0.0000000000
125324  23.941  -7.515  54.400 0.0000000000
56389  20.141  -6.965  59.171 0.0000000000
56401  19.739  -6.117  58.858 0.0000000000
56533  24.126  -6.949  50.184 0.0000000000
55251  25.347  -7.299  50.312 0.0000000000
55250  26.106  -7.230  50.814 0.0000000000
55235  25.281  -7.449  51.187 0.0000000000
55234  26.087  -7.265  51.812 0.0000000000
56410  28.347  -6.820  58.551 0.0000000000
66127  51.990  2.216  35.481 0.0000000000
67126  52.903  2.499  36.160 0.0000000000
67127  52.053  2.548  36.081 0.0000000000
66089  51.965  2.216  37.569 0.0000000000
64971  52.075  1.014  38.240 0.0000000000
60406  50.296  -3.291  37.935 0.0000000000
61600  51.040  -2.875  38.236 0.0000000000
60386  50.554  -3.675  38.783 0.0000000000
59136  50.217  -4.136  39.623 0.0000000000
59227  43.288  -4.098  35.807 0.0000000000
59201  42.947  -4.474  36.393 0.0000000000
57944  43.068  -5.117  37.692 0.0000000000
57909  42.801  -5.000  39.421 0.0000000000
60329  41.184  -2.609  43.122 0.0000000000
55433  32.027  -6.940  35.821 0.0000000000
55415  33.313  -7.637  36.456 0.0000000000
54277  32.653  -8.254  36.635 0.0000000000
54250  32.911  -8.894  37.081 0.0000000000
53179  34.233  -9.772  38.064 0.0000000000
51086  26.857  -10.924  43.678 0.0000000000
51099  26.668  -10.718  43.090 0.0000000000
126426  27.778  -11.551  42.757 0.0000000000
51113  28.142  -11.759  41.835 0.0000000000
50020  28.781  -11.997  41.288 0.0000000000
67230  46.160  2.528  30.793 0.0000000000
67241  46.375  2.238  29.947 0.0000000000
147321  46.629  2.117  31.166 0.0000000000
66160  47.074  1.516  31.195 0.0000000000
63899  47.621  0.303  32.234 0.0000000000
63887  48.277  -0.522  33.348 0.0000000000
65038  48.779  0.808  33.488 0.0000000000
65036  50.248  1.055  34.528 0.0000000000
126472  53.342  0.017  30.386 0.0000000000
63925  52.665  -1.042  30.839 0.0000000000
148138  49.918  -2.478  31.035 0.0000000000
62834  49.907  -2.222  31.161 0.0000000000
62827  49.113  -2.403  31.765 0.0000000000
61698  48.778  -2.478  32.375 0.0000000000
128363  28.889  -6.879  48.607 0.0000000000
55263  29.081  -7.091  48.686 0.0000000000
55262  29.555  -7.001  49.206 0.0000000000
54098  30.627  -8.322  49.958 0.0000000000
54089  31.246  -8.050  50.327 0.0000000000
55129  24.748  -7.390  59.503 0.0000000000
53985  25.964  -7.537  60.203 0.0000000000
132372  25.591  -7.541  60.462 0.0000000000
53976  25.551  -7.703  61.072 0.0000000000
53963  24.907  -7.961  62.483 0.0000000000
52927  24.402  -8.567  61.877 0.0000000000
67170  48.921  2.491  34.314 0.0000000000
67130  49.328  2.292  36.508 0.0000000000
66109  48.749  1.864  36.687 0.0000000000
64996  49.161  1.067  36.739 0.0000000000
138289  49.237  -0.584  36.545 0.0000000000
62783  47.954  -1.064  35.809 0.0000000000
61636  48.647  -2.210  36.280 0.0000000000
60430  49.374  -3.136  37.048 0.0000000000
59174  49.089  -4.147  37.889 0.0000000000
59154  48.562  -4.600  38.365 0.0000000000
57904  47.469  -5.269  39.552 0.0000000000
60389  39.188  -2.255  38.984 0.0000000000
60371  40.170  -2.881  39.292 0.0000000000
60372  39.571  -2.554  40.082 0.0000000000
60357  39.836  -2.590  40.847 0.0000000000
59106  40.148  -2.785  41.426 0.0000000000
57890  40.558  -5.327  40.528 0.0000000000
57873  40.980  -4.931  41.406 0.0000000000
127738  40.986  -3.947  42.414 0.0000000000
53197  29.432  -9.494  37.296 0.0000000000
51095  31.495  -11.935  43.469 0.0000000000
67220  45.634  2.874  31.492 0.0000000000
67207  46.571  2.435  32.381 0.0000000000
67193  47.766  2.465  33.396 0.0000000000
68357  54.389  3.292  28.822 0.0000000000
68358  53.559  3.370  28.624 0.0000000000
55084  19.160  -7.858  65.479 0.0000000000
53947  21.045  -8.582  65.042 0.0000000000
53941  19.766  -8.438  66.091 0.0000000000
53940  21.541  -9.130  66.843 0.0000000000
142396  22.370  -9.296  67.214 0.0000000000
53929  21.278  -8.910  68.458 0.0000000000
60437  40.071  -2.867  36.877 0.0000000000
143828  39.723  -2.456  36.470 0.0000000000
60409  39.579  -2.601  37.906 0.0000000000
61619  38.826  -2.131  38.537 0.0000000000
147964  38.423  -2.530  39.002 0.0000000000
59160  38.351  -3.961  38.669 0.0000000000
60411  37.587  -3.390  37.881 0.0000000000
59161  37.859  -4.450  38.019 0.0000000000
57929  38.480  -5.127  38.441 0.0000000000
143626  38.459  -6.792  38.235 0.0000000000
55385  38.332  -7.408  38.317 0.0000000000
54207  38.283  -8.771  38.961 0.0000000000
53100  26.483  -9.811  44.250 0.0000000000
54128  26.725  -9.307  45.644 0.0000000000
52079  26.626  -10.007  45.131 0.0000000000
52085  26.729  -10.515  44.372 0.0000000000
130259  27.738  -11.268  45.090 0.0000000000
51084  28.740  -11.537  44.929 0.0000000000
131023  30.137  -11.533  44.579 0.0000000000
53065  28.623  -8.979  48.745 0.0000000000
52051  29.090  -9.985  48.541 0.0000000000
52060  29.487  -10.764  47.861 0.0000000000
52048  31.941  -10.266  48.534 0.0000000000
52059  30.505  -10.790  47.796 0.0000000000
51049  30.122  -11.194  47.112 0.0000000000
51059  29.704  -11.373  46.384 0.0000000000
51071  30.480  -11.349  45.421 0.0000000000
147703  31.361  -11.350  44.604 0.0000000000
57727  30.787  -4.746  54.656 0.0000000000
57711  30.367  -4.962  55.385 0.0000000000
56458  29.109  -5.497  55.775 0.0000000000
56440  28.729  -5.965  56.756 0.0000000000
56481  27.176  -6.385  54.729 0.0000000000
56460  27.471  -6.255  55.851 0.0000000000
56441  27.860  -6.309  56.874 0.0000000000
55154  26.776  -6.653  57.736 0.0000000000
55141  25.632  -7.143  58.608 0.0000000000
55203  22.807  -6.846  53.452 0.0000000000
143739  23.259  -7.305  54.531 0.0000000000
124496  22.761  -7.149  55.125 0.0000000000
55170  21.615  -6.634  56.010 0.0000000000
125310  22.425  -7.157  56.015 0.0000000000
55168  23.432  -7.413  56.063 0.0000000000
124892  23.137  -7.398  57.020 0.0000000000
55142  24.224  -7.396  57.945 0.0000000000
55130  23.133  -7.486  58.991 0.0000000000
55116  23.131  -7.562  60.034 0.0000000000
55106  22.397  -7.718  60.732 0.0000000000
55118  20.811  -7.463  59.503 0.0000000000
55107  21.004  -7.734  60.453 0.0000000000
55099  21.864  -7.898  61.446 0.0000000000
148053  20.813  -8.093  62.320 0.0000000000
53967  20.506  -8.146  62.889 0.0000000000
55089  19.364  -7.704  63.718 0.0000000000
55086  19.330  -7.874  64.565 0.0000000000
55085  18.655  -7.157  65.749 0.0000000000
56577  27.312  -6.628  46.374 0.0000000000
56566  27.473  -6.593  47.063 0.0000000000
55281  28.066  -6.911  47.594 0.0000000000
56568  25.753  -5.926  47.711 0.0000000000
56556  27.524  -6.504  47.867 0.0000000000
56555  28.416  -6.813  48.292 0.0000000000
56542  28.739  -6.574  49.116 0.0000000000
56530  28.846  -6.285  50.102 0.0000000000
56516  28.989  -5.968  51.048 0.0000000000
139284  28.478  -6.118  51.775 0.0000000000
56515  29.676  -5.662  51.273 0.0000000000
57745  30.657  -4.861  52.800 0.0000000000
129205  30.513  -4.752  53.745 0.0000000000
53953  22.342  -8.546  64.854 0.0000000000
52909  23.553  -8.948  64.841 0.0000000000
67108  54.416  2.702  37.021 0.0000000000
66091  50.165  1.890  37.333 0.0000000000
64982  51.396  1.069  37.845 0.0000000000
63831  52.401  0.252  38.379 0.0000000000
61599  51.757  -2.403  38.483 0.0000000000
61598  52.454  -1.914  38.668 0.0000000000
62734  53.099  -1.466  38.914 0.0000000000
61657  45.614  -2.617  35.449 0.0000000000
59224  45.734  -4.120  35.850 0.0000000000
59199  44.618  -4.641  36.183 0.0000000000
59198  45.431  -4.605  36.219 0.0000000000
59177  46.808  -4.868  36.913 0.0000000000
57924  46.491  -5.412  38.366 0.0000000000
57905  46.680  -5.443  39.215 0.0000000000
146029  46.819  -5.427  40.065 0.0000000000
59140  41.117  -3.722  39.348 0.0000000000
133524  42.219  -4.390  40.013 0.0000000000
57889  42.861  -4.730  40.278 0.0000000000
59104  42.221  -3.353  42.112 0.0000000000
59118  42.990  -4.395  41.195 0.0000000000
57888  43.673  -5.171  40.383 0.0000000000
57886  45.480  -5.490  40.467 0.0000000000
132710  45.920  -5.475  41.163 0.0000000000
138860  35.372  -5.030  36.359 0.0000000000
56680  36.036  -6.109  36.743 0.0000000000
55414  34.403  -7.229  36.547 0.0000000000
55413  35.288  -7.295  36.883 0.0000000000
56667  36.075  -6.967  37.089 0.0000000000
54228  36.890  -8.014  37.905 0.0000000000
147454  36.970  -8.505  38.308 0.0000000000
53162  37.644  -9.455  39.254 0.0000000000
52115  26.506  -10.385  41.402 0.0000000000
52162  27.698  -10.084  38.537 0.0000000000
52161  28.439  -10.395  38.310 0.0000000000
52159  30.117  -10.827  38.067 0.0000000000
49989  30.637  -12.097  42.947 0.0000000000
133217  30.032  -12.412  41.654 0.0000000000
50035  30.076  -12.528  40.809 0.0000000000
48910  30.792  -13.105  40.548 0.0000000000
50054  29.897  -12.246  39.959 0.0000000000
51166  29.989  -11.839  39.113 0.0000000000
51185  30.495  -11.436  38.480 0.0000000000
140971  31.294  -10.440  37.702 0.0000000000
52157  31.920  -10.836  38.019 0.0000000000
140185  33.776  -11.012  38.435 0.0000000000
52155  34.471  -10.481  38.461 0.0000000000
50065  34.290  -12.717  38.780 0.0000000000
51181  34.962  -11.183  38.770 0.0000000000
52154  35.337  -10.385  38.746 0.0000000000
52153  36.123  -10.189  39.094 0.0000000000
67248  51.418  2.549  28.530 0.0000000000
128348  51.017  1.721  28.614 0.0000000000
63928  49.186  -0.695  29.972 0.0000000000
62828  48.373  -1.673  31.967 0.0000000000
61682  49.011  -2.903  34.059 0.0000000000
62804  48.613  -1.373  33.902 0.0000000000
62782  49.778  -1.905  35.015 0.0000000000
61652  50.333  -2.701  35.391 0.0000000000
61634  51.950  -2.681  36.350 0.0000000000
58926  32.446  -4.522  54.298 0.0000000000
55237  23.654  -7.174  51.817 0.0000000000
55127  26.597  -7.098  59.821 0.0000000000
67147  50.060  2.491  35.291 0.0000000000
57903  48.218  -4.973  39.826 0.0000000000
59117  48.920  -4.672  40.073 0.0000000000
57884  48.415  -4.938  40.507 0.0000000000
59158  40.631  -3.560  38.174 0.0000000000
149292  30.497  -8.491  36.590 0.0000000000
53195  31.676  -9.480  37.214 0.0000000000
139991  31.128  -9.858  37.390 0.0000000000
66179  52.545  1.429  29.096 0.0000000000
66180  51.739  1.050  29.111 0.0000000000
129656  51.034  -0.231  29.824 0.0000000000
66130  47.487  1.989  36.144 0.0000000000
60456  47.056  -3.075  35.698 0.0000000000
61637  47.931  -2.948  36.048 0.0000000000
60432  47.339  -3.704  36.228 0.0000000000
59196  47.534  -4.375  36.778 0.0000000000
59159  38.769  -4.013  39.152 0.0000000000
55076  19.032  -7.448  67.072 0.0000000000
62769  38.120  -1.595  36.623 0.0000000000
61641  37.584  -1.831  37.190 0.0000000000
61621  37.771  -2.076  37.823 0.0000000000
147549  37.046  -5.873  37.358 0.0000000000
52062  27.862  -10.214  47.343 0.0000000000
51061  27.992  -11.058  46.388 0.0000000000
51050  29.102  -11.205  47.163 0.0000000000
54097  31.390  -8.849  50.051 0.0000000000
53057  31.560  -9.557  49.601 0.0000000000
55181  24.667  -7.391  55.229 0.0000000000
55132  20.815  -7.230  58.761 0.0000000000
55265  25.437  -7.050  49.675 0.0000000000
56544  26.066  -6.737  49.187 0.0000000000
56423  28.856  -6.445  57.300 0.0000000000
52904  23.199  -9.478  66.876 0.0000000000
64995  53.177  1.773  35.986 0.0000000000
64970  52.874  0.985  38.514 0.0000000000
64969  53.618  1.223  38.722 0.0000000000
139165  53.445  0.613  38.745 0.0000000000
63822  53.689  -0.034  39.008 0.0000000000
134482  43.574  -5.381  38.884 0.0000000000
57907  45.155  -5.553  38.976 0.0000000000
57908  44.277  -5.466  39.533 0.0000000000
53177  35.586  -9.277  38.245 0.0000000000
53109  26.462  -9.639  43.439 0.0000000000
53123  26.468  -9.492  42.739 0.0000000000
52102  26.431  -10.173  42.861 0.0000000000
147436  27.839  -11.474  40.308 0.0000000000
48928  32.528  -13.707  39.345 0.0000000000
48940  32.972  -13.186  38.805 0.0000000000
48939  33.708  -13.206  38.829 0.0000000000
65063  47.387  0.431  30.970 0.0000000000
65066  47.408  0.588  30.116 0.0000000000
63930  47.742  0.242  29.819 0.0000000000
136819  52.677  0.461  36.138 0.0000000000
61704  50.476  -2.225  30.736 0.0000000000
62839  52.115  -1.340  30.453 0.0000000000
60502  49.527  -3.456  29.808 0.0000000000
59246  49.764  -4.205  33.916 0.0000000000
59245  50.366  -4.661  34.337 0.0000000000
59223  50.764  -4.423  35.077 0.0000000000
60454  50.572  -3.655  35.378 0.0000000000
126140  31.266  -5.226  51.800 0.0000000000
143390  22.329  -8.420  64.153 0.0000000000
53958  23.494  -8.612  63.850 0.0000000000
53951  23.471  -8.764  64.348 0.0000000000
149632  46.255  -1.428  35.596 0.0000000000
56335  19.893  -6.451  68.867 0.0000000000
56330  21.149  -6.837  70.497 0.0000000000
55201  24.112  -7.522  53.506 0.0000000000
55253  23.884  -7.137  50.935 0.0000000000
55138  28.166  -6.911  59.016 0.0000000000
66128  51.229  2.160  34.938 0.0000000000
67145  51.732  2.331  35.489 0.0000000000
67110  50.597  2.337  37.049 0.0000000000
67109  51.473  2.480  36.967 0.0000000000
139744  51.788  1.631  37.921 0.0000000000
60387  49.775  -3.883  38.302 0.0000000000
59152  49.876  -4.131  38.953 0.0000000000
60434  42.381  -4.042  35.973 0.0000000000
145729  42.203  -4.325  36.648 0.0000000000
57945  42.353  -4.794  37.869 0.0000000000
57928  42.715  -5.054  38.524 0.0000000000
55417  31.550  -7.595  36.246 0.0000000000
55416  32.388  -7.603  36.292 0.0000000000
53194  32.413  -9.512  37.357 0.0000000000
53193  33.388  -9.553  37.619 0.0000000000
140072  27.478  -11.343  43.583 0.0000000000
51112  28.800  -11.822  42.559 0.0000000000
50006  29.167  -12.054  41.833 0.0000000000
145146  47.084  2.147  31.781 0.0000000000
65053  48.829  2.078  32.937 0.0000000000
143018  47.661  1.907  32.031 0.0000000000
65061  47.419  0.955  31.745 0.0000000000
65054  48.078  0.489  32.834 0.0000000000
145888  48.717  1.678  32.954 0.0000000000
138402  50.320  1.952  34.088 0.0000000000
148334  50.726  2.072  34.499 0.0000000000
136903  50.904  1.669  34.691 0.0000000000
128748  52.406  -0.563  30.432 0.0000000000
65074  52.796  -0.693  30.842 0.0000000000
146526  51.506  -1.371  30.730 0.0000000000
63915  51.922  -1.238  30.629 0.0000000000
63916  50.950  -1.653  30.824 0.0000000000
135992  50.254  -1.074  30.458 0.0000000000
63917  49.792  -1.613  30.872 0.0000000000
146087  29.157  -6.783  48.989 0.0000000000
55249  30.755  -7.147  50.168 0.0000000000
55115  24.296  -7.427  59.943 0.0000000000
55104  25.707  -7.646  61.151 0.0000000000
52934  25.414  -8.178  60.857 0.0000000000
53977  25.321  -8.017  61.656 0.0000000000
55092  24.627  -7.955  62.759 0.0000000000
66129  48.411  2.163  36.288 0.0000000000
64997  48.379  0.952  36.482 0.0000000000
63854  47.594  0.641  36.226 0.0000000000
62767  48.468  -1.489  36.087 0.0000000000
61635  49.477  -2.251  36.801 0.0000000000
131732  48.894  -3.724  37.183 0.0000000000
57922  48.036  -4.984  38.960 0.0000000000
145728  39.438  -2.443  39.395 0.0000000000
57874  40.128  -3.801  41.153 0.0000000000
127088  40.324  -5.705  39.883 0.0000000000
59105  40.450  -3.279  42.012 0.0000000000
53198  28.636  -9.288  37.468 0.0000000000
54252  29.149  -8.767  36.957 0.0000000000
67208  45.645  2.678  32.228 0.0000000000
67219  46.285  2.446  31.587 0.0000000000
67171  47.932  2.504  34.376 0.0000000000
53948  19.971  -8.458  65.226 0.0000000000
137231  20.435  -8.799  66.630 0.0000000000
52891  21.906  -9.358  67.719 0.0000000000
53930  20.326  -8.196  68.026 0.0000000000
60436  40.906  -3.307  36.324 0.0000000000
61638  40.428  -2.772  36.077 0.0000000000
62768  39.022  -1.938  36.402 0.0000000000
60410  37.897  -2.431  38.283 0.0000000000
56653  38.196  -6.166  38.055 0.0000000000
56652  38.842  -6.163  38.501 0.0000000000
131933  38.139  -8.022  38.470 0.0000000000
54144  26.592  -8.967  43.952 0.0000000000
54137  26.603  -9.132  44.822 0.0000000000
54127  26.946  -8.616  46.251 0.0000000000
141705  26.950  -10.362  45.652 0.0000000000
147515  26.766  -9.946  45.827 0.0000000000
52084  27.053  -10.710  45.104 0.0000000000
54100  29.196  -8.135  49.208 0.0000000000
52050  29.898  -10.447  48.467 0.0000000000
52058  31.709  -10.518  47.636 0.0000000000
51058  30.938  -11.102  46.104 0.0000000000
133295  31.753  -11.127  45.168 0.0000000000
55179  26.449  -6.647  55.020 0.0000000000
56425  27.719  -6.510  57.722 0.0000000000
55183  22.737  -6.960  54.241 0.0000000000
56426  20.956  -5.934  56.094 0.0000000000
147977  23.402  -7.447  57.736 0.0000000000
144820  20.092  -7.507  60.701 0.0000000000
56369  19.313  -7.264  62.235 0.0000000000
55094  19.631  -7.771  62.929 0.0000000000
55090  18.807  -7.142  64.139 0.0000000000
140492  18.539  -6.614  64.577 0.0000000000
55087  18.710  -7.220  64.959 0.0000000000
56357  18.443  -6.534  65.242 0.0000000000
57782  24.843  -5.652  48.110 0.0000000000
132178  26.911  -6.502  48.667 0.0000000000
57756  30.075  -5.303  51.982 0.0000000000
56437  30.326  -5.267  55.646 0.0000000000
53999  26.018  -7.750  60.124 0.0000000000
52910  23.337  -9.030  65.626 0.0000000000
53945  23.285  -8.817  65.286 0.0000000000
52914  23.540  -9.006  64.895 0.0000000000
51875  23.204  -9.400  65.365 0.0000000000
67125  53.841  2.482  36.475 0.0000000000
64968  54.380  1.387  38.899 0.0000000000
66108  49.463  1.889  37.050 0.0000000000
67111  49.878  2.190  37.011 0.0000000000
63832  51.741  0.287  38.044 0.0000000000
147007  52.021  -0.388  38.218 0.0000000000
128003  44.988  -2.969  35.393 0.0000000000
125491  44.880  -2.285  35.439 0.0000000000
60457  45.546  -3.464  35.560 0.0000000000
59200  43.782  -4.596  36.244 0.0000000000
57964  44.240  -5.063  36.773 0.0000000000
57963  45.043  -5.086  36.711 0.0000000000
57962  45.881  -5.038  36.775 0.0000000000
57941  46.234  -5.308  37.522 0.0000000000
59120  41.389  -3.600  40.233 0.0000000000
59103  43.236  -4.057  42.154 0.0000000000
57871  43.913  -4.933  41.281 0.0000000000
57887  44.573  -5.390  40.449 0.0000000000
132341  44.900  -5.276  41.396 0.0000000000
57967  34.731  -5.219  36.076 0.0000000000
57966  35.295  -5.753  36.420 0.0000000000
134477  35.263  -6.598  36.601 0.0000000000
54276  34.041  -8.117  36.895 0.0000000000
135185  36.373  -7.569  37.515 0.0000000000
54247  36.161  -8.108  37.695 0.0000000000
53176  37.150  -9.035  38.680 0.0000000000
53163  36.898  -9.835  39.249 0.0000000000
133903  26.609  -10.728  42.252 0.0000000000
51131  26.842  -11.006  41.358 0.0000000000
52128  26.993  -10.732  39.962 0.0000000000
52129  26.652  -10.470  40.558 0.0000000000
52143  26.695  -10.202  39.820 0.0000000000
53165  26.772  -9.685  39.387 0.0000000000
51187  28.818  -11.019  38.681 0.0000000000
52160  29.260  -10.631  38.156 0.0000000000
48929  31.017  -13.045  39.798 0.0000000000
48909  31.374  -13.626  40.229 0.0000000000
48930  30.464  -12.685  40.114 0.0000000000
50053  30.595  -12.455  39.465 0.0000000000
50069  30.901  -12.102  38.812 0.0000000000
51184  31.376  -11.543  38.406 0.0000000000
52158  30.972  -10.945  38.012 0.0000000000
130262  32.907  -10.936  38.237 0.0000000000
149758  34.348  -11.075  38.568 0.0000000000
48926  34.331  -13.547  39.128 0.0000000000
50051  35.000  -12.943  39.118 0.0000000000
50064  34.937  -12.138  38.859 0.0000000000
52140  35.761  -10.873  39.234 0.0000000000
68359  52.703  3.371  28.537 0.0000000000
67240  46.869  2.177  29.306 0.0000000000
150281  49.280  1.286  28.654 0.0000000000
66181  49.976  1.601  28.594 0.0000000000
65087  49.552  0.755  28.879 0.0000000000
62819  48.203  -1.593  32.525 0.0000000000
61691  48.513  -2.308  33.012 0.0000000000
61683  48.641  -2.240  33.635 0.0000000000
63886  48.925  -0.243  34.100 0.0000000000
62781  50.640  -1.584  35.490 0.0000000000
137206  51.029  -2.194  35.752 0.0000000000
150234  51.503  -2.214  36.081 0.0000000000
62765  52.014  -1.693  36.285 0.0000000000
63912  53.916  -0.658  30.452 0.0000000000
63913  53.498  -0.953  30.717 0.0000000000
60500  49.479  -3.545  31.481 0.0000000000
58956  32.408  -4.423  53.582 0.0000000000
53960  21.269  -8.332  63.552 0.0000000000
54227  38.868  -7.912  38.677 0.0000000000
147243  27.663  -7.531  47.272 0.0000000000
55139  27.769  -6.994  59.339 0.0000000000
67146  50.994  2.395  35.220 0.0000000000
54278  31.267  -8.329  36.528 0.0000000000
67205  48.393  2.225  32.794 0.0000000000
66147  50.032  2.054  33.870 0.0000000000
56527  31.295  -6.358  50.738 0.0000000000
53964  24.605  -8.023  62.792 0.0000000000
63853  48.156  -0.105  36.048 0.0000000000
142065  47.080  -1.598  35.603 0.0000000000
57891  39.905  -4.484  40.299 0.0000000000
56629  41.261  -6.338  40.562 0.0000000000
67172  46.865  2.413  34.413 0.0000000000
61620  38.299  -2.045  38.178 0.0000000000
59180  37.067  -4.402  37.356 0.0000000000
54136  26.832  -8.322  45.376 0.0000000000
56443  21.525  -6.137  55.198 0.0000000000
55101  19.721  -7.451  61.459 0.0000000000
57746  29.932  -5.178  53.063 0.0000000000
53939  22.338  -8.903  66.256 0.0000000000
67100  53.827  2.420  37.860 0.0000000000
150112  54.292  0.114  39.293 0.0000000000
128889  54.252  -0.686  39.419 0.0000000000
63842  50.313  0.176  37.210 0.0000000000
138056  50.696  -0.525  37.395 0.0000000000
60370  51.080  -3.757  39.730 0.0000000000
60458  44.630  -3.543  35.516 0.0000000000
130600  43.928  -5.328  37.581 0.0000000000
57926  44.724  -5.502  38.049 0.0000000000
57925  45.659  -5.508  38.189 0.0000000000
60343  41.323  -2.769  41.971 0.0000000000
57985  33.947  -5.333  35.718 0.0000000000
54249  33.711  -8.788  37.291 0.0000000000
54248  34.505  -8.634  37.437 0.0000000000
53191  35.440  -8.527  37.670 0.0000000000
51130  27.462  -11.446  41.352 0.0000000000
51168  27.671  -11.160  39.745 0.0000000000
51167  28.528  -11.340  39.318 0.0000000000
145687  29.226  -11.468  39.028 0.0000000000
48875  31.213  -13.234  42.077 0.0000000000
66174  46.993  1.432  29.844 0.0000000000
65078  48.131  0.510  29.338 0.0000000000
63929  48.270  -0.223  29.819 0.0000000000
62820  47.745  -0.989  31.913 0.0000000000
63864  50.591  0.381  34.990 0.0000000000
126763  51.130  -0.400  35.494 0.0000000000
63851  51.945  -0.592  36.012 0.0000000000
62832  52.848  -1.077  30.780 0.0000000000
62831  53.319  -1.031  30.757 0.0000000000
62840  51.133  -2.003  30.295 0.0000000000
59255  49.781  -4.654  33.219 0.0000000000
59254  50.103  -4.802  33.730 0.0000000000
53972  22.731  -7.912  62.277 0.0000000000
52919  23.529  -9.087  64.243 0.0000000000
65016  46.818  0.171  36.106 0.0000000000
61656  46.823  -2.467  35.552 0.0000000000
60433  46.457  -3.737  35.853 0.0000000000
140739  19.099  -7.021  67.750 0.0000000000
148778  19.462  -6.824  68.284 0.0000000000
56332  20.613  -6.175  69.637 0.0000000000
55068  21.426  -7.546  70.130 0.0000000000
59202  36.434  -4.758  36.830 0.0000000000
135396  27.177  -8.983  46.974 0.0000000000
52061  28.608  -10.505  47.696 0.0000000000
56400  20.319  -6.617  58.407 0.0000000000
65015  51.618  1.741  35.172 0.0000000000
66126  52.717  2.276  35.847 0.0000000000
67144  52.327  2.349  35.753 0.0000000000
136711  52.288  2.550  36.774 0.0000000000
66078  52.460  1.796  38.118 0.0000000000
146123  49.933  -2.783  37.376 0.0000000000
61618  50.610  -2.405  37.654 0.0000000000
60460  42.809  -3.365  35.516 0.0000000000
59179  42.607  -4.678  37.162 0.0000000000
145350  43.458  -5.331  38.178 0.0000000000
59087  40.845  -2.996  42.880 0.0000000000
56683  32.803  -7.099  36.026 0.0000000000
51098  26.999  -11.151  42.943 0.0000000000
133398  49.570  1.004  34.072 0.0000000000
65073  54.175  -0.112  30.346 0.0000000000
65065  53.573  -0.858  30.667 0.0000000000
61701  49.549  -2.829  31.353 0.0000000000
132515  49.324  -2.916  31.901 0.0000000000
60497  49.327  -3.404  32.258 0.0000000000
60489  49.221  -3.537  32.945 0.0000000000
60482  49.294  -3.523  33.639 0.0000000000
55261  30.001  -7.669  49.669 0.0000000000
56526  32.189  -6.643  51.150 0.0000000000
55223  22.835  -6.705  52.799 0.0000000000
55128  25.938  -7.383  59.997 0.0000000000
53975  25.743  -7.746  60.727 0.0000000000
53970  25.026  -7.947  62.382 0.0000000000
67148  49.082  2.478  35.398 0.0000000000
63843  49.596  0.143  36.798 0.0000000000
139992  48.627  -0.759  36.221 0.0000000000
62766  49.095  -1.391  36.460 0.0000000000
60407  49.562  -3.542  37.620 0.0000000000
51082  31.531  -11.555  43.970 0.0000000000
149711  53.133  2.754  28.646 0.0000000000
124868  20.946  -8.796  65.931 0.0000000000
52899  23.042  -9.467  67.430 0.0000000000
61592  38.740  -2.262  39.126 0.0000000000
59142  38.564  -2.881  39.231 0.0000000000
55384  39.019  -7.072  38.533 0.0000000000
54153  26.847  -8.119  43.542 0.0000000000
51085  27.232  -11.110  44.360 0.0000000000
54110  28.552  -7.885  48.579 0.0000000000
52049  30.779  -10.421  48.571 0.0000000000
58941  31.544  -4.734  54.658 0.0000000000
57693  29.987  -5.316  55.968 0.0000000000
55108  20.183  -7.354  59.956 0.0000000000
148189  19.711  -8.066  64.061 0.0000000000
55081  18.650  -7.029  66.494 0.0000000000
58957  31.358  -4.541  53.793 0.0000000000
53998  26.541  -7.196  59.722 0.0000000000
66107  53.492  2.322  36.201 0.0000000000
67124  54.553  2.442  36.563 0.0000000000
64983  50.632  1.089  37.479 0.0000000000
61617  51.313  -1.871  37.890 0.0000000000
62743  51.937  -1.305  38.250 0.0000000000
62742  52.617  -0.707  38.532 0.0000000000
62741  53.251  -0.539  38.802 0.0000000000
62784  45.609  -1.791  35.522 0.0000000000
128052  46.317  -2.952  35.514 0.0000000000
59226  44.185  -4.150  35.744 0.0000000000
59197  46.221  -4.467  36.298 0.0000000000
57940  47.051  -5.154  37.771 0.0000000000
57923  47.279  -5.255  38.650 0.0000000000
59139  42.007  -4.513  39.289 0.0000000000
128023  41.462  -2.653  42.886 0.0000000000
59086  42.532  -2.982  43.318 0.0000000000
148846  46.224  -5.489  40.452 0.0000000000
135251  46.793  -5.433  40.908 0.0000000000
56682  33.528  -6.778  36.068 0.0000000000
134705  37.516  -8.327  38.398 0.0000000000
53180  28.167  -9.730  37.952 0.0000000000
52176  28.897  -10.014  37.719 0.0000000000
52175  29.736  -10.216  37.631 0.0000000000
52174  30.589  -10.361  37.649 0.0000000000
50019  29.422  -12.249  41.253 0.0000000000
136163  31.156  -13.600  40.912 0.0000000000
52156  33.582  -10.320  38.137 0.0000000000
149101  36.612  -10.278  39.400 0.0000000000
67247  52.369  2.485  28.618 0.0000000000
65086  50.701  0.712  29.089 0.0000000000
63918  48.537  -0.956  30.580 0.0000000000
60490  48.859  -2.913  33.365 0.0000000000
60477  49.562  -3.503  34.368 0.0000000000
63898  47.778  -0.715  32.506 0.0000000000
62803  49.328  -1.129  34.564 0.0000000000
61674  49.025  -2.132  34.361 0.0000000000
61653  49.543  -2.802  34.735 0.0000000000
60455  49.922  -3.402  35.023 0.0000000000
144154  51.208  -3.035  35.902 0.0000000000
61633  52.686  -2.122  36.588 0.0000000000
59269  49.509  -4.158  31.689 0.0000000000
148984  48.884  -2.932  32.825 0.0000000000
