#!ascii label  , from subject sub-v1s19x0051302_ses-1 vox2ras=TkReg
651
56270  19.813  -7.213  -22.134 0.0000000000
66685  29.171  1.197  -26.773 0.0000000000
74858  26.550  8.609  -34.332 0.0000000000
68942  20.814  3.255  -32.736 0.0000000000
52831  22.518  -10.537  -19.041 0.0000000000
132130  25.622  -7.339  -21.018 0.0000000000
59921  22.760  -4.309  -25.817 0.0000000000
63478  21.335  -1.244  -29.126 0.0000000000
71158  27.140  5.057  -29.811 0.0000000000
71235  29.970  5.156  -36.761 0.0000000000
77895  26.280  11.437  -39.501 0.0000000000
125370  21.164  -9.116  -20.600 0.0000000000
53863  24.497  -9.278  -20.203 0.0000000000
56250  22.764  -8.311  -22.529 0.0000000000
62351  18.594  -2.262  -26.615 0.0000000000
64545  17.576  0.296  -28.194 0.0000000000
71213  23.831  5.904  -33.281 0.0000000000
68932  22.895  3.925  -31.082 0.0000000000
72428  26.703  6.945  -32.495 0.0000000000
71202  29.536  5.829  -32.575 0.0000000000
136576  29.835  7.928  -35.297 0.0000000000
144688  20.782  12.770  -39.299 0.0000000000
76970  22.064  10.662  -38.418 0.0000000000
78956  24.276  12.577  -40.982 0.0000000000
63439  25.121  -1.185  -26.111 0.0000000000
61105  25.930  -3.336  -24.081 0.0000000000
137460  29.294  -1.254  -25.323 0.0000000000
73660  23.312  7.237  -35.161 0.0000000000
65681  29.428  0.233  -30.439 0.0000000000
58702  18.689  -5.252  -22.961 0.0000000000
57539  20.968  -6.372  -24.124 0.0000000000
134199  19.826  -4.464  -25.201 0.0000000000
61165  21.897  -3.185  -27.501 0.0000000000
65655  24.273  0.223  -27.643 0.0000000000
65694  20.375  1.043  -30.935 0.0000000000
67806  24.201  2.418  -29.036 0.0000000000
67779  27.555  2.885  -27.808 0.0000000000
68922  29.461  3.617  -30.443 0.0000000000
75940  23.199  9.197  -36.525 0.0000000000
75952  27.057  9.977  -36.933 0.0000000000
77921  26.058  11.832  -43.072 0.0000000000
77910  28.448  11.320  -41.113 0.0000000000
75962  29.615  9.661  -38.659 0.0000000000
72490  30.298  6.452  -39.785 0.0000000000
146938  23.674  -6.330  -23.416 0.0000000000
57501  18.363  -6.389  -21.010 0.0000000000
56236  19.035  -7.646  -20.666 0.0000000000
55006  20.807  -8.553  -21.301 0.0000000000
55005  21.707  -8.827  -21.493 0.0000000000
56268  21.395  -7.943  -22.641 0.0000000000
73647  25.409  7.429  -33.614 0.0000000000
72430  24.658  6.328  -32.785 0.0000000000
73634  25.999  7.291  -33.058 0.0000000000
73633  28.070  7.475  -33.048 0.0000000000
147666  28.619  8.742  -34.870 0.0000000000
78959  20.117  14.151  -40.988 0.0000000000
78951  20.350  13.422  -40.728 0.0000000000
80066  21.321  13.940  -41.847 0.0000000000
65623  27.130  0.143  -25.880 0.0000000000
63425  26.599  -1.264  -25.393 0.0000000000
65622  28.811  -0.003  -25.785 0.0000000000
72459  22.031  6.196  -35.452 0.0000000000
73671  21.536  7.094  -35.513 0.0000000000
52811  21.313  -10.538  -18.544 0.0000000000
51794  21.815  -11.122  -18.168 0.0000000000
50707  24.078  -12.233  -18.132 0.0000000000
51808  24.200  -11.126  -18.988 0.0000000000
54990  24.841  -8.734  -20.470 0.0000000000
52845  26.189  -10.208  -19.965 0.0000000000
59882  19.045  -5.116  -23.862 0.0000000000
61109  18.438  -3.775  -24.668 0.0000000000
128510  20.000  -1.931  -28.614 0.0000000000
61167  20.090  -2.879  -27.530 0.0000000000
63466  21.820  -1.640  -28.603 0.0000000000
63452  23.362  -1.279  -27.463 0.0000000000
64542  22.429  -0.467  -28.743 0.0000000000
65696  18.947  1.263  -31.037 0.0000000000
67827  20.413  2.278  -31.767 0.0000000000
70060  25.277  5.068  -30.276 0.0000000000
68913  23.669  3.245  -29.797 0.0000000000
135253  24.903  3.569  -29.360 0.0000000000
67797  25.497  2.770  -28.384 0.0000000000
68910  27.329  3.838  -28.775 0.0000000000
68909  28.949  3.809  -29.227 0.0000000000
70058  28.771  4.970  -30.130 0.0000000000
72456  30.121  5.947  -34.279 0.0000000000
70100  29.794  4.631  -33.804 0.0000000000
77887  24.174  10.978  -39.104 0.0000000000
76957  23.110  9.939  -37.747 0.0000000000
76956  24.504  10.080  -37.782 0.0000000000
75953  25.121  9.712  -37.140 0.0000000000
76967  26.407  10.551  -38.171 0.0000000000
76979  29.343  10.429  -39.724 0.0000000000
135300  30.334  8.895  -40.871 0.0000000000
74903  30.344  8.570  -38.677 0.0000000000
58715  21.732  -5.681  -25.209 0.0000000000
57538  22.390  -7.135  -24.134 0.0000000000
130696  23.369  -5.206  -24.718 0.0000000000
61086  27.565  -3.558  -23.467 0.0000000000
59880  26.192  -4.282  -22.956 0.0000000000
53849  20.300  -9.370  -19.470 0.0000000000
53847  22.320  -9.912  -19.668 0.0000000000
52830  23.754  -10.443  -19.401 0.0000000000
53865  22.637  -9.420  -20.311 0.0000000000
55003  23.523  -8.517  -21.021 0.0000000000
56265  24.030  -7.471  -21.797 0.0000000000
125680  17.507  -1.503  -25.631 0.0000000000
63455  18.395  -1.266  -27.644 0.0000000000
64543  19.098  -0.741  -29.272 0.0000000000
70091  22.122  4.277  -32.897 0.0000000000
68941  21.745  3.685  -32.384 0.0000000000
70090  22.819  4.861  -32.322 0.0000000000
71187  24.460  5.559  -31.451 0.0000000000
71185  26.525  6.065  -31.025 0.0000000000
144118  28.343  5.934  -30.884 0.0000000000
137073  28.110  6.666  -32.141 0.0000000000
73644  29.505  7.293  -33.801 0.0000000000
72468  30.429  6.679  -36.009 0.0000000000
77875  22.404  11.589  -36.582 0.0000000000
77890  20.929  11.855  -38.855 0.0000000000
136813  21.435  11.587  -39.592 0.0000000000
78949  25.178  12.037  -40.407 0.0000000000
62336  23.549  -2.918  -25.909 0.0000000000
61107  23.702  -3.940  -24.920 0.0000000000
62334  25.282  -2.310  -25.243 0.0000000000
132793  27.183  -2.359  -24.551 0.0000000000
70093  19.299  4.009  -33.460 0.0000000000
71215  22.165  4.997  -34.400 0.0000000000
72457  23.776  6.856  -34.431 0.0000000000
74860  24.636  8.127  -34.967 0.0000000000
52828  25.593  -10.729  -19.463 0.0000000000
145451  29.748  1.094  -28.097 0.0000000000
64531  29.989  -0.402  -27.335 0.0000000000
57513  19.384  -6.549  -22.369 0.0000000000
57512  20.159  -6.896  -22.804 0.0000000000
58701  19.475  -5.653  -23.438 0.0000000000
58717  19.895  -5.416  -24.232 0.0000000000
58729  21.618  -5.050  -25.697 0.0000000000
125751  19.438  -3.488  -26.094 0.0000000000
59923  20.909  -4.038  -26.595 0.0000000000
61143  22.432  -3.484  -26.785 0.0000000000
62348  23.357  -2.404  -26.634 0.0000000000
63451  24.496  -0.843  -26.678 0.0000000000
66687  25.977  1.085  -26.885 0.0000000000
64568  19.588  -0.002  -30.304 0.0000000000
65683  20.806  0.360  -30.314 0.0000000000
67825  21.938  2.718  -31.158 0.0000000000
66733  21.999  1.501  -30.135 0.0000000000
65675  22.291  0.270  -29.275 0.0000000000
66716  24.160  1.654  -28.581 0.0000000000
66702  25.506  1.481  -27.497 0.0000000000
66700  27.589  2.016  -27.091 0.0000000000
67794  29.294  2.419  -28.581 0.0000000000
131064  29.649  1.971  -30.057 0.0000000000
70077  29.455  4.742  -31.349 0.0000000000
74888  23.125  8.346  -35.875 0.0000000000
74886  24.754  8.923  -36.057 0.0000000000
75923  26.416  9.273  -35.622 0.0000000000
78975  25.607  12.301  -42.549 0.0000000000
78963  26.374  12.011  -41.316 0.0000000000
146503  27.227  11.483  -42.277 0.0000000000
77903  27.562  11.515  -40.377 0.0000000000
76981  27.856  10.841  -39.158 0.0000000000
146819  28.568  9.992  -38.047 0.0000000000
75921  28.267  9.318  -35.800 0.0000000000
74885  29.712  8.673  -36.457 0.0000000000
73677  30.420  7.377  -37.320 0.0000000000
72486  30.235  6.263  -38.612 0.0000000000
56282  21.916  -7.582  -23.443 0.0000000000
56280  23.036  -7.496  -23.553 0.0000000000
57510  24.120  -6.817  -22.316 0.0000000000
59895  24.464  -4.401  -23.938 0.0000000000
124897  24.951  -5.437  -22.352 0.0000000000
57500  19.035  -6.812  -21.614 0.0000000000
56254  18.785  -7.056  -20.971 0.0000000000
56253  19.502  -7.477  -21.407 0.0000000000
55007  19.892  -8.157  -21.078 0.0000000000
56252  20.446  -7.919  -21.890 0.0000000000
73657  26.103  7.990  -33.735 0.0000000000
74846  27.055  8.280  -33.753 0.0000000000
74857  27.543  8.649  -34.307 0.0000000000
78958  20.309  13.977  -41.346 0.0000000000
65639  28.103  0.502  -26.069 0.0000000000
140533  28.011  -0.083  -25.643 0.0000000000
65638  28.957  0.601  -26.348 0.0000000000
52810  22.026  -10.716  -18.658 0.0000000000
51793  22.721  -11.268  -18.464 0.0000000000
51774  23.308  -12.133  -18.024 0.0000000000
51792  23.710  -11.605  -18.527 0.0000000000
51809  23.317  -10.867  -18.952 0.0000000000
56235  25.244  -8.155  -20.719 0.0000000000
54989  25.638  -8.820  -20.428 0.0000000000
56234  26.323  -8.296  -20.679 0.0000000000
56247  26.806  -7.528  -20.990 0.0000000000
61090  17.834  -4.107  -23.812 0.0000000000
138328  17.672  -3.460  -24.079 0.0000000000
63479  20.673  -1.629  -29.021 0.0000000000
62372  20.856  -2.281  -28.502 0.0000000000
63477  21.969  -1.045  -28.829 0.0000000000
63465  22.491  -1.192  -28.369 0.0000000000
67828  19.584  2.378  -31.848 0.0000000000
67835  20.769  2.782  -32.065 0.0000000000
70038  26.003  4.723  -29.732 0.0000000000
70039  25.075  4.307  -29.786 0.0000000000
68911  25.733  3.908  -29.312 0.0000000000
132505  26.695  4.244  -29.252 0.0000000000
70037  27.737  4.484  -29.254 0.0000000000
70059  28.119  4.948  -29.750 0.0000000000
71230  30.261  5.810  -36.095 0.0000000000
71223  30.051  5.161  -34.984 0.0000000000
76969  23.565  10.471  -38.470 0.0000000000
76968  25.084  10.579  -38.328 0.0000000000
77886  25.712  11.118  -38.897 0.0000000000
75982  29.574  9.600  -41.674 0.0000000000
74920  29.947  8.865  -41.455 0.0000000000
138330  30.345  8.128  -41.172 0.0000000000
58728  22.306  -5.355  -25.466 0.0000000000
58727  22.867  -5.648  -25.130 0.0000000000
59909  23.203  -4.678  -25.204 0.0000000000
61102  28.371  -3.275  -23.811 0.0000000000
53866  20.261  -8.950  -20.119 0.0000000000
53850  19.448  -8.789  -19.576 0.0000000000
147367  20.789  -9.260  -19.984 0.0000000000
53848  21.307  -9.620  -19.746 0.0000000000
130475  21.905  -9.447  -20.264 0.0000000000
55019  22.059  -8.545  -22.308 0.0000000000
55004  22.605  -8.729  -21.636 0.0000000000
56249  23.331  -8.001  -21.756 0.0000000000
129816  17.432  -0.015  -27.510 0.0000000000
63456  17.618  -0.712  -27.042 0.0000000000
64534  17.975  -0.520  -27.945 0.0000000000
63469  18.679  -1.022  -28.467 0.0000000000
71205  22.515  4.900  -33.348 0.0000000000
71204  23.330  5.364  -32.818 0.0000000000
72429  25.687  6.615  -32.412 0.0000000000
71203  25.013  6.099  -31.893 0.0000000000
72413  25.818  6.224  -31.616 0.0000000000
71186  25.387  5.757  -30.982 0.0000000000
72412  26.538  6.463  -31.851 0.0000000000
148765  27.198  6.332  -31.444 0.0000000000
135000  27.361  6.619  -32.014 0.0000000000
73656  29.001  8.000  -34.035 0.0000000000
73645  28.811  7.489  -33.357 0.0000000000
73655  29.664  7.648  -34.553 0.0000000000
73667  30.276  7.151  -35.160 0.0000000000
149604  30.305  7.501  -35.752 0.0000000000
80050  21.840  13.134  -38.658 0.0000000000
78943  22.299  12.538  -37.864 0.0000000000
78936  21.851  11.815  -37.405 0.0000000000
77883  21.459  11.519  -37.915 0.0000000000
78957  22.208  12.995  -41.186 0.0000000000
136328  21.396  12.183  -40.271 0.0000000000
78950  23.714  12.152  -40.446 0.0000000000
77897  22.978  11.468  -39.797 0.0000000000
63427  24.817  -1.837  -25.772 0.0000000000
62335  24.432  -2.555  -25.527 0.0000000000
63426  25.635  -1.580  -25.549 0.0000000000
63424  27.666  -1.304  -25.151 0.0000000000
149520  27.077  -1.791  -24.961 0.0000000000
142920  27.977  -1.929  -24.692 0.0000000000
63409  28.880  -2.259  -24.603 0.0000000000
70094  19.015  4.552  -32.942 0.0000000000
70103  19.717  4.460  -34.298 0.0000000000
70102  20.830  4.073  -34.166 0.0000000000
71216  20.875  4.828  -34.801 0.0000000000
71224  22.576  5.767  -34.706 0.0000000000
72458  22.781  6.540  -35.160 0.0000000000
73659  24.204  7.510  -34.660 0.0000000000
53845  24.135  -9.870  -19.820 0.0000000000
52829  24.682  -10.620  -19.421 0.0000000000
52846  25.173  -9.893  -19.838 0.0000000000
52826  26.948  -10.314  -19.388 0.0000000000
65673  29.732  0.402  -29.362 0.0000000000
58686  18.186  -5.507  -22.134 0.0000000000
58685  19.006  -5.903  -22.653 0.0000000000
59898  19.495  -4.795  -24.550 0.0000000000
59897  20.314  -5.039  -24.918 0.0000000000
58730  21.048  -5.264  -25.267 0.0000000000
59911  20.747  -4.643  -25.688 0.0000000000
62337  18.343  -2.544  -25.887 0.0000000000
61126  18.610  -3.214  -25.533 0.0000000000
61147  18.982  -2.903  -26.357 0.0000000000
61183  21.013  -3.011  -27.898 0.0000000000
61145  20.547  -3.432  -27.165 0.0000000000
61166  21.303  -3.566  -27.264 0.0000000000
61144  21.834  -3.987  -26.770 0.0000000000
62349  22.689  -2.777  -27.110 0.0000000000
125653  22.999  -3.047  -26.540 0.0000000000
64533  23.615  -0.533  -27.674 0.0000000000
148964  23.863  -0.885  -27.127 0.0000000000
64520  24.837  -0.065  -26.957 0.0000000000
129907  25.630  0.311  -26.642 0.0000000000
65641  25.163  0.673  -27.289 0.0000000000
65695  19.570  1.117  -31.077 0.0000000000
65685  19.262  0.662  -30.691 0.0000000000
65684  19.986  0.420  -30.670 0.0000000000
64567  20.256  -0.208  -30.141 0.0000000000
68933  22.188  3.485  -31.517 0.0000000000
67807  23.629  2.667  -29.513 0.0000000000
67817  23.132  2.888  -30.068 0.0000000000
66723  22.767  1.703  -29.657 0.0000000000
132112  22.401  1.033  -29.624 0.0000000000
66722  23.546  1.937  -29.281 0.0000000000
65674  23.156  1.067  -29.035 0.0000000000
67796  26.501  2.876  -28.095 0.0000000000
66714  25.900  2.294  -27.699 0.0000000000
67780  26.760  2.446  -27.510 0.0000000000
66701  26.399  1.815  -27.189 0.0000000000
67778  28.495  2.560  -27.624 0.0000000000
67777  29.223  2.195  -27.820 0.0000000000
67795  28.944  2.874  -28.179 0.0000000000
68908  29.324  3.403  -29.682 0.0000000000
67805  29.423  2.596  -29.437 0.0000000000
67816  29.547  2.806  -30.293 0.0000000000
67824  29.562  2.067  -31.075 0.0000000000
68931  29.563  3.030  -31.252 0.0000000000
71182  29.170  5.933  -31.896 0.0000000000
71167  29.197  5.462  -31.248 0.0000000000
130806  29.469  5.274  -31.982 0.0000000000
76943  21.575  10.868  -36.892 0.0000000000
76958  21.927  10.521  -37.513 0.0000000000
75939  23.385  9.372  -37.061 0.0000000000
75941  22.892  9.575  -36.627 0.0000000000
74889  23.004  8.646  -35.841 0.0000000000
73670  22.349  7.601  -35.547 0.0000000000
74887  23.686  9.008  -36.310 0.0000000000
134045  26.146  9.866  -36.949 0.0000000000
75938  25.621  9.392  -36.353 0.0000000000
75924  25.586  9.008  -35.690 0.0000000000
75937  26.735  9.600  -36.300 0.0000000000
77922  25.274  12.367  -43.177 0.0000000000
137634  25.814  12.205  -41.751 0.0000000000
78974  26.501  11.875  -42.270 0.0000000000
77007  28.302  10.540  -42.391 0.0000000000
77008  27.541  10.885  -42.642 0.0000000000
77000  27.917  11.282  -41.822 0.0000000000
77911  27.754  11.601  -41.073 0.0000000000
131723  28.159  11.392  -40.633 0.0000000000
77893  28.198  11.171  -39.988 0.0000000000
77902  28.591  11.161  -40.578 0.0000000000
147615  29.603  10.026  -39.359 0.0000000000
76965  29.101  10.167  -38.996 0.0000000000
75963  29.014  9.895  -38.243 0.0000000000
75935  28.510  9.500  -36.650 0.0000000000
75934  29.270  9.241  -36.953 0.0000000000
75920  29.035  9.077  -36.124 0.0000000000
75949  30.140  9.069  -38.127 0.0000000000
131862  30.426  7.969  -39.337 0.0000000000
129029  30.435  7.795  -38.632 0.0000000000
134613  30.407  7.184  -38.217 0.0000000000
132148  30.188  6.155  -39.244 0.0000000000
57525  20.575  -6.623  -23.480 0.0000000000
56283  20.971  -7.276  -23.154 0.0000000000
57524  21.451  -6.905  -23.827 0.0000000000
57523  23.216  -6.681  -23.934 0.0000000000
56291  22.864  -7.198  -24.115 0.0000000000
57511  23.565  -6.773  -23.103 0.0000000000
57522  24.193  -6.036  -22.860 0.0000000000
61106  24.440  -3.727  -24.542 0.0000000000
59896  23.809  -4.528  -24.555 0.0000000000
61089  25.130  -3.770  -23.954 0.0000000000
59864  26.276  -4.876  -22.358 0.0000000000
58697  25.409  -4.795  -22.628 0.0000000000
58684  25.845  -5.390  -21.986 0.0000000000
148400  25.280  -5.687  -21.926 0.0000000000
54992  20.321  -8.659  -20.691 0.0000000000
56251  21.307  -8.423  -21.971 0.0000000000
72444  24.242  6.544  -33.622 0.0000000000
72443  25.102  6.905  -33.217 0.0000000000
72427  27.663  7.085  -32.542 0.0000000000
129344  27.077  7.637  -33.131 0.0000000000
73646  28.033  8.064  -33.673 0.0000000000
74856  29.153  8.398  -34.829 0.0000000000
80059  21.036  13.851  -39.668 0.0000000000
78952  20.357  13.662  -40.339 0.0000000000
78965  23.126  13.211  -41.933 0.0000000000
64502  25.881  -0.853  -25.870 0.0000000000
64501  26.595  -0.526  -25.713 0.0000000000
64500  27.392  -0.607  -25.488 0.0000000000
64498  29.422  -0.644  -25.689 0.0000000000
72460  21.356  6.459  -35.463 0.0000000000
72470  22.014  6.783  -35.613 0.0000000000
52812  20.435  -10.312  -18.331 0.0000000000
52813  19.508  -9.987  -17.971 0.0000000000
51795  20.960  -10.888  -17.927 0.0000000000
50693  24.360  -12.299  -17.453 0.0000000000
51773  24.642  -11.960  -18.128 0.0000000000
51790  25.165  -11.577  -18.562 0.0000000000
146958  24.143  -8.775  -20.557 0.0000000000
126430  25.199  -9.241  -20.214 0.0000000000
59865  17.872  -4.804  -22.442 0.0000000000
59883  18.271  -4.678  -23.347 0.0000000000
59899  18.650  -4.517  -24.234 0.0000000000
61108  19.137  -4.295  -24.817 0.0000000000
62362  19.614  -2.306  -27.856 0.0000000000
62350  19.316  -2.582  -27.084 0.0000000000
62361  20.331  -2.517  -28.125 0.0000000000
62371  21.639  -2.366  -28.205 0.0000000000
62360  22.373  -2.344  -27.722 0.0000000000
62370  22.226  -1.873  -28.190 0.0000000000
64541  23.071  -0.528  -28.283 0.0000000000
65656  23.551  0.033  -28.087 0.0000000000
66743  19.942  1.660  -31.479 0.0000000000
66742  20.810  1.678  -31.298 0.0000000000
70062  23.660  4.297  -30.674 0.0000000000
68924  23.351  3.574  -30.365 0.0000000000
68923  24.171  3.843  -29.922 0.0000000000
68912  24.228  3.111  -29.402 0.0000000000
67798  24.730  2.347  -28.570 0.0000000000
146402  25.424  3.344  -28.898 0.0000000000
68894  26.303  3.475  -28.711 0.0000000000
137449  27.106  3.310  -28.349 0.0000000000
68892  28.627  3.392  -28.601 0.0000000000
70015  28.270  3.957  -28.906 0.0000000000
70036  28.589  4.441  -29.508 0.0000000000
70035  29.177  4.252  -30.006 0.0000000000
71212  29.865  5.689  -33.437 0.0000000000
137422  30.010  5.173  -34.222 0.0000000000
70108  29.653  4.362  -34.746 0.0000000000
75954  24.094  9.601  -37.330 0.0000000000
128193  24.429  9.323  -36.711 0.0000000000
76955  25.673  10.183  -37.614 0.0000000000
140973  26.530  10.188  -37.442 0.0000000000
76999  28.763  10.816  -41.574 0.0000000000
77901  29.089  10.967  -40.892 0.0000000000
76998  29.607  10.366  -41.214 0.0000000000
76997  30.023  10.090  -40.629 0.0000000000
75968  30.038  9.602  -39.414 0.0000000000
75961  30.140  9.199  -38.848 0.0000000000
74908  30.332  8.880  -39.456 0.0000000000
74915  30.422  8.284  -40.249 0.0000000000
135676  21.833  -6.399  -24.610 0.0000000000
57537  22.746  -6.534  -24.601 0.0000000000
58713  23.262  -5.856  -24.374 0.0000000000
61104  26.755  -3.263  -23.939 0.0000000000
61088  25.773  -3.840  -23.564 0.0000000000
61087  26.555  -3.694  -23.487 0.0000000000
140881  27.239  -4.136  -22.936 0.0000000000
53828  19.889  -9.702  -18.701 0.0000000000
52833  20.858  -9.956  -18.991 0.0000000000
52832  21.728  -10.210  -19.115 0.0000000000
150001  23.012  -10.326  -19.394 0.0000000000
53846  23.221  -9.840  -19.807 0.0000000000
53864  23.552  -9.224  -20.358 0.0000000000
53876  22.127  -9.103  -20.876 0.0000000000
54991  22.843  -8.887  -20.780 0.0000000000
128683  23.996  -7.980  -21.338 0.0000000000
56248  24.668  -7.657  -21.185 0.0000000000
62352  17.925  -1.909  -26.112 0.0000000000
63443  17.548  -1.167  -26.236 0.0000000000
62363  18.858  -1.974  -27.382 0.0000000000
63454  19.159  -1.660  -28.139 0.0000000000
63468  19.387  -1.353  -28.786 0.0000000000
64556  20.565  -0.884  -29.565 0.0000000000
70092  21.341  3.758  -33.404 0.0000000000
70080  22.464  4.207  -31.903 0.0000000000
70079  23.231  4.614  -31.462 0.0000000000
128327  24.158  5.761  -32.354 0.0000000000
71188  23.632  5.243  -31.872 0.0000000000
70078  23.991  4.989  -31.053 0.0000000000
147067  24.685  5.257  -30.774 0.0000000000
71170  26.225  5.427  -30.343 0.0000000000
71169  28.047  5.525  -30.305 0.0000000000
71184  27.561  6.040  -30.886 0.0000000000
72411  28.055  6.315  -31.496 0.0000000000
72425  29.230  6.434  -32.503 0.0000000000
72426  28.658  6.969  -32.628 0.0000000000
72441  29.806  6.535  -33.639 0.0000000000
129714  30.117  6.824  -34.382 0.0000000000
72455  30.322  6.097  -35.234 0.0000000000
142963  30.303  6.008  -36.613 0.0000000000
76971  21.527  11.263  -38.159 0.0000000000
77898  20.833  12.488  -39.697 0.0000000000
77889  21.206  11.403  -39.055 0.0000000000
77888  22.278  10.913  -39.175 0.0000000000
77896  24.983  11.626  -39.682 0.0000000000
61124  23.353  -3.793  -25.540 0.0000000000
61123  24.073  -3.321  -25.244 0.0000000000
62318  24.837  -2.969  -24.920 0.0000000000
62317  25.659  -2.795  -24.677 0.0000000000
62333  26.254  -2.133  -24.981 0.0000000000
62316  26.500  -2.815  -24.406 0.0000000000
61103  27.376  -2.977  -24.095 0.0000000000
68950  20.304  3.689  -33.631 0.0000000000
70101  21.743  4.306  -33.979 0.0000000000
71214  23.066  5.403  -33.856 0.0000000000
71225  21.608  5.618  -35.098 0.0000000000
72445  23.418  6.124  -34.208 0.0000000000
73648  24.667  7.143  -33.956 0.0000000000
73658  25.129  7.749  -34.240 0.0000000000
74859  25.596  8.393  -34.551 0.0000000000
51807  25.082  -11.339  -19.081 0.0000000000
65637  29.687  0.456  -26.788 0.0000000000
65654  29.861  0.497  -27.685 0.0000000000
57526  19.781  -6.296  -23.126 0.0000000000
58700  20.257  -6.001  -23.832 0.0000000000
58716  20.859  -5.742  -24.617 0.0000000000
58739  22.166  -4.644  -26.027 0.0000000000
61110  17.813  -2.953  -24.766 0.0000000000
61125  19.241  -3.904  -25.369 0.0000000000
61146  19.740  -3.159  -26.797 0.0000000000
59924  20.126  -3.640  -26.526 0.0000000000
59912  20.016  -4.094  -25.941 0.0000000000
59922  21.517  -4.484  -26.213 0.0000000000
133584  22.381  -4.034  -26.333 0.0000000000
61142  22.908  -3.606  -26.168 0.0000000000
62347  24.069  -2.117  -26.163 0.0000000000
63440  24.475  -1.510  -26.311 0.0000000000
62359  23.047  -1.998  -27.258 0.0000000000
63441  23.774  -1.540  -26.766 0.0000000000
64519  25.353  -0.474  -26.414 0.0000000000
65640  26.493  0.617  -26.404 0.0000000000
146393  27.403  0.901  -26.345 0.0000000000
65668  17.886  0.633  -28.970 0.0000000000
64558  18.548  0.041  -29.528 0.0000000000
146043  19.173  -0.253  -29.878 0.0000000000
64557  19.793  -0.624  -29.821 0.0000000000
64555  21.197  -0.634  -29.515 0.0000000000
68934  21.438  3.090  -31.881 0.0000000000
67826  21.208  2.374  -31.555 0.0000000000
67819  21.617  1.949  -30.860 0.0000000000
68925  22.644  3.169  -30.737 0.0000000000
67818  22.425  2.340  -30.297 0.0000000000
66734  21.227  1.186  -30.606 0.0000000000
65682  21.687  0.714  -29.942 0.0000000000
65676  21.432  -0.025  -29.677 0.0000000000
65667  23.064  0.180  -28.624 0.0000000000
65666  23.821  0.714  -28.311 0.0000000000
66703  24.670  1.105  -27.908 0.0000000000
66715  25.019  1.992  -28.032 0.0000000000
140930  26.868  1.395  -26.646 0.0000000000
66686  28.342  1.293  -26.562 0.0000000000
66699  28.808  1.825  -27.181 0.0000000000
66713  29.542  1.741  -28.233 0.0000000000
136388  29.546  1.844  -29.145 0.0000000000
68891  29.105  3.092  -28.939 0.0000000000
66721  29.694  1.155  -29.756 0.0000000000
71168  28.847  5.535  -30.693 0.0000000000
70057  29.196  4.927  -30.649 0.0000000000
70089  29.766  4.993  -32.864 0.0000000000
143960  29.560  3.864  -31.477 0.0000000000
141768  22.271  10.260  -37.014 0.0000000000
73669  22.902  7.607  -35.601 0.0000000000
74875  24.125  8.474  -35.699 0.0000000000
73668  23.653  7.872  -35.406 0.0000000000
140070  25.120  8.638  -35.328 0.0000000000
74874  26.033  8.928  -35.007 0.0000000000
74873  27.021  9.107  -34.898 0.0000000000
80074  22.338  13.765  -42.405 0.0000000000
78976  24.424  12.947  -42.736 0.0000000000
78964  24.851  12.549  -41.806 0.0000000000
133569  25.496  12.292  -40.984 0.0000000000
78955  26.132  11.901  -40.597 0.0000000000
148685  25.893  11.726  -40.020 0.0000000000
77920  26.802  11.234  -42.957 0.0000000000
77919  27.142  11.721  -41.594 0.0000000000
78954  26.984  11.813  -40.849 0.0000000000
77885  26.869  11.044  -38.914 0.0000000000
76966  27.521  10.538  -38.379 0.0000000000
76980  28.647  10.625  -39.438 0.0000000000
133523  28.428  10.328  -38.577 0.0000000000
75936  27.661  9.627  -36.389 0.0000000000
75922  27.390  9.385  -35.620 0.0000000000
74872  28.048  9.077  -34.954 0.0000000000
127412  28.776  8.890  -35.343 0.0000000000
74871  29.462  8.546  -35.650 0.0000000000
74884  30.314  8.172  -36.842 0.0000000000
74870  30.138  8.107  -36.025 0.0000000000
135370  30.399  7.465  -36.434 0.0000000000
71234  30.378  6.626  -36.911 0.0000000000
71239  30.201  5.756  -37.313 0.0000000000
71245  29.902  5.477  -39.029 0.0000000000
131754  29.999  5.388  -38.198 0.0000000000
71240  29.847  4.974  -37.556 0.0000000000
56269  20.532  -7.452  -22.532 0.0000000000
56267  22.385  -8.181  -23.052 0.0000000000
56281  22.673  -7.640  -23.591 0.0000000000
140136  22.910  -8.089  -23.241 0.0000000000
56266  23.366  -7.581  -22.622 0.0000000000
57499  24.737  -6.935  -21.561 0.0000000000
58712  23.836  -5.144  -24.084 0.0000000000
58699  23.771  -5.863  -23.676 0.0000000000
59881  25.178  -4.300  -23.354 0.0000000000
58698  24.465  -5.049  -23.193 0.0000000000
57509  24.836  -6.106  -21.887 0.0000000000
57497  26.226  -6.681  -21.256 0.0000000000
65621  29.417  -0.007  -26.136 0.0000000000
64517  29.912  -0.746  -26.398 0.0000000000
51791  24.518  -11.688  -18.563 0.0000000000
53862  25.914  -9.568  -20.234 0.0000000000
55002  24.393  -8.274  -20.857 0.0000000000
57498  25.393  -6.569  -21.440 0.0000000000
58714  22.410  -6.004  -25.123 0.0000000000
59863  27.120  -4.755  -22.411 0.0000000000
59910  22.638  -4.952  -25.511 0.0000000000
62315  28.139  -2.597  -24.278 0.0000000000
63423  28.711  -1.541  -24.984 0.0000000000
63442  18.152  -1.563  -26.840 0.0000000000
63453  22.757  -1.622  -27.829 0.0000000000
63464  23.072  -1.040  -27.955 0.0000000000
63467  21.277  -1.871  -28.725 0.0000000000
63480  19.920  -1.300  -29.305 0.0000000000
64499  28.520  -0.727  -25.377 0.0000000000
64518  26.148  -0.132  -26.139 0.0000000000
64532  24.247  -0.426  -27.255 0.0000000000
64540  29.923  -0.335  -28.168 0.0000000000
64544  18.266  -0.267  -28.759 0.0000000000
64554  21.779  -0.553  -29.215 0.0000000000
64566  20.828  -0.288  -29.841 0.0000000000
64569  18.857  0.343  -30.196 0.0000000000
65647  17.164  0.125  -26.892 0.0000000000
66698  29.487  1.355  -27.437 0.0000000000
67808  23.091  2.317  -29.724 0.0000000000
67836  20.094  2.841  -32.333 0.0000000000
68871  28.351  3.093  -28.043 0.0000000000
68893  27.900  3.450  -28.372 0.0000000000
68895  24.793  2.962  -28.860 0.0000000000
70061  24.465  4.638  -30.385 0.0000000000
70104  19.056  4.676  -33.743 0.0000000000
71183  28.806  5.970  -31.305 0.0000000000
72410  28.709  6.377  -31.991 0.0000000000
72442  29.337  6.912  -33.098 0.0000000000
72469  22.619  7.129  -35.473 0.0000000000
72481  30.321  6.427  -37.778 0.0000000000
73686  30.369  7.001  -39.108 0.0000000000
74895  30.391  8.224  -37.825 0.0000000000
74896  29.960  8.839  -37.292 0.0000000000
75950  29.541  9.427  -37.778 0.0000000000
75951  27.903  9.886  -37.150 0.0000000000
75955  22.810  9.767  -37.185 0.0000000000
75976  30.280  9.438  -40.261 0.0000000000
75981  30.142  9.662  -41.048 0.0000000000
76953  28.096  10.147  -37.860 0.0000000000
76954  27.270  10.231  -37.640 0.0000000000
76978  29.959  10.128  -39.989 0.0000000000
76988  29.562  10.524  -40.453 0.0000000000
76989  28.915  10.828  -40.173 0.0000000000
77009  27.149  10.559  -43.148 0.0000000000
77894  27.297  11.329  -39.647 0.0000000000
77904  26.714  11.640  -40.145 0.0000000000
78944  21.285  12.104  -38.408 0.0000000000
125802  27.101  5.660  -30.446 0.0000000000
130637  29.596  6.336  -33.010 0.0000000000
132232  29.744  1.149  -28.833 0.0000000000
132787  25.204  -3.311  -24.448 0.0000000000
133379  20.524  14.319  -40.452 0.0000000000
135610  28.432  8.518  -34.421 0.0000000000
137514  28.721  9.728  -37.515 0.0000000000
148502  27.554  1.452  -26.609 0.0000000000
149319  29.528  3.716  -30.961 0.0000000000
149866  21.373  12.586  -38.618 0.0000000000
