#!ascii label  , from subject sub-v1s19x0051302_ses-1 vox2ras=TkReg
1605
1732  15.949  -75.981  11.446 0.6999999881
1469  15.575  -76.627  11.497 0.8000000119
1470  14.602  -76.598  11.717 0.8000000119
130284  13.957  -75.847  12.142 0.6999999881
1228  16.732  -77.872  10.809 0.6000000238
1217  16.076  -77.293  11.252 0.6000000238
148022  14.594  -77.272  11.410 0.6000000238
948  17.541  -78.346  10.155 0.6000000238
139738  14.738  -75.509  11.983 0.8000000119
1722  14.216  -75.093  12.214 0.6999999881
2076  14.003  -74.252  12.365 0.6999999881
2077  13.142  -74.362  12.746 0.6999999881
1468  16.386  -76.483  11.316 0.6000000238
1733  15.374  -75.837  11.693 0.6999999881
1723  13.557  -75.106  12.411 0.6999999881
956  18.411  -78.833  9.102 0.6000000238
964  17.830  -78.990  8.082 0.6000000238
511  18.996  -80.096  8.194 0.6000000238
729  18.199  -79.530  7.764 0.6000000238
137228  14.954  -74.064  10.994 0.8000000119
2800  14.538  -72.778  11.771 0.8000000119
2417  14.051  -73.196  12.387 0.6999999881
2784  14.241  -72.216  12.604 0.6999999881
3177  13.761  -71.723  13.183 0.6999999881
2089  15.321  -74.796  11.428 0.8000000119
2433  14.524  -73.756  11.794 0.6999999881
138309  13.659  -72.603  13.002 0.6999999881
2090  14.709  -74.571  11.880 0.8000000119
1749  15.875  -75.281  11.292 0.6999999881
1480  17.016  -77.116  11.081 0.6999999881
947  18.598  -78.233  10.073 0.6000000238
1227  17.718  -77.687  10.622 0.6000000238
728  18.962  -79.628  8.433 0.6000000238
963  18.722  -79.273  8.467 0.6000000238
507  18.461  -80.568  8.904 0.6000000238
129237  16.808  -80.662  11.172 0.6999999881
330  16.510  -81.109  10.140 0.6000000238
494  15.311  -80.584  11.757 0.5000000000
493  16.077  -80.606  11.476 0.6000000238
484  13.685  -80.256  12.454 0.5000000000
130325  14.739  -72.951  10.949 0.8999999762
3195  14.822  -71.745  12.116 0.6999999881
127093  14.706  -73.449  11.155 0.8999999762
3176  14.417  -71.272  12.804 0.6999999881
2101  15.648  -74.584  10.741 0.8000000119
2102  15.199  -74.240  10.519 0.8000000119
137957  16.369  -74.938  10.833 0.8000000119
1747  18.158  -75.667  10.753 0.6999999881
1748  16.512  -75.633  11.169 0.6999999881
1479  17.959  -76.854  10.843 0.8000000119
1226  18.740  -77.515  10.394 0.8000000119
946  19.775  -78.252  9.995 0.6999999881
962  19.388  -79.295  8.971 0.6999999881
510  19.456  -79.834  8.764 0.6000000238
492  17.625  -80.529  11.074 0.6999999881
2817  14.821  -73.576  10.124 0.8999999762
2799  15.034  -72.157  11.284 0.8000000119
3618  15.080  -70.000  12.375 0.6999999881
2114  14.796  -74.014  9.651 0.8000000119
2113  15.111  -74.295  9.522 0.6999999881
138462  17.826  -74.456  10.391 0.6999999881
2112  17.239  -74.145  9.791 0.6000000238
132879  17.186  -75.192  10.804 0.8000000119
139762  19.197  -75.707  10.414 0.8000000119
1225  19.981  -77.518  10.248 0.8000000119
954  20.354  -79.078  9.558 0.6999999881
719  20.396  -79.761  9.891 0.8000000119
723  19.890  -79.549  9.240 0.6999999881
710  20.414  -79.753  10.593 0.8000000119
699  17.594  -79.591  12.301 0.6999999881
144787  18.015  -80.016  11.607 0.6999999881
490  19.760  -80.147  9.967 0.6999999881
481  16.870  -80.142  11.891 0.6999999881
5501  14.051  -65.981  1.439 0.6000000238
6527  15.150  -64.715  2.109 0.6000000238
6044  16.290  -65.782  0.664 0.6000000238
6043  17.271  -65.718  0.350 0.6999999881
2816  15.084  -72.597  10.452 0.8999999762
3194  15.435  -71.216  11.590 0.6999999881
143401  15.601  -74.515  9.174 0.6000000238
2459  17.607  -73.681  9.149 0.6000000238
129564  16.524  -74.360  9.054 0.6000000238
148283  18.625  -74.925  10.438 0.6999999881
1746  20.233  -75.826  10.077 0.6999999881
2098  19.309  -74.921  10.166 0.6999999881
4898  16.023  -67.881  9.377 0.6999999881
4900  14.756  -67.130  9.608 0.6999999881
1477  20.135  -76.683  10.247 0.8000000119
4916  15.835  -67.455  8.487 0.6000000238
5403  14.885  -66.644  9.163 0.6000000238
5405  13.895  -66.489  8.983 0.6999999881
5404  14.307  -66.538  9.112 0.5000000000
5421  13.507  -66.305  8.443 0.6999999881
718  21.135  -79.346  10.505 0.8000000119
722  20.696  -79.427  9.882 0.8000000119
5419  14.656  -66.103  8.564 0.5000000000
712  18.327  -79.585  12.070 0.6999999881
5930  14.678  -65.439  7.983 0.5000000000
137145  14.831  -64.908  7.586 0.6000000238
6450  14.091  -64.567  7.211 0.5000000000
6468  13.769  -64.533  6.839 0.6000000238
5975  13.128  -64.978  5.606 0.6999999881
5999  13.205  -65.271  3.853 0.6999999881
6467  14.362  -63.943  6.666 0.5000000000
6482  13.657  -64.347  5.301 0.6000000238
5987  13.262  -64.917  4.791 0.6000000238
6013  14.263  -64.891  2.553 0.6000000238
6449  14.626  -64.460  7.275 0.6000000238
6498  13.798  -64.382  4.354 0.6000000238
5998  14.027  -64.582  3.413 0.6000000238
6466  15.129  -63.974  7.016 0.5000000000
134805  14.054  -63.828  5.814 0.5000000000
6512  14.806  -64.252  2.925 0.6000000238
6028  15.692  -65.280  1.374 0.6000000238
6027  17.043  -65.378  1.088 0.6999999881
6547  17.663  -65.098  0.697 0.6000000238
145488  17.331  -64.359  -0.107 0.6999999881
6481  14.277  -63.737  4.980 0.6000000238
6497  14.650  -63.804  3.895 0.6000000238
6526  15.741  -64.324  2.557 0.6000000238
6537  16.315  -64.835  1.793 0.6999999881
7026  17.952  -64.565  1.656 0.5000000000
3212  15.727  -71.598  10.764 0.8999999762
2124  14.978  -74.401  8.499 0.6000000238
2125  14.651  -74.123  8.679 0.6999999881
3648  16.032  -70.630  11.125 0.8000000119
4002  14.558  -69.639  12.465 0.6999999881
129891  15.869  -69.024  11.024 0.6999999881
132775  16.339  -69.906  10.683 0.8000000119
2111  18.537  -73.688  9.294 0.6999999881
4425  16.238  -68.486  9.712 0.8000000119
4426  15.847  -67.986  10.020 0.6000000238
4442  16.256  -68.341  8.808 0.6999999881
4458  16.015  -68.061  7.581 0.6000000238
944  21.735  -78.814  10.773 0.8000000119
1224  21.902  -78.336  10.641 0.8000000119
709  21.573  -79.113  10.956 0.8000000119
4917  15.355  -66.619  8.486 0.5000000000
149642  20.493  -79.090  11.642 0.8000000119
5447  16.190  -66.921  6.978 0.5000000000
5434  15.536  -66.009  7.726 0.6000000238
5946  15.548  -65.210  7.498 0.6000000238
6448  15.348  -64.473  7.299 0.6000000238
7484  17.145  -62.547  1.118 0.5000000000
6960  14.740  -63.444  5.738 0.5000000000
7483  17.872  -63.400  1.794 0.5000000000
7497  17.576  -63.646  0.914 0.6000000238
6981  15.112  -63.376  4.758 0.6000000238
6997  15.332  -63.878  3.251 0.6999999881
130893  17.052  -64.622  2.304 0.6999999881
6536  17.527  -65.029  1.594 0.6999999881
6959  15.682  -63.250  5.520 0.6000000238
6535  17.979  -64.631  2.124 0.6000000238
6937  16.407  -63.506  6.243 0.6999999881
146247  16.608  -63.781  3.775 0.6000000238
6525  17.449  -64.322  2.984 0.5000000000
2450  14.810  -73.459  9.249 0.6999999881
2827  15.049  -72.876  9.717 0.6999999881
3225  15.769  -72.059  9.900 0.6999999881
3211  16.387  -70.984  10.162 0.8000000119
128622  16.563  -70.759  9.270 0.6999999881
4046  16.505  -69.193  9.233 0.6999999881
3660  16.585  -70.013  9.736 0.6999999881
8002  16.911  -61.198  2.153 0.5000000000
4469  17.064  -67.698  6.404 0.5000000000
5446  16.598  -66.852  7.001 0.6000000238
8016  16.541  -61.460  1.295 0.5000000000
4930  17.201  -66.836  7.320 0.5000000000
4457  17.545  -67.850  7.199 0.5000000000
5432  16.832  -66.021  7.379 0.6000000238
6465  16.026  -63.983  6.986 0.6000000238
6534  18.275  -64.184  2.666 0.5000000000
4929  18.027  -67.700  8.113 0.5000000000
6447  17.011  -64.734  7.280 0.6000000238
5944  17.398  -65.462  7.624 0.6000000238
2460  14.722  -73.692  8.516 0.6999999881
2837  15.423  -72.664  8.998 0.6999999881
3238  16.261  -71.595  9.221 0.6999999881
6480  17.781  -63.895  5.891 0.5000000000
4441  18.779  -68.200  8.466 0.5000000000
6957  17.914  -64.047  4.707 0.5000000000
5418  17.547  -66.157  7.948 0.5000000000
140408  17.073  -63.977  6.788 0.5000000000
6979  17.013  -63.723  4.394 0.5000000000
125411  18.016  -64.216  7.110 0.5000000000
131282  18.280  -63.822  6.976 0.5000000000
144686  18.516  -66.019  9.081 0.5000000000
146044  18.361  -64.763  8.561 0.5000000000
146534  18.885  -66.521  9.282 0.5000000000
5943  18.009  -65.130  8.144 0.5000000000
6446  17.710  -64.753  7.555 0.5000000000
4914  18.581  -67.286  8.805 0.5000000000
5929  18.048  -65.800  8.426 0.5000000000
5928  18.443  -65.377  8.902 0.5000000000
9264  15.340  -59.363  2.462 0.6000000238
8651  14.938  -59.822  0.881 0.6000000238
9263  15.994  -59.737  2.848 0.5000000000
9894  14.804  -58.968  2.923 0.6999999881
9278  14.364  -59.421  1.340 0.6000000238
9289  13.973  -59.674  0.650 0.6000000238
9291  12.042  -59.833  0.402 0.6999999881
9895  14.172  -58.709  3.328 0.6000000238
149111  13.429  -59.066  2.334 0.6999999881
9279  13.459  -59.391  1.123 0.6999999881
133117  13.472  -60.018  0.219 0.6999999881
130669  11.416  -59.620  0.783 0.8000000119
9876  14.129  -58.550  4.149 0.5000000000
9875  14.951  -58.795  3.843 0.5000000000
9923  12.958  -59.263  1.713 0.8000000119
9912  12.696  -59.077  2.432 0.6000000238
8643  9.730  -60.083  1.338 0.6999999881
10520  13.697  -58.120  5.771 0.5000000000
9857  14.529  -58.285  5.585 0.5000000000
9913  10.739  -59.299  1.733 0.6999999881
142157  10.143  -60.022  0.941 0.6999999881
9924  11.809  -59.309  1.562 0.6999999881
9896  13.425  -58.590  3.694 0.6999999881
8616  9.752  -60.596  2.414 0.6999999881
9914  9.729  -59.402  1.866 0.6999999881
9858  13.001  -58.266  5.135 0.6000000238
9897  12.638  -58.717  3.208 0.8000000119
11184  5.583  -56.641  3.596 0.6999999881
10526  5.801  -58.077  4.504 0.8000000119
11120  14.417  -56.611  8.811 0.4000000060
8604  9.136  -60.411  3.242 0.6999999881
10492  13.764  -57.415  7.314 0.5000000000
136246  9.170  -59.847  1.811 0.6999999881
10505  13.380  -57.703  6.508 0.6000000238
144939  12.989  -57.942  5.909 0.6000000238
9898  10.695  -58.931  2.648 0.6999999881
9878  12.576  -58.472  4.171 0.8000000119
127277  11.699  -58.613  3.426 0.8000000119
17648  6.105  -46.499  6.954 0.5000000000
16991  6.072  -47.327  6.573 0.5000000000
17008  5.237  -47.694  6.250 0.5000000000
13784  6.909  -53.267  3.516 0.5000000000
13014  7.541  -54.230  3.108 0.6000000238
135831  5.935  -52.848  4.158 0.6000000238
15083  4.034  -50.796  5.568 0.6000000238
12373  6.131  -54.917  3.228 0.6999999881
13015  6.520  -54.240  3.306 0.6999999881
11768  5.775  -56.165  3.292 0.6999999881
11752  5.158  -55.242  4.193 0.6999999881
9255  7.911  -59.623  2.936 0.6999999881
9882  7.254  -58.657  3.361 0.6999999881
10554  6.559  -58.428  3.496 0.8000000119
11137  13.196  -56.942  8.005 0.5000000000
9268  8.460  -59.720  2.413 0.6999999881
10493  12.873  -57.293  7.209 0.6000000238
9899  9.631  -58.960  2.683 0.8000000119
10538  12.037  -58.232  4.920 0.6999999881
10540  10.366  -58.160  4.409 0.8000000119
9879  10.703  -58.465  3.683 0.8000000119
17631  6.998  -46.435  7.775 0.5000000000
16990  6.900  -47.248  7.449 0.6000000238
149202  7.955  -47.750  8.695 0.5000000000
16349  6.957  -48.219  7.174 0.6000000238
16350  6.110  -48.074  6.400 0.6000000238
16369  5.483  -48.497  6.082 0.6000000238
16368  6.608  -48.824  6.550 0.6000000238
15727  6.058  -49.240  5.985 0.5000000000
145465  8.213  -53.354  3.075 0.5000000000
13771  7.461  -52.460  3.710 0.5000000000
140401  9.723  -53.943  2.585 0.6000000238
138308  7.316  -51.526  4.452 0.6000000238
134900  5.155  -52.103  4.734 0.6999999881
15748  4.624  -49.734  5.540 0.6000000238
13002  8.648  -54.215  3.030 0.6000000238
12372  6.859  -55.002  3.237 0.6999999881
12362  5.118  -54.446  4.206 0.6999999881
13785  5.964  -53.540  3.778 0.6999999881
12991  4.510  -53.109  4.763 0.8000000119
14426  4.295  -51.366  5.170 0.6999999881
145841  7.800  -54.604  3.590 0.6999999881
11751  6.126  -56.165  3.141 0.6999999881
11749  7.402  -55.331  4.391 0.6999999881
11182  6.200  -56.836  3.433 0.8000000119
11181  7.198  -57.217  4.178 0.8000000119
10543  6.207  -57.896  3.461 0.8000000119
11138  12.359  -56.712  7.780 0.5000000000
11150  11.245  -56.723  6.847 0.6000000238
9881  8.231  -58.651  3.318 0.8000000119
133916  7.945  -58.182  3.796 0.8000000119
10506  12.550  -57.555  6.430 0.6000000238
10507  11.731  -57.399  6.277 0.6999999881
141119  9.784  -57.923  4.559 0.8000000119
10522  11.453  -57.727  5.479 0.6999999881
10523  10.467  -57.660  5.218 0.6999999881
10539  11.147  -58.179  4.693 0.8000000119
17630  7.686  -46.483  8.705 0.4000000060
16976  7.556  -47.214  8.366 0.5000000000
16348  7.936  -48.865  8.038 0.4000000060
15707  7.439  -49.298  7.262 0.5000000000
15726  7.145  -49.729  6.456 0.5000000000
13028  9.371  -53.727  2.649 0.5000000000
126964  8.931  -51.813  3.549 0.6000000238
15102  7.855  -50.935  4.768 0.6000000238
15746  6.714  -49.923  5.741 0.6000000238
132806  10.144  -53.998  2.730 0.6000000238
15103  6.361  -50.959  5.140 0.6999999881
15081  5.481  -50.322  5.329 0.6999999881
13001  9.384  -53.984  3.331 0.6000000238
11165  7.438  -56.278  4.660 0.8000000119
143858  10.556  -56.597  6.486 0.6999999881
11163  9.967  -56.860  5.893 0.6999999881
10524  9.432  -57.448  5.060 0.8000000119
11164  8.957  -56.740  5.406 0.8000000119
10508  10.906  -57.196  6.058 0.6999999881
17617  8.419  -46.468  9.546 0.4000000060
18299  8.550  -45.619  9.695 0.4000000060
19004  8.593  -44.716  9.708 0.4000000060
16330  9.477  -48.970  9.440 0.5000000000
16316  9.217  -48.132  9.876 0.4000000060
19824  8.529  -43.720  9.684 0.5000000000
15725  7.890  -50.026  7.199 0.5000000000
137910  8.597  -50.652  5.731 0.5000000000
15063  7.633  -50.351  5.814 0.5000000000
15077  10.804  -51.029  5.215 0.5000000000
139606  7.102  -50.874  5.118 0.6999999881
12989  8.601  -54.166  4.214 0.6000000238
125119  8.452  -56.093  5.471 0.8000000119
11713  10.779  -55.458  7.437 0.6000000238
11151  9.992  -56.060  6.584 0.6000000238
12335  10.121  -54.437  6.929 0.6999999881
11733  8.742  -55.263  5.783 0.6999999881
20704  9.378  -42.545  10.321 0.3000000119
16315  10.027  -48.548  10.015 0.4000000060
16963  9.147  -47.216  10.091 0.3000000119
17616  9.247  -46.338  10.173 0.4000000060
18298  9.445  -45.468  10.235 0.4000000060
18982  9.670  -44.426  10.274 0.4000000060
19804  9.434  -43.376  10.255 0.5000000000
15687  8.909  -49.424  8.691 0.4000000060
19803  10.198  -43.031  10.545 0.3000000119
15706  8.330  -49.799  7.903 0.4000000060
15100  9.656  -50.937  4.504 0.5000000000
15041  8.812  -50.440  7.457 0.4000000060
15122  10.069  -51.179  3.662 0.6000000238
15040  9.950  -50.781  7.648 0.4000000060
15099  10.574  -50.997  4.093 0.4000000060
15061  9.313  -50.833  6.610 0.5000000000
11734  8.013  -55.494  5.238 0.6999999881
11152  9.274  -56.063  6.052 0.6999999881
19805  8.527  -42.777  9.755 0.4000000060
128057  10.293  -43.747  10.443 0.4000000060
20703  10.817  -42.702  10.793 0.3000000119
15674  10.341  -49.152  9.479 0.3000000119
140490  10.742  -50.943  7.089 0.4000000060
15076  11.794  -50.793  5.407 0.4000000060
132442  11.344  -50.947  6.244 0.4000000060
17594  10.507  -46.970  10.382 0.3000000119
140235  10.091  -46.229  10.426 0.3000000119
18273  10.478  -45.379  10.419 0.4000000060
18981  10.877  -44.484  10.443 0.3000000119
19802  11.208  -43.575  10.573 0.3000000119
16946  10.806  -47.647  10.223 0.3000000119
15023  10.344  -50.317  8.433 0.3000000119
15059  11.622  -50.570  7.061 0.3000000119
15039  10.973  -50.639  7.849 0.3000000119
132004  12.257  -50.405  6.111 0.3000000119
133733  11.592  -45.365  10.371 0.3000000119
18980  11.810  -44.458  10.445 0.3000000119
18271  11.684  -46.176  10.197 0.3000000119
18979  12.473  -44.848  10.267 0.3000000119
15684  11.364  -49.552  8.462 0.3000000119
15703  12.180  -49.632  7.128 0.3000000119
15724  12.492  -49.538  6.240 0.3000000119
144625  10.031  -42.395  10.661 0.3000000119
16945  11.203  -46.919  10.238 0.3000000119
18297  12.172  -46.146  9.846 0.3000000119
15704  11.893  -49.247  7.733 0.3000000119
5931  13.586  -65.641  7.927 0.6000000238
5961  13.248  -65.037  6.515 0.6999999881
5976  12.671  -65.762  5.891 0.6999999881
5988  12.722  -65.588  4.822 0.6999999881
15062  8.172  -50.398  6.531 0.4000000060
15079  8.169  -50.675  5.174 0.6000000238
19801  12.521  -43.870  10.495 0.3000000119
1218  14.687  -77.736  11.101 0.6999999881
2418  13.448  -73.493  12.840 0.6999999881
124862  17.225  -76.151  11.080 0.8000000119
329  17.435  -80.928  9.605 0.6000000238
500  18.935  -80.410  9.717 0.6999999881
149918  16.395  -74.476  9.720 0.6000000238
4016  15.227  -69.411  11.842 0.6999999881
127298  21.016  -78.489  10.067 0.8000000119
491  18.743  -80.312  10.722 0.6999999881
697  19.919  -79.527  11.455 0.8000000119
6026  17.617  -65.128  1.048 0.6999999881
5947  14.168  -65.121  7.706 0.5000000000
7051  16.710  -63.825  -0.437 0.6000000238
6980  16.054  -63.353  4.575 0.6999999881
4034  16.353  -69.149  10.183 0.8000000119
4459  16.039  -68.095  6.692 0.5000000000
4931  15.892  -67.120  7.250 0.6000000238
5945  16.483  -65.339  7.362 0.6000000238
9900  8.609  -59.211  2.642 0.8000000119
69  16.483  -83.326  15.593 0.4000000060
131154  17.042  -83.465  16.126 0.4000000060
177  14.367  -82.353  15.276 0.3000000119
9  15.703  -83.459  15.711 0.4000000060
5  15.397  -83.647  16.224 0.4000000060
57  16.425  -83.445  17.022 0.4000000060
878  14.049  -78.196  16.968 0.4000000060
142611  14.564  -79.610  16.975 0.5000000000
458  15.255  -80.637  16.577 0.5000000000
671  13.835  -79.183  16.608 0.3000000119
459  14.541  -80.128  16.698 0.4000000060
168  16.350  -81.880  15.216 0.4000000060
297  13.727  -80.953  15.872 0.3000000119
176  15.487  -82.261  15.167 0.3000000119
184  15.923  -82.716  14.998 0.3000000119
304  13.447  -81.622  15.535 0.3000000119
137827  13.166  -78.728  15.671 0.4000000060
1176  13.738  -77.582  15.859 0.4000000060
143841  14.348  -77.616  17.242 0.5000000000
1188  13.955  -77.693  15.171 0.3000000119
680  12.781  -79.358  15.228 0.3000000119
471  12.281  -80.060  14.068 0.4000000060
685  12.647  -79.398  14.345 0.3000000119
703  13.270  -79.585  13.185 0.4000000060
475  12.314  -80.310  13.368 0.4000000060
321  12.864  -80.659  12.344 0.4000000060
1187  14.319  -76.969  15.909 0.4000000060
1442  15.261  -76.657  15.296 0.4000000060
1199  14.887  -77.382  14.917 0.4000000060
1198  16.230  -77.350  14.467 0.4000000060
1440  17.040  -76.426  14.373 0.5000000000
915  13.571  -78.316  14.560 0.4000000060
912  16.425  -78.078  13.957 0.4000000060
693  12.703  -79.681  13.571 0.4000000060
139974  13.736  -79.146  13.423 0.5000000000
923  15.974  -78.559  13.634 0.4000000060
702  14.144  -79.632  12.876 0.4000000060
331  15.658  -81.242  10.584 0.6000000238
495  14.491  -80.726  11.785 0.4000000060
1713  17.850  -76.172  13.858 0.6000000238
1452  18.012  -77.022  13.691 0.6000000238
1206  17.165  -77.907  13.824 0.6000000238
1205  17.952  -77.741  13.581 0.6000000238
921  17.856  -78.452  13.256 0.6000000238
150046  18.509  -78.128  13.150 0.6999999881
690  16.474  -79.090  13.109 0.5000000000
689  17.325  -79.050  12.914 0.6000000238
698  18.959  -79.309  12.164 0.6999999881
1721  20.024  -75.761  12.519 0.6999999881
1462  20.174  -76.783  12.501 0.6999999881
1451  18.603  -76.586  13.328 0.6000000238
1450  19.254  -76.915  12.857 0.6999999881
1210  21.779  -77.958  11.523 0.6999999881
124555  22.149  -78.259  10.893 0.6999999881
132205  21.311  -77.714  10.225 0.6999999881
1213  19.274  -78.216  12.684 0.6999999881
930  21.313  -78.406  11.628 0.6999999881
932  19.637  -78.904  12.189 0.6999999881
1731  21.819  -75.706  11.455 0.5000000000
1466  23.224  -76.936  10.636 0.6000000238
1461  21.261  -77.108  11.951 0.6999999881
1216  22.506  -77.845  10.966 0.6000000238
1223  22.567  -77.623  10.643 0.6999999881
1489  22.843  -77.226  9.722 0.6999999881
1212  19.760  -77.615  12.611 0.6999999881
1475  22.468  -77.646  10.288 0.6999999881
1476  21.476  -76.956  9.974 0.6000000238
1222  23.084  -77.269  10.520 0.6000000238
1761  23.485  -76.928  9.647 0.6000000238
1762  21.531  -76.209  9.469 0.6000000238
150259  23.027  -76.813  9.255 0.6000000238
2470  17.723  -73.701  7.530 0.5000000000
1724  12.700  -75.126  12.500 0.6000000238
1763  20.084  -74.997  9.690 0.6000000238
2458  19.022  -73.700  8.498 0.5000000000
132280  18.054  -73.482  8.427 0.5000000000
2770  12.554  -72.087  13.475 0.6000000238
2407  12.956  -72.812  13.269 0.6000000238
2419  12.619  -73.622  13.118 0.6000000238
1770  22.396  -76.138  8.761 0.6000000238
2121  20.095  -74.346  8.388 0.5000000000
2110  19.217  -74.329  9.720 0.5000000000
137562  12.248  -69.986  12.060 0.6000000238
3620  13.390  -70.000  13.100 0.6000000238
3603  12.850  -70.711  13.353 0.6000000238
3160  12.288  -71.399  13.412 0.6000000238
3159  13.075  -71.428  13.452 0.6000000238
139619  14.035  -69.937  12.954 0.6000000238
3158  13.741  -70.719  13.225 0.6000000238
2461  14.584  -74.081  8.232 0.6000000238
2109  20.783  -75.117  8.971 0.6000000238
4019  12.839  -69.490  11.450 0.6000000238
4416  13.936  -68.662  10.917 0.6000000238
4018  13.740  -69.040  11.790 0.6000000238
4415  14.701  -68.214  10.715 0.6000000238
4400  14.438  -68.738  11.365 0.6000000238
141390  14.556  -67.633  10.060 0.5000000000
4399  15.085  -68.734  11.328 0.6000000238
4414  15.528  -68.357  10.623 0.5000000000
3635  12.089  -70.033  10.960 0.6999999881
4036  12.677  -69.557  10.487 0.6000000238
4035  13.288  -69.109  10.981 0.6000000238
4427  13.853  -68.134  10.107 0.6000000238
4901  14.034  -67.156  9.521 0.6000000238
146714  11.638  -68.350  5.371 0.6000000238
4047  13.217  -69.015  10.248 0.6000000238
4918  13.429  -67.044  8.862 0.5000000000
4444  12.712  -68.716  8.590 0.6000000238
134722  12.547  -67.774  7.493 0.6000000238
4485  11.859  -67.781  5.809 0.6000000238
4970  11.703  -67.663  4.898 0.6000000238
4048  12.580  -69.582  9.628 0.6000000238
4919  12.898  -67.882  8.320 0.6000000238
4932  12.959  -66.997  8.043 0.5000000000
4933  12.624  -66.876  7.081 0.6000000238
4956  12.003  -67.190  5.493 0.5000000000
4969  11.897  -67.155  4.146 0.5000000000
5435  12.984  -65.805  7.032 0.6000000238
5448  12.526  -66.416  6.373 0.6000000238
5461  12.292  -66.585  5.664 0.6000000238
127421  12.355  -66.352  4.324 0.6000000238
5492  12.529  -66.733  2.789 0.6999999881
4989  12.493  -67.368  2.181 0.6999999881
4997  13.032  -67.227  1.356 0.6999999881
4535  14.081  -67.895  0.014 0.6999999881
5472  12.371  -66.211  5.133 0.6000000238
5481  12.696  -66.089  3.449 0.6999999881
143199  13.424  -66.206  1.911 0.6999999881
4988  12.954  -66.680  1.979 0.6999999881
129630  13.547  -66.582  1.279 0.6999999881
148959  14.571  -67.187  0.114 0.6000000238
6014  13.687  -65.627  2.300 0.6000000238
2141  17.313  -74.219  6.576 0.5000000000
2122  16.867  -74.151  8.154 0.5000000000
2142  15.987  -74.582  6.410 0.5000000000
2132  16.659  -74.366  7.185 0.5000000000
2143  15.195  -74.390  6.917 0.6000000238
2160  16.347  -74.296  4.357 0.6000000238
2151  16.090  -74.500  5.449 0.6000000238
125946  15.509  -74.313  6.058 0.6000000238
2135  14.778  -74.155  7.484 0.6000000238
2471  14.696  -73.855  7.825 0.6000000238
2495  15.911  -73.989  4.821 0.5000000000
148063  15.297  -73.824  6.111 0.6000000238
2845  15.485  -72.876  7.918 0.6000000238
130643  16.136  -72.320  4.697 0.6000000238
3261  16.095  -71.956  5.280 0.5000000000
3247  16.022  -72.183  6.959 0.6000000238
2844  16.200  -71.849  7.857 0.6000000238
3268  16.085  -71.136  4.436 0.5000000000
4060  16.318  -69.173  8.041 0.5000000000
4090  16.193  -69.540  7.133 0.5000000000
3673  16.619  -70.079  8.761 0.6000000238
3246  16.327  -71.100  7.442 0.6000000238
482  15.741  -80.208  12.150 0.6000000238
934  18.131  -79.113  12.604 0.6999999881
2123  15.648  -74.563  8.312 0.5000000000
139578  13.087  -66.258  7.775 0.6000000238
5491  13.036  -66.153  2.550 0.6999999881
131011  14.713  -74.211  8.087 0.6000000238
3237  16.477  -71.088  8.415 0.6000000238
3686  16.454  -70.221  7.801 0.6000000238
185  15.218  -82.707  15.071 0.3000000119
303  14.516  -81.728  15.700 0.3000000119
302  15.376  -81.637  15.664 0.4000000060
142158  12.976  -80.845  15.512 0.3000000119
902  13.020  -78.714  14.779 0.4000000060
125877  13.150  -78.946  13.888 0.4000000060
1441  16.192  -76.510  14.805 0.4000000060
913  15.522  -77.987  14.232 0.3000000119
1197  17.272  -77.202  14.064 0.6000000238
925  13.943  -78.589  13.845 0.5000000000
922  16.913  -78.533  13.487 0.5000000000
692  14.558  -79.124  13.321 0.5000000000
1204  18.735  -77.487  13.146 0.6000000238
1460  22.126  -77.374  11.408 0.6999999881
4443  13.341  -67.955  9.181 0.6000000238
5010  15.323  -67.714  -0.426 0.6000000238
2152  15.944  -74.287  5.220 0.6000000238
2875  16.473  -72.961  3.630 0.5000000000
140349  15.082  -74.149  6.545 0.6000000238
2852  15.117  -73.620  6.955 0.6000000238
2868  16.194  -73.171  4.420 0.5000000000
129844  15.879  -72.809  6.109 0.6000000238
3279  16.289  -72.068  4.038 0.5000000000
3254  16.201  -71.059  6.654 0.5000000000
3698  16.237  -70.265  6.876 0.5000000000
2553  14.246  -72.552  37.920 0.4000000060
2201  13.733  -73.375  36.243 0.4000000060
2567  12.620  -72.677  35.885 0.5000000000
3348  11.550  -71.056  38.364 0.5000000000
3349  10.415  -70.583  38.082 0.5000000000
3357  8.193  -70.765  37.471 0.5000000000
2934  12.470  -71.528  38.333 0.5000000000
2207  14.197  -73.765  35.238 0.4000000060
1835  14.616  -74.183  34.392 0.4000000060
2217  13.680  -73.568  34.159 0.5000000000
130  17.329  -82.540  20.631 0.3000000119
137187  16.977  -82.584  21.355 0.3000000119
138317  16.486  -82.553  19.773 0.3000000119
141519  15.816  -82.624  19.193 0.3000000119
131264  11.582  -70.404  37.086 0.4000000060
3354  10.426  -70.228  37.030 0.5000000000
3355  9.375  -70.185  37.305 0.5000000000
3346  13.277  -70.924  37.655 0.4000000060
2933  13.394  -71.573  38.073 0.4000000060
2195  14.522  -73.284  37.310 0.3000000119
2936  14.996  -72.322  37.764 0.3000000119
1846  13.519  -73.971  32.154 0.4000000060
135232  15.448  -74.675  34.606 0.3000000119
137363  15.037  -74.533  33.651 0.4000000060
1836  13.902  -73.842  33.224 0.5000000000
1844  15.565  -74.860  33.028 0.3000000119
122  17.845  -82.376  21.550 0.3000000119
114  17.094  -82.436  23.043 0.3000000119
151  16.740  -82.655  18.784 0.3000000119
45  17.464  -82.960  17.870 0.3000000119
46  16.601  -83.179  17.810 0.3000000119
3353  12.608  -70.567  37.195 0.3000000119
3361  11.015  -70.258  36.270 0.4000000060
3352  13.398  -70.748  36.864 0.3000000119
1829  16.112  -74.795  35.226 0.3000000119
131532  14.746  -74.538  30.721 0.4000000060
129367  13.627  -74.275  30.579 0.4000000060
133819  15.164  -74.672  32.199 0.4000000060
1532  16.514  -75.427  33.287 0.3000000119
138627  18.386  -82.132  21.144 0.4000000060
121  18.098  -82.162  21.815 0.4000000060
252  17.582  -82.090  22.642 0.4000000060
253  17.282  -82.045  23.377 0.4000000060
407  16.330  -80.732  23.709 0.4000000060
134695  15.671  -79.816  24.172 0.5000000000
139  18.395  -82.282  19.232 0.3000000119
140  17.561  -82.491  19.652 0.3000000119
130114  17.702  -82.571  18.714 0.3000000119
56  17.322  -83.366  16.981 0.3000000119
167  17.052  -82.539  14.957 0.3000000119
3359  12.671  -70.544  35.977 0.3000000119
130139  15.751  -74.923  30.868 0.3000000119
1867  15.247  -74.666  30.008 0.3000000119
1894  13.625  -74.314  28.964 0.4000000060
144240  12.947  -74.381  28.451 0.4000000060
1524  16.967  -75.525  34.041 0.3000000119
1537  16.325  -75.343  31.678 0.3000000119
129439  16.886  -75.718  32.523 0.3000000119
128077  15.976  -75.133  32.374 0.3000000119
128777  13.462  -77.474  25.176 0.5000000000
1074  12.853  -77.125  25.697 0.5000000000
141193  19.815  -80.688  19.786 0.3000000119
256  18.937  -81.225  20.541 0.3000000119
263  19.473  -81.194  19.870 0.3000000119
421  18.500  -81.249  21.277 0.3000000119
258  18.095  -81.745  22.037 0.4000000060
817  15.353  -78.916  22.213 0.5000000000
592  15.051  -78.879  23.728 0.5000000000
264  18.759  -81.706  20.566 0.3000000119
414  17.622  -81.657  22.532 0.4000000060
415  16.882  -81.288  22.990 0.4000000060
591  15.507  -79.534  23.138 0.5000000000
134370  18.267  -82.686  17.917 0.3000000119
55  18.025  -83.144  17.010 0.3000000119
64  17.987  -83.236  15.978 0.3000000119
166  17.914  -82.626  15.209 0.3000000119
139175  16.736  -81.370  15.665 0.4000000060
137386  14.761  -74.448  29.165 0.3000000119
135454  13.637  -74.257  27.994 0.4000000060
137051  17.513  -75.606  33.896 0.3000000119
146828  16.540  -75.429  31.030 0.3000000119
1550  16.224  -75.079  30.249 0.3000000119
138970  12.824  -74.438  27.899 0.4000000060
1277  17.607  -76.244  32.665 0.3000000119
1579  12.022  -75.675  26.615 0.4000000060
135983  12.289  -76.378  26.116 0.5000000000
1339  12.461  -75.966  24.441 0.4000000060
1326  12.383  -76.181  25.285 0.5000000000
131167  20.473  -79.242  19.780 0.3000000119
1080  13.616  -77.473  24.341 0.5000000000
1081  12.837  -76.903  24.774 0.5000000000
126989  19.205  -80.248  20.488 0.3000000119
818  14.720  -77.990  22.411 0.4000000060
1091  13.940  -77.214  22.731 0.5000000000
270  20.391  -80.753  19.199 0.3000000119
128442  18.639  -80.301  20.858 0.4000000060
604  17.218  -79.927  21.396 0.4000000060
810  14.502  -78.119  23.273 0.5000000000
128  19.284  -81.572  19.732 0.3000000119
422  18.057  -80.893  21.709 0.4000000060
423  16.983  -80.679  22.127 0.5000000000
144933  16.075  -80.087  22.454 0.5000000000
158  19.624  -82.209  16.516 0.3000000119
286  19.232  -82.147  15.619 0.4000000060
287  18.242  -81.363  15.654 0.3000000119
293  18.474  -81.951  15.071 0.4000000060
146098  17.660  -81.532  15.401 0.4000000060
740  14.827  -79.838  6.868 0.5000000000
289  16.044  -80.760  16.582 0.3000000119
1275  18.646  -76.956  31.829 0.3000000119
1536  17.377  -76.095  31.700 0.3000000119
1907  13.916  -74.115  27.296 0.3000000119
1276  18.077  -76.606  32.307 0.3000000119
134285  13.383  -74.034  25.619 0.3000000119
130924  12.367  -75.077  25.015 0.5000000000
1614  12.873  -75.565  22.924 0.4000000060
1609  12.440  -74.981  24.149 0.3000000119
838  21.559  -78.893  19.547 0.3000000119
133290  13.480  -76.164  22.317 0.5000000000
619  19.715  -79.815  20.125 0.3000000119
830  15.192  -77.891  21.652 0.4000000060
146878  13.948  -76.740  22.073 0.4000000060
130487  18.038  -79.873  21.056 0.4000000060
827  17.522  -79.008  20.858 0.4000000060
828  16.585  -78.996  21.219 0.4000000060
271  19.990  -81.195  18.958 0.3000000119
279  20.367  -81.519  17.592 0.3000000119
605  16.475  -79.842  21.745 0.4000000060
606  15.947  -79.316  21.777 0.5000000000
145097  19.115  -81.109  16.279 0.3000000119
452  17.483  -80.690  17.054 0.4000000060
974  15.385  -79.476  7.312 0.5000000000
288  17.050  -80.937  16.270 0.4000000060
658  16.717  -79.910  17.790 0.5000000000
354  15.668  -80.773  6.989 0.5000000000
1281  18.256  -76.775  31.582 0.3000000119
2771  11.728  -72.073  13.409 0.5000000000
1619  13.043  -75.185  22.215 0.3000000119
1620  12.758  -74.744  22.901 0.3000000119
2420  11.704  -73.617  13.117 0.5000000000
2772  10.964  -72.121  13.129 0.6000000238
1106  22.170  -78.133  19.506 0.3000000119
839  20.768  -78.368  19.670 0.3000000119
616  22.164  -79.645  19.253 0.3000000119
840  19.958  -78.259  19.859 0.3000000119
1096  18.693  -77.932  20.321 0.3000000119
1357  14.607  -76.421  21.159 0.4000000060
1358  14.000  -76.313  21.650 0.4000000060
1734  13.076  -75.895  12.255 0.5000000000
3214  10.388  -71.333  10.486 0.5000000000
1097  17.912  -78.082  20.580 0.3000000119
1098  17.068  -78.122  20.807 0.3000000119
1112  16.506  -77.318  20.717 0.3000000119
1368  16.158  -76.420  20.568 0.3000000119
1471  13.503  -76.610  11.797 0.5000000000
278  21.050  -81.204  16.889 0.3000000119
451  20.137  -81.375  16.325 0.3000000119
951  14.701  -78.351  10.333 0.5000000000
133659  20.044  -80.733  16.753 0.3000000119
132825  15.174  -78.939  9.431 0.5000000000
140764  18.810  -80.112  17.803 0.4000000060
140335  15.818  -79.256  8.367 0.6000000238
642  17.873  -79.372  18.224 0.4000000060
643  17.068  -79.395  18.112 0.5000000000
973  16.575  -79.397  7.306 0.5000000000
134771  16.207  -79.027  18.052 0.4000000060
453  16.341  -80.362  17.220 0.4000000060
517  16.940  -80.220  6.963 0.6000000238
2022  15.687  -74.622  17.124 0.3000000119
1673  15.277  -75.414  17.231 0.4000000060
132388  14.896  -77.710  17.632 0.4000000060
454  15.295  -80.028  17.069 0.3000000119
343  17.060  -80.830  7.993 0.6000000238
351  15.601  -81.086  7.995 0.5000000000
2365  16.041  -73.918  17.012 0.3000000119
139092  15.340  -74.925  16.895 0.5000000000
1686  14.868  -75.653  16.918 0.4000000060
139958  14.423  -76.420  16.847 0.4000000060
344  15.744  -81.304  8.937 0.6000000238
2051  16.092  -73.690  16.477 0.3000000119
132240  15.643  -74.480  16.341 0.5000000000
1699  15.234  -75.254  16.338 0.4000000060
1433  14.811  -76.071  16.278 0.4000000060
2050  16.139  -74.099  15.614 0.4000000060
1698  15.832  -74.954  15.571 0.5000000000
1432  15.537  -75.827  15.516 0.4000000060
1704  16.358  -75.647  14.882 0.5000000000
3161  11.539  -71.514  13.185 0.6000000238
140215  10.881  -71.257  12.154 0.6000000238
1381  22.645  -77.430  19.497 0.3000000119
1107  21.337  -77.876  19.580 0.3000000119
1364  20.463  -76.692  19.679 0.3000000119
128356  19.836  -77.264  19.865 0.3000000119
3196  11.407  -70.676  11.643 0.6000000238
3197  10.611  -71.290  11.416 0.6000000238
848  23.530  -78.905  19.222 0.3000000119
1109  19.073  -77.023  20.136 0.3000000119
1366  17.889  -76.564  20.307 0.3000000119
3213  10.986  -71.028  10.688 0.6000000238
873  23.145  -79.687  17.580 0.3000000119
1110  18.270  -77.230  20.356 0.3000000119
1111  17.462  -77.302  20.529 0.3000000119
3662  11.595  -70.694  9.339 0.6000000238
284  20.961  -81.062  16.734 0.3000000119
4076  11.924  -70.009  7.289 0.6000000238
3688  11.562  -70.720  7.677 0.6000000238
3700  11.498  -70.770  6.834 0.6000000238
3712  11.520  -70.620  5.880 0.5000000000
1158  16.887  -76.907  18.101 0.4000000060
1405  15.301  -76.257  17.631 0.4000000060
2398  16.725  -73.810  14.922 0.4000000060
2061  16.548  -74.717  14.914 0.5000000000
1380  24.053  -76.941  19.357 0.3000000119
134834  23.174  -76.576  19.478 0.3000000119
1362  21.869  -77.361  19.540 0.3000000119
1633  21.127  -76.141  19.597 0.3000000119
1365  19.751  -76.432  19.786 0.3000000119
146287  19.075  -76.132  19.913 0.3000000119
147296  17.564  -75.944  20.255 0.3000000119
144025  11.896  -70.499  12.609 0.5000000000
145300  24.193  -78.427  19.119 0.3000000119
136637  23.467  -79.521  18.688 0.3000000119
3661  12.116  -70.157  9.905 0.5000000000
3649  11.517  -70.628  10.323 0.6000000238
847  24.085  -78.972  18.834 0.3000000119
1367  17.044  -76.524  20.451 0.3000000119
872  24.158  -78.734  17.537 0.3000000119
3687  12.025  -70.112  8.192 0.6000000238
1157  17.915  -77.012  18.148 0.3000000119
1138  18.513  -77.792  18.226 0.3000000119
149597  11.670  -70.139  6.544 0.6000000238
4123  11.387  -69.567  4.279 0.6000000238
3674  12.089  -70.173  9.032 0.6000000238
4061  12.448  -69.514  8.798 0.5000000000
4092  12.118  -69.147  7.176 0.6000000238
145100  11.831  -69.549  6.650 0.6000000238
4110  11.543  -69.117  5.284 0.6000000238
131109  11.460  -69.909  5.239 0.6000000238
4132  11.468  -69.186  3.297 0.6000000238
141532  11.456  -68.723  3.859 0.6000000238
126400  12.550  -69.790  1.322 0.5000000000
4460  12.477  -68.589  7.767 0.5000000000
4471  11.817  -68.716  6.259 0.5000000000
4509  11.617  -68.390  3.178 0.6000000238
132890  14.455  -70.322  -0.851 0.5000000000
133140  15.118  -68.678  -0.652 0.6000000238
139136  14.732  -69.518  -0.673 0.6000000238
4168  15.413  -70.165  -2.021 0.5000000000
4167  15.963  -69.536  -2.139 0.6000000238
3773  15.446  -69.980  -2.249 0.6000000238
145900  12.223  -68.418  7.076 0.5000000000
4517  12.028  -68.162  2.339 0.5000000000
4526  12.618  -67.986  1.522 0.5000000000
124364  12.314  -68.884  1.660 0.6000000238
4525  12.930  -68.566  0.966 0.5000000000
4158  13.889  -69.747  -0.089 0.5000000000
4536  13.496  -68.434  0.430 0.6000000238
5512  14.522  -66.516  0.629 0.6000000238
4556  16.474  -68.835  -2.155 0.5000000000
8572  12.431  -60.339  6.638 0.5000000000
4981  11.535  -67.948  3.959 0.5000000000
135302  11.780  -59.541  8.249 0.5000000000
9798  11.475  -59.058  8.791 0.6000000238
9215  11.891  -59.708  6.628 0.6000000238
9229  11.082  -59.704  5.688 0.6000000238
8554  12.431  -60.575  7.239 0.5000000000
8587  12.159  -60.155  5.655 0.5000000000
8586  12.723  -60.700  5.101 0.5000000000
5542  15.421  -67.041  -2.279 0.5000000000
132168  15.014  -68.021  -2.458 0.5000000000
9861  5.964  -58.653  3.978 0.6000000238
9840  6.718  -58.559  5.465 0.6999999881
9859  7.208  -58.999  5.288 0.6000000238
9839  7.898  -58.493  6.167 0.6999999881
10494  9.681  -57.574  7.918 0.6000000238
9800  10.750  -57.984  8.475 0.6000000238
9218  8.269  -59.237  5.515 0.6000000238
9819  8.900  -57.962  7.002 0.6000000238
9883  6.534  -58.979  3.646 0.6000000238
9837  10.444  -58.735  6.956 0.6000000238
9818  9.996  -58.178  7.458 0.5000000000
9799  11.254  -58.496  9.006 0.6000000238
9246  7.388  -59.483  3.564 0.6000000238
9217  9.650  -59.155  6.031 0.6000000238
9198  11.541  -59.179  7.494 0.5000000000
9817  11.017  -58.509  7.903 0.6000000238
9231  9.109  -59.694  5.131 0.6000000238
9216  10.875  -59.257  6.425 0.6000000238
142935  9.750  -60.363  4.111 0.6000000238
9230  9.943  -59.929  4.875 0.6000000238
8588  10.935  -60.133  4.728 0.6000000238
8602  12.039  -60.453  4.447 0.5000000000
7980  13.316  -61.592  3.969 0.5000000000
137611  13.003  -61.601  2.507 0.5000000000
8003  12.979  -61.934  1.958 0.5000000000
7500  12.131  -62.532  0.068 0.5000000000
10509  8.075  -57.827  6.777 0.6000000238
11141  8.320  -56.782  7.660 0.6999999881
8605  8.358  -60.127  3.017 0.5000000000
8603  10.517  -60.547  3.685 0.6000000238
8615  11.690  -60.774  3.193 0.6000000238
8601  12.912  -60.895  3.911 0.5000000000
8627  10.989  -60.880  1.903 0.6000000238
8004  12.211  -61.415  1.584 0.5000000000
8031  11.642  -61.214  0.353 0.6000000238
8017  12.332  -61.915  0.927 0.6000000238
12987  10.071  -53.117  5.574 0.4000000060
11724  5.531  -55.519  5.656 0.6999999881
12325  6.672  -54.362  7.147 0.5000000000
12314  7.380  -54.752  7.681 0.5000000000
12974  10.140  -53.477  6.556 0.6000000238
12348  8.970  -54.234  5.672 0.5000000000
11715  6.716  -55.296  6.987 0.6000000238
11703  7.941  -55.266  8.065 0.5000000000
12958  10.626  -53.739  7.314 0.5000000000
11155  5.612  -56.464  5.458 0.6000000238
144435  6.722  -56.092  6.821 0.8000000119
10512  5.657  -57.356  5.123 0.6999999881
11142  7.323  -56.613  7.065 0.8000000119
11124  8.977  -56.259  8.477 0.6999999881
8628  9.939  -60.455  1.524 0.6000000238
8019  10.861  -60.594  0.800 0.6000000238
12960  6.590  -53.361  7.371 0.5000000000
12988  9.397  -53.599  4.927 0.5000000000
12337  5.361  -54.519  5.709 0.6999999881
12945  7.878  -54.038  8.307 0.5000000000
12957  11.274  -53.252  7.654 0.4000000060
12973  10.843  -52.957  6.938 0.4000000060
12943  11.606  -53.535  8.242 0.4000000060
12312  11.651  -54.283  8.486 0.5000000000
11700  11.835  -55.062  8.598 0.4000000060
12961  5.692  -53.007  6.686 0.5000000000
148085  6.826  -52.800  7.751 0.5000000000
13760  10.840  -52.802  5.380 0.3000000119
13000  10.250  -53.383  4.188 0.3000000119
12976  5.944  -53.947  6.582 0.6000000238
12942  12.163  -53.593  8.719 0.4000000060
12311  12.235  -54.487  8.997 0.4000000060
135918  11.707  -56.519  7.512 0.4000000060
12977  5.101  -53.548  5.833 0.6000000238
12351  4.781  -53.783  4.729 0.6000000238
11699  12.400  -55.416  8.915 0.4000000060
13744  4.681  -52.549  5.810 0.5000000000
13723  6.229  -52.396  7.440 0.5000000000
13740  13.503  -52.415  6.111 0.3000000119
13770  11.320  -52.958  4.269 0.3000000119
12999  11.063  -53.730  2.864 0.3000000119
13012  10.538  -54.150  2.061 0.4000000060
11677  13.514  -55.369  9.604 0.3000000119
11122  12.687  -56.257  8.557 0.4000000060
11098  13.859  -56.031  9.365 0.4000000060
13782  12.023  -53.742  2.399 0.4000000060
13761  4.072  -52.377  4.996 0.6000000238
14396  5.368  -51.475  7.221 0.4000000060
126387  10.917  -54.085  1.925 0.4000000060
13739  14.352  -52.013  5.603 0.3000000119
13745  4.158  -51.814  5.471 0.5000000000
13794  9.899  -53.173  2.489 0.4000000060
13783  9.029  -52.692  2.945 0.4000000060
14437  9.217  -51.233  3.878 0.5000000000
14460  10.621  -52.383  2.578 0.4000000060
14451  9.734  -51.922  3.193 0.4000000060
15762  13.840  -49.073  2.488 0.3000000119
15763  13.169  -49.811  3.207 0.3000000119
15097  12.787  -50.450  3.057 0.3000000119
15098  11.761  -50.916  4.157 0.3000000119
15075  12.526  -50.304  4.585 0.3000000119
136239  7.945  -44.993  9.140 0.4000000060
16397  14.084  -48.180  2.604 0.3000000119
1639  15.621  -75.613  20.458 0.3000000119
1139  17.481  -77.682  18.228 0.4000000060
15121  10.995  -51.145  3.384 0.3000000119
9292  11.181  -60.026  0.515 0.6000000238
19825  7.562  -42.916  8.864 0.4000000060
12324  10.657  -54.677  7.474 0.5000000000
15120  12.057  -50.987  2.849 0.3000000119
148030  14.587  -78.216  17.394 0.3000000119
1160  14.571  -76.855  17.361 0.4000000060
4497  11.510  -68.553  4.602 0.5000000000
145458  14.510  -72.293  37.965 0.4000000060
2546  12.945  -71.874  38.314 0.5000000000
3356  8.572  -70.303  37.387 0.5000000000
2226  12.888  -73.600  32.612 0.5000000000
113  17.626  -82.229  22.470 0.4000000060
2932  14.278  -71.923  38.033 0.4000000060
1845  14.572  -74.365  32.604 0.4000000060
125764  12.457  -74.246  30.478 0.4000000060
129  18.160  -82.334  20.521 0.4000000060
104  17.156  -82.281  23.430 0.4000000060
247  17.042  -82.116  24.121 0.4000000060
3788  10.078  -69.971  35.848 0.3000000119
1517  16.715  -75.143  34.642 0.3000000119
1855  15.388  -74.777  31.554 0.3000000119
1868  14.180  -74.433  29.858 0.4000000060
1869  13.110  -74.335  29.786 0.4000000060
143004  18.717  -82.008  20.210 0.3000000119
138  19.112  -81.876  19.085 0.4000000060
1909  12.249  -74.790  27.588 0.4000000060
809  14.991  -78.682  22.935 0.5000000000
966  14.674  -79.222  8.512 0.5000000000
159  18.784  -82.752  16.509 0.4000000060
1542  17.103  -75.694  30.596 0.3000000119
1908  13.076  -74.287  27.178 0.4000000060
1919  12.403  -74.788  26.616 0.4000000060
1591  12.227  -75.371  25.860 0.5000000000
1344  13.210  -76.456  23.163 0.5000000000
603  19.189  -79.515  20.413 0.3000000119
139425  20.988  -81.020  18.037 0.3000000119
149  19.692  -81.915  17.779 0.3000000119
126923  19.841  -81.685  15.949 0.3000000119
136901  16.210  -79.743  6.773 0.6000000238
1948  12.805  -74.315  24.692 0.3000000119
1929  12.634  -74.527  25.688 0.4000000060
1356  15.141  -77.128  21.146 0.3000000119
950  15.631  -78.588  10.120 0.5000000000
657  17.788  -80.183  17.811 0.4000000060
1962  13.118  -74.368  22.273 0.3000000119
1369  15.335  -76.399  20.772 0.3000000119
150240  15.769  -75.658  17.624 0.4000000060
1159  15.379  -77.147  17.874 0.4000000060
877  15.272  -78.606  17.721 0.4000000060
2375  16.401  -73.227  16.881 0.3000000119
1634  20.391  -75.896  19.619 0.3000000119
1404  16.252  -76.226  17.911 0.3000000119
1635  19.737  -75.617  19.701 0.3000000119
138581  19.059  -75.308  19.808 0.3000000119
890  23.249  -78.602  16.919 0.3000000119
141422  12.853  -69.264  1.024 0.5000000000
4543  14.066  -68.870  -0.078 0.6000000238
11153  6.902  -57.359  6.475 0.6999999881
11714  7.352  -55.691  7.417 0.6999999881
11154  6.253  -56.879  6.209 0.6999999881
137736  6.048  -54.927  6.474 0.6000000238
13759  11.808  -52.699  5.334 0.3000000119
13758  12.897  -52.635  5.173 0.3000000119
957  17.320  -78.823  9.186 0.5000000000
949  16.507  -78.486  10.212 0.5000000000
1720  20.848  -75.445  11.987 0.6000000238
4980  11.963  -67.469  3.143 0.4000000060
5482  12.261  -66.751  3.573 0.5000000000
4552  16.507  -68.805  -2.126 0.5000000000
133694  15.667  -66.281  0.404 0.5000000000
5009  15.709  -66.876  -0.195 0.5000000000
132220  16.090  -68.251  -1.140 0.5000000000
5036  16.776  -68.117  -2.171 0.5000000000
5031  16.998  -67.759  -2.015 0.5000000000
6045  15.032  -65.819  1.001 0.5000000000
5511  16.781  -66.324  -0.002 0.5000000000
5021  16.564  -67.538  -1.067 0.5000000000
130330  16.823  -66.841  -1.664 0.5000000000
6068  15.367  -65.554  -1.721 0.5000000000
5510  17.167  -66.118  -0.311 0.6000000238
5525  16.987  -66.518  -1.024 0.5000000000
5534  16.058  -66.407  -1.976 0.5000000000
8044  12.141  -62.076  -0.229 0.5000000000
6058  17.233  -65.931  -0.554 0.6000000238
7062  13.462  -63.583  -1.255 0.5000000000
7519  12.739  -63.055  -1.053 0.5000000000
6067  16.473  -65.719  -1.483 0.6000000238
128600  15.425  -64.795  -1.496 0.6000000238
6572  14.385  -65.004  -1.604 0.5000000000
6042  17.452  -65.562  0.166 0.6000000238
6560  17.105  -64.681  -0.625 0.6000000238
6570  16.410  -64.741  -1.187 0.6000000238
7518  13.612  -62.808  -1.019 0.6000000238
7052  15.887  -63.395  -0.728 0.6000000238
7514  12.877  -62.288  -0.831 0.5000000000
8667  11.761  -61.164  0.055 0.5000000000
7060  15.430  -63.899  -1.181 0.6000000238
6571  14.389  -64.153  -1.398 0.6000000238
10477  10.364  -57.281  8.941 0.5000000000
11123  10.013  -56.492  9.379 0.5000000000
10478  9.349  -56.940  8.284 0.5000000000
8653  11.779  -60.434  0.219 0.6000000238
7512  15.469  -62.658  -0.565 0.6000000238
8042  13.098  -61.456  -0.494 0.6000000238
7513  14.575  -62.640  -0.816 0.6000000238
127744  13.863  -62.042  -0.683 0.6000000238
8040  14.882  -61.917  -0.457 0.6000000238
131699  11.651  -52.838  1.988 0.3000000119
18317  7.105  -45.650  8.105 0.3000000119
1703  17.178  -75.446  14.373 0.4000000060
1712  18.547  -75.694  13.385 0.5000000000
337  15.777  -81.340  9.810 0.5000000000
336  16.664  -81.147  9.090 0.5000000000
1711  19.156  -75.268  12.894 0.4000000060
335  17.595  -80.840  8.667 0.4000000060
958  16.226  -78.939  9.322 0.4000000060
972  17.449  -79.428  7.416 0.4000000060
965  16.984  -79.163  8.142 0.4000000060
734  17.536  -79.676  7.210 0.4000000060
516  17.579  -79.974  7.050 0.4000000060
2447  23.104  -74.483  9.153 0.4000000060
2108  23.597  -75.636  9.467 0.4000000060
1744  23.447  -76.243  10.121 0.4000000060
1229  15.650  -78.022  10.900 0.4000000060
2097  22.688  -75.191  10.392 0.4000000060
149327  23.023  -75.881  10.571 0.4000000060
127311  23.661  -76.547  8.860 0.4000000060
1769  22.901  -76.122  8.011 0.5000000000
7511  16.318  -63.018  -0.240 0.5000000000
7498  16.740  -62.787  0.399 0.5000000000
7499  15.859  -62.067  0.005 0.5000000000
145266  16.446  -61.986  0.634 0.5000000000
8639  16.201  -60.569  1.717 0.5000000000
8029  15.115  -61.151  0.018 0.5000000000
8625  15.829  -59.852  2.047 0.5000000000
11702  8.646  -55.545  8.570 0.4000000060
12313  8.462  -54.734  8.683 0.4000000060
8650  15.823  -60.643  1.060 0.5000000000
8041  14.133  -61.200  -0.330 0.5000000000
139911  20.834  -76.278  12.193 0.5000000000
2430  21.680  -74.509  11.012 0.4000000060
1760  23.619  -76.578  9.379 0.4000000060
3345  9.081  -71.184  38.648 0.4000000060
2931  8.479  -71.645  38.991 0.4000000060
1252  8.588  -76.247  35.589 0.4000000060
3343  10.850  -71.309  38.652 0.4000000060
2930  9.369  -71.730  39.178 0.4000000060
1251  9.479  -76.292  35.718 0.4000000060
138372  8.717  -72.111  39.340 0.4000000060
131236  11.222  -76.132  35.583 0.4000000060
1250  10.402  -76.053  35.871 0.4000000060
1505  9.019  -75.345  36.716 0.4000000060
2547  12.164  -71.966  38.742 0.5000000000
2928  11.551  -71.839  38.906 0.5000000000
131858  11.662  -72.291  38.715 0.4000000060
2543  10.827  -72.299  39.113 0.4000000060
1504  9.711  -75.112  36.952 0.4000000060
2554  13.257  -72.240  37.982 0.5000000000
142847  12.071  -72.537  36.585 0.5000000000
2555  12.164  -72.243  38.165 0.5000000000
2191  10.797  -72.916  38.518 0.4000000060
2192  10.060  -73.722  38.639 0.4000000060
2569  11.293  -72.680  35.348 0.4000000060
2562  11.466  -72.771  36.576 0.4000000060
1527  11.241  -75.204  34.140 0.4000000060
1519  11.210  -75.273  35.163 0.4000000060
126796  10.993  -75.232  35.917 0.4000000060
1817  10.399  -74.588  37.279 0.4000000060
1811  9.724  -74.518  37.944 0.4000000060
1518  11.749  -76.259  34.943 0.4000000060
147218  10.848  -75.809  35.901 0.4000000060
2209  10.889  -72.985  34.680 0.5000000000
2570  10.787  -73.100  35.551 0.4000000060
2563  11.167  -73.307  36.922 0.4000000060
1810  10.543  -74.077  38.124 0.4000000060
2229  10.725  -73.822  33.378 0.5000000000
1837  10.679  -74.228  34.109 0.4000000060
149043  10.961  -74.300  35.981 0.4000000060
1824  10.834  -74.378  36.684 0.4000000060
146294  11.776  -76.538  30.893 0.3000000119
1021  12.842  -77.230  30.832 0.3000000119
1022  11.818  -76.717  30.170 0.4000000060
1544  10.867  -75.038  31.447 0.3000000119
1551  11.308  -75.787  29.243 0.4000000060
1543  11.175  -75.689  30.955 0.4000000060
1040  13.654  -78.004  28.355 0.3000000119
148503  12.809  -77.450  29.315 0.4000000060
1033  12.349  -77.126  29.762 0.4000000060
1287  11.619  -76.532  29.457 0.4000000060
1041  12.779  -77.443  28.632 0.4000000060
1295  11.994  -76.854  28.091 0.4000000060
1567  11.747  -75.421  27.760 0.3000000119
1533  11.099  -75.281  33.017 0.3000000119
144188  11.725  -74.894  29.020 0.3000000119
1871  11.242  -74.757  30.747 0.4000000060
785  14.015  -78.239  27.555 0.4000000060
1558  11.521  -75.528  28.454 0.3000000119
1050  12.387  -76.968  27.375 0.4000000060
1061  12.717  -77.122  26.601 0.4000000060
1313  12.085  -76.412  26.877 0.4000000060
1847  10.883  -74.114  32.439 0.4000000060
1859  11.108  -74.486  31.579 0.4000000060
784  14.908  -79.118  27.730 0.4000000060
1896  11.831  -74.960  28.225 0.3000000119
797  14.777  -78.690  26.061 0.4000000060
790  15.062  -79.053  26.955 0.4000000060
138837  14.830  -78.698  25.165 0.4000000060
1072  14.156  -78.057  25.157 0.4000000060
1060  13.563  -77.738  26.753 0.4000000060
2220  10.995  -73.270  33.837 0.4000000060
2228  11.193  -73.566  32.901 0.4000000060
1870  11.844  -74.595  29.990 0.3000000119
1858  11.663  -74.348  30.981 0.4000000060
148757  12.413  -74.429  29.828 0.3000000119
575  15.569  -79.506  25.726 0.4000000060
582  15.771  -79.912  25.057 0.4000000060
583  15.237  -79.110  24.676 0.4000000060
802  14.449  -78.293  24.268 0.4000000060
147156  13.234  -77.436  26.241 0.4000000060
2568  11.976  -72.549  35.097 0.4000000060
2234  12.400  -73.784  31.911 0.3000000119
2208  12.940  -72.940  34.796 0.4000000060
2219  11.402  -72.837  34.382 0.4000000060
2218  12.736  -73.243  33.488 0.4000000060
138694  11.625  -73.117  33.474 0.4000000060
2227  11.921  -73.402  32.610 0.4000000060
2120  21.355  -75.211  8.149 0.4000000060
791  14.356  -78.417  26.824 0.4000000060
0  15.402  -83.530  17.068 0.4000000060
10  15.072  -83.656  15.817 0.4000000060
65  17.283  -83.163  15.435 0.4000000060
66  16.134  -83.543  16.270 0.4000000060
72  15.753  -83.091  15.225 0.4000000060
73  14.891  -82.969  15.176 0.3000000119
112  17.989  -82.088  22.111 0.4000000060
123  17.068  -82.522  22.201 0.3000000119
137  19.669  -81.574  18.752 0.3000000119
150  19.019  -82.329  17.885 0.3000000119
165  18.579  -82.572  15.554 0.4000000060
175  16.533  -82.919  15.176 0.3000000119
257  18.360  -81.867  21.444 0.4000000060
285  20.466  -81.429  16.461 0.3000000119
294  17.451  -81.940  15.001 0.3000000119
295  15.734  -81.163  15.898 0.3000000119
296  14.685  -80.938  16.158 0.4000000060
324  16.265  -80.932  10.858 0.6000000238
325  15.305  -81.031  11.202 0.4000000060
342  17.978  -80.330  7.808 0.4000000060
350  17.216  -80.391  7.335 0.4000000060
355  14.932  -80.810  7.015 0.5000000000
398  16.839  -81.603  24.618 0.4000000060
406  17.028  -81.750  23.890 0.4000000060
420  18.924  -80.814  20.684 0.3000000119
429  19.455  -80.559  20.217 0.3000000119
460  13.762  -80.172  16.282 0.3000000119
465  13.032  -80.159  15.711 0.3000000119
466  12.467  -80.179  14.963 0.3000000119
483  14.761  -80.224  12.313 0.5000000000
485  12.811  -80.093  12.897 0.4000000060
501  18.088  -80.705  10.126 0.6999999881
502  17.122  -80.820  10.526 0.6999999881
505  19.885  -79.956  9.307 0.8000000119
506  19.368  -80.139  9.038 0.6000000238
515  18.147  -79.801  7.569 0.6000000238
522  16.909  -79.736  6.835 0.4000000060
523  16.308  -80.242  6.881 0.6000000238
524  15.451  -80.138  6.886 0.5000000000
659  15.710  -79.522  17.627 0.3000000119
660  14.663  -79.053  17.307 0.3000000119
672  13.204  -79.488  15.954 0.3000000119
691  15.530  -79.130  13.229 0.5000000000
700  16.090  -79.624  12.612 0.5000000000
701  15.127  -79.653  12.736 0.4000000060
711  18.939  -79.805  11.491 0.6999999881
735  16.371  -79.588  6.901 0.6000000238
739  15.536  -79.683  6.977 0.5000000000
825  19.216  -78.576  20.239 0.3000000119
826  18.459  -79.023  20.602 0.3000000119
829  15.799  -78.515  21.454 0.4000000060
837  22.609  -78.970  19.397 0.3000000119
858  23.726  -79.335  18.013 0.3000000119
861  18.102  -78.531  18.303 0.4000000060
862  16.967  -78.481  18.196 0.4000000060
876  15.809  -78.073  17.991 0.4000000060
891  13.540  -78.101  16.228 0.4000000060
901  13.423  -78.134  15.368 0.3000000119
914  14.423  -78.041  14.410 0.4000000060
924  14.961  -78.542  13.764 0.5000000000
931  20.401  -78.460  12.102 0.6999999881
933  18.707  -78.660  12.683 0.6999999881
939  21.910  -78.602  11.077 0.8000000119
940  21.252  -78.949  11.369 0.8000000119
945  21.306  -79.058  10.241 0.8000000119
955  19.345  -78.912  9.224 0.6999999881
1042  12.042  -77.020  28.945 0.4000000060
1049  13.161  -77.570  27.408 0.4000000060
1073  13.776  -77.832  25.975 0.4000000060
1085  14.001  -77.658  23.621 0.5000000000
1086  13.518  -77.137  23.534 0.5000000000
1090  14.456  -77.140  21.766 0.4000000060
1099  15.770  -77.681  21.067 0.3000000119
1108  20.568  -77.554  19.676 0.3000000119
1113  15.763  -77.012  20.809 0.3000000119
1125  23.657  -77.789  19.384 0.3000000119
1126  22.970  -78.301  19.429 0.3000000119
1140  16.395  -77.495  18.123 0.4000000060
1211  20.832  -77.763  12.162 0.6999999881
1235  23.219  -77.300  10.140 0.6000000238
1269  17.938  -76.390  32.986 0.3000000119
1270  17.412  -75.872  33.321 0.3000000119
1296  11.549  -76.327  28.661 0.4000000060
1302  11.871  -76.421  27.472 0.4000000060
1303  11.564  -76.103  27.902 0.3000000119
1314  11.744  -75.899  27.273 0.3000000119
1338  12.931  -76.709  23.944 0.5000000000
1345  12.644  -75.805  23.650 0.4000000060
1363  21.208  -76.995  19.603 0.3000000119
1419  14.777  -76.073  17.188 0.4000000060
1467  22.816  -77.154  11.005 0.6000000238
1474  23.494  -76.976  10.141 0.6000000238
1478  18.960  -76.639  10.497 0.8000000119
1509  10.466  -75.366  36.381 0.4000000060
1510  9.639  -75.751  36.295 0.4000000060
1523  17.893  -75.938  33.503 0.3000000119
1525  16.095  -75.046  34.112 0.3000000119
1538  11.192  -75.565  32.099 0.3000000119
1548  17.557  -75.923  30.049 0.3000000119
1566  11.989  -75.314  27.159 0.4000000060
1615  12.561  -75.053  23.449 0.3000000119
1636  18.336  -75.830  20.052 0.3000000119
1672  15.958  -75.021  17.497 0.4000000060
1719  21.781  -76.466  11.603 0.5000000000
1730  22.675  -76.393  11.072 0.6000000238
1745  22.397  -75.547  11.003 0.4000000060
1828  16.889  -74.804  35.156 0.3000000119
1830  15.191  -74.437  35.448 0.3000000119
1831  10.720  -74.030  35.137 0.4000000060
1848  10.763  -74.530  33.111 0.5000000000
1856  14.285  -74.345  31.560 0.4000000060
1857  13.002  -74.014  31.257 0.4000000060
1860  10.801  -74.821  32.197 0.4000000060
1879  12.498  -74.493  29.167 0.3000000119
1895  12.299  -74.655  28.372 0.4000000060
1917  13.775  -74.045  26.530 0.3000000119
1918  12.987  -74.246  26.320 0.4000000060
1971  13.355  -74.728  21.618 0.3000000119
1983  18.406  -75.041  19.894 0.3000000119
2035  15.739  -74.321  16.855 0.3000000119
2088  21.316  -74.912  11.507 0.4000000060
2099  18.570  -74.210  10.047 0.6999999881
2100  16.866  -74.619  10.344 0.8000000119
2130  21.747  -75.247  7.325 0.4000000060
2133  15.749  -74.589  7.417 0.5000000000
2134  15.041  -74.433  7.747 0.6000000238
2186  10.230  -72.863  38.932 0.4000000060
2187  9.301  -72.976  38.958 0.4000000060
2190  14.991  -72.766  37.764 0.3000000119
2196  10.899  -73.873  37.707 0.4000000060
2221  10.737  -73.510  34.375 0.4000000060
2235  11.523  -73.946  31.924 0.4000000060
2385  16.961  -72.940  14.974 0.4000000060
2406  13.222  -72.126  13.370 0.6000000238
2408  12.115  -72.830  13.356 0.6000000238
2440  22.635  -74.534  9.838 0.4000000060
2443  17.952  -73.763  9.794 0.6999999881
2449  19.603  -74.248  9.147 0.5000000000
2451  14.552  -74.006  8.972 0.6999999881
2469  18.537  -73.595  7.830 0.5000000000
2505  16.329  -73.857  3.968 0.5000000000
2542  11.572  -72.232  38.887 0.5000000000
2544  9.833  -72.251  39.293 0.4000000060
2545  13.851  -72.041  38.157 0.4000000060
2556  11.292  -72.750  37.876 0.4000000060
2561  13.456  -72.885  37.206 0.5000000000
2728  16.730  -72.591  16.810 0.3000000119
2741  16.505  -72.813  16.363 0.3000000119
2836  16.115  -72.005  8.486 0.6000000238
2861  15.853  -73.290  5.301 0.6000000238
2929  10.453  -71.822  39.136 0.4000000060
3175  15.029  -70.812  12.283 0.6999999881
3178  11.390  -71.040  12.677 0.6000000238
3179  10.853  -71.653  12.716 0.6000000238
3255  16.097  -71.497  6.011 0.5000000000
3344  9.938  -71.153  38.681 0.4000000060
3347  12.166  -70.745  37.956 0.4000000060
3350  9.280  -70.609  38.068 0.4000000060
3351  8.531  -70.984  38.222 0.5000000000
3604  12.067  -70.843  13.193 0.6000000238
3619  14.517  -70.375  12.763 0.6999999881
3621  12.544  -70.178  12.945 0.6000000238
3634  15.534  -70.265  11.830 0.6999999881
3675  11.606  -70.709  8.494 0.6000000238
3699  16.117  -70.382  6.027 0.5000000000
3783  8.528  -69.769  36.764 0.5000000000
4003  13.899  -69.484  12.533 0.6000000238
4004  13.098  -69.600  12.392 0.6000000238
4017  14.493  -69.069  11.988 0.6999999881
4075  12.323  -69.398  7.956 0.5000000000
4091  15.983  -69.289  6.144 0.5000000000
4093  11.604  -69.667  5.974 0.6000000238
4152  13.371  -69.140  0.484 0.5000000000
4157  15.397  -69.917  -1.514 0.5000000000
4166  16.298  -69.148  -2.151 0.5000000000
4172  15.925  -69.459  -2.233 0.5000000000
4173  15.340  -69.820  -2.419 0.6000000238
4428  13.003  -68.835  9.451 0.6000000238
4518  11.756  -68.941  2.516 0.6000000238
4541  16.826  -68.180  -1.849 0.5000000000
4542  16.051  -69.035  -1.604 0.6000000238
4885  15.224  -67.708  10.146 0.6999999881
4899  15.442  -67.314  9.411 0.6000000238
4915  17.862  -66.975  8.294 0.5000000000
4943  12.232  -67.104  6.174 0.5000000000
5011  13.736  -67.147  0.617 0.6999999881
5020  16.849  -67.290  -1.577 0.5000000000
5037  16.111  -67.781  -2.349 0.5000000000
5417  18.246  -66.487  8.696 0.5000000000
5420  14.030  -65.889  8.512 0.5000000000
5433  16.179  -66.001  7.342 0.6000000238
5526  16.847  -66.754  -0.792 0.5000000000
5541  16.612  -67.360  -2.123 0.5000000000
5915  19.047  -65.636  9.466 0.5000000000
5948  13.624  -65.061  7.283 0.5000000000
6029  14.555  -65.347  1.752 0.6000000238
6066  17.062  -65.449  -0.945 0.6000000238
6463  18.185  -63.786  6.171 0.5000000000
6464  17.761  -64.217  6.952 0.5000000000
6511  17.908  -64.204  3.771 0.5000000000
6559  17.609  -65.078  0.073 0.6999999881
6561  16.298  -64.066  -0.855 0.6000000238
6938  15.351  -63.545  6.443 0.5000000000
6958  16.775  -63.503  5.227 0.5000000000
7012  16.202  -63.998  3.113 0.6999999881
7039  17.642  -64.550  0.571 0.6000000238
7040  17.138  -63.658  0.117 0.6000000238
7053  15.159  -63.152  -0.943 0.6000000238
7054  12.356  -63.440  -0.843 0.5000000000
7061  14.432  -63.344  -1.153 0.6000000238
7485  12.687  -62.545  1.383 0.5000000000
7515  12.415  -62.651  -0.655 0.5000000000
7992  13.172  -61.492  3.217 0.5000000000
8018  11.376  -61.125  0.702 0.5000000000
8028  15.856  -61.280  0.575 0.5000000000
8030  14.349  -60.338  0.215 0.6000000238
8043  12.312  -61.799  -0.399 0.5000000000
8617  8.690  -60.180  2.401 0.6999999881
8618  8.303  -59.936  2.464 0.6999999881
8626  12.571  -61.145  2.719 0.5000000000
8629  9.130  -60.220  1.829 0.6999999881
8630  8.631  -60.004  2.136 0.6999999881
8640  15.582  -60.024  1.347 0.5000000000
8641  10.781  -60.739  1.102 0.6000000238
8642  10.215  -60.300  1.007 0.6999999881
8652  12.636  -60.192  0.101 0.6999999881
8654  11.192  -60.562  0.530 0.6000000238
8665  13.331  -60.614  -0.141 0.5000000000
8666  12.396  -60.927  -0.151 0.6000000238
9185  11.505  -59.452  8.877 0.6000000238
9197  12.166  -59.935  7.410 0.5000000000
9232  7.179  -59.354  4.468 0.6000000238
9244  8.767  -60.276  4.043 0.5000000000
9245  8.008  -59.963  3.517 0.6000000238
9254  15.506  -59.202  3.263 0.5000000000
9256  7.263  -59.149  3.283 0.6999999881
9265  14.607  -59.213  2.140 0.6000000238
9266  10.824  -59.507  1.059 0.6999999881
9267  10.057  -59.755  1.229 0.6999999881
9277  15.147  -59.548  1.661 0.6000000238
9280  12.448  -59.442  0.921 0.6999999881
9281  10.596  -59.837  0.825 0.6999999881
9290  13.018  -59.700  0.508 0.6999999881
9293  10.557  -60.188  0.756 0.6999999881
9838  9.190  -58.588  6.502 0.6000000238
9841  6.071  -58.533  4.775 0.6999999881
9860  6.377  -58.961  4.517 0.6000000238
9877  13.436  -58.444  4.416 0.6999999881
9880  9.467  -58.436  3.632 0.8000000119
9901  7.728  -59.241  3.043 0.6999999881
9902  6.841  -58.781  3.454 0.6999999881
9903  6.308  -58.464  3.601 0.8000000119
9911  13.441  -58.800  2.936 0.6000000238
9915  9.008  -59.485  2.137 0.8000000119
9922  13.839  -59.187  1.861 0.6999999881
10495  8.635  -57.401  7.427 0.6000000238
10496  7.727  -57.332  6.959 0.6000000238
10510  7.245  -57.924  6.272 0.6999999881
10511  6.226  -57.906  5.609 0.6999999881
10521  12.305  -57.843  5.681 0.6000000238
10525  8.267  -57.425  4.534 0.8000000119
10527  5.655  -57.410  4.095 0.8000000119
10541  8.897  -58.006  4.206 0.8000000119
10542  7.115  -58.057  3.738 0.8000000119
10544  5.990  -58.072  3.709 0.8000000119
11121  13.540  -56.478  8.715 0.5000000000
11125  8.063  -56.052  7.870 0.6999999881
11136  14.087  -57.061  8.117 0.5000000000
11139  11.202  -56.009  7.551 0.6000000238
11140  10.609  -56.082  7.058 0.6000000238
11149  12.038  -57.117  7.045 0.5000000000
11166  5.251  -56.009  4.478 0.6000000238
11183  5.902  -57.218  3.504 0.8000000119
11698  13.094  -55.782  9.206 0.3000000119
11711  11.834  -55.938  8.249 0.4000000060
11712  11.246  -55.086  7.994 0.5000000000
11721  10.259  -55.330  7.030 0.6000000238
11722  9.521  -55.074  6.457 0.6999999881
11723  6.120  -55.892  6.326 0.6999999881
11735  5.150  -55.173  4.997 0.6999999881
11750  6.661  -55.850  3.532 0.6999999881
11767  6.207  -55.619  3.193 0.6999999881
11769  5.400  -55.911  3.719 0.6999999881
12323  11.102  -54.062  7.929 0.4000000060
12336  9.606  -54.107  6.391 0.6000000238
12349  8.095  -54.733  5.055 0.6000000238
12350  5.004  -54.505  4.782 0.6999999881
12361  7.084  -55.101  3.364 0.6999999881
12371  7.729  -54.507  3.210 0.6000000238
12374  5.555  -55.260  3.551 0.6999999881
12946  7.335  -53.153  8.111 0.5000000000
12959  7.202  -53.916  7.704 0.5000000000
12975  9.565  -53.592  5.913 0.5000000000
12990  4.466  -53.216  5.150 0.6000000238
13003  5.534  -54.195  3.748 0.6999999881
13010  12.538  -53.742  1.817 0.4000000060
13011  11.585  -53.995  1.787 0.4000000060
13013  8.660  -54.161  2.982 0.6000000238
13026  11.684  -53.962  1.727 0.4000000060
13027  10.219  -54.157  2.129 0.5000000000
13703  6.990  -52.347  8.097 0.5000000000
13724  5.337  -52.240  6.753 0.4000000060
13743  10.595  -52.862  6.194 0.4000000060
13757  13.762  -52.336  4.815 0.3000000119
13769  11.941  -53.404  3.359 0.3000000119
13772  6.534  -52.239  4.225 0.6000000238
13773  5.032  -53.179  4.323 0.6999999881
13774  4.364  -52.561  4.854 0.8000000119
13792  12.544  -53.455  1.658 0.3000000119
13793  10.799  -53.713  2.040 0.4000000060
14412  4.018  -51.101  5.678 0.5000000000
14427  4.117  -51.575  5.237 0.6999999881
14438  8.404  -51.368  4.110 0.6000000238
14439  6.183  -51.553  4.779 0.6999999881
14440  4.086  -52.015  4.946 0.6000000238
14450  11.419  -51.653  2.633 0.3000000119
14452  8.248  -52.169  3.605 0.5000000000
15022  11.065  -50.174  8.352 0.3000000119
15038  11.703  -50.073  7.712 0.3000000119
15058  12.175  -50.089  6.925 0.3000000119
15060  10.306  -51.043  6.278 0.5000000000
15078  9.554  -50.897  5.505 0.5000000000
15080  7.320  -50.523  5.372 0.5000000000
15082  4.478  -50.508  5.378 0.6000000238
15101  8.698  -50.922  4.538 0.6000000238
15104  5.280  -51.085  5.077 0.6999999881
15685  10.706  -49.700  8.875 0.3000000119
15686  9.868  -49.745  8.987 0.3000000119
15705  9.363  -50.220  8.305 0.4000000060
15747  5.670  -49.701  5.555 0.6000000238
16297  10.521  -48.199  10.119 0.3000000119
16331  8.447  -48.400  8.943 0.5000000000
16332  7.586  -47.963  8.152 0.5000000000
16367  11.994  -48.424  7.582 0.3000000119
16947  9.995  -47.737  10.327 0.3000000119
17595  9.798  -46.917  10.367 0.4000000060
17615  11.770  -46.775  9.782 0.3000000119
18272  10.984  -46.223  10.416 0.3000000119
18316  7.804  -45.695  8.982 0.4000000060
124334  13.254  -67.832  0.778 0.6000000238
125294  13.219  -65.668  3.010 0.6999999881
125367  16.312  -81.124  8.210 0.6000000238
126114  11.274  -70.584  37.807 0.5000000000
126129  12.200  -67.782  6.648 0.6000000238
126704  11.735  -59.034  2.553 0.6999999881
126734  11.314  -76.132  30.079 0.4000000060
127155  13.944  -58.320  4.947 0.5000000000
127212  13.661  -65.191  3.010 0.6000000238
127645  10.527  -51.517  3.135 0.3000000119
128408  15.597  -63.567  3.874 0.6999999881
128411  12.326  -52.849  4.199 0.3000000119
128444  11.288  -75.202  29.950 0.4000000060
129133  11.438  -58.867  8.378 0.6000000238
129154  19.633  -79.993  10.835 0.8000000119
129354  4.560  -51.669  6.251 0.5000000000
129567  18.539  -76.553  20.175 0.3000000119
130829  14.006  -77.336  16.689 0.4000000060
130919  19.255  -76.153  12.878 0.6000000238
131527  6.543  -55.585  3.249 0.6999999881
132006  14.739  -58.518  4.745 0.5000000000
132306  11.664  -58.409  4.211 0.8000000119
132380  15.284  -60.515  0.574 0.5000000000
132562  16.877  -79.511  12.574 0.6000000238
132734  17.010  -79.533  7.011 0.4000000060
133779  17.388  -65.392  -0.364 0.6999999881
134277  23.173  -76.414  10.589 0.4000000060
134294  16.315  -82.449  14.927 0.3000000119
134826  18.342  -76.552  32.544 0.3000000119
134958  8.052  -56.733  5.031 0.8000000119
135990  6.460  -50.346  5.396 0.6000000238
136184  14.494  -74.136  26.985 0.3000000119
137056  8.040  -59.785  4.398 0.6000000238
137107  12.749  -77.376  27.946 0.4000000060
137298  13.646  -64.367  6.175 0.6000000238
137415  12.042  -66.842  4.946 0.5000000000
137744  13.329  -64.505  -1.436 0.5000000000
137790  15.845  -83.290  17.699 0.3000000119
138235  19.097  -81.698  15.488 0.4000000060
138273  23.505  -79.140  17.340 0.3000000119
138369  19.722  -79.088  20.110 0.3000000119
138385  15.482  -74.084  5.729 0.6000000238
138577  16.446  -74.526  4.675 0.6000000238
138614  13.638  -77.961  29.322 0.4000000060
138634  14.536  -78.748  28.368 0.4000000060
138762  16.323  -80.792  7.230 0.6000000238
139729  15.185  -77.294  11.362 0.6999999881
139815  16.822  -68.320  -2.072 0.5000000000
140299  8.314  -47.399  9.235 0.5000000000
140806  8.917  -50.762  5.038 0.5000000000
140874  15.872  -69.787  11.363 0.6999999881
141068  16.082  -64.694  7.250 0.6000000238
141346  16.338  -78.138  20.992 0.4000000060
141936  17.005  -66.130  -1.137 0.6000000238
142566  14.080  -58.935  2.589 0.6999999881
142832  12.867  -70.973  37.979 0.4000000060
143118  4.934  -53.730  4.369 0.6999999881
143395  16.036  -68.553  10.369 0.8000000119
143606  5.782  -56.639  3.200 0.6999999881
143770  19.338  -77.783  20.075 0.3000000119
144031  16.139  -68.432  -2.359 0.5000000000
144076  15.425  -80.985  7.091 0.5000000000
144130  12.122  -72.785  34.158 0.4000000060
144247  15.915  -74.553  10.121 0.6000000238
145591  16.725  -76.921  14.462 0.5000000000
146010  4.883  -53.912  5.238 0.6000000238
146315  20.163  -81.829  16.637 0.3000000119
146985  12.679  -65.813  4.116 0.6999999881
147275  18.521  -79.760  7.911 0.6000000238
147381  13.666  -65.232  -1.613 0.5000000000
147808  15.361  -69.335  -1.103 0.6000000238
147956  20.985  -79.409  11.079 0.8000000119
148279  10.072  -50.996  6.979 0.4000000060
148895  17.562  -76.742  13.993 0.6000000238
149018  5.452  -56.825  4.545 0.6000000238
149063  13.924  -71.251  37.579 0.4000000060
149306  10.126  -59.530  5.652 0.6000000238
149407  11.170  -58.446  8.463 0.6000000238
149416  15.416  -60.173  0.944 0.5000000000
149693  7.894  -54.705  8.179 0.4000000060
150038  15.986  -76.781  18.017 0.3000000119
150170  12.092  -74.030  31.248 0.3000000119
