#!ascii label  , from subject sub-v1s19x0051314_ses-1 vox2ras=TkReg
1106
103377  -42.014  27.444  -18.831 0.0000000000
86665  -27.575  41.604  -30.609 0.0000000000
83012  -33.445  33.897  -23.513 0.0000000000
83144  -39.870  33.712  -34.067 0.0000000000
93112  -34.175  42.741  -32.646 0.0000000000
84488  -33.207  36.300  -31.960 0.0000000000
84057  -32.661  36.125  -36.848 0.0000000000
82606  -31.739  32.478  -32.599 0.0000000000
79471  -37.171  27.826  -9.576 0.0000000000
81103  -36.561  30.776  -15.844 0.0000000000
102323  -22.667  45.026  -28.971 0.0000000000
94416  -27.401  47.136  -29.407 0.0000000000
89393  -31.866  50.007  -32.756 0.0000000000
107430  -39.951  31.689  -20.495 0.0000000000
85390  -31.212  38.166  -26.333 0.0000000000
84444  -37.833  37.884  -26.933 0.0000000000
82507  -41.528  32.242  -25.833 0.0000000000
112376  -37.096  32.095  -27.768 0.0000000000
82055  -31.907  30.991  -25.748 0.0000000000
80135  -40.412  27.914  -22.599 0.0000000000
93145  -35.352  43.436  -34.448 0.0000000000
85868  -33.776  39.353  -35.192 0.0000000000
85447  -31.193  39.014  -35.542 0.0000000000
104217  -30.206  35.750  -34.667 0.0000000000
80577  -35.932  29.981  -12.670 0.0000000000
100488  -35.029  30.968  -13.631 0.0000000000
87396  -20.804  43.940  -27.203 0.0000000000
89069  -29.985  49.090  -29.174 0.0000000000
81973  -37.303  32.477  -18.355 0.0000000000
82468  -36.160  32.032  -22.889 0.0000000000
86216  -26.273  40.400  -29.109 0.0000000000
85403  -29.113  38.931  -29.179 0.0000000000
84033  -36.105  35.094  -33.034 0.0000000000
100671  -35.363  35.589  -29.734 0.0000000000
83588  -39.562  35.986  -30.797 0.0000000000
83970  -41.074  36.318  -26.032 0.0000000000
110231  -41.420  33.996  -29.865 0.0000000000
82543  -40.037  32.241  -28.441 0.0000000000
83117  -38.665  33.489  -30.546 0.0000000000
112812  -32.216  32.866  -28.571 0.0000000000
87068  -30.164  42.780  -31.489 0.0000000000
85424  -30.568  38.836  -31.109 0.0000000000
85851  -33.177  39.991  -32.842 0.0000000000
101979  -33.727  36.340  -35.132 0.0000000000
82654  -35.556  32.446  -37.664 0.0000000000
82610  -35.455  32.437  -33.413 0.0000000000
82643  -32.473  31.513  -36.075 0.0000000000
82616  -29.400  32.635  -33.466 0.0000000000
79500  -34.360  27.104  -13.151 0.0000000000
80611  -35.796  28.668  -16.653 0.0000000000
80615  -40.188  29.172  -15.555 0.0000000000
109775  -21.273  41.346  -26.294 0.0000000000
108252  -23.104  42.148  -28.592 0.0000000000
87058  -24.863  43.037  -29.603 0.0000000000
87741  -27.818  44.203  -30.555 0.0000000000
87744  -30.969  45.614  -30.387 0.0000000000
88105  -34.368  46.139  -32.251 0.0000000000
94810  -31.802  46.288  -33.968 0.0000000000
100262  -29.044  48.096  -33.485 0.0000000000
82953  -37.372  34.322  -14.451 0.0000000000
81970  -39.883  31.581  -15.967 0.0000000000
109261  -42.465  29.804  -18.872 0.0000000000
97342  -33.250  37.548  -24.327 0.0000000000
84955  -32.079  36.897  -29.255 0.0000000000
84440  -34.398  37.144  -25.902 0.0000000000
105108  -36.260  36.304  -24.278 0.0000000000
101657  -40.035  35.914  -22.761 0.0000000000
82484  -41.520  33.138  -22.663 0.0000000000
81141  -42.704  28.874  -22.196 0.0000000000
81179  -42.179  28.400  -26.768 0.0000000000
81187  -38.176  29.136  -27.256 0.0000000000
81624  -35.552  30.096  -26.576 0.0000000000
83115  -34.494  33.402  -30.135 0.0000000000
97545  -33.813  32.068  -26.599 0.0000000000
81177  -33.640  29.461  -25.874 0.0000000000
80082  -40.283  27.512  -17.753 0.0000000000
94857  -40.115  27.614  -19.833 0.0000000000
80126  -41.528  27.744  -21.249 0.0000000000
87443  -31.909  43.107  -34.300 0.0000000000
86282  -32.328  40.937  -35.423 0.0000000000
86281  -30.747  40.827  -35.132 0.0000000000
85440  -29.648  39.099  -34.634 0.0000000000
82479  -34.782  32.915  -23.189 0.0000000000
86220  -26.614  40.670  -29.589 0.0000000000
83605  -38.927  34.307  -34.037 0.0000000000
84024  -37.362  35.436  -32.054 0.0000000000
84036  -40.213  35.170  -33.066 0.0000000000
83578  -40.912  35.284  -30.616 0.0000000000
83133  -40.973  34.033  -33.007 0.0000000000
96706  -40.186  33.458  -30.783 0.0000000000
83131  -39.098  33.409  -32.668 0.0000000000
93110  -31.917  42.624  -31.924 0.0000000000
86257  -31.434  40.583  -32.174 0.0000000000
86696  -32.665  41.399  -32.483 0.0000000000
84999  -33.470  37.885  -36.705 0.0000000000
84992  -33.850  37.948  -36.352 0.0000000000
95136  -34.052  36.809  -37.044 0.0000000000
84059  -35.010  35.455  -37.214 0.0000000000
83645  -34.739  34.548  -38.650 0.0000000000
111304  -33.892  31.162  -37.492 0.0000000000
83169  -32.062  33.143  -36.609 0.0000000000
83620  -29.452  33.769  -34.414 0.0000000000
81101  -34.808  30.290  -15.007 0.0000000000
80603  -34.664  29.401  -14.622 0.0000000000
81102  -36.138  29.690  -16.254 0.0000000000
80614  -38.905  28.805  -16.288 0.0000000000
81108  -39.495  30.043  -15.529 0.0000000000
87733  -21.539  44.273  -28.288 0.0000000000
87051  -21.330  42.771  -28.008 0.0000000000
87402  -22.708  43.545  -28.844 0.0000000000
87057  -24.167  42.926  -29.274 0.0000000000
87406  -23.621  43.638  -29.225 0.0000000000
88451  -26.387  46.727  -29.629 0.0000000000
88098  -26.385  44.875  -30.183 0.0000000000
88454  -28.043  45.868  -29.978 0.0000000000
87742  -28.883  44.575  -30.616 0.0000000000
88455  -28.992  46.429  -29.703 0.0000000000
89379  -31.530  49.547  -30.743 0.0000000000
88766  -31.639  47.936  -30.403 0.0000000000
89079  -32.580  48.498  -32.103 0.0000000000
88472  -34.644  47.045  -33.810 0.0000000000
89093  -32.119  48.599  -33.649 0.0000000000
94583  -30.786  47.172  -33.684 0.0000000000
89092  -31.030  49.000  -33.624 0.0000000000
83449  -33.904  36.528  -15.721 0.0000000000
82400  -32.389  33.049  -15.341 0.0000000000
82402  -34.365  34.656  -15.687 0.0000000000
99866  -34.545  32.871  -15.480 0.0000000000
83468  -36.527  35.319  -16.103 0.0000000000
81981  -37.911  31.589  -20.030 0.0000000000
81974  -38.187  31.907  -18.236 0.0000000000
81983  -39.372  31.417  -18.987 0.0000000000
81553  -41.261  30.679  -17.367 0.0000000000
81985  -41.294  31.309  -19.628 0.0000000000
85375  -30.276  38.658  -25.278 0.0000000000
84900  -31.012  37.959  -24.411 0.0000000000
85377  -32.368  38.486  -24.950 0.0000000000
84974  -31.680  37.755  -31.292 0.0000000000
84964  -30.890  37.897  -30.073 0.0000000000
84479  -32.732  36.535  -30.592 0.0000000000
83973  -36.171  35.875  -27.293 0.0000000000
83972  -35.350  35.881  -27.106 0.0000000000
84442  -36.357  37.331  -25.985 0.0000000000
84915  -35.562  38.296  -24.733 0.0000000000
84907  -37.002  38.706  -24.876 0.0000000000
83526  -37.703  35.522  -23.885 0.0000000000
84908  -38.742  38.089  -24.230 0.0000000000
83542  -41.409  34.596  -26.474 0.0000000000
83529  -41.331  35.069  -24.279 0.0000000000
82492  -41.527  32.693  -24.671 0.0000000000
81584  -42.207  30.952  -22.114 0.0000000000
81607  -42.108  30.517  -24.454 0.0000000000
81163  -42.480  28.843  -24.560 0.0000000000
95555  -41.732  30.071  -26.329 0.0000000000
82542  -38.886  32.297  -28.315 0.0000000000
81637  -39.075  30.659  -27.322 0.0000000000
81636  -37.973  30.599  -27.288 0.0000000000
81186  -36.906  29.873  -26.874 0.0000000000
82066  -36.049  31.046  -27.317 0.0000000000
82608  -33.316  32.416  -33.018 0.0000000000
83128  -34.922  33.080  -31.817 0.0000000000
82596  -33.364  33.084  -31.278 0.0000000000
82520  -31.839  32.221  -26.705 0.0000000000
83065  -33.239  32.834  -27.596 0.0000000000
101949  -32.846  32.138  -26.592 0.0000000000
81623  -34.147  30.654  -26.229 0.0000000000
81615  -32.671  30.362  -25.618 0.0000000000
80691  -32.468  28.596  -25.395 0.0000000000
79513  -36.091  27.170  -17.461 0.0000000000
111699  -39.366  27.942  -24.064 0.0000000000
93113  -35.615  42.842  -33.987 0.0000000000
86707  -35.342  41.501  -34.252 0.0000000000
86718  -34.829  41.653  -34.515 0.0000000000
85866  -32.736  40.149  -35.657 0.0000000000
84998  -31.953  37.732  -36.273 0.0000000000
84056  -31.455  35.360  -35.769 0.0000000000
84997  -30.906  37.373  -35.572 0.0000000000
97870  -36.513  28.960  -10.852 0.0000000000
81057  -36.486  31.361  -10.139 0.0000000000
81537  -35.400  31.438  -15.103 0.0000000000
88088  -21.739  46.081  -28.286 0.0000000000
88761  -28.623  48.214  -28.994 0.0000000000
89721  -30.505  51.504  -31.200 0.0000000000
89391  -30.310  50.872  -33.368 0.0000000000
82419  -35.923  33.553  -17.863 0.0000000000
82001  -36.624  31.359  -21.128 0.0000000000
82017  -37.906  31.767  -22.120 0.0000000000
85395  -30.084  38.278  -28.252 0.0000000000
111914  -34.276  35.561  -32.665 0.0000000000
94719  -34.297  35.748  -30.981 0.0000000000
102927  -36.291  35.548  -31.361 0.0000000000
104992  -37.399  35.726  -30.092 0.0000000000
83975  -38.309  36.568  -27.941 0.0000000000
84930  -39.277  38.409  -26.233 0.0000000000
83991  -40.429  36.302  -28.670 0.0000000000
83992  -41.134  35.575  -28.878 0.0000000000
83069  -41.372  33.446  -28.202 0.0000000000
82077  -41.211  31.648  -27.667 0.0000000000
82561  -41.104  33.203  -28.948 0.0000000000
103793  -38.857  33.046  -28.817 0.0000000000
83087  -37.837  33.197  -28.753 0.0000000000
82570  -32.071  32.854  -29.963 0.0000000000
83010  -31.648  34.004  -23.226 0.0000000000
86678  -28.369  41.657  -31.046 0.0000000000
86233  -28.798  40.231  -30.635 0.0000000000
86246  -30.298  40.372  -31.615 0.0000000000
85431  -31.259  39.127  -31.812 0.0000000000
84981  -32.566  37.593  -32.572 0.0000000000
85859  -34.426  39.929  -34.335 0.0000000000
84986  -33.186  37.743  -33.747 0.0000000000
84501  -33.439  36.255  -33.795 0.0000000000
84045  -34.660  35.009  -34.269 0.0000000000
105610  -35.899  33.827  -35.831 0.0000000000
83158  -37.296  33.241  -34.723 0.0000000000
82623  -37.034  32.718  -34.285 0.0000000000
82634  -35.787  31.988  -35.660 0.0000000000
82632  -33.783  31.475  -35.435 0.0000000000
82619  -32.197  31.918  -34.440 0.0000000000
83157  -30.497  33.046  -35.248 0.0000000000
82629  -30.545  32.521  -34.788 0.0000000000
96585  -35.137  28.268  -12.731 0.0000000000
80058  -34.365  28.135  -15.404 0.0000000000
111225  -34.857  27.310  -16.730 0.0000000000
80064  -37.091  27.836  -17.094 0.0000000000
80621  -39.516  28.151  -16.328 0.0000000000
80073  -42.503  27.637  -16.614 0.0000000000
86201  -23.270  40.634  -26.483 0.0000000000
86636  -22.254  41.411  -27.407 0.0000000000
86206  -23.673  40.849  -27.315 0.0000000000
86645  -24.347  41.469  -28.691 0.0000000000
86653  -25.694  41.733  -29.584 0.0000000000
86664  -26.804  41.890  -30.298 0.0000000000
88092  -23.962  45.217  -29.434 0.0000000000
87737  -24.877  44.513  -29.724 0.0000000000
87411  -26.037  43.457  -30.181 0.0000000000
87063  -27.320  42.500  -30.628 0.0000000000
87417  -29.126  43.275  -31.153 0.0000000000
87418  -30.243  43.675  -31.266 0.0000000000
87747  -31.794  44.181  -31.159 0.0000000000
101315  -30.838  47.424  -29.796 0.0000000000
88102  -32.224  46.096  -30.596 0.0000000000
106325  -34.203  44.789  -31.640 0.0000000000
106068  -35.325  45.322  -34.077 0.0000000000
87756  -34.337  44.777  -34.441 0.0000000000
88113  -30.126  45.402  -33.693 0.0000000000
88468  -29.116  46.224  -33.505 0.0000000000
89399  -29.263  50.176  -33.554 0.0000000000
81954  -35.927  32.221  -14.850 0.0000000000
81956  -38.161  32.885  -14.414 0.0000000000
101398  -37.778  34.747  -16.893 0.0000000000
82409  -39.546  33.835  -15.620 0.0000000000
102584  -39.459  31.733  -15.145 0.0000000000
81547  -41.068  30.222  -14.948 0.0000000000
81113  -42.741  28.723  -16.433 0.0000000000
80631  -43.625  27.967  -18.490 0.0000000000
83957  -33.135  35.390  -24.226 0.0000000000
95996  -29.743  38.743  -29.795 0.0000000000
107866  -30.348  38.137  -28.967 0.0000000000
84933  -31.426  37.616  -27.222 0.0000000000
84472  -33.336  36.110  -29.220 0.0000000000
109909  -32.798  36.635  -27.366 0.0000000000
94595  -33.157  37.959  -25.485 0.0000000000
85368  -34.321  38.174  -24.543 0.0000000000
105137  -34.487  36.387  -24.300 0.0000000000
83518  -35.047  34.314  -24.052 0.0000000000
83027  -36.836  34.057  -24.063 0.0000000000
83017  -38.649  34.081  -23.298 0.0000000000
82483  -39.850  33.839  -22.115 0.0000000000
84433  -40.475  37.351  -24.162 0.0000000000
83511  -40.956  35.273  -21.986 0.0000000000
82460  -41.136  32.796  -21.075 0.0000000000
82006  -41.456  31.828  -20.794 0.0000000000
110965  -43.075  28.783  -20.724 0.0000000000
80128  -42.983  28.064  -21.076 0.0000000000
80666  -42.104  27.972  -22.542 0.0000000000
80674  -41.385  27.816  -24.109 0.0000000000
94843  -40.440  27.650  -26.066 0.0000000000
81629  -40.692  29.925  -27.096 0.0000000000
80712  -40.596  28.338  -27.259 0.0000000000
80703  -38.881  28.293  -26.880 0.0000000000
80702  -37.576  28.467  -27.059 0.0000000000
80700  -35.654  28.473  -27.054 0.0000000000
110357  -36.879  33.197  -32.049 0.0000000000
94023  -36.279  33.414  -31.096 0.0000000000
83085  -35.915  33.295  -28.484 0.0000000000
83100  -32.917  33.189  -29.832 0.0000000000
83084  -34.636  33.083  -27.981 0.0000000000
82539  -35.660  32.665  -27.510 0.0000000000
103814  -34.857  30.855  -26.657 0.0000000000
81178  -34.485  29.307  -26.346 0.0000000000
80095  -40.735  27.497  -18.851 0.0000000000
80094  -39.603  27.502  -18.836 0.0000000000
80111  -40.731  27.687  -20.641 0.0000000000
97517  -41.295  27.536  -19.783 0.0000000000
87093  -31.015  42.406  -34.589 0.0000000000
100705  -30.855  41.648  -34.917 0.0000000000
82467  -34.393  32.487  -22.485 0.0000000000
83006  -33.905  33.041  -23.032 0.0000000000
86230  -27.029  41.132  -30.110 0.0000000000
86221  -27.256  40.415  -29.857 0.0000000000
106688  -27.824  40.259  -30.096 0.0000000000
83617  -39.237  33.808  -34.269 0.0000000000
83606  -40.200  34.316  -33.961 0.0000000000
96495  -40.678  34.444  -33.461 0.0000000000
83145  -40.600  33.996  -33.687 0.0000000000
83132  -40.303  33.650  -33.508 0.0000000000
110127  -39.424  33.356  -33.780 0.0000000000
111786  -33.500  43.147  -32.154 0.0000000000
93548  -32.351  42.027  -32.219 0.0000000000
93114  -34.660  42.175  -32.993 0.0000000000
84510  -33.726  37.110  -37.006 0.0000000000
95329  -33.845  37.558  -36.724 0.0000000000
84511  -33.982  36.265  -37.434 0.0000000000
84064  -34.463  35.456  -38.116 0.0000000000
84063  -33.221  35.327  -37.502 0.0000000000
83637  -33.609  34.426  -38.086 0.0000000000
83636  -32.655  34.167  -37.230 0.0000000000
80025  -36.460  27.870  -10.658 0.0000000000
99336  -35.698  30.662  -15.622 0.0000000000
80608  -35.268  29.672  -15.936 0.0000000000
81106  -36.993  29.925  -16.369 0.0000000000
81543  -37.691  30.859  -15.834 0.0000000000
99400  -21.786  45.123  -28.432 0.0000000000
87734  -22.224  44.310  -28.707 0.0000000000
87405  -23.089  44.321  -29.120 0.0000000000
88759  -26.844  47.758  -29.257 0.0000000000
88096  -27.222  46.247  -29.815 0.0000000000
88452  -28.118  46.719  -29.530 0.0000000000
89384  -31.496  50.493  -31.236 0.0000000000
89385  -32.014  49.647  -31.801 0.0000000000
98116  -32.405  49.151  -32.656 0.0000000000
89080  -33.089  48.312  -33.008 0.0000000000
89083  -32.391  48.994  -33.251 0.0000000000
89401  -31.615  49.621  -33.298 0.0000000000
83466  -34.026  37.321  -16.204 0.0000000000
83467  -34.620  36.564  -16.188 0.0000000000
101310  -34.665  36.367  -15.962 0.0000000000
107040  -35.038  35.925  -16.140 0.0000000000
83450  -35.796  35.350  -16.061 0.0000000000
81992  -39.097  31.467  -20.731 0.0000000000
94606  -38.775  31.482  -20.063 0.0000000000
104439  -39.638  31.461  -19.970 0.0000000000
81984  -40.404  31.363  -19.237 0.0000000000
81993  -40.585  31.599  -20.017 0.0000000000
109926  -30.510  38.415  -26.518 0.0000000000
85384  -30.931  38.500  -25.739 0.0000000000
85376  -31.400  38.564  -25.103 0.0000000000
85385  -31.928  38.380  -25.427 0.0000000000
112693  -32.186  37.520  -31.792 0.0000000000
84975  -32.227  37.140  -31.121 0.0000000000
108022  -32.801  36.595  -31.369 0.0000000000
84453  -37.600  36.895  -27.117 0.0000000000
84452  -36.727  36.575  -26.784 0.0000000000
84443  -37.149  37.629  -26.507 0.0000000000
84927  -36.791  38.235  -25.575 0.0000000000
84928  -37.553  38.449  -25.967 0.0000000000
94987  -37.943  39.037  -24.865 0.0000000000
84918  -38.098  39.078  -25.356 0.0000000000
83054  -41.446  33.350  -26.361 0.0000000000
83039  -41.474  33.377  -25.047 0.0000000000
101823  -41.577  31.858  -24.832 0.0000000000
81618  -42.039  30.259  -25.459 0.0000000000
82057  -41.583  31.106  -25.713 0.0000000000
82541  -37.814  32.090  -28.071 0.0000000000
82073  -38.417  31.406  -27.807 0.0000000000
109024  -37.449  31.351  -27.692 0.0000000000
81635  -36.938  30.639  -27.258 0.0000000000
82072  -36.623  31.552  -27.558 0.0000000000
105534  -32.659  32.551  -32.514 0.0000000000
106567  -33.285  32.764  -32.133 0.0000000000
82595  -32.480  32.762  -31.623 0.0000000000
82063  -32.103  31.686  -26.251 0.0000000000
82056  -32.700  31.138  -26.121 0.0000000000
81175  -31.997  30.096  -25.267 0.0000000000
80068  -36.741  27.442  -17.434 0.0000000000
80654  -39.407  28.029  -22.200 0.0000000000
80664  -39.564  28.054  -23.216 0.0000000000
93243  -35.753  42.785  -34.794 0.0000000000
96733  -34.724  42.491  -34.906 0.0000000000
85865  -31.283  39.964  -35.428 0.0000000000
85448  -32.140  39.509  -36.003 0.0000000000
85456  -32.405  38.652  -36.277 0.0000000000
85455  -31.053  38.152  -35.674 0.0000000000
104105  -29.430  38.199  -34.392 0.0000000000
81047  -36.139  31.462  -9.448 0.0000000000
81098  -35.182  30.746  -13.717 0.0000000000
81531  -35.069  31.147  -14.450 0.0000000000
109329  -21.394  46.245  -27.640 0.0000000000
89708  -29.711  51.222  -30.248 0.0000000000
89720  -29.314  51.531  -31.303 0.0000000000
89719  -28.114  51.435  -31.113 0.0000000000
82015  -35.664  31.662  -22.128 0.0000000000
96304  -35.826  31.423  -20.910 0.0000000000
82016  -36.724  31.605  -22.035 0.0000000000
82002  -37.537  31.434  -21.376 0.0000000000
82469  -37.291  32.170  -22.881 0.0000000000
86215  -25.637  40.550  -28.667 0.0000000000
85394  -29.327  38.679  -28.294 0.0000000000
84046  -34.969  35.210  -33.232 0.0000000000
84032  -35.101  35.437  -32.302 0.0000000000
84023  -36.189  35.399  -32.123 0.0000000000
84014  -38.518  35.812  -30.867 0.0000000000
84013  -37.141  35.633  -30.938 0.0000000000
83576  -38.306  35.948  -29.735 0.0000000000
97720  -37.497  35.726  -28.639 0.0000000000
83989  -38.396  36.148  -28.728 0.0000000000
84454  -39.185  36.940  -28.033 0.0000000000
83990  -39.396  36.463  -28.811 0.0000000000
83579  -41.315  34.594  -30.234 0.0000000000
84003  -40.994  35.519  -29.620 0.0000000000
83566  -41.381  34.740  -29.422 0.0000000000
103918  -41.490  34.420  -27.521 0.0000000000
83090  -41.411  33.864  -29.176 0.0000000000
83089  -41.063  33.440  -29.661 0.0000000000
111428  -40.131  33.330  -30.068 0.0000000000
96005  -38.966  33.344  -29.593 0.0000000000
83104  -37.553  33.428  -29.415 0.0000000000
86679  -29.352  41.809  -31.410 0.0000000000
86680  -29.825  41.090  -31.534 0.0000000000
85850  -31.827  39.864  -32.310 0.0000000000
85432  -32.161  39.058  -32.418 0.0000000000
84980  -32.050  38.124  -32.057 0.0000000000
85433  -32.779  38.415  -32.945 0.0000000000
86708  -34.968  41.058  -34.405 0.0000000000
86270  -35.003  40.675  -34.205 0.0000000000
85860  -34.251  39.876  -34.735 0.0000000000
84505  -34.018  37.169  -36.505 0.0000000000
84987  -33.698  38.364  -35.162 0.0000000000
84500  -33.463  37.094  -34.854 0.0000000000
84492  -33.000  36.981  -33.243 0.0000000000
96221  -33.987  35.561  -33.508 0.0000000000
84044  -33.949  35.631  -34.650 0.0000000000
83638  -35.447  34.394  -37.805 0.0000000000
83629  -35.258  34.407  -36.268 0.0000000000
83630  -35.684  33.564  -36.726 0.0000000000
83631  -36.495  33.344  -35.543 0.0000000000
83165  -35.898  32.845  -36.689 0.0000000000
109383  -36.271  32.447  -35.525 0.0000000000
96008  -35.313  31.742  -37.487 0.0000000000
109299  -33.108  31.368  -36.906 0.0000000000
109846  -33.551  31.159  -36.571 0.0000000000
82631  -32.688  31.540  -35.399 0.0000000000
84050  -30.615  34.992  -35.021 0.0000000000
83627  -30.989  34.120  -35.469 0.0000000000
83150  -29.302  33.068  -34.097 0.0000000000
83156  -29.882  33.046  -34.680 0.0000000000
80035  -36.080  29.112  -11.938 0.0000000000
80034  -35.731  27.913  -11.739 0.0000000000
80607  -34.779  28.976  -15.678 0.0000000000
80055  -34.358  28.239  -14.331 0.0000000000
80061  -34.711  27.961  -16.287 0.0000000000
80062  -35.418  27.784  -16.892 0.0000000000
80063  -36.338  27.861  -17.109 0.0000000000
80613  -37.825  28.257  -16.757 0.0000000000
80072  -41.214  27.712  -16.595 0.0000000000
80622  -41.032  28.356  -15.649 0.0000000000
86627  -21.175  41.228  -25.666 0.0000000000
86191  -21.626  40.680  -25.194 0.0000000000
86196  -22.177  40.456  -25.505 0.0000000000
95181  -22.499  40.612  -26.037 0.0000000000
87724  -20.728  44.222  -26.443 0.0000000000
87392  -20.643  43.257  -26.500 0.0000000000
87052  -22.329  42.619  -28.459 0.0000000000
86642  -21.745  41.978  -27.886 0.0000000000
86643  -22.628  41.788  -28.147 0.0000000000
86637  -23.163  41.315  -27.756 0.0000000000
86213  -23.970  41.054  -28.072 0.0000000000
86644  -23.497  41.630  -28.379 0.0000000000
86652  -24.830  42.164  -29.313 0.0000000000
87061  -25.613  42.682  -29.875 0.0000000000
86663  -26.188  42.079  -30.007 0.0000000000
110700  -24.398  44.906  -29.555 0.0000000000
88093  -24.734  45.441  -29.601 0.0000000000
100727  -27.138  44.588  -30.372 0.0000000000
87740  -26.505  44.100  -30.319 0.0000000000
101928  -27.119  43.945  -30.495 0.0000000000
110663  -26.991  42.975  -30.512 0.0000000000
87413  -27.489  43.383  -30.639 0.0000000000
87064  -28.134  42.917  -30.945 0.0000000000
87414  -28.427  43.721  -30.806 0.0000000000
87743  -29.891  45.158  -30.480 0.0000000000
87746  -30.068  44.399  -30.911 0.0000000000
111221  -30.880  44.856  -30.732 0.0000000000
88762  -29.543  48.226  -29.172 0.0000000000
88456  -29.951  47.167  -29.559 0.0000000000
88764  -30.376  48.208  -29.421 0.0000000000
88768  -32.553  47.492  -31.343 0.0000000000
88458  -31.795  47.116  -30.377 0.0000000000
88460  -33.260  46.435  -31.094 0.0000000000
88104  -33.934  45.632  -31.280 0.0000000000
87748  -35.049  45.355  -32.675 0.0000000000
93313  -35.530  44.506  -33.020 0.0000000000
88471  -33.589  46.955  -34.181 0.0000000000
88115  -34.049  45.895  -34.418 0.0000000000
87755  -32.469  44.204  -34.403 0.0000000000
88114  -32.146  45.070  -34.003 0.0000000000
88779  -30.233  48.131  -33.647 0.0000000000
88470  -30.173  46.422  -33.581 0.0000000000
88469  -29.525  47.118  -33.319 0.0000000000
96467  -28.355  46.986  -33.159 0.0000000000
81535  -33.477  31.306  -15.006 0.0000000000
82952  -36.224  33.877  -15.084 0.0000000000
102964  -35.681  32.747  -14.996 0.0000000000
82404  -36.693  33.133  -14.369 0.0000000000
81955  -36.874  32.633  -14.521 0.0000000000
103505  -37.790  33.601  -14.184 0.0000000000
82431  -36.552  33.086  -18.147 0.0000000000
106031  -36.791  33.868  -17.565 0.0000000000
82432  -37.586  33.521  -17.539 0.0000000000
100898  -39.106  31.879  -17.241 0.0000000000
82420  -38.709  32.846  -17.187 0.0000000000
81969  -39.411  32.429  -15.800 0.0000000000
81963  -39.468  32.757  -15.000 0.0000000000
81964  -39.581  31.725  -15.221 0.0000000000
81545  -39.932  31.066  -15.196 0.0000000000
81546  -40.228  30.930  -15.257 0.0000000000
81554  -41.868  30.300  -18.208 0.0000000000
81550  -41.991  29.849  -16.827 0.0000000000
81116  -42.674  29.332  -17.848 0.0000000000
81117  -43.390  28.294  -17.554 0.0000000000
81121  -43.325  28.744  -18.955 0.0000000000
108664  -32.349  37.900  -24.425 0.0000000000
109264  -32.429  35.574  -24.109 0.0000000000
85423  -29.937  39.568  -31.092 0.0000000000
85832  -29.237  39.670  -30.536 0.0000000000
85411  -29.794  39.045  -30.475 0.0000000000
84954  -31.459  37.379  -29.700 0.0000000000
84953  -30.835  37.780  -29.273 0.0000000000
84943  -31.481  37.289  -28.581 0.0000000000
84942  -30.767  37.846  -28.324 0.0000000000
84011  -34.841  35.681  -30.452 0.0000000000
111981  -33.845  35.896  -29.638 0.0000000000
84010  -34.483  35.707  -29.651 0.0000000000
84450  -34.874  36.362  -26.599 0.0000000000
84449  -33.866  36.404  -26.848 0.0000000000
84935  -33.411  37.213  -26.121 0.0000000000
84924  -34.000  37.932  -25.319 0.0000000000
84913  -33.559  38.367  -25.223 0.0000000000
84914  -34.392  38.190  -24.659 0.0000000000
84430  -35.810  37.485  -24.351 0.0000000000
84905  -35.157  38.224  -24.538 0.0000000000
104560  -35.379  36.235  -24.307 0.0000000000
83523  -34.788  35.238  -24.319 0.0000000000
83524  -35.697  35.187  -24.266 0.0000000000
83026  -35.948  34.198  -24.153 0.0000000000
83525  -36.717  35.149  -24.141 0.0000000000
83527  -38.539  35.643  -23.548 0.0000000000
83519  -38.197  34.789  -23.606 0.0000000000
83520  -39.250  35.182  -22.987 0.0000000000
82482  -39.016  33.416  -22.823 0.0000000000
83018  -39.641  34.400  -22.510 0.0000000000
108841  -40.569  37.149  -26.225 0.0000000000
84910  -40.157  38.069  -24.965 0.0000000000
83968  -41.025  36.531  -24.762 0.0000000000
83522  -41.478  34.876  -23.090 0.0000000000
83521  -41.143  35.640  -22.495 0.0000000000
107806  -41.242  35.052  -22.110 0.0000000000
82473  -40.989  33.868  -21.348 0.0000000000
82474  -41.262  33.701  -21.603 0.0000000000
102445  -41.524  32.655  -21.853 0.0000000000
81585  -42.478  29.890  -22.786 0.0000000000
81574  -42.510  29.898  -21.714 0.0000000000
104693  -42.931  28.874  -21.238 0.0000000000
81129  -43.204  28.249  -20.610 0.0000000000
80656  -42.853  28.380  -21.320 0.0000000000
80655  -42.587  28.270  -21.921 0.0000000000
80667  -42.389  28.357  -22.899 0.0000000000
81170  -42.494  28.630  -25.772 0.0000000000
80687  -42.300  28.167  -25.067 0.0000000000
80695  -42.202  28.005  -26.133 0.0000000000
80685  -40.953  27.666  -25.138 0.0000000000
94844  -41.559  27.724  -26.215 0.0000000000
82076  -40.960  31.818  -27.981 0.0000000000
81639  -41.048  30.972  -27.616 0.0000000000
82075  -40.550  31.658  -28.046 0.0000000000
81627  -38.605  30.022  -26.797 0.0000000000
81628  -39.675  29.965  -26.965 0.0000000000
81188  -39.122  29.063  -27.237 0.0000000000
98217  -40.090  28.205  -27.095 0.0000000000
80711  -38.440  28.759  -27.222 0.0000000000
81185  -36.231  29.199  -27.097 0.0000000000
81184  -35.293  29.265  -26.725 0.0000000000
107874  -36.212  32.391  -34.135 0.0000000000
93566  -36.851  32.778  -32.813 0.0000000000
83141  -35.695  32.742  -32.612 0.0000000000
83116  -35.192  33.369  -30.968 0.0000000000
94024  -35.631  33.437  -29.995 0.0000000000
83103  -36.380  33.441  -29.262 0.0000000000
111917  -35.537  33.434  -29.077 0.0000000000
103349  -32.620  33.038  -29.024 0.0000000000
82521  -33.564  32.574  -26.906 0.0000000000
83083  -33.869  33.082  -28.215 0.0000000000
83052  -34.104  32.881  -27.391 0.0000000000
82538  -34.883  32.787  -27.398 0.0000000000
82522  -34.344  32.505  -26.907 0.0000000000
82065  -35.314  31.423  -27.068 0.0000000000
105080  -34.574  31.809  -26.770 0.0000000000
81617  -34.147  29.991  -25.959 0.0000000000
80693  -34.086  28.579  -26.414 0.0000000000
80081  -39.152  27.415  -17.778 0.0000000000
94655  -39.066  27.694  -19.862 0.0000000000
87094  -33.817  42.867  -34.897 0.0000000000
86716  -32.493  42.153  -34.861 0.0000000000
100674  -31.919  41.526  -35.225 0.0000000000
101945  -30.394  39.309  -35.089 0.0000000000
85864  -30.106  39.899  -34.733 0.0000000000
96487  -35.201  32.223  -22.729 0.0000000000
107058  -35.677  32.715  -23.398 0.0000000000
85811  -26.907  39.989  -29.229 0.0000000000
85820  -28.368  39.396  -29.388 0.0000000000
83604  -37.271  34.648  -33.796 0.0000000000
84034  -37.422  35.111  -33.080 0.0000000000
84035  -38.933  35.127  -33.204 0.0000000000
84025  -38.733  35.613  -32.028 0.0000000000
84026  -40.006  35.764  -31.923 0.0000000000
83577  -39.801  36.130  -29.969 0.0000000000
83589  -40.410  35.487  -31.402 0.0000000000
83590  -41.134  34.620  -31.912 0.0000000000
83120  -41.319  34.171  -31.030 0.0000000000
83105  -40.891  33.601  -30.499 0.0000000000
83119  -41.029  33.792  -31.733 0.0000000000
83118  -40.216  33.500  -32.174 0.0000000000
108579  -38.432  33.488  -31.414 0.0000000000
104475  -30.651  41.975  -31.752 0.0000000000
86258  -32.939  40.717  -32.649 0.0000000000
85875  -33.518  39.054  -35.799 0.0000000000
85449  -33.653  38.578  -35.890 0.0000000000
112303  -33.720  37.921  -36.490 0.0000000000
84051  -34.240  36.032  -36.303 0.0000000000
84058  -34.523  35.938  -37.537 0.0000000000
83646  -35.141  34.513  -38.582 0.0000000000
83172  -35.409  33.264  -38.510 0.0000000000
82653  -35.221  31.956  -38.283 0.0000000000
83171  -34.176  33.128  -38.480 0.0000000000
82651  -33.477  31.904  -37.683 0.0000000000
83164  -32.506  32.056  -36.777 0.0000000000
104968  -29.833  34.755  -34.499 0.0000000000
79490  -34.860  27.010  -12.397 0.0000000000
80594  -35.139  29.466  -13.521 0.0000000000
80612  -36.850  28.793  -16.848 0.0000000000
81107  -38.039  29.664  -16.328 0.0000000000
86626  -20.830  41.852  -25.437 0.0000000000
87730  -21.184  44.701  -27.738 0.0000000000
87397  -21.125  43.682  -27.900 0.0000000000
87401  -21.787  43.523  -28.435 0.0000000000
86651  -23.870  42.160  -28.889 0.0000000000
87053  -23.304  42.834  -28.907 0.0000000000
87407  -24.460  43.709  -29.553 0.0000000000
88450  -25.531  46.806  -29.565 0.0000000000
88094  -25.582  45.136  -29.899 0.0000000000
88095  -26.353  45.723  -29.944 0.0000000000
88099  -27.155  45.384  -30.172 0.0000000000
93497  -27.971  45.017  -30.338 0.0000000000
88100  -28.924  45.515  -30.220 0.0000000000
88101  -29.934  46.067  -30.034 0.0000000000
89074  -30.621  49.046  -29.583 0.0000000000
88765  -31.056  48.076  -29.858 0.0000000000
89075  -31.217  48.853  -30.163 0.0000000000
88769  -33.560  47.613  -32.589 0.0000000000
88462  -34.660  47.076  -32.960 0.0000000000
88772  -34.008  47.569  -33.349 0.0000000000
88782  -33.747  47.553  -33.941 0.0000000000
96243  -32.084  47.293  -34.083 0.0000000000
88780  -31.489  48.019  -33.869 0.0000000000
82964  -33.381  36.508  -16.674 0.0000000000
83909  -33.371  37.399  -15.934 0.0000000000
83448  -32.659  36.279  -15.287 0.0000000000
82950  -33.132  34.575  -15.377 0.0000000000
82403  -35.290  33.886  -15.634 0.0000000000
112781  -35.894  34.809  -15.715 0.0000000000
109600  -37.396  35.356  -15.693 0.0000000000
107442  -37.569  31.811  -19.153 0.0000000000
81982  -38.417  31.578  -19.213 0.0000000000
96835  -38.853  31.605  -18.341 0.0000000000
81975  -39.673  31.496  -17.567 0.0000000000
81548  -40.588  30.938  -16.362 0.0000000000
81556  -40.428  31.246  -18.063 0.0000000000
81557  -41.235  30.999  -18.675 0.0000000000
81558  -41.882  30.604  -19.287 0.0000000000
85364  -30.783  38.416  -24.775 0.0000000000
85365  -31.719  38.395  -24.773 0.0000000000
85366  -32.654  38.277  -24.698 0.0000000000
84973  -31.051  38.125  -30.790 0.0000000000
108766  -31.554  37.540  -30.535 0.0000000000
84470  -32.109  36.997  -30.177 0.0000000000
84471  -32.660  36.452  -29.706 0.0000000000
83988  -36.563  35.491  -28.199 0.0000000000
83987  -35.542  35.476  -27.909 0.0000000000
84451  -35.786  36.413  -26.563 0.0000000000
84441  -35.381  37.184  -25.812 0.0000000000
84925  -34.900  37.944  -25.222 0.0000000000
84926  -35.816  38.124  -25.178 0.0000000000
84916  -36.482  38.557  -24.968 0.0000000000
84431  -36.675  37.665  -24.386 0.0000000000
83964  -37.214  36.487  -24.156 0.0000000000
84432  -37.648  37.883  -24.339 0.0000000000
83965  -38.342  36.734  -23.820 0.0000000000
84421  -39.380  37.204  -23.594 0.0000000000
111406  -41.286  35.460  -26.269 0.0000000000
83533  -41.262  35.447  -25.352 0.0000000000
83534  -41.394  34.314  -25.320 0.0000000000
99701  -41.431  34.209  -24.305 0.0000000000
83029  -41.513  33.562  -23.702 0.0000000000
104712  -41.775  31.719  -22.373 0.0000000000
82028  -41.647  32.059  -23.044 0.0000000000
81596  -42.114  30.937  -23.275 0.0000000000
81597  -42.421  29.771  -23.938 0.0000000000
81153  -42.548  28.948  -23.399 0.0000000000
81608  -42.419  29.525  -25.112 0.0000000000
81619  -42.312  29.261  -26.182 0.0000000000
102567  -42.036  29.114  -26.765 0.0000000000
82074  -39.566  31.496  -27.974 0.0000000000
80710  -37.340  28.958  -27.296 0.0000000000
81626  -37.652  29.959  -26.853 0.0000000000
81625  -36.241  30.286  -26.864 0.0000000000
105536  -34.322  32.290  -33.496 0.0000000000
82609  -34.699  32.688  -32.601 0.0000000000
112681  -33.922  32.625  -32.597 0.0000000000
82597  -34.043  32.988  -31.914 0.0000000000
94189  -34.233  33.259  -31.068 0.0000000000
82558  -31.929  32.742  -28.104 0.0000000000
83082  -32.599  32.848  -28.173 0.0000000000
82537  -32.401  32.609  -27.298 0.0000000000
113169  -32.999  32.595  -27.012 0.0000000000
104152  -34.143  31.333  -26.518 0.0000000000
82064  -33.460  31.279  -26.346 0.0000000000
81616  -33.432  30.420  -25.875 0.0000000000
112456  -33.141  29.963  -25.609 0.0000000000
80692  -33.279  28.601  -25.876 0.0000000000
81176  -32.744  29.484  -25.460 0.0000000000
103741  -31.928  29.239  -25.028 0.0000000000
113162  -34.677  26.765  -16.763 0.0000000000
93116  -35.397  43.634  -33.335 0.0000000000
93115  -35.466  42.380  -34.280 0.0000000000
86283  -33.864  40.869  -34.987 0.0000000000
86717  -33.641  41.778  -34.909 0.0000000000
85867  -33.799  39.901  -35.221 0.0000000000
85874  -33.101  39.305  -36.073 0.0000000000
84509  -32.525  37.072  -36.570 0.0000000000
102483  -31.705  36.285  -36.075 0.0000000000
104145  -30.956  35.988  -35.320 0.0000000000
84504  -30.516  36.661  -35.065 0.0000000000
85446  -30.230  38.556  -35.071 0.0000000000
84991  -30.108  37.500  -34.874 0.0000000000
80017  -36.681  28.970  -9.533 0.0000000000
80569  -36.450  30.070  -11.052 0.0000000000
80578  -36.281  30.315  -11.914 0.0000000000
81486  -36.288  32.336  -10.033 0.0000000000
81067  -36.155  31.263  -12.068 0.0000000000
110761  -35.117  30.777  -15.244 0.0000000000
81538  -36.167  31.675  -15.189 0.0000000000
87729  -20.840  44.816  -26.974 0.0000000000
88085  -21.139  45.511  -27.298 0.0000000000
88086  -21.414  45.533  -27.895 0.0000000000
103323  -28.151  47.462  -29.193 0.0000000000
103288  -30.377  49.809  -29.393 0.0000000000
89377  -30.377  50.695  -29.762 0.0000000000
89383  -31.045  50.938  -30.603 0.0000000000
89722  -31.187  51.242  -31.594 0.0000000000
89392  -31.268  50.680  -33.101 0.0000000000
89730  -29.916  51.577  -32.557 0.0000000000
104257  -35.629  31.795  -20.169 0.0000000000
93997  -36.774  31.962  -19.293 0.0000000000
81990  -37.317  31.460  -20.625 0.0000000000
81991  -38.203  31.388  -20.798 0.0000000000
82003  -38.549  31.573  -21.411 0.0000000000
85389  -29.802  38.532  -27.199 0.0000000000
84932  -30.607  38.115  -27.321 0.0000000000
84031  -33.563  35.950  -32.736 0.0000000000
98871  -33.475  36.098  -31.015 0.0000000000
84021  -34.091  35.727  -31.821 0.0000000000
84022  -35.199  35.593  -31.352 0.0000000000
84012  -35.837  35.613  -30.613 0.0000000000
100150  -36.394  35.587  -29.888 0.0000000000
83974  -37.315  36.034  -27.707 0.0000000000
102435  -38.299  37.183  -27.438 0.0000000000
84929  -38.344  38.587  -26.225 0.0000000000
84445  -38.939  37.748  -27.168 0.0000000000
84455  -40.080  36.901  -27.666 0.0000000000
84447  -40.725  36.573  -27.017 0.0000000000
84002  -40.397  36.021  -29.554 0.0000000000
83976  -40.988  36.038  -28.026 0.0000000000
93860  -41.289  35.501  -27.152 0.0000000000
83053  -41.492  33.750  -27.220 0.0000000000
83070  -41.370  33.020  -27.402 0.0000000000
82524  -41.440  32.260  -27.123 0.0000000000
82545  -41.210  32.393  -27.918 0.0000000000
82544  -40.867  32.495  -28.445 0.0000000000
82560  -40.518  32.865  -28.958 0.0000000000
83088  -40.119  33.103  -29.477 0.0000000000
82559  -39.674  32.729  -28.785 0.0000000000
83068  -38.055  32.809  -28.401 0.0000000000
83067  -37.171  32.834  -28.095 0.0000000000
82582  -32.026  32.793  -30.880 0.0000000000
82581  -31.326  32.596  -30.656 0.0000000000
82569  -31.135  32.568  -29.780 0.0000000000
83081  -31.721  32.840  -28.948 0.0000000000
82557  -31.176  32.678  -28.277 0.0000000000
82536  -31.466  32.536  -27.434 0.0000000000
82062  -31.414  31.774  -26.113 0.0000000000
86232  -28.241  40.530  -30.486 0.0000000000
86244  -28.802  40.931  -31.016 0.0000000000
86245  -29.426  40.272  -31.085 0.0000000000
86695  -31.051  41.276  -31.988 0.0000000000
85841  -30.772  39.668  -31.699 0.0000000000
85425  -31.392  38.440  -31.561 0.0000000000
84487  -32.601  36.944  -32.132 0.0000000000
86697  -34.581  41.524  -33.194 0.0000000000
86259  -34.429  40.779  -33.389 0.0000000000
104360  -33.378  39.364  -33.334 0.0000000000
85442  -33.909  39.303  -34.933 0.0000000000
85441  -33.602  38.830  -34.129 0.0000000000
84493  -33.119  36.539  -32.750 0.0000000000
84052  -34.518  35.021  -35.497 0.0000000000
83614  -35.350  34.387  -35.153 0.0000000000
83615  -36.077  34.593  -34.159 0.0000000000
83622  -36.734  33.971  -35.098 0.0000000000
83623  -37.453  33.653  -34.664 0.0000000000
83159  -38.211  33.549  -34.356 0.0000000000
83152  -38.923  33.410  -33.986 0.0000000000
82635  -36.893  32.805  -34.861 0.0000000000
102334  -36.371  32.374  -34.896 0.0000000000
82622  -35.397  32.063  -34.499 0.0000000000
107576  -34.675  31.173  -37.506 0.0000000000
82633  -34.819  31.652  -35.490 0.0000000000
82621  -34.302  31.858  -34.554 0.0000000000
82620  -33.266  31.979  -34.220 0.0000000000
82607  -32.440  32.299  -33.420 0.0000000000
83628  -31.994  34.527  -36.405 0.0000000000
83163  -31.319  33.140  -35.810 0.0000000000
82641  -31.069  32.434  -35.343 0.0000000000
83621  -30.103  33.838  -34.949 0.0000000000
82630  -31.527  31.939  -35.061 0.0000000000
80050  -34.566  27.999  -13.541 0.0000000000
80049  -34.001  27.193  -13.967 0.0000000000
79505  -34.348  27.089  -16.014 0.0000000000
80067  -36.018  27.430  -17.322 0.0000000000
80069  -37.639  27.594  -17.178 0.0000000000
80620  -38.463  27.917  -16.699 0.0000000000
80070  -38.598  27.506  -17.020 0.0000000000
80071  -39.904  27.697  -16.743 0.0000000000
80083  -41.535  27.501  -17.771 0.0000000000
86630  -20.876  41.759  -26.177 0.0000000000
87047  -20.773  42.981  -27.379 0.0000000000
86634  -21.067  41.694  -26.816 0.0000000000
86631  -21.649  41.297  -26.755 0.0000000000
86200  -22.379  40.960  -26.644 0.0000000000
109495  -22.960  41.041  -27.122 0.0000000000
104965  -24.106  40.524  -26.782 0.0000000000
86207  -24.565  40.610  -27.517 0.0000000000
86214  -24.799  40.860  -28.371 0.0000000000
86646  -25.184  41.216  -29.052 0.0000000000
86219  -25.933  40.927  -29.350 0.0000000000
86654  -26.376  41.400  -29.835 0.0000000000
106873  -23.389  44.924  -29.271 0.0000000000
87736  -23.980  44.463  -29.431 0.0000000000
87408  -25.253  43.628  -29.865 0.0000000000
87739  -25.750  44.291  -30.067 0.0000000000
87062  -26.504  42.700  -30.303 0.0000000000
86677  -27.977  42.201  -30.959 0.0000000000
87067  -28.801  42.444  -31.221 0.0000000000
107930  -29.304  43.944  -30.948 0.0000000000
93111  -31.754  43.323  -31.604 0.0000000000
88453  -28.915  47.360  -29.299 0.0000000000
88457  -30.938  46.548  -30.048 0.0000000000
106526  -32.257  45.145  -30.901 0.0000000000
87419  -33.879  43.848  -32.048 0.0000000000
106241  -35.329  44.292  -34.038 0.0000000000
88107  -35.039  46.220  -33.519 0.0000000000
102941  -34.305  43.977  -34.580 0.0000000000
104114  -32.629  43.673  -34.578 0.0000000000
89400  -30.899  50.067  -33.461 0.0000000000
89091  -29.880  49.375  -33.609 0.0000000000
99919  -34.427  30.975  -13.584 0.0000000000
81953  -35.102  31.926  -14.972 0.0000000000
81536  -34.633  31.364  -14.885 0.0000000000
102161  -35.206  31.554  -14.985 0.0000000000
81539  -37.268  31.870  -15.295 0.0000000000
83485  -36.349  35.059  -16.563 0.0000000000
83486  -37.409  35.299  -16.293 0.0000000000
83487  -38.749  35.418  -15.907 0.0000000000
97560  -38.960  34.485  -16.437 0.0000000000
82955  -39.584  34.887  -14.589 0.0000000000
81957  -39.116  33.204  -14.560 0.0000000000
81962  -38.688  32.062  -15.035 0.0000000000
81544  -39.030  30.959  -15.394 0.0000000000
81109  -40.605  30.319  -15.072 0.0000000000
103531  -41.383  29.445  -15.089 0.0000000000
81549  -41.431  30.259  -15.953 0.0000000000
81110  -41.961  29.271  -15.259 0.0000000000
80616  -42.032  28.584  -15.164 0.0000000000
80617  -42.514  28.093  -15.639 0.0000000000
80074  -43.226  27.784  -16.980 0.0000000000
107981  -43.035  27.436  -18.756 0.0000000000
83956  -31.812  35.304  -23.820 0.0000000000
83516  -32.642  34.713  -23.785 0.0000000000
107289  -33.455  34.673  -23.983 0.0000000000
85831  -28.428  39.828  -30.117 0.0000000000
85412  -30.384  38.484  -30.318 0.0000000000
104013  -30.339  38.286  -29.617 0.0000000000
108445  -29.807  38.496  -29.069 0.0000000000
84480  -33.317  36.133  -30.106 0.0000000000
84462  -32.707  36.421  -28.699 0.0000000000
83986  -34.527  35.763  -27.640 0.0000000000
84463  -33.506  36.123  -28.117 0.0000000000
84944  -32.182  36.823  -28.353 0.0000000000
95227  -31.989  37.057  -27.585 0.0000000000
84934  -32.424  37.418  -26.416 0.0000000000
84922  -31.874  37.895  -26.086 0.0000000000
84912  -32.852  38.385  -25.133 0.0000000000
85378  -33.212  38.319  -24.804 0.0000000000
85367  -33.621  38.213  -24.661 0.0000000000
85379  -34.857  38.195  -24.536 0.0000000000
84904  -34.594  38.246  -24.548 0.0000000000
84428  -33.825  37.149  -24.237 0.0000000000
83963  -33.668  36.083  -24.330 0.0000000000
83517  -33.946  35.285  -24.311 0.0000000000
83013  -34.438  33.663  -23.566 0.0000000000
83014  -35.304  33.500  -23.726 0.0000000000
83015  -36.211  33.344  -23.922 0.0000000000
82480  -36.687  32.680  -23.521 0.0000000000
83028  -37.427  34.645  -23.947 0.0000000000
83016  -37.709  33.926  -23.866 0.0000000000
82481  -37.869  33.062  -23.436 0.0000000000
82470  -38.412  32.493  -22.661 0.0000000000
82471  -39.445  32.986  -22.194 0.0000000000
82019  -39.897  32.660  -21.619 0.0000000000
84919  -39.514  38.720  -25.310 0.0000000000
84909  -39.676  38.221  -24.426 0.0000000000
95000  -40.093  36.633  -23.071 0.0000000000
83966  -40.976  36.499  -23.651 0.0000000000
83959  -41.041  36.236  -22.908 0.0000000000
83510  -40.323  35.254  -22.336 0.0000000000
83007  -40.650  34.518  -21.782 0.0000000000
82472  -40.404  33.606  -21.603 0.0000000000
82005  -40.828  32.208  -20.622 0.0000000000
81994  -41.251  31.759  -20.322 0.0000000000
81563  -41.891  30.929  -20.267 0.0000000000
81573  -42.090  30.965  -21.155 0.0000000000
81559  -42.577  29.778  -19.754 0.0000000000
99852  -43.198  28.751  -20.127 0.0000000000
80097  -43.436  27.778  -19.154 0.0000000000
80096  -42.659  27.561  -19.755 0.0000000000
80112  -42.593  27.784  -20.794 0.0000000000
80136  -41.380  27.844  -22.139 0.0000000000
80665  -41.378  27.877  -23.058 0.0000000000
80676  -42.299  28.297  -23.957 0.0000000000
80675  -42.044  27.966  -23.496 0.0000000000
111571  -40.578  27.891  -23.409 0.0000000000
80673  -40.248  27.865  -24.126 0.0000000000
80684  -39.819  27.719  -24.947 0.0000000000
82067  -41.458  31.106  -26.970 0.0000000000
81630  -41.282  29.779  -26.891 0.0000000000
81191  -41.662  28.582  -27.126 0.0000000000
81638  -40.287  30.796  -27.620 0.0000000000
112201  -41.135  28.985  -27.375 0.0000000000
81190  -41.227  28.393  -27.297 0.0000000000
80704  -41.069  27.996  -27.048 0.0000000000
93958  -39.775  27.913  -26.623 0.0000000000
80157  -38.589  27.821  -26.186 0.0000000000
107564  -37.700  27.994  -26.545 0.0000000000
106977  -36.764  28.015  -26.797 0.0000000000
80701  -36.538  28.451  -27.132 0.0000000000
83142  -37.899  32.929  -33.764 0.0000000000
83130  -38.209  33.042  -33.187 0.0000000000
93992  -37.560  33.401  -31.696 0.0000000000
83129  -35.901  33.108  -31.844 0.0000000000
94022  -37.100  33.497  -30.413 0.0000000000
83086  -36.823  33.232  -28.585 0.0000000000
83066  -36.245  33.038  -27.948 0.0000000000
83113  -32.724  33.067  -30.648 0.0000000000
110591  -33.198  33.025  -28.457 0.0000000000
83101  -33.712  33.247  -29.235 0.0000000000
83102  -34.790  33.389  -29.261 0.0000000000
94373  -35.104  33.292  -28.539 0.0000000000
95278  -35.421  33.072  -27.918 0.0000000000
82540  -36.444  32.428  -27.654 0.0000000000
82071  -35.856  31.924  -27.371 0.0000000000
111144  -35.584  30.730  -26.929 0.0000000000
103487  -34.809  30.038  -26.250 0.0000000000
79509  -35.397  27.105  -17.157 0.0000000000
80084  -42.740  27.458  -17.848 0.0000000000
80085  -43.369  27.699  -18.125 0.0000000000
80113  -43.326  27.932  -20.200 0.0000000000
80127  -42.321  27.907  -21.660 0.0000000000
80610  -35.141  28.558  -16.354 0.0000000000
80623  -42.301  27.950  -15.565 0.0000000000
80624  -43.199  27.934  -16.509 0.0000000000
80627  -43.488  27.908  -17.481 0.0000000000
80643  -43.521  28.078  -19.613 0.0000000000
80686  -41.908  27.791  -25.211 0.0000000000
80705  -41.917  27.949  -26.906 0.0000000000
81068  -36.422  31.402  -11.114 0.0000000000
81189  -40.421  28.880  -27.345 0.0000000000
81195  -39.630  28.543  -27.190 0.0000000000
81505  -36.126  31.868  -11.167 0.0000000000
81564  -42.610  29.729  -20.732 0.0000000000
81952  -33.933  31.987  -15.257 0.0000000000
81989  -36.492  31.681  -20.249 0.0000000000
82004  -39.741  31.949  -21.178 0.0000000000
82014  -34.830  31.870  -22.006 0.0000000000
82018  -38.982  32.064  -21.969 0.0000000000
82020  -41.620  31.863  -21.502 0.0000000000
82041  -41.749  31.501  -24.072 0.0000000000
82405  -39.045  33.905  -14.133 0.0000000000
82406  -39.811  34.085  -14.690 0.0000000000
82459  -40.793  32.976  -21.199 0.0000000000
82523  -35.103  32.270  -27.097 0.0000000000
82611  -36.536  32.574  -33.479 0.0000000000
82642  -31.698  32.102  -35.924 0.0000000000
82644  -35.192  31.579  -36.618 0.0000000000
82645  -35.762  32.234  -36.544 0.0000000000
82646  -36.466  32.759  -35.637 0.0000000000
82652  -34.562  31.711  -38.257 0.0000000000
82657  -35.077  32.634  -38.815 0.0000000000
82951  -35.250  35.377  -15.859 0.0000000000
82954  -38.595  34.734  -14.339 0.0000000000
82965  -34.167  36.236  -16.643 0.0000000000
82967  -39.109  35.555  -15.073 0.0000000000
82968  -39.674  35.065  -15.333 0.0000000000
82979  -36.631  34.597  -17.148 0.0000000000
83008  -41.123  34.555  -21.703 0.0000000000
83019  -41.449  34.250  -22.327 0.0000000000
83106  -41.288  33.841  -30.353 0.0000000000
83143  -39.015  33.279  -33.833 0.0000000000
83151  -37.828  33.128  -34.259 0.0000000000
83170  -32.934  33.123  -37.539 0.0000000000
83451  -36.763  35.039  -15.427 0.0000000000
83452  -37.986  35.333  -14.975 0.0000000000
83469  -38.246  35.523  -15.546 0.0000000000
83528  -41.195  35.887  -24.253 0.0000000000
83553  -41.411  34.822  -28.396 0.0000000000
83597  -40.683  34.952  -32.671 0.0000000000
83616  -37.913  33.998  -34.409 0.0000000000
83639  -35.618  33.302  -37.610 0.0000000000
83910  -34.281  37.195  -15.989 0.0000000000
83958  -39.331  36.227  -23.309 0.0000000000
83960  -41.263  35.802  -23.303 0.0000000000
83985  -34.044  35.730  -28.841 0.0000000000
84000  -34.920  35.515  -28.770 0.0000000000
84001  -36.972  35.577  -29.238 0.0000000000
84065  -35.029  35.354  -38.181 0.0000000000
84072  -34.953  35.087  -38.476 0.0000000000
84422  -40.021  37.385  -23.638 0.0000000000
84423  -40.565  36.656  -23.274 0.0000000000
84427  -31.798  37.278  -24.305 0.0000000000
84429  -34.549  37.799  -24.337 0.0000000000
84436  -40.102  37.978  -25.821 0.0000000000
84437  -40.645  37.294  -25.308 0.0000000000
84446  -39.983  37.521  -26.770 0.0000000000
84508  -31.346  36.852  -35.828 0.0000000000
84894  -39.470  37.768  -23.938 0.0000000000
84901  -31.781  37.986  -24.428 0.0000000000
84902  -32.893  37.905  -24.323 0.0000000000
84903  -34.111  37.972  -24.253 0.0000000000
84906  -36.063  38.394  -24.755 0.0000000000
84917  -37.343  38.836  -25.135 0.0000000000
84923  -32.487  38.061  -25.588 0.0000000000
85383  -30.047  38.685  -26.135 0.0000000000
85457  -33.469  38.445  -36.309 0.0000000000
85852  -34.240  40.167  -33.613 0.0000000000
86195  -21.742  40.860  -26.035 0.0000000000
86231  -27.651  40.845  -30.326 0.0000000000
86271  -34.671  40.362  -34.586 0.0000000000
86635  -21.080  42.179  -27.405 0.0000000000
87412  -26.748  43.410  -30.423 0.0000000000
88116  -34.808  46.304  -34.167 0.0000000000
88781  -32.748  47.792  -34.004 0.0000000000
89076  -31.840  48.616  -31.046 0.0000000000
89084  -33.103  48.146  -33.634 0.0000000000
89365  -29.681  49.910  -29.125 0.0000000000
89378  -31.097  50.049  -29.960 0.0000000000
89731  -30.976  51.466  -32.557 0.0000000000
89732  -31.451  50.862  -32.322 0.0000000000
93456  -35.407  42.414  -34.669 0.0000000000
95502  -33.787  43.509  -34.768 0.0000000000
95846  -34.397  33.248  -28.649 0.0000000000
96183  -34.185  34.439  -23.991 0.0000000000
97551  -35.909  35.514  -28.934 0.0000000000
98946  -41.571  32.458  -23.849 0.0000000000
99902  -41.732  31.078  -24.887 0.0000000000
100830  -38.798  39.144  -24.922 0.0000000000
101492  -35.152  38.219  -24.670 0.0000000000
102045  -31.963  34.572  -23.536 0.0000000000
103397  -32.510  37.351  -24.321 0.0000000000
105440  -33.327  37.365  -16.118 0.0000000000
105455  -37.055  33.350  -23.869 0.0000000000
105778  -33.864  38.212  -24.668 0.0000000000
106857  -28.104  41.113  -30.694 0.0000000000
106880  -40.700  35.945  -22.637 0.0000000000
107060  -35.114  33.682  -38.930 0.0000000000
107329  -35.121  37.305  -24.288 0.0000000000
107658  -34.019  35.826  -30.307 0.0000000000
109617  -36.007  31.432  -21.517 0.0000000000
109658  -42.925  27.860  -16.039 0.0000000000
110186  -38.751  39.007  -25.574 0.0000000000
110945  -31.762  50.362  -32.055 0.0000000000
111346  -39.805  33.948  -34.310 0.0000000000
111696  -21.493  41.670  -27.287 0.0000000000
111918  -33.597  46.799  -32.085 0.0000000000
112109  -34.391  31.217  -36.417 0.0000000000
112274  -41.762  27.621  -20.483 0.0000000000
112473  -41.175  32.229  -20.706 0.0000000000
112572  -37.193  31.752  -19.908 0.0000000000
113071  -41.722  28.126  -27.140 0.0000000000
113156  -42.091  27.931  -24.380 0.0000000000
