#!ascii label  , from subject sub-v1s19x0051314_ses-1 vox2ras=TkReg
654
92272  16.263  -15.026  -57.092 0.2500000000
91822  16.463  -15.886  -56.837 0.7500000000
105606  16.082  -12.336  -59.169 0.2500000000
105390  16.433  -12.673  -60.147 0.3750000000
105229  16.274  -13.448  -58.554 0.2500000000
105536  15.837  -14.286  -56.901 0.2500000000
91820  16.936  -15.494  -58.240 0.7500000000
105592  16.415  -14.536  -57.821 0.3750000000
92214  17.027  -16.582  -57.401 0.8750000000
92438  16.725  -15.668  -57.612 0.8750000000
54276  17.250  -17.540  -57.233 0.8750000000
105627  16.647  -13.759  -59.697 0.3750000000
105285  16.764  -14.958  -59.001 0.8750000000
105188  17.915  -16.641  -58.700 1.0000000000
105628  17.480  -15.799  -58.615 1.0000000000
92108  17.641  -17.072  -57.915 1.0000000000
105389  17.398  -16.200  -58.063 0.8750000000
105525  18.123  -17.635  -58.322 1.0000000000
105815  17.454  -14.892  -60.757 0.8750000000
105593  17.298  -14.858  -60.026 0.8750000000
105185  19.083  -17.163  -59.586 1.0000000000
105641  18.434  -16.465  -59.368 1.0000000000
91982  18.032  -15.730  -60.019 1.0000000000
105184  19.194  -17.932  -59.067 1.0000000000
105186  18.659  -17.300  -58.898 1.0000000000
92009  15.975  -11.312  -59.815 0.1250000000
91986  16.705  -13.896  -61.093 0.8750000000
105257  19.910  -17.438  -60.397 1.0000000000
105600  19.307  -16.705  -60.139 1.0000000000
105588  18.780  -16.285  -59.849 1.0000000000
105394  18.711  -15.524  -60.450 1.0000000000
105587  19.624  -18.022  -59.778 1.0000000000
110427  19.471  -17.361  -60.000 1.0000000000
112539  21.580  -19.613  -60.319 1.0000000000
92024  20.130  -18.984  -59.639 1.0000000000
59284  18.597  -10.314  -61.824 0.2500000000
105523  16.212  -12.078  -61.123 0.2500000000
105370  17.519  -13.507  -61.904 1.0000000000
105522  16.655  -12.984  -61.843 0.6250000000
105258  17.297  -14.334  -61.259 1.0000000000
96880  19.698  -15.459  -60.584 1.0000000000
92152  18.628  -14.635  -61.082 1.0000000000
54291  20.714  -17.923  -60.734 1.0000000000
55100  20.515  -16.979  -60.816 1.0000000000
109001  20.422  -16.241  -60.782 1.0000000000
54290  21.240  -17.390  -61.085 1.0000000000
105366  21.102  -18.864  -60.572 1.0000000000
53414  22.377  -17.915  -61.434 1.0000000000
53404  21.681  -18.355  -60.886 1.0000000000
92374  18.932  -11.797  -62.055 0.5000000000
92328  17.644  -10.779  -62.415 0.3750000000
92008  16.958  -12.012  -62.394 0.5000000000
91819  18.265  -12.659  -62.243 0.5000000000
105465  19.592  -13.737  -61.204 0.8750000000
92253  18.940  -13.997  -61.338 1.0000000000
92454  20.516  -15.719  -60.759 1.0000000000
91818  20.014  -14.674  -60.639 1.0000000000
55106  21.771  -16.953  -61.369 1.0000000000
55937  21.370  -16.338  -61.260 1.0000000000
54301  23.340  -17.946  -61.987 1.0000000000
53409  22.818  -18.967  -61.083 0.8750000000
59283  20.419  -11.507  -61.137 0.5000000000
58489  20.424  -12.681  -61.175 0.6250000000
104106  22.282  -14.099  -61.219 0.6250000000
57658  20.646  -13.731  -60.819 1.0000000000
56847  20.697  -14.657  -60.692 1.0000000000
55119  23.943  -17.488  -64.017 1.0000000000
109198  23.339  -16.452  -63.248 1.0000000000
55944  22.110  -16.097  -61.595 1.0000000000
55945  21.050  -15.606  -60.871 1.0000000000
55112  23.586  -17.544  -62.596 1.0000000000
95926  22.394  -16.776  -61.869 1.0000000000
55111  24.742  -18.225  -63.642 0.8750000000
54300  24.367  -18.206  -62.459 0.8750000000
108969  21.729  -13.335  -60.782 0.8750000000
57664  23.365  -14.570  -63.111 1.0000000000
57656  22.896  -14.917  -62.010 1.0000000000
108528  23.916  -17.089  -64.780 1.0000000000
56852  23.223  -15.572  -63.193 1.0000000000
56846  21.873  -15.375  -61.346 1.0000000000
55961  24.619  -16.227  -65.193 1.0000000000
55118  25.054  -18.130  -64.394 1.0000000000
55962  24.174  -16.888  -65.076 1.0000000000
55117  25.826  -17.794  -64.696 1.0000000000
101504  22.065  -12.632  -60.745 0.5000000000
58488  23.111  -13.196  -61.125 0.8750000000
58500  23.578  -13.176  -64.559 1.0000000000
57671  23.423  -14.349  -64.408 1.0000000000
58487  23.352  -13.922  -62.075 1.0000000000
57675  25.096  -13.393  -65.316 1.0000000000
56869  23.865  -14.243  -65.656 1.0000000000
95089  25.543  -14.433  -64.945 1.0000000000
56868  24.574  -14.362  -65.468 1.0000000000
56863  24.101  -15.241  -65.438 1.0000000000
56858  26.089  -15.538  -64.552 1.0000000000
56862  25.136  -15.390  -65.204 1.0000000000
55955  26.260  -16.857  -64.656 0.8750000000
98070  23.663  -9.414  -64.973 1.0000000000
61666  24.003  -9.264  -63.837 0.3750000000
60906  23.204  -10.026  -66.201 0.8750000000
59309  23.596  -11.743  -65.613 1.0000000000
58507  24.439  -12.701  -65.900 1.0000000000
58508  23.925  -12.880  -66.120 1.0000000000
62447  23.829  -7.971  -65.301 0.8750000000
61685  23.146  -9.374  -66.704 1.0000000000
60912  23.049  -10.003  -67.394 1.0000000000
96925  23.755  -11.321  -66.509 1.0000000000
59313  24.819  -11.770  -66.018 1.0000000000
59314  24.035  -12.099  -66.296 1.0000000000
59308  25.299  -12.402  -65.240 1.0000000000
102737  23.109  -9.453  -67.469 1.0000000000
60094  23.376  -10.305  -67.654 1.0000000000
60911  25.243  -9.813  -66.432 1.0000000000
60093  24.137  -10.434  -67.298 1.0000000000
60088  24.091  -11.217  -66.715 1.0000000000
99239  23.320  -8.739  -66.944 1.0000000000
60919  23.283  -9.726  -67.789 1.0000000000
60918  23.783  -9.837  -67.875 1.0000000000
66651  24.427  -1.075  -63.648 0.1250000000
67375  24.537  -0.445  -63.103 0.1250000000
104869  24.551  -1.691  -64.355 0.2500000000
67379  24.605  -0.758  -64.480 0.1250000000
108134  24.645  -1.424  -65.196 0.3750000000
66654  24.477  -1.532  -66.368 0.5000000000
67382  24.729  -0.735  -65.635 0.2500000000
67390  24.526  -0.631  -66.856 0.3750000000
105081  24.706  -0.054  -64.141 0.2500000000
67378  24.859  -0.016  -64.947 0.2500000000
68046  25.102  0.793  -65.422 0.2500000000
67389  24.710  0.216  -67.189 0.2500000000
67381  24.825  0.079  -66.130 0.2500000000
66660  24.695  -0.730  -67.593 0.3750000000
105533  15.761  -12.281  -58.359 0.1250000000
105259  20.019  -19.479  -58.856 1.0000000000
56864  23.631  -15.117  -65.221 1.0000000000
96335  15.584  -15.305  -55.636 0.1250000000
54277  16.615  -17.009  -56.555 0.6250000000
106612  16.868  -18.064  -56.638 0.7500000000
53395  17.448  -18.564  -57.085 1.0000000000
106869  15.452  -12.275  -55.734 0.1250000000
53399  18.261  -18.532  -57.861 1.0000000000
52405  19.469  -18.980  -58.624 1.0000000000
92062  20.695  -19.860  -59.486 1.0000000000
105187  15.937  -10.245  -60.566 0.3750000000
105442  16.968  -10.492  -61.963 0.2500000000
53413  23.494  -18.519  -61.666 0.8750000000
55110  26.066  -18.256  -63.866 0.8750000000
60894  23.789  -10.243  -63.486 0.1250000000
59292  23.102  -12.397  -61.302 0.3750000000
59291  23.691  -12.446  -62.124 0.6250000000
98063  26.065  -14.366  -64.254 1.0000000000
55950  26.687  -17.224  -64.034 0.8750000000
61677  23.452  -9.016  -65.626 0.8750000000
60075  23.623  -11.108  -64.317 0.8750000000
101994  25.686  -11.501  -64.734 1.0000000000
60082  25.653  -10.748  -65.084 1.0000000000
107927  23.368  -8.608  -66.127 1.0000000000
60087  24.978  -10.756  -66.330 1.0000000000
63163  23.677  -7.082  -65.738 0.8750000000
102584  23.730  -7.072  -67.124 1.0000000000
61697  24.445  -8.431  -67.611 1.0000000000
60917  24.683  -9.530  -67.330 1.0000000000
66648  24.315  -1.198  -62.818 0.1250000000
65954  24.472  -2.034  -63.371 0.1250000000
65261  24.054  -3.175  -65.799 0.6250000000
65961  24.512  -2.254  -65.323 0.6250000000
65967  24.222  -2.034  -67.502 0.5000000000
105099  24.545  -0.415  -63.758 0.2500000000
66661  24.430  -1.294  -67.418 0.5000000000
68044  25.131  0.654  -64.185 0.2500000000
68051  24.766  1.034  -66.784 0.2500000000
68059  24.798  1.212  -67.731 0.2500000000
67397  25.142  0.151  -67.673 0.3750000000
68064  25.027  1.265  -68.144 0.2500000000
68711  25.179  1.676  -66.142 0.1250000000
55909  15.868  -15.061  -56.380 0.1250000000
55078  15.988  -16.021  -56.049 0.5000000000
105196  15.873  -13.399  -57.727 0.1250000000
105423  17.698  -17.927  -57.767 1.0000000000
105230  17.718  -15.736  -59.284 1.0000000000
106077  19.225  -18.486  -58.722 1.0000000000
105178  19.607  -18.635  -59.089 1.0000000000
105367  20.304  -18.467  -60.306 1.0000000000
55927  19.812  -16.365  -60.465 1.0000000000
105635  20.837  -19.333  -60.092 1.0000000000
105177  16.399  -11.160  -61.676 0.3750000000
91817  19.594  -14.805  -60.734 1.0000000000
55107  20.951  -16.576  -61.085 1.0000000000
105319  19.391  -12.861  -61.757 0.6250000000
57657  21.667  -14.672  -61.017 1.0000000000
55113  22.648  -17.397  -61.850 1.0000000000
108689  23.720  -19.089  -61.304 0.8750000000
55124  24.640  -17.615  -64.800 1.0000000000
55951  23.107  -16.702  -62.534 1.0000000000
56845  22.807  -15.800  -62.365 1.0000000000
55956  23.493  -16.511  -64.196 1.0000000000
56859  23.329  -15.464  -64.335 1.0000000000
97664  23.640  -16.265  -64.969 1.0000000000
98727  23.881  -16.016  -65.251 1.0000000000
55960  25.593  -16.288  -64.994 1.0000000000
55123  25.230  -17.115  -64.981 1.0000000000
108318  23.631  -13.180  -62.233 0.7500000000
94603  23.612  -13.621  -63.126 1.0000000000
57676  23.652  -13.906  -65.433 1.0000000000
93738  23.609  -12.485  -65.426 1.0000000000
58504  23.741  -13.030  -65.742 1.0000000000
57681  23.888  -13.456  -65.809 1.0000000000
57680  24.142  -13.490  -65.844 1.0000000000
60898  23.563  -10.200  -64.848 0.7500000000
60083  23.423  -10.885  -65.921 1.0000000000
59302  23.670  -12.133  -64.346 1.0000000000
59315  23.819  -12.300  -66.068 1.0000000000
62454  23.537  -7.923  -66.265 0.8750000000
60089  23.385  -10.578  -67.028 1.0000000000
108710  23.607  -10.798  -67.210 1.0000000000
61692  23.545  -8.880  -67.524 1.0000000000
60925  24.345  -9.167  -67.627 1.0000000000
62465  23.836  -7.819  -67.458 1.0000000000
62459  23.556  -7.963  -67.116 1.0000000000
106021  24.541  -2.580  -64.282 0.3750000000
106429  24.199  -2.365  -66.515 0.7500000000
55887  14.931  -14.547  -53.591 0.1250000000
55901  15.260  -15.732  -55.039 0.1250000000
54267  16.005  -16.968  -55.678 0.6250000000
58493  23.745  -12.693  -63.147 0.8750000000
59296  23.787  -11.742  -63.155 0.7500000000
60069  23.742  -10.985  -63.068 0.7500000000
101104  23.585  -7.245  -66.528 1.0000000000
62464  24.036  -7.512  -67.574 1.0000000000
61691  25.098  -8.635  -67.307 1.0000000000
65957  24.542  -3.061  -63.433 0.3750000000
110458  24.475  -2.872  -64.926 0.5000000000
112218  25.509  -0.396  -68.041 0.3750000000
50369  17.203  -21.801  -54.694 0.7500000000
49451  18.568  -22.783  -55.524 0.7500000000
50383  16.810  -20.962  -54.949 0.7500000000
50381  18.220  -21.847  -55.761 0.7500000000
49452  17.852  -22.255  -55.126 0.7500000000
50382  17.475  -21.349  -55.374 0.7500000000
51447  17.029  -20.380  -55.629 0.7500000000
50380  19.008  -22.277  -56.185 0.7500000000
50393  17.802  -20.983  -56.054 0.7500000000
52408  16.752  -18.936  -56.227 0.7500000000
53396  16.354  -17.997  -56.067 0.6250000000
51458  17.508  -20.168  -56.278 0.7500000000
49460  19.856  -22.562  -56.479 0.7500000000
50392  18.691  -21.428  -56.398 0.7500000000
51457  18.376  -20.547  -56.665 0.7500000000
52406  17.899  -19.915  -56.809 0.8750000000
52413  18.004  -19.335  -57.257 0.8750000000
51455  20.009  -21.613  -57.287 0.7500000000
51456  19.298  -20.991  -57.042 0.7500000000
51465  19.353  -20.181  -57.569 0.8750000000
52412  18.814  -19.365  -57.707 0.8750000000
51464  20.109  -21.001  -57.710 0.7500000000
52411  20.068  -20.289  -58.300 0.8750000000
97000  19.487  -19.490  -58.185 0.8750000000
50402  21.896  -21.633  -59.205 0.8750000000
105327  20.543  -20.373  -58.974 0.8750000000
105352  21.293  -20.777  -59.368 0.8750000000
92072  21.519  -20.189  -59.911 0.8750000000
92066  23.686  -20.416  -59.735 0.3750000000
105332  23.139  -21.089  -59.958 0.6250000000
92087  22.453  -20.352  -60.320 0.7500000000
105235  24.360  -19.412  -59.335 0.5000000000
105333  24.003  -19.722  -60.177 0.5000000000
92410  23.551  -19.549  -60.760 0.7500000000
105358  25.101  -18.440  -59.250 0.1250000000
105599  24.581  -19.046  -59.982 0.3750000000
53408  24.381  -19.051  -60.795 0.6250000000
53412  24.311  -18.657  -61.641 0.6250000000
105363  26.044  -17.654  -58.556 0.1250000000
92084  25.938  -17.904  -59.638 0.1250000000
54288  25.817  -17.818  -60.689 0.1250000000
55105  26.552  -17.276  -61.222 0.1250000000
54295  25.665  -17.966  -61.897 0.6250000000
94577  26.344  -17.760  -62.658 0.6250000000
54299  25.414  -18.349  -62.986 0.7500000000
55099  26.786  -17.395  -60.072 0.1250000000
55098  27.174  -16.626  -60.844 0.1250000000
55104  26.984  -17.061  -62.012 0.1250000000
55943  26.812  -17.199  -63.013 0.5000000000
55942  27.233  -16.244  -61.829 0.5000000000
55949  27.099  -16.237  -63.046 0.5000000000
56851  26.776  -16.053  -63.922 0.7500000000
63162  24.025  -6.946  -64.836 0.6250000000
63861  23.952  -5.497  -64.923 0.5000000000
63168  23.816  -6.214  -65.362 0.7500000000
57663  26.489  -13.788  -62.843 0.6250000000
57669  26.207  -13.619  -63.637 0.6250000000
58486  26.489  -12.920  -62.185 0.5000000000
58492  26.280  -12.825  -62.941 0.6250000000
58498  26.035  -12.736  -63.783 0.7500000000
57670  25.816  -13.512  -64.423 0.8750000000
59301  25.882  -12.073  -64.191 0.7500000000
60905  25.832  -9.751  -65.182 0.8750000000
61675  25.768  -9.039  -65.483 0.8750000000
98567  26.597  -12.030  -61.739 0.3750000000
97409  26.433  -12.157  -62.423 0.5000000000
109824  26.114  -11.399  -63.822 0.6250000000
59290  26.723  -11.157  -61.367 0.2500000000
59295  26.518  -11.244  -62.260 0.3750000000
98705  26.322  -10.909  -63.164 0.5000000000
64576  23.841  -4.669  -65.281 0.6250000000
63862  23.648  -5.396  -65.811 0.7500000000
63169  23.648  -6.311  -66.371 0.8750000000
63174  23.887  -6.109  -67.138 0.8750000000
62453  25.621  -7.946  -66.417 0.7500000000
60074  26.164  -10.759  -64.045 0.6250000000
60081  26.284  -9.978  -64.266 0.7500000000
60068  26.492  -10.247  -62.493 0.5000000000
60904  26.479  -9.230  -64.366 0.7500000000
60061  26.694  -10.404  -61.646 0.2500000000
63867  23.662  -5.294  -66.719 0.8750000000
104389  24.125  -6.030  -67.395 0.8750000000
63177  24.877  -6.819  -67.492 0.8750000000
104387  24.457  -5.997  -67.433 0.7500000000
62458  25.206  -7.634  -67.316 0.8750000000
61683  26.023  -8.157  -65.299 0.7500000000
95938  26.550  -8.785  -62.131 0.2500000000
61657  26.614  -8.444  -62.950 0.5000000000
60073  26.397  -10.079  -63.363 0.5000000000
95018  24.109  -3.920  -65.132 0.5000000000
65262  23.682  -3.997  -65.851 0.6250000000
64586  23.720  -4.442  -67.092 0.7500000000
63871  24.116  -5.136  -67.460 0.7500000000
64591  24.010  -4.459  -67.467 0.7500000000
63870  24.644  -5.113  -67.379 0.7500000000
104302  25.187  -5.948  -67.185 0.7500000000
64590  24.142  -4.276  -67.575 0.7500000000
63173  25.498  -6.684  -66.954 0.7500000000
105884  25.943  -6.543  -65.933 0.7500000000
63860  25.812  -5.876  -66.367 0.7500000000
62438  26.946  -7.415  -64.117 0.5000000000
62445  26.561  -7.350  -64.818 0.3750000000
62434  26.865  -7.773  -63.513 0.3750000000
65273  23.864  -2.890  -67.232 0.6250000000
65274  23.710  -3.768  -66.717 0.7500000000
65278  23.958  -3.647  -67.543 0.7500000000
64589  24.855  -4.291  -67.443 0.7500000000
63866  25.529  -5.113  -66.887 0.7500000000
63859  26.319  -5.953  -65.646 0.6250000000
63845  27.160  -6.249  -64.630 0.3750000000
63166  26.542  -6.529  -65.115 0.3750000000
101268  26.750  -7.570  -62.796 0.1250000000
63153  27.555  -6.270  -63.525 0.1250000000
63154  27.269  -6.637  -64.056 0.2500000000
65277  24.287  -3.429  -67.829 0.6250000000
64575  26.352  -5.271  -66.039 0.3750000000
63837  27.810  -5.520  -63.140 0.1250000000
95857  28.020  -5.827  -63.962 0.1250000000
63146  27.398  -6.240  -62.594 0.1250000000
65976  24.301  -2.575  -67.904 0.6250000000
65272  25.156  -3.563  -67.686 0.3750000000
64585  25.879  -4.450  -66.840 0.3750000000
64574  27.155  -5.214  -65.563 0.2500000000
105871  28.266  -5.928  -64.434 0.1250000000
63852  27.748  -5.806  -64.812 0.3750000000
63853  26.859  -5.786  -65.198 0.3750000000
63836  28.100  -4.181  -62.867 0.1250000000
63844  27.690  -6.171  -64.255 0.1250000000
66669  24.542  -1.618  -67.941 0.3750000000
65966  25.534  -2.795  -67.930 0.3750000000
99898  24.589  -2.759  -68.090 0.3750000000
65271  26.462  -3.887  -66.952 0.3750000000
65260  27.345  -4.631  -66.158 0.3750000000
64584  26.658  -4.700  -66.268 0.3750000000
64564  29.310  -5.589  -65.202 0.1250000000
64573  28.007  -5.190  -65.368 0.1250000000
108525  29.326  -5.471  -63.949 0.1250000000
65974  26.227  -1.985  -67.809 0.2500000000
65965  26.895  -2.962  -67.254 0.2500000000
65975  24.797  -1.889  -68.285 0.3750000000
65270  27.577  -3.937  -66.789 0.1250000000
64583  29.350  -4.486  -66.719 0.1250000000
65259  28.209  -4.676  -66.135 0.1250000000
93158  24.955  -0.994  -68.086 0.3750000000
65964  27.916  -3.109  -67.196 0.1250000000
64582  30.203  -4.808  -66.523 0.1250000000
65268  29.262  -3.513  -67.237 0.1250000000
66666  28.040  -1.515  -67.856 0.1250000000
65972  28.370  -2.306  -67.557 0.1250000000
65266  30.302  -4.188  -67.201 0.1250000000
105369  22.242  -21.105  -59.803 0.6250000000
56850  26.903  -14.997  -62.946 0.6250000000
63872  23.924  -5.185  -67.308 0.8750000000
63178  24.239  -6.844  -67.547 0.8750000000
63167  25.693  -7.194  -66.466 0.7500000000
61664  26.798  -8.453  -64.041 0.5000000000
98847  26.612  -8.036  -64.545 0.7500000000
64572  28.971  -4.855  -66.043 0.1250000000
65963  28.668  -3.072  -67.289 0.1250000000
65267  29.746  -4.079  -67.142 0.1250000000
54296  25.048  -18.389  -61.248 0.5000000000
108464  24.922  -18.267  -62.120 0.6250000000
56844  27.062  -15.083  -61.998 0.3750000000
57655  26.685  -13.918  -62.037 0.3750000000
61674  26.393  -8.791  -64.739 0.7500000000
102909  17.901  -23.437  -54.457 0.7500000000
49440  17.520  -22.741  -54.460 0.7500000000
50370  16.574  -21.467  -54.279 0.7500000000
51435  16.278  -20.707  -54.364 0.7500000000
48607  18.558  -23.544  -54.918 0.7500000000
48616  19.148  -23.367  -55.430 0.7500000000
53376  16.264  -18.746  -55.605 0.6250000000
50390  20.334  -22.256  -57.029 0.7500000000
50398  21.736  -22.011  -58.451 0.6250000000
105334  23.524  -21.000  -59.065 0.3750000000
51469  22.748  -21.558  -59.353 0.5000000000
105598  23.966  -20.022  -58.935 0.1250000000
110491  24.802  -18.769  -58.728 0.1250000000
55095  27.457  -17.296  -59.361 0.1250000000
106326  27.498  -16.927  -60.017 0.1250000000
55931  27.592  -16.179  -59.900 0.1250000000
102283  24.153  -6.182  -64.571 0.3750000000
55936  27.378  -15.687  -60.556 0.1250000000
57649  26.988  -13.915  -61.226 0.1250000000
92824  26.710  -12.925  -61.430 0.2500000000
64566  24.312  -4.343  -64.406 0.5000000000
60877  26.891  -9.734  -61.064 0.1250000000
62424  26.861  -7.829  -60.960 0.1250000000
63141  26.861  -6.901  -62.190 0.1250000000
63140  27.339  -6.168  -61.486 0.1250000000
65256  24.446  -3.443  -64.437 0.3750000000
63830  27.920  -5.427  -62.111 0.1250000000
64548  28.638  -3.544  -63.125 0.1250000000
111500  28.472  -3.599  -62.731 0.1250000000
64563  29.984  -5.933  -64.761 0.1250000000
63865  30.905  -5.295  -66.191 0.1250000000
67374  24.773  0.166  -63.493 0.1250000000
67396  26.322  -0.431  -68.099 0.2500000000
66667  26.983  -1.243  -67.966 0.1250000000
100701  27.796  -0.911  -68.006 0.1250000000
65971  29.095  -2.164  -67.746 0.1250000000
106722  30.900  -4.730  -66.716 0.1250000000
65276  30.523  -3.714  -67.706 0.1250000000
105343  22.064  -19.343  -60.645 0.7500000000
62446  24.218  -7.647  -64.194 0.3750000000
52407  17.413  -19.435  -56.584 0.8750000000
92447  18.999  -18.836  -58.292 0.8750000000
91815  22.853  -19.781  -60.667 0.7500000000
61698  23.916  -8.264  -67.626 0.8750000000
61684  25.467  -8.863  -66.362 0.8750000000
107590  18.049  -23.000  -54.953 0.7500000000
49450  19.443  -22.975  -55.932 0.7500000000
51434  16.472  -20.164  -55.071 0.7500000000
52398  16.555  -19.585  -55.681 0.7500000000
52397  16.968  -19.686  -56.012 0.7500000000
50391  19.512  -21.876  -56.765 0.7500000000
110782  18.890  -20.428  -57.116 0.8750000000
51466  18.546  -19.963  -57.192 0.8750000000
50399  20.854  -21.948  -57.721 0.7500000000
51463  20.909  -21.256  -58.611 0.7500000000
92065  23.355  -20.320  -60.338 0.7500000000
54289  25.188  -18.488  -60.271 0.2500000000
54285  26.785  -17.596  -59.076 0.1250000000
110210  27.145  -17.047  -60.547 0.1250000000
56857  26.480  -14.711  -63.695 0.6250000000
59300  26.261  -11.875  -63.192 0.6250000000
64577  23.610  -4.553  -66.258 0.6250000000
60893  26.494  -9.381  -62.726 0.3750000000
62452  26.003  -7.246  -65.556 0.7500000000
60897  26.577  -9.277  -63.619 0.5000000000
62431  26.593  -7.857  -61.909 0.1250000000
60888  26.620  -9.547  -61.871 0.2500000000
61646  26.793  -8.761  -61.212 0.1250000000
63161  26.909  -6.792  -64.517 0.3750000000
63147  27.058  -6.939  -63.268 0.3750000000
64549  28.300  -4.761  -63.465 0.1250000000
65251  28.707  -4.570  -63.497 0.1250000000
64557  28.812  -5.758  -64.239 0.1250000000
64565  28.736  -5.768  -64.803 0.1250000000
64556  29.417  -5.947  -64.528 0.1250000000
64571  29.737  -5.222  -65.821 0.1250000000
110413  28.706  -5.231  -65.460 0.1250000000
65250  29.269  -3.997  -63.380 0.1250000000
64555  29.893  -5.304  -63.839 0.1250000000
66668  25.559  -1.072  -68.248 0.2500000000
65973  27.446  -2.221  -67.591 0.2500000000
65269  28.547  -4.033  -66.864 0.1250000000
48608  17.503  -23.373  -54.032 0.7500000000
49441  16.874  -22.274  -54.081 0.7500000000
48609  17.087  -23.042  -53.779 0.7500000000
52388  16.208  -19.307  -54.938 0.5000000000
106964  22.376  -21.875  -58.818 0.5000000000
56840  27.173  -14.905  -60.981 0.1250000000
56835  27.463  -14.600  -60.101 0.1250000000
64570  30.393  -5.588  -65.543 0.1250000000
50359  16.231  -21.927  -53.508 0.7500000000
108075  17.857  -24.295  -53.740 0.6250000000
47634  18.184  -23.988  -54.248 0.6250000000
48597  19.816  -24.174  -54.309 0.3750000000
48606  19.435  -23.836  -54.972 0.6250000000
48604  21.125  -23.473  -54.589 0.2500000000
48605  20.326  -23.810  -54.848 0.3750000000
51462  23.017  -21.609  -58.504 0.3750000000
97276  24.126  -5.000  -64.490 0.3750000000
47635  17.645  -23.847  -53.918 0.6250000000
49449  20.364  -23.123  -56.075 0.5000000000
99868  21.215  -22.554  -57.001 0.5000000000
47623  20.085  -24.367  -53.489 0.5000000000
47624  19.365  -24.464  -53.797 0.6250000000
99585  17.667  -25.085  -52.855 0.6250000000
51424  15.700  -20.414  -53.404 0.3750000000
104012  15.603  -21.948  -52.798 0.3750000000
47626  17.355  -24.277  -53.407 0.6250000000
48598  17.165  -23.717  -53.544 0.6250000000
49428  16.621  -22.667  -53.477 0.6250000000
47611  20.336  -24.496  -52.559 0.3750000000
47612  19.331  -24.917  -53.041 0.5000000000
100541  17.777  -24.755  -53.294 0.6250000000
52378  15.601  -19.417  -53.284 0.2500000000
48586  20.927  -23.985  -53.092 0.3750000000
48595  21.416  -23.492  -53.675 0.2500000000
49438  21.674  -23.117  -55.220 0.2500000000
49448  21.345  -22.975  -56.142 0.3750000000
50379  22.033  -22.492  -56.649 0.2500000000
50397  22.483  -21.995  -58.037 0.2500000000
105227  16.806  -9.076  -60.811 0.1250000000
52404  23.549  -20.844  -57.723 0.2500000000
61676  24.006  -8.597  -64.554 0.2500000000
59285  17.842  -9.433  -61.884 0.1250000000
60062  23.678  -11.574  -62.187 0.3750000000
49459  20.639  -22.760  -56.596 0.5000000000
50371  16.052  -21.174  -53.777 0.5000000000
47633  18.943  -24.131  -54.386 0.6250000000
48615  19.950  -23.498  -55.490 0.5000000000
52389  15.990  -19.865  -54.245 0.3750000000
53387  15.931  -17.781  -55.290 0.2500000000
95775  15.813  -18.900  -53.972 0.3750000000
50389  21.865  -22.310  -57.543 0.2500000000
47625  18.532  -24.556  -53.672 0.6250000000
48596  20.619  -23.883  -54.004 0.2500000000
49439  20.836  -23.404  -55.422 0.3750000000
50360  15.637  -21.254  -53.013 0.3750000000
47627  16.822  -24.182  -53.038 0.6250000000
47599  19.729  -24.868  -51.941 0.3750000000
50388  22.613  -22.101  -57.118 0.2500000000
47600  15.945  -24.591  -51.673 0.5000000000
46571  18.282  -25.523  -51.503 0.3750000000
46582  17.924  -25.306  -52.342 0.5000000000
47615  16.550  -24.414  -52.425 0.5000000000
47616  15.824  -24.006  -51.888 0.5000000000
49429  16.067  -22.616  -52.870 0.3750000000
48599  16.604  -23.429  -53.064 0.5000000000
46556  14.505  -24.906  -50.281 0.1250000000
46573  15.331  -24.962  -51.056 0.3750000000
49416  15.208  -22.428  -52.275 0.2500000000
45576  15.442  -26.503  -49.660 0.1250000000
46555  14.895  -25.267  -50.478 0.2500000000
46554  15.847  -25.606  -50.771 0.3750000000
46570  19.233  -25.357  -51.318 0.2500000000
46553  17.731  -25.777  -50.812 0.3750000000
99803  17.170  -25.412  -51.623 0.5000000000
45589  14.572  -25.517  -49.898 0.1250000000
107895  16.498  -25.500  -51.162 0.3750000000
48559  14.508  -23.738  -50.659 0.1250000000
48578  14.523  -23.060  -51.212 0.1250000000
47613  18.335  -25.135  -52.982 0.3750000000
47614  17.105  -24.726  -52.879 0.5000000000
46583  17.301  -25.114  -52.447 0.5000000000
50350  14.820  -21.525  -52.304 0.2500000000
46572  16.213  -25.204  -51.452 0.5000000000
46584  16.717  -24.855  -52.145 0.5000000000
46581  18.795  -25.263  -52.246 0.3750000000
47601  15.054  -24.311  -51.169 0.2500000000
48577  15.060  -23.543  -51.486 0.1250000000
48589  14.889  -22.874  -51.715 0.1250000000
48588  15.728  -23.280  -52.238 0.1250000000
48587  16.385  -23.964  -52.548 0.5000000000
47582  14.742  -24.738  -50.643 0.2500000000
47583  14.596  -24.377  -50.613 0.1250000000
47566  14.403  -24.413  -50.127 0.1250000000
45577  14.647  -26.255  -49.395 0.1250000000
45588  15.144  -25.961  -50.127 0.1250000000
46552  18.697  -25.672  -50.648 0.2500000000
47602  14.619  -23.838  -51.007 0.1250000000
45587  16.280  -26.286  -50.137 0.2500000000
45586  17.267  -26.116  -50.273 0.2500000000
53377  15.871  -18.380  -54.708 0.2500000000
99333  16.800  -25.761  -50.771 0.2500000000
45574  17.359  -26.580  -49.541 0.1250000000
93556  15.499  -17.901  -53.686 0.1250000000
63155  24.332  -6.651  -63.801 0.1250000000
103117  24.367  -6.015  -63.168 0.1250000000
103042  24.365  -4.844  -63.817 0.1250000000
63854  24.349  -5.621  -63.944 0.1250000000
63846  24.392  -5.178  -62.980 0.1250000000
62439  24.266  -7.433  -63.182 0.1250000000
64558  24.501  -4.106  -63.383 0.1250000000
64550  24.186  -4.363  -62.246 0.1250000000
65246  23.545  -3.540  -61.690 0.1250000000
61665  24.216  -8.279  -63.537 0.1250000000
59293  22.197  -12.065  -61.292 0.1250000000
51411  15.008  -20.624  -52.497 0.1250000000
53362  15.452  -18.576  -53.049 0.1250000000
60889  23.702  -10.684  -62.325 0.1250000000
63148  24.208  -6.698  -62.745 0.1250000000
64551  23.784  -5.285  -61.985 0.1250000000
64542  23.143  -4.489  -61.373 0.1250000000
99790  22.503  -2.627  -61.297 0.1250000000
100188  23.815  -2.694  -62.008 0.1250000000
55079  15.485  -16.133  -55.274 0.1250000000
55069  15.261  -16.349  -54.666 0.1250000000
54268  15.551  -16.932  -54.886 0.1250000000
106334  15.616  -17.580  -54.515 0.1250000000
54247  15.279  -17.431  -53.349 0.1250000000
103331  15.368  -17.952  -52.935 0.1250000000
65252  24.374  -3.423  -62.523 0.1250000000
63831  23.074  -5.532  -61.384 0.1250000000
47598  20.647  -24.640  -51.656 0.1250000000
109511  21.984  -24.016  -51.830 0.1250000000
112663  21.900  -23.624  -52.721 0.1250000000
49427  21.876  -23.059  -54.265 0.1250000000
49437  22.468  -22.665  -54.826 0.1250000000
49447  22.215  -22.729  -55.803 0.1250000000
50367  23.137  -22.149  -54.779 0.1250000000
50368  22.739  -22.329  -55.474 0.1250000000
50378  22.693  -22.227  -56.229 0.1250000000
51445  23.524  -20.978  -56.079 0.1250000000
104297  23.334  -21.148  -56.942 0.1250000000
46540  19.079  -25.925  -49.879 0.1250000000
45585  18.111  -26.062  -50.067 0.1250000000
46551  19.652  -25.527  -50.473 0.1250000000
46550  20.702  -25.474  -50.336 0.1250000000
47581  20.936  -24.938  -50.966 0.1250000000
47596  22.427  -24.250  -51.124 0.1250000000
47597  21.573  -24.546  -51.296 0.1250000000
48585  22.842  -23.071  -52.973 0.1250000000
49425  23.209  -22.643  -53.598 0.1250000000
104132  23.727  -22.223  -53.953 0.1250000000
111242  24.046  -21.114  -55.301 0.1250000000
106857  24.039  -19.853  -57.158 0.1250000000
51444  24.357  -20.390  -55.812 0.1250000000
105286  24.051  -20.027  -58.085 0.1250000000
47610  21.233  -24.203  -52.180 0.1250000000
51454  23.074  -21.649  -57.532 0.1250000000
48594  22.115  -23.171  -53.484 0.1250000000
46569  20.140  -25.090  -51.095 0.1250000000
48576  22.754  -23.561  -51.937 0.1250000000
49426  22.574  -22.787  -53.878 0.1250000000
50377  23.229  -21.706  -55.576 0.1250000000
99848  23.818  -21.670  -54.715 0.1250000000
51446  23.056  -21.688  -56.615 0.1250000000
51453  23.822  -20.356  -56.623 0.1250000000
45571  20.310  -26.440  -49.164 0.1250000000
46538  20.978  -26.104  -49.581 0.1250000000
92266  24.732  -19.485  -56.331 0.1250000000
58499  25.671  -12.780  -64.589 0.8750000000
60926  23.748  -9.168  -67.771 1.0000000000
62463  24.405  -7.585  -67.618 0.8750000000
63179  24.000  -6.930  -67.458 1.0000000000
64541  28.982  -3.261  -62.732 0.1250000000
105524  18.755  -18.115  -58.544 1.0000000000
