#!ascii label  , from subject sub-v1s19x0051313_ses-1 vox2ras=TkReg
1005
68205  -22.697  -13.639  -28.452 0.5555555820
68206  -23.284  -13.544  -28.880 0.6666666865
69250  -23.724  -12.670  -29.530 0.7777777910
126953  -24.478  -13.246  -29.778 0.7777777910
70230  -24.309  -11.466  -30.086 0.8888888955
142937  -27.837  -11.639  -31.030 0.8888888955
67137  -22.506  -14.333  -28.056 0.5555555820
69217  -22.198  -13.060  -28.289 0.5555555820
69231  -22.752  -12.838  -28.792 0.6666666865
127584  -23.041  -12.168  -29.270 0.8888888955
68230  -25.220  -12.778  -30.275 0.8888888955
70231  -25.818  -11.400  -30.594 0.8888888955
71153  -26.916  -10.353  -31.334 1.0000000000
70243  -28.262  -11.160  -31.370 0.8888888955
71164  -28.383  -10.027  -32.024 1.0000000000
69230  -21.941  -11.585  -28.597 0.7777777910
124683  -22.402  -10.391  -29.269 1.0000000000
72030  -22.740  -9.678  -29.700 1.0000000000
71143  -23.510  -10.104  -30.075 1.0000000000
72049  -24.896  -8.982  -30.969 1.0000000000
120401  -25.744  -9.267  -31.251 1.0000000000
136739  -24.100  -8.821  -30.706 1.0000000000
72875  -26.386  -8.852  -31.720 1.0000000000
72060  -27.796  -9.339  -32.277 1.0000000000
72874  -25.523  -8.481  -31.465 1.0000000000
72884  -27.156  -8.572  -32.257 1.0000000000
72886  -29.055  -8.696  -32.506 1.0000000000
73758  -27.727  -7.297  -32.559 1.0000000000
73759  -28.673  -7.185  -32.690 0.7777777910
72855  -22.256  -8.437  -29.686 0.8888888955
72039  -23.335  -9.114  -30.241 1.0000000000
72873  -24.547  -8.109  -31.150 1.0000000000
72864  -23.549  -8.215  -30.623 1.0000000000
120969  -26.044  -7.193  -32.251 1.0000000000
73757  -26.935  -7.638  -32.358 1.0000000000
74706  -26.840  -6.710  -32.483 1.0000000000
73760  -29.694  -7.274  -32.981 0.8888888955
74708  -28.925  -6.264  -32.616 1.0000000000
119630  -30.386  -6.870  -33.226 0.7777777910
74711  -31.606  -6.362  -33.208 0.7777777910
73729  -22.135  -7.050  -30.109 0.5555555820
75665  -23.297  -5.472  -31.566 0.7777777910
73740  -22.990  -6.925  -30.859 0.8888888955
74689  -24.363  -6.644  -31.674 1.0000000000
73741  -24.641  -7.316  -31.544 1.0000000000
74703  -24.135  -5.860  -31.901 0.8888888955
74704  -24.916  -6.093  -32.177 1.0000000000
74705  -25.843  -6.188  -32.409 1.0000000000
144396  -27.432  -5.643  -32.528 1.0000000000
122194  -28.750  -5.342  -32.450 1.0000000000
75680  -29.663  -5.689  -32.760 0.8888888955
75692  -31.241  -4.983  -33.506 0.7777777910
75682  -32.130  -5.621  -33.244 0.6666666865
75693  -31.858  -5.128  -33.567 0.6666666865
76655  -21.416  -4.268  -30.329 0.4444444478
75664  -22.481  -5.227  -31.081 0.7777777910
139475  -22.393  -4.319  -31.390 0.6666666865
145047  -23.988  -4.414  -32.383 0.7777777910
75675  -24.018  -5.083  -32.169 0.8888888955
129544  -25.190  -4.927  -32.638 0.8888888955
75678  -26.751  -5.695  -32.570 1.0000000000
76681  -25.672  -4.495  -32.799 1.0000000000
76682  -26.683  -4.393  -32.638 1.0000000000
76683  -27.950  -4.988  -32.401 1.0000000000
76684  -28.435  -4.660  -32.385 0.8888888955
76685  -29.433  -4.872  -32.569 0.7777777910
76686  -30.407  -4.724  -33.022 0.7777777910
76687  -32.502  -4.929  -32.748 0.5555555820
76700  -31.143  -4.395  -33.375 0.7777777910
77706  -32.144  -3.707  -33.564 0.6666666865
77684  -22.516  -3.005  -32.125 0.6666666865
77672  -22.117  -3.550  -31.534 0.6666666865
76679  -23.544  -3.877  -32.324 0.7777777910
77685  -23.220  -3.171  -32.479 0.7777777910
77686  -24.321  -3.872  -32.753 0.8888888955
76698  -25.464  -3.815  -32.985 0.8888888955
76697  -24.883  -3.631  -33.040 1.0000000000
77703  -25.863  -3.451  -33.032 1.0000000000
140670  -26.533  -3.820  -32.710 1.0000000000
128327  -27.404  -4.355  -32.495 0.8888888955
77690  -29.021  -3.764  -32.362 0.8888888955
77691  -30.016  -3.505  -32.631 0.8888888955
133270  -30.672  -3.988  -32.984 0.7777777910
130131  -28.038  -3.361  -32.465 0.8888888955
77704  -30.983  -3.301  -33.159 0.7777777910
77692  -32.533  -3.423  -33.055 0.6666666865
78632  -22.283  -2.194  -32.224 0.6666666865
77683  -21.837  -2.889  -31.571 0.5555555820
78633  -22.963  -2.491  -32.625 0.7777777910
77700  -23.629  -2.730  -32.877 0.8888888955
77701  -24.389  -3.088  -33.066 0.8888888955
78654  -25.621  -2.742  -33.281 1.0000000000
77702  -25.187  -3.211  -33.206 1.0000000000
78635  -27.033  -2.845  -32.624 1.0000000000
77688  -27.169  -3.612  -32.552 0.8888888955
78638  -30.355  -2.733  -32.748 0.7777777910
78655  -31.362  -2.587  -33.444 0.7777777910
123427  -32.055  -2.789  -33.801 0.6666666865
139493  -32.444  -2.422  -33.579 0.5555555820
78639  -32.694  -2.683  -32.881 0.5555555820
78650  -22.821  -1.842  -32.717 0.7777777910
79583  -22.089  -0.890  -32.203 0.6666666865
78651  -23.321  -2.021  -33.001 0.8888888955
79605  -25.109  -1.972  -33.516 1.0000000000
79606  -25.849  -2.025  -33.396 1.0000000000
79586  -27.514  -2.139  -32.629 0.8888888955
78636  -28.010  -2.731  -32.511 0.8888888955
122466  -28.087  -1.440  -32.493 0.8888888955
78637  -29.104  -2.939  -32.441 0.8888888955
79589  -30.739  -1.914  -32.903 0.7777777910
79607  -31.556  -1.942  -34.109 0.7777777910
78657  -32.101  -2.329  -34.217 0.5555555820
80575  -30.849  -1.058  -33.350 0.7777777910
79608  -32.009  -1.830  -34.686 0.5555555820
79590  -32.434  -2.020  -33.873 0.5555555820
80594  -31.688  -1.320  -34.811 0.6666666865
81519  -20.852  -0.006  -30.756 0.4444444478
129262  -22.224  -0.141  -32.275 0.5555555820
80590  -22.991  -0.367  -33.043 0.7777777910
121457  -24.612  -1.249  -33.544 1.0000000000
79603  -23.335  -0.803  -33.244 0.8888888955
80593  -25.340  -1.062  -33.553 1.0000000000
139338  -26.267  -1.250  -33.291 0.8888888955
80571  -26.746  -0.472  -32.888 0.8888888955
128202  -27.106  -1.359  -32.751 0.8888888955
80574  -29.793  -1.247  -32.603 0.8888888955
123512  -31.927  -1.147  -35.167 0.5555555820
82555  -23.932  1.773  -33.313 0.6666666865
81534  -22.785  0.746  -32.712 0.6666666865
121865  -24.764  0.808  -33.557 0.7777777910
137949  -25.926  -0.287  -33.410 0.8888888955
119674  -25.576  0.708  -33.428 0.7777777910
81553  -26.400  0.521  -33.063 0.7777777910
119454  -27.900  0.829  -32.454 0.7777777910
80572  -27.709  -0.617  -32.502 0.8888888955
81536  -28.366  0.055  -32.403 0.7777777910
81537  -29.579  -0.226  -32.615 0.6666666865
82544  -29.149  1.623  -32.396 0.6666666865
125499  -30.610  0.488  -33.261 0.6666666865
81538  -30.476  -0.134  -33.081 0.6666666865
82559  -30.743  1.282  -33.504 0.6666666865
127945  -30.929  0.172  -34.501 0.5555555820
81555  -31.433  -0.288  -35.527 0.5555555820
119651  -23.998  5.008  -32.220 0.3333333433
84353  -23.073  4.308  -31.966 0.3333333433
128009  -23.572  3.291  -33.164 0.5555555820
83481  -24.301  2.482  -33.403 0.6666666865
83483  -25.405  3.413  -33.293 0.5555555820
122627  -25.001  2.528  -33.511 0.7777777910
82558  -26.028  1.566  -33.274 0.7777777910
135600  -27.231  2.328  -32.579 0.6666666865
82542  -26.983  1.379  -32.662 0.6666666865
82541  -26.390  2.495  -33.037 0.6666666865
82543  -28.033  1.602  -32.427 0.6666666865
82545  -30.099  1.509  -32.662 0.6666666865
82560  -31.121  0.522  -35.330 0.5555555820
127280  -31.210  0.914  -35.946 0.5555555820
85214  -24.169  5.400  -31.415 0.4444444478
84370  -25.742  4.122  -33.133 0.4444444478
85226  -25.825  4.796  -32.729 0.5555555820
84389  -25.802  4.228  -33.250 0.5555555820
145018  -25.783  4.177  -33.147 0.6666666865
84390  -25.991  3.484  -33.161 0.6666666865
83468  -26.824  3.448  -32.787 0.6666666865
83470  -29.453  2.468  -32.454 0.6666666865
83471  -30.314  2.395  -32.749 0.6666666865
83486  -31.041  2.281  -34.523 0.6666666865
83492  -31.222  1.897  -35.888 0.5555555820
82568  -31.141  1.285  -35.516 0.6666666865
86096  -25.864  4.932  -32.581 0.4444444478
84373  -27.133  4.231  -32.663 0.6666666865
84372  -26.163  4.176  -33.012 0.6666666865
84374  -27.697  3.888  -32.563 0.6666666865
83469  -28.137  2.689  -32.460 0.6666666865
83485  -30.850  2.361  -33.380 0.6666666865
70219  -23.635  -11.835  -29.704 0.8888888955
69248  -22.480  -11.395  -29.083 1.0000000000
70229  -23.595  -10.978  -29.880 1.0000000000
71145  -25.049  -10.279  -30.588 1.0000000000
72051  -27.439  -9.859  -31.816 1.0000000000
76668  -21.933  -3.958  -31.218 0.5555555820
77689  -28.143  -4.040  -32.402 0.8888888955
141968  -21.982  -1.569  -32.054 0.5555555820
81520  -21.677  0.447  -31.626 0.5555555820
79602  -23.004  -1.206  -32.977 0.7777777910
79588  -29.615  -2.079  -32.532 0.8888888955
82523  -20.956  0.744  -30.803 0.2222222239
124552  -31.706  -0.825  -35.359 0.4444444478
85228  -26.353  4.646  -32.773 0.6666666865
77671  -21.609  -3.371  -31.066 0.4444444478
78620  -21.429  -2.137  -31.386 0.4444444478
123925  -31.521  1.048  -36.294 0.5555555820
82573  -31.852  0.659  -36.585 0.5555555820
127308  -24.747  5.525  -31.936 0.3333333433
83498  -31.665  1.326  -36.682 0.5555555820
66038  -22.937  -15.086  -28.051 0.5555555820
66039  -23.716  -15.270  -28.391 0.5555555820
67164  -23.833  -14.073  -29.022 0.6666666865
129129  -24.290  -13.847  -29.387 0.5555555820
68223  -25.029  -14.059  -29.689 0.5555555820
69262  -27.086  -12.874  -30.730 0.7777777910
69269  -27.875  -12.237  -30.870 0.8888888955
129837  -22.252  -14.891  -27.659 0.5555555820
68231  -25.318  -13.493  -30.117 0.6666666865
130259  -26.054  -13.248  -30.498 0.6666666865
69261  -26.141  -12.276  -30.614 0.8888888955
120316  -28.506  -11.681  -31.107 0.7777777910
70244  -29.084  -11.123  -31.394 0.7777777910
71165  -29.487  -10.141  -32.009 0.8888888955
67124  -20.769  -14.371  -26.792 0.4444444478
128561  -21.313  -12.790  -27.721 0.5555555820
72061  -28.774  -9.401  -32.318 1.0000000000
70187  -20.604  -11.214  -27.505 0.2222222239
71119  -21.903  -10.786  -28.799 0.6666666865
136851  -29.787  -8.711  -32.520 0.8888888955
129721  -30.131  -8.238  -32.715 0.6666666865
120964  -31.051  -7.013  -33.189 0.7777777910
140944  -31.527  -6.946  -32.889 0.6666666865
72012  -21.292  -9.216  -28.502 0.5555555820
74712  -32.041  -6.453  -32.753 0.6666666865
137000  -21.331  -7.862  -28.785 0.4444444478
75666  -32.406  -5.722  -32.119 0.5555555820
76657  -33.079  -4.219  -31.090 0.5555555820
75634  -21.456  -5.662  -29.664 0.2222222239
77674  -33.062  -3.601  -31.553 0.5555555820
77673  -32.918  -3.088  -32.121 0.5555555820
78579  -20.633  -2.281  -29.984 0.3333333433
78621  -33.161  -2.310  -31.845 0.5555555820
80557  -21.540  -0.432  -31.547 0.4444444478
119321  -33.327  -0.875  -32.250 0.4444444478
81500  -20.552  0.155  -30.345 0.3333333433
80576  -32.723  -1.209  -33.512 0.5555555820
126772  -32.046  -0.789  -35.515 0.4444444478
84336  -22.632  4.145  -31.184 0.3333333433
84352  -22.306  3.614  -31.542 0.3333333433
80608  -31.873  -0.324  -35.793 0.4444444478
80628  -31.990  0.231  -36.716 0.4444444478
82579  -31.743  1.270  -36.696 0.2222222239
86087  -24.798  5.891  -31.359 0.3333333433
138082  -26.440  4.928  -32.582 0.6666666865
85230  -27.402  4.837  -32.516 0.6666666865
139421  -28.734  3.346  -32.474 0.6666666865
84375  -29.709  3.313  -32.503 0.6666666865
84376  -30.513  3.274  -32.810 0.6666666865
84391  -31.084  3.223  -33.544 0.6666666865
85229  -27.110  4.998  -32.476 0.5555555820
68190  -21.943  -13.632  -27.907 0.5555555820
67148  -23.299  -14.388  -28.534 0.6666666865
68222  -23.776  -13.393  -29.296 0.7777777910
69249  -23.301  -12.933  -29.168 0.7777777910
69260  -24.371  -12.338  -29.962 0.8888888955
121267  -25.025  -11.061  -30.399 1.0000000000
71144  -24.271  -10.601  -30.264 1.0000000000
123003  -25.136  -11.902  -30.328 0.8888888955
120713  -27.296  -11.152  -31.111 1.0000000000
143932  -26.566  -11.534  -30.761 0.8888888955
69268  -27.153  -11.952  -30.781 0.8888888955
67136  -21.693  -14.320  -27.498 0.4444444478
68189  -20.975  -13.623  -27.229 0.4444444478
137758  -22.491  -12.085  -28.861 0.8888888955
69216  -22.038  -12.375  -28.403 0.5555555820
70241  -25.650  -10.713  -30.643 1.0000000000
71154  -27.870  -10.568  -31.637 1.0000000000
71152  -25.974  -10.048  -30.877 1.0000000000
71155  -28.837  -10.667  -31.732 1.0000000000
131881  -21.294  -11.835  -27.940 0.5555555820
70205  -21.314  -10.977  -28.186 0.6666666865
70218  -23.010  -11.239  -29.501 1.0000000000
145097  -21.910  -10.212  -28.892 0.8888888955
142576  -22.281  -9.670  -29.344 0.8888888955
71134  -23.023  -10.501  -29.700 1.0000000000
72038  -22.621  -8.916  -29.821 1.0000000000
72040  -24.299  -9.656  -30.543 1.0000000000
72041  -25.181  -9.638  -30.840 1.0000000000
72050  -26.582  -9.602  -31.509 1.0000000000
72059  -27.065  -9.253  -31.972 1.0000000000
130050  -29.714  -9.362  -32.260 0.8888888955
72885  -28.119  -8.706  -32.521 1.0000000000
72883  -26.240  -8.045  -31.939 1.0000000000
73742  -25.361  -7.653  -31.742 1.0000000000
136466  -27.662  -8.042  -32.499 1.0000000000
126584  -28.433  -7.985  -32.619 1.0000000000
127243  -29.330  -8.015  -32.709 0.8888888955
73761  -30.541  -7.629  -32.964 0.7777777910
136173  -22.197  -7.706  -29.897 1.0000000000
72854  -21.754  -8.248  -29.255 0.5555555820
72028  -21.655  -8.899  -28.969 0.6666666865
72863  -22.768  -8.332  -30.127 1.0000000000
72872  -23.760  -7.328  -31.115 1.0000000000
73731  -22.897  -7.590  -30.510 0.8888888955
73756  -25.201  -6.836  -31.962 1.0000000000
74707  -27.778  -6.332  -32.542 1.0000000000
144251  -30.247  -6.184  -33.114 0.8888888955
74710  -30.922  -6.318  -33.331 0.7777777910
74667  -21.642  -6.646  -29.615 0.5555555820
73699  -21.674  -7.409  -29.428 0.5555555820
74678  -21.872  -6.278  -30.069 0.6666666865
74679  -22.121  -6.437  -30.287 0.6666666865
73730  -22.416  -6.980  -30.378 0.7777777910
74687  -22.634  -6.187  -30.828 0.7777777910
137035  -22.929  -4.777  -31.562 0.6666666865
129834  -23.484  -4.634  -31.976 0.8888888955
74688  -23.504  -6.423  -31.346 0.8888888955
75676  -24.687  -5.377  -32.352 0.8888888955
136924  -25.301  -5.571  -32.468 1.0000000000
121204  -27.210  -5.048  -32.543 1.0000000000
139713  -30.001  -5.187  -32.878 0.8888888955
75681  -30.555  -5.537  -33.213 0.7777777910
74725  -31.490  -5.687  -33.449 0.7777777910
76701  -31.760  -4.481  -33.555 0.6666666865
76656  -32.736  -4.907  -31.608 0.5555555820
129524  -32.509  -4.155  -33.017 0.6666666865
75663  -21.932  -4.790  -30.808 0.5555555820
127712  -21.244  -4.225  -30.083 0.3333333433
76634  -21.390  -4.937  -29.955 0.3333333433
136859  -21.587  -5.103  -30.210 0.4444444478
75651  -21.958  -5.709  -30.410 0.6666666865
76678  -22.815  -3.665  -31.946 0.6666666865
143188  -23.053  -4.225  -31.818 0.7777777910
76680  -25.019  -4.222  -32.853 0.8888888955
119465  -26.362  -4.807  -32.700 1.0000000000
76699  -26.083  -4.088  -32.821 1.0000000000
131311  -29.772  -4.202  -32.579 0.7777777910
134059  -31.494  -3.831  -33.404 0.7777777910
141245  -32.765  -3.701  -32.370 0.5555555820
142953  -23.829  -3.333  -32.733 0.8888888955
77687  -26.344  -3.188  -32.893 1.0000000000
77705  -31.758  -3.097  -33.610 0.7777777910
127332  -32.251  -2.939  -33.663 0.6666666865
78602  -21.252  -2.851  -30.853 0.4444444478
78652  -23.997  -2.318  -33.240 0.8888888955
78634  -26.233  -2.620  -33.105 1.0000000000
78656  -31.926  -2.395  -34.110 0.6666666865
78640  -32.869  -1.833  -32.739 0.5555555820
79571  -21.449  -1.253  -31.474 0.5555555820
80570  -22.612  -0.626  -32.686 0.6666666865
122157  -23.610  -1.528  -33.274 0.8888888955
79585  -26.611  -2.088  -33.021 1.0000000000
79587  -28.549  -2.165  -32.485 0.8888888955
80573  -28.764  -0.806  -32.448 0.8888888955
79609  -32.140  -1.844  -34.680 0.5555555820
81533  -22.691  0.072  -32.739 0.5555555820
79604  -23.902  -0.958  -33.474 1.0000000000
80591  -23.483  -0.042  -33.326 0.7777777910
81549  -23.026  0.265  -33.025 0.7777777910
80592  -24.415  -0.248  -33.553 0.7777777910
80595  -32.290  -1.120  -34.780 0.5555555820
83466  -22.510  2.665  -32.324 0.5555555820
82539  -22.542  1.138  -32.425 0.5555555820
83467  -23.812  1.911  -33.226 0.4444444478
82540  -23.270  1.331  -32.938 0.6666666865
82556  -24.517  1.794  -33.504 0.6666666865
81550  -23.369  0.841  -33.135 0.7777777910
81532  -22.369  0.443  -32.357 0.7777777910
82538  -22.189  0.948  -32.082 0.6666666865
82557  -25.219  1.691  -33.531 0.7777777910
81535  -27.315  0.283  -32.558 0.7777777910
120817  -28.854  0.775  -32.405 0.6666666865
123802  -29.851  0.706  -32.614 0.6666666865
81554  -31.113  -0.552  -34.470 0.5555555820
80618  -31.937  0.246  -36.670 0.4444444478
81565  -31.624  -0.138  -36.198 0.5555555820
84368  -22.989  3.496  -32.570 0.4444444478
84387  -24.980  3.263  -33.357 0.5555555820
83482  -24.697  2.772  -33.440 0.6666666865
83484  -25.613  2.582  -33.390 0.7777777910
128086  -30.917  1.553  -34.397 0.6666666865
136280  -26.114  4.620  -33.099 0.5555555820
84371  -26.151  4.639  -32.951 0.6666666865
79570  -20.807  -1.588  -30.608 0.4444444478
82524  -21.507  1.182  -31.380 0.3333333433
77659  -21.296  -3.459  -30.514 0.4444444478
78619  -20.879  -2.278  -30.487 0.4444444478
82574  -31.920  0.874  -36.632 0.3333333433
129980  -31.236  1.881  -36.910 0.3333333433
68239  -27.952  -12.820  -30.758 0.6666666865
66028  -21.510  -15.058  -27.143 0.4444444478
66029  -22.388  -15.693  -27.440 0.5555555820
72052  -30.141  -9.885  -32.091 0.7777777910
68188  -20.340  -12.876  -26.793 0.4444444478
73762  -31.181  -7.693  -32.642 0.6666666865
72013  -21.868  -9.624  -28.989 0.7777777910
75635  -21.597  -5.809  -29.855 0.3333333433
74666  -21.483  -6.348  -29.476 0.3333333433
74647  -21.281  -6.400  -29.080 0.1111111119
75633  -21.296  -4.806  -29.801 0.1111111119
78601  -20.886  -2.762  -30.178 0.4444444478
79551  -20.535  -1.899  -30.005 0.3333333433
80556  -20.840  -0.784  -30.733 0.3333333433
83455  -21.886  2.981  -31.474 0.3333333433
84392  -31.250  3.145  -34.721 0.6666666865
84402  -31.193  2.583  -35.916 0.4444444478
64992  -27.537  -16.234  -29.076 0.4444444478
133070  -29.275  -15.171  -26.832 0.2222222239
64977  -24.372  -16.091  -28.279 0.4444444478
140068  -25.341  -16.561  -28.573 0.4444444478
138868  -24.342  -15.401  -28.637 0.4444444478
66053  -25.393  -15.486  -29.110 0.4444444478
66055  -27.140  -15.789  -29.436 0.4444444478
128517  -27.883  -15.448  -29.277 0.4444444478
67150  -29.176  -14.557  -28.662 0.2222222239
144347  -25.565  -14.432  -29.782 0.4444444478
66064  -26.855  -14.992  -29.739 0.4444444478
67168  -27.535  -15.058  -29.600 0.4444444478
122200  -30.499  -13.493  -28.155 0.1111111119
128871  -27.485  -14.377  -30.118 0.4444444478
135597  -28.920  -13.982  -29.716 0.3333333433
67175  -25.897  -14.052  -30.151 0.4444444478
67176  -26.620  -14.413  -30.111 0.4444444478
67177  -28.362  -13.855  -30.170 0.3333333433
143839  -29.426  -13.477  -29.637 0.3333333433
68233  -27.711  -13.490  -30.513 0.4444444478
68232  -26.799  -13.772  -30.432 0.4444444478
69264  -29.971  -11.874  -30.450 0.2222222239
70206  -31.209  -11.456  -28.951 0.1111111119
71120  -31.847  -10.836  -28.626 0.1111111119
69263  -29.256  -12.318  -30.628 0.3333333433
69271  -29.187  -11.587  -31.085 0.4444444478
70245  -29.669  -10.869  -31.318 0.5555555820
71156  -30.096  -10.317  -31.584 0.6666666865
72031  -31.309  -9.669  -30.342 0.4444444478
73708  -32.699  -7.919  -29.209 0.3333333433
72053  -30.677  -9.680  -31.817 0.6666666865
73732  -31.528  -8.176  -31.101 0.5555555820
72887  -30.414  -9.131  -32.188 0.6666666865
72889  -31.130  -8.500  -32.040 0.5555555820
73733  -32.163  -7.408  -30.477 0.5555555820
72865  -32.070  -8.103  -30.024 0.4444444478
74673  -32.634  -6.773  -29.960 0.3333333433
72888  -30.724  -8.449  -32.431 0.5555555820
122677  -32.429  -6.031  -31.168 0.4444444478
75652  -32.640  -5.465  -31.096 0.5555555820
74680  -32.318  -6.646  -30.806 0.4444444478
85231  -28.654  4.288  -32.476 0.5555555820
85232  -29.915  4.162  -32.539 0.5555555820
85243  -30.760  4.111  -32.944 0.5555555820
85244  -31.315  4.075  -33.714 0.5555555820
141030  -31.466  4.072  -34.486 0.5555555820
64979  -26.963  -16.820  -29.012 0.4444444478
66032  -29.112  -15.159  -27.571 0.2222222239
67149  -24.039  -14.786  -28.800 0.4444444478
68225  -30.015  -13.245  -29.132 0.2222222239
69251  -30.279  -12.370  -29.584 0.2222222239
69252  -30.780  -12.039  -29.117 0.1111111119
70233  -30.156  -10.911  -30.896 0.4444444478
71135  -31.178  -10.629  -29.696 0.3333333433
70232  -29.705  -11.264  -30.987 0.4444444478
71157  -30.544  -9.924  -31.636 0.6666666865
72042  -31.090  -9.640  -30.928 0.4444444478
131862  -29.091  5.055  -32.469 0.5555555820
141931  -29.491  5.632  -32.407 0.5555555820
67165  -24.509  -14.455  -29.213 0.4444444478
72032  -31.779  -9.473  -29.628 0.2222222239
63945  -25.290  -17.866  -27.680 0.4444444478
63946  -26.178  -17.696  -27.834 0.4444444478
63947  -26.982  -17.297  -27.693 0.4444444478
64972  -28.113  -16.159  -27.524 0.2222222239
66017  -28.948  -15.478  -26.215 0.2222222239
66030  -23.393  -15.900  -27.903 0.4444444478
63955  -24.843  -17.076  -28.073 0.4444444478
67138  -29.488  -14.655  -27.944 0.1111111119
68191  -30.922  -13.829  -27.235 0.1111111119
66018  -29.832  -15.035  -26.146 0.1111111119
68192  -31.318  -13.192  -27.538 0.1111111119
69233  -31.229  -12.212  -28.452 0.1111111119
70190  -32.563  -11.013  -27.804 0.1111111119
71106  -33.110  -10.309  -27.677 0.1111111119
71121  -32.507  -10.187  -28.319 0.1111111119
72846  -33.038  -8.565  -28.527 0.2222222239
73723  -32.505  -7.452  -29.747 0.1111111119
72857  -32.257  -8.743  -29.409 0.2222222239
75623  -33.880  -5.755  -28.797 0.2222222239
75643  -33.486  -5.369  -29.635 0.3333333433
77660  -33.495  -3.528  -30.673 0.3333333433
77661  -34.033  -2.737  -30.255 0.3333333433
78605  -33.389  -2.880  -31.193 0.3333333433
82525  -21.931  1.291  -31.795 0.4444444478
81566  -32.041  -0.134  -36.031 0.3333333433
86097  -26.468  5.113  -32.437 0.4444444478
85252  -31.314  3.542  -35.389 0.5555555820
138156  -28.038  5.188  -32.402 0.5555555820
133518  -30.172  4.969  -32.678 0.5555555820
133600  -30.999  4.939  -33.253 0.5555555820
132577  -31.588  4.811  -33.974 0.5555555820
86100  -28.232  5.725  -32.083 0.5555555820
69270  -28.565  -12.294  -30.854 0.6666666865
133746  -29.556  -10.664  -31.604 0.6666666865
73743  -31.491  -7.789  -31.941 0.5555555820
74690  -31.746  -7.150  -32.291 0.5555555820
74691  -32.165  -6.568  -31.783 0.4444444478
66052  -24.731  -15.127  -28.985 0.4444444478
68234  -28.498  -13.032  -30.538 0.3333333433
144966  -27.073  -16.388  -29.231 0.4444444478
66056  -28.241  -15.682  -28.774 0.4444444478
64981  -27.950  -16.259  -28.411 0.3333333433
64980  -27.441  -16.693  -28.684 0.4444444478
66031  -28.706  -15.583  -27.108 0.3333333433
64970  -23.939  -16.760  -27.674 0.4444444478
66040  -24.994  -15.794  -28.746 0.4444444478
63956  -25.738  -17.304  -28.365 0.4444444478
64978  -26.196  -16.827  -28.861 0.4444444478
67166  -25.328  -14.839  -29.436 0.4444444478
64990  -25.811  -16.121  -28.983 0.4444444478
66054  -26.174  -15.500  -29.412 0.4444444478
66057  -28.532  -14.991  -29.005 0.4444444478
67169  -28.246  -14.622  -29.631 0.4444444478
66042  -28.858  -15.133  -28.348 0.2222222239
136796  -28.876  -14.438  -29.233 0.4444444478
67151  -29.793  -14.100  -28.334 0.1111111119
68207  -29.452  -13.936  -29.052 0.2222222239
68208  -31.088  -12.832  -28.113 0.1111111119
68224  -29.669  -12.784  -29.964 0.3333333433
67178  -29.048  -13.300  -30.173 0.3333333433
69232  -30.637  -12.698  -28.727 0.2222222239
70220  -30.565  -11.397  -29.955 0.2222222239
71136  -31.861  -10.090  -29.126 0.1111111119
70246  -30.329  -10.239  -31.329 0.4444444478
71146  -30.628  -9.993  -31.374 0.4444444478
72856  -31.508  -9.015  -30.448 0.3333333433
127279  -30.970  -10.110  -30.604 0.4444444478
138406  -31.395  -9.990  -29.853 0.3333333433
72876  -30.813  -9.254  -31.975 0.5555555820
72877  -31.013  -9.189  -31.532 0.5555555820
73744  -31.888  -7.294  -31.391 0.5555555820
75653  -33.134  -4.925  -30.534 0.4444444478
63957  -26.550  -17.257  -28.462 0.4444444478
63958  -27.142  -17.069  -28.457 0.4444444478
70207  -31.858  -11.684  -28.151 0.1111111119
72018  -32.431  -9.408  -28.796 0.2222222239
64961  -27.596  -16.636  -27.036 0.4444444478
64971  -27.573  -16.765  -28.012 0.4444444478
64969  -23.028  -16.554  -27.302 0.4444444478
67139  -30.194  -14.226  -27.579 0.1111111119
67125  -29.740  -14.742  -27.111 0.1111111119
69218  -31.670  -12.470  -27.771 0.1111111119
59047  -26.799  -22.302  -22.164 0.1111111119
60033  -22.881  -20.847  -25.026 0.3333333433
60006  -25.176  -21.254  -23.224 0.2222222239
59993  -25.637  -21.587  -22.723 0.2222222239
59994  -26.350  -21.601  -22.491 0.1111111119
61862  -21.615  -19.289  -25.208 0.3333333433
60962  -22.065  -20.547  -24.940 0.3333333433
60976  -24.136  -20.255  -25.328 0.3333333433
60977  -24.782  -19.985  -25.046 0.3333333433
60951  -25.393  -20.526  -23.440 0.2222222239
61856  -25.399  -19.566  -24.588 0.2222222239
60936  -26.779  -20.868  -22.576 0.1111111119
60952  -26.131  -20.186  -22.979 0.2222222239
125315  -21.057  -17.897  -25.307 0.2222222239
62883  -21.731  -18.575  -25.540 0.2222222239
62871  -20.888  -18.636  -24.901 0.2222222239
61863  -22.361  -19.169  -25.691 0.3333333433
137939  -22.733  -20.262  -25.296 0.3333333433
60975  -23.405  -20.291  -25.364 0.3333333433
61840  -25.679  -19.784  -23.720 0.1111111119
63929  -22.029  -17.142  -26.310 0.2222222239
63920  -21.904  -17.846  -25.891 0.3333333433
62892  -22.522  -18.500  -26.067 0.3333333433
63942  -22.709  -17.071  -26.766 0.3333333433
62893  -23.373  -18.446  -26.556 0.3333333433
61874  -22.994  -19.043  -26.113 0.3333333433
62894  -24.130  -18.777  -26.758 0.3333333433
61877  -25.084  -19.252  -26.177 0.3333333433
62884  -25.723  -18.825  -25.818 0.3333333433
62895  -25.430  -18.778  -26.487 0.3333333433
142654  -26.065  -18.592  -25.247 0.3333333433
62872  -26.414  -18.437  -24.632 0.1111111119
127983  -20.711  -15.913  -26.118 0.2222222239
64959  -21.344  -16.503  -26.236 0.2222222239
64960  -22.168  -16.471  -26.811 0.3333333433
63943  -23.482  -17.465  -27.029 0.3333333433
62903  -24.008  -18.166  -27.044 0.3333333433
62904  -24.646  -18.325  -27.173 0.3333333433
62905  -25.379  -18.473  -27.062 0.3333333433
62906  -25.908  -18.126  -27.298 0.3333333433
63921  -26.367  -18.097  -25.518 0.3333333433
63906  -26.850  -17.765  -24.822 0.1111111119
66015  -20.564  -15.160  -26.323 0.3333333433
66016  -21.416  -15.827  -26.745 0.3333333433
63944  -24.363  -17.630  -27.489 0.3333333433
63931  -26.470  -17.778  -27.070 0.3333333433
63932  -27.059  -17.191  -26.586 0.3333333433
76642  -33.774  -4.517  -29.743 0.2222222239
144493  -33.498  -4.163  -30.350 0.2222222239
76643  -34.498  -4.188  -29.243 0.2222222239
79572  -33.505  -1.450  -31.568 0.3333333433
60963  -23.632  -20.834  -24.900 0.3333333433
60020  -24.707  -20.940  -23.893 0.3333333433
60935  -25.877  -20.965  -22.831 0.2222222239
61824  -26.977  -19.963  -22.690 0.1111111119
63919  -21.198  -17.174  -25.716 0.3333333433
60986  -23.881  -19.787  -25.857 0.3333333433
61865  -24.595  -19.697  -25.750 0.3333333433
61866  -25.239  -19.421  -25.444 0.3333333433
140913  -25.793  -18.980  -24.984 0.3333333433
63930  -22.687  -17.761  -26.452 0.3333333433
139472  -26.572  -17.700  -26.233 0.3333333433
58035  -25.616  -22.936  -22.238 0.1111111119
58036  -26.351  -22.936  -22.035 0.1111111119
60016  -21.541  -21.032  -24.400 0.3333333433
60017  -22.341  -21.300  -24.589 0.3333333433
59070  -23.276  -22.017  -24.036 0.3333333433
139402  -23.894  -21.937  -23.692 0.3333333433
140257  -24.487  -21.606  -23.530 0.3333333433
59060  -25.030  -21.925  -22.914 0.3333333433
59024  -27.222  -22.955  -21.828 0.1111111119
59048  -27.744  -22.261  -21.942 0.1111111119
131923  -21.594  -19.914  -24.962 0.3333333433
59995  -27.178  -21.604  -22.302 0.1111111119
63918  -20.289  -17.221  -24.983 0.2222222239
62856  -26.816  -18.729  -23.755 0.1111111119
62873  -27.185  -18.052  -24.144 0.1111111119
63907  -27.544  -17.383  -24.559 0.1111111119
63922  -27.090  -17.258  -25.493 0.1111111119
64947  -27.673  -16.531  -25.997 0.1111111119
66014  -19.983  -14.879  -25.691 0.1111111119
77645  -34.673  -2.982  -29.650 0.2222222239
80559  -33.910  -0.509  -31.278 0.2222222239
68176  -20.135  -13.660  -26.394 0.2222222239
71118  -21.390  -10.093  -28.452 0.5555555820
78606  -34.412  -1.879  -30.192 0.2222222239
59046  -25.818  -22.290  -22.419 0.1111111119
60018  -23.105  -21.459  -24.597 0.3333333433
60019  -23.922  -21.389  -24.248 0.3333333433
60974  -22.232  -19.838  -25.344 0.3333333433
60964  -24.358  -20.631  -24.647 0.3333333433
60965  -25.017  -20.219  -24.210 0.2222222239
61864  -23.048  -19.673  -25.720 0.3333333433
61841  -26.476  -19.462  -23.365 0.1111111119
61857  -26.060  -19.118  -24.147 0.1111111119
64946  -20.541  -16.440  -25.566 0.2222222239
61875  -23.633  -19.228  -26.298 0.3333333433
61876  -24.369  -19.336  -26.347 0.3333333433
131841  -26.015  -18.324  -26.543 0.3333333433
66001  -20.096  -15.601  -25.505 0.2222222239
58007  -25.738  -23.457  -21.791 0.1111111119
59069  -22.570  -21.966  -24.210 0.3333333433
59068  -21.840  -21.751  -24.171 0.2222222239
59058  -23.598  -22.508  -23.510 0.3333333433
59059  -24.312  -22.247  -23.196 0.3333333433
61855  -20.888  -19.469  -24.617 0.2222222239
120274  -34.969  -3.502  -29.278 0.1111111119
76644  -35.274  -4.056  -28.853 0.1111111119
77647  -36.616  -3.044  -29.278 0.1111111119
126896  -35.876  -3.507  -28.978 0.1111111119
78588  -34.819  -2.327  -29.743 0.1111111119
78590  -36.471  -2.290  -29.444 0.1111111119
79557  -33.718  -2.055  -30.898 0.1111111119
78589  -35.577  -1.856  -29.584 0.1111111119
142124  -35.875  -1.125  -29.689 0.1111111119
80596  -32.893  -0.293  -33.570 0.2222222239
79558  -34.173  -1.188  -30.659 0.1111111119
79559  -35.013  -1.173  -29.932 0.1111111119
82561  -33.291  1.304  -33.835 0.1111111119
81556  -32.574  -0.071  -34.659 0.2222222239
82569  -32.258  0.708  -35.903 0.1111111119
131200  -33.215  0.539  -33.416 0.1111111119
138114  -33.388  1.916  -34.159 0.1111111119
81573  -32.065  0.063  -36.625 0.1111111119
86985  -26.849  5.892  -31.902 0.4444444478
131783  -27.161  5.392  -32.212 0.4444444478
83499  -32.325  1.735  -36.436 0.1111111119
84410  -31.003  2.610  -36.628 0.3333333433
83508  -31.536  2.085  -37.490 0.1111111119
83504  -31.894  1.595  -37.008 0.1111111119
84417  -32.134  2.372  -37.306 0.1111111119
86116  -30.482  5.796  -32.841 0.4444444478
86996  -31.146  6.464  -33.126 0.4444444478
86117  -31.380  5.676  -33.518 0.4444444478
86129  -31.871  5.486  -34.363 0.4444444478
86135  -31.817  5.240  -35.319 0.4444444478
86142  -31.485  4.916  -36.229 0.4444444478
85259  -31.264  3.951  -36.033 0.2222222239
125663  -30.904  3.789  -36.861 0.2222222239
85265  -30.792  2.730  -37.288 0.2222222239
133061  -30.890  2.430  -38.009 0.2222222239
84422  -31.148  2.410  -38.044 0.2222222239
139386  -29.764  7.200  -39.544 0.1111111119
87057  -29.202  5.072  -40.238 0.1111111119
85280  -31.455  3.244  -38.730 0.1111111119
86986  -27.622  6.251  -31.579 0.4444444478
132500  -28.690  6.007  -31.947 0.4444444478
86101  -29.639  6.073  -32.313 0.3333333433
142674  -30.742  6.087  -32.982 0.4444444478
86997  -31.876  6.369  -33.885 0.4444444478
133546  -32.121  6.221  -34.786 0.4444444478
87854  -32.112  7.752  -35.068 0.3333333433
131304  -31.497  5.714  -36.534 0.3333333433
131268  -30.967  5.418  -37.409 0.1111111119
86149  -30.925  4.474  -37.122 0.1111111119
86148  -30.302  3.965  -38.091 0.1111111119
85272  -30.556  3.016  -37.909 0.2222222239
85271  -30.272  3.006  -38.828 0.1111111119
86155  -29.943  3.787  -39.061 0.1111111119
86981  -27.455  6.252  -32.017 0.2222222239
86988  -30.695  6.522  -32.712 0.3333333433
135025  -31.779  7.045  -33.538 0.3333333433
87838  -32.147  7.166  -34.341 0.3333333433
87011  -32.190  6.882  -35.300 0.4444444478
87869  -31.906  7.431  -36.113 0.2222222239
87031  -31.540  6.529  -36.836 0.2222222239
87039  -30.988  6.380  -37.698 0.1111111119
88700  -31.551  8.321  -36.669 0.1111111119
87873  -31.455  7.397  -37.172 0.1111111119
87048  -29.746  4.954  -39.272 0.1111111119
88714  -31.199  8.251  -37.626 0.1111111119
87881  -30.976  7.273  -38.048 0.1111111119
87049  -30.352  6.214  -38.558 0.1111111119
86987  -29.709  6.206  -32.203 0.3333333433
87828  -30.727  6.755  -32.414 0.3333333433
87833  -31.410  7.259  -33.055 0.3333333433
87834  -31.780  7.809  -33.669 0.3333333433
143477  -31.934  8.007  -34.356 0.3333333433
88684  -31.769  8.443  -35.694 0.2222222239
133487  -31.486  9.065  -36.265 0.1111111119
89587  -31.126  9.245  -37.185 0.1111111119
88716  -30.269  8.137  -39.069 0.1111111119
89599  -29.664  10.053  -38.716 0.1111111119
88633  -31.330  7.349  -32.002 0.1111111119
130334  -31.623  8.483  -32.368 0.1111111119
88660  -31.443  7.830  -32.595 0.2222222239
122924  -31.529  8.996  -32.907 0.2222222239
88673  -31.601  8.396  -33.225 0.3333333433
89542  -31.466  9.272  -33.589 0.2222222239
89557  -31.438  9.332  -34.404 0.2222222239
90398  -30.997  10.103  -34.814 0.1111111119
90399  -31.423  9.388  -35.428 0.1111111119
141130  -31.148  9.782  -36.395 0.1111111119
140241  -30.394  9.842  -37.851 0.1111111119
88713  -30.617  8.997  -38.303 0.1111111119
88723  -29.488  7.960  -40.074 0.1111111119
88722  -28.771  7.690  -41.199 0.1111111119
88647  -31.715  8.208  -31.969 0.1111111119
141444  -31.838  9.011  -32.013 0.1111111119
89529  -31.644  9.446  -32.479 0.1111111119
90374  -30.980  10.846  -32.880 0.1111111119
140037  -30.857  10.617  -33.534 0.1111111119
89556  -31.094  9.997  -33.932 0.2222222239
91218  -29.743  11.573  -34.795 0.1111111119
130511  -30.293  10.843  -35.290 0.1111111119
91239  -29.296  11.715  -36.036 0.1111111119
90420  -30.576  10.382  -36.525 0.1111111119
90365  -31.898  9.830  -31.928 0.1111111119
90358  -32.328  9.748  -31.233 0.1111111119
90366  -32.015  10.388  -31.654 0.1111111119
127211  -31.315  10.880  -32.097 0.1111111119
91199  -30.444  11.685  -32.597 0.1111111119
91208  -30.200  11.463  -33.561 0.1111111119
91195  -31.808  11.155  -31.666 0.1111111119
136490  -32.625  10.797  -31.299 0.1111111119
77646  -35.560  -2.778  -29.371 0.1111111119
78591  -37.291  -2.584  -29.592 0.1111111119
81508  -34.800  -0.124  -30.413 0.1111111119
80558  -33.672  0.026  -31.959 0.1111111119
82570  -32.971  1.457  -34.835 0.1111111119
86099  -27.077  5.879  -31.846 0.4444444478
84416  -31.202  2.178  -37.530 0.2222222239
84411  -32.544  2.461  -36.468 0.1111111119
138762  -30.478  2.974  -39.181 0.2222222239
87038  -30.347  5.127  -38.306 0.1111111119
85285  -29.995  3.637  -40.293 0.1111111119
89541  -31.296  9.937  -33.112 0.2222222239
91194  -30.822  11.862  -31.999 0.1111111119
77663  -38.187  -3.556  -30.082 0.1111111119
77662  -37.512  -3.319  -29.490 0.1111111119
83493  -32.606  1.617  -35.710 0.1111111119
86098  -26.683  5.423  -32.215 0.4444444478
131032  -31.905  5.976  -35.681 0.4444444478
87026  -31.904  6.550  -36.076 0.2222222239
89521  -31.991  9.052  -31.514 0.1111111119
90359  -32.440  10.332  -31.182 0.1111111119
143329  -38.240  -4.164  -29.954 0.1111111119
76624  -34.823  -4.581  -28.739 0.1111111119
130073  -36.036  -4.115  -28.703 0.1111111119
76645  -36.856  -3.852  -28.947 0.1111111119
77675  -38.380  -3.525  -31.155 0.1111111119
76658  -38.356  -4.347  -30.727 0.1111111119
79560  -37.881  -2.069  -30.009 0.1111111119
79542  -36.507  -1.535  -29.605 0.1111111119
80523  -37.328  -1.294  -29.875 0.1111111119
80543  -35.751  -0.357  -29.872 0.1111111119
81521  -34.359  0.425  -31.252 0.1111111119
81540  -34.028  0.850  -31.994 0.1111111119
82562  -34.064  2.017  -32.897 0.1111111119
83487  -33.753  2.341  -33.654 0.1111111119
83494  -33.389  2.363  -34.635 0.1111111119
83500  -32.991  2.456  -35.655 0.1111111119
85266  -32.350  3.187  -37.352 0.1111111119
137989  -32.945  3.541  -36.411 0.1111111119
122252  -27.047  6.169  -31.727 0.4444444478
86150  -32.161  4.319  -38.438 0.1111111119
86156  -31.353  3.697  -39.333 0.1111111119
87826  -28.840  6.036  -31.913 0.2222222239
87827  -29.935  6.403  -32.046 0.2222222239
85284  -29.710  4.270  -41.158 0.1111111119
87819  -30.231  6.493  -31.896 0.1111111119
87897  -28.643  6.372  -41.678 0.1111111119
88625  -31.839  7.553  -31.591 0.1111111119
89514  -32.362  9.167  -30.979 0.1111111119
128184  -28.931  9.102  -40.586 0.1111111119
138254  -32.776  9.495  -30.509 0.1111111119
125209  -32.589  10.044  -30.526 0.1111111119
91217  -28.657  12.573  -35.650 0.1111111119
91256  -28.848  11.877  -37.107 0.1111111119
90431  -29.360  10.851  -38.091 0.1111111119
90450  -28.585  11.121  -39.081 0.1111111119
92189  -29.579  12.400  -33.114 0.1111111119
92188  -28.837  13.178  -33.720 0.1111111119
92176  -31.420  12.203  -31.731 0.1111111119
80577  -33.242  -0.363  -32.732 0.1111111119
129533  -31.647  4.562  -34.896 0.4444444478
81567  -32.593  0.614  -35.055 0.2222222239
144693  -34.919  -1.809  -29.823 0.1111111119
79543  -37.136  -1.946  -29.646 0.1111111119
81539  -33.465  0.365  -32.665 0.1111111119
82546  -33.698  1.181  -32.736 0.1111111119
84421  -30.817  2.710  -38.593 0.2222222239
84428  -31.206  2.665  -38.462 0.1111111119
87888  -28.984  6.443  -40.489 0.1111111119
86161  -29.661  3.929  -39.994 0.1111111119
87889  -29.607  6.150  -39.444 0.1111111119
87056  -28.846  5.316  -41.139 0.1111111119
86160  -29.347  4.388  -40.824 0.1111111119
84427  -30.781  2.890  -39.237 0.2222222239
85279  -30.061  3.163  -39.547 0.2222222239
88717  -30.780  8.001  -38.352 0.1111111119
88679  -31.764  8.597  -34.797 0.2222222239
89602  -29.686  9.142  -39.381 0.1111111119
88646  -31.127  7.174  -32.243 0.1111111119
88674  -31.685  8.610  -33.991 0.3333333433
90383  -30.552  10.758  -34.279 0.1111111119
90414  -30.882  10.264  -35.780 0.1111111119
89569  -30.542  10.172  -37.172 0.1111111119
90419  -29.778  11.015  -37.173 0.1111111119
132413  -31.456  10.207  -32.481 0.1111111119
91207  -29.256  12.373  -34.242 0.1111111119
90413  -30.073  10.962  -36.288 0.1111111119
78607  -37.889  -2.844  -29.880 0.1111111119
84423  -31.690  2.509  -37.911 0.1111111119
85286  -30.536  3.495  -40.209 0.1111111119
142118  -30.399  3.952  -40.840 0.1111111119
92175  -30.583  12.766  -31.967 0.1111111119
78608  -38.234  -2.781  -30.539 0.1111111119
90353  -32.662  9.750  -30.358 0.1111111119
85273  -32.151  3.452  -37.996 0.1111111119
86162  -31.352  4.586  -39.894 0.1111111119
86167  -29.538  4.899  -41.677 0.1111111119
87805  -31.090  6.910  -31.884 0.1111111119
86172  -29.160  5.179  -41.795 0.1111111119
88634  -32.036  8.314  -31.568 0.1111111119
91238  -28.017  13.119  -37.299 0.1111111119
92179  -29.200  13.484  -32.876 0.1111111119
92203  -28.369  13.327  -35.020 0.1111111119
59057  -22.737  -22.734  -23.712 0.2222222239
72839  -20.829  -8.805  -28.070 0.2222222239
69215  -20.498  -12.066  -27.213 0.3333333433
72840  -21.315  -8.515  -28.631 0.4444444478
142129  -21.082  -8.302  -28.368 0.3333333433
86984  -26.598  5.479  -32.220 0.3333333433
86978  -25.756  6.297  -31.664 0.2222222239
143960  -26.587  6.717  -30.977 0.1111111119
84351  -21.514  3.449  -30.763 0.2222222239
83435  -20.614  2.823  -30.019 0.1111111119
71099  -20.713  -10.386  -27.742 0.2222222239
138472  -20.919  3.392  -30.177 0.1111111119
85208  -23.967  5.062  -31.071 0.1111111119
86065  -24.538  5.434  -30.703 0.1111111119
86952  -25.503  6.573  -29.620 0.1111111119
86954  -26.398  6.211  -29.771 0.1111111119
86975  -27.259  6.368  -31.061 0.1111111119
71098  -20.191  -10.575  -27.070 0.2222222239
128694  -21.012  -3.817  -29.797 0.2222222239
86088  -25.245  6.253  -31.316 0.1111111119
140069  -20.836  -4.546  -28.965 0.1111111119
77634  -20.929  -3.059  -29.999 0.3333333433
86979  -26.059  6.655  -31.219 0.3333333433
86980  -26.435  6.477  -31.495 0.1111111119
72011  -20.774  -9.597  -27.919 0.2222222239
86972  -25.457  6.612  -30.676 0.1111111119
86953  -26.041  6.873  -28.707 0.1111111119
126603  -24.799  5.079  -30.615 0.1111111119
86973  -25.709  6.936  -29.729 0.1111111119
86066  -25.081  5.934  -30.055 0.1111111119
86067  -25.667  6.269  -29.115 0.1111111119
130327  -25.824  6.833  -28.928 0.1111111119
138316  -33.188  -9.465  -28.013 0.1111111119
143396  -22.317  -23.172  -23.453 0.1111111119
58050  -23.358  -23.087  -23.256 0.1111111119
58051  -24.032  -22.870  -22.922 0.1111111119
58047  -20.942  -22.841  -23.065 0.1111111119
59055  -21.417  -22.177  -23.666 0.1111111119
60005  -21.057  -21.404  -23.871 0.1111111119
60015  -20.798  -20.742  -24.121 0.1111111119
60950  -20.282  -20.042  -24.053 0.1111111119
60961  -21.179  -20.306  -24.543 0.1111111119
68175  -19.631  -12.962  -25.933 0.1111111119
73678  -20.352  -7.112  -27.187 0.1111111119
121281  -20.948  -8.205  -28.236 0.1111111119
80536  -20.378  -1.080  -30.227 0.2222222239
128842  -20.115  -0.340  -29.911 0.2222222239
80514  -20.467  -0.414  -30.234 0.2222222239
80502  -20.517  0.597  -29.068 0.2222222239
131527  -20.558  -21.830  -23.367 0.1111111119
73698  -21.251  -7.435  -28.789 0.1111111119
74648  -21.413  -7.050  -29.187 0.1111111119
58049  -22.723  -23.503  -23.136 0.1111111119
143855  -20.127  -22.172  -22.910 0.1111111119
60004  -20.141  -20.891  -23.595 0.1111111119
61854  -20.219  -19.142  -24.114 0.1111111119
144334  -20.508  -18.904  -24.492 0.1111111119
139188  -20.451  -18.121  -25.014 0.1111111119
70164  -19.624  -11.628  -26.746 0.1111111119
71990  -20.353  -9.941  -27.419 0.1111111119
120581  -20.194  -7.896  -26.711 0.1111111119
79524  -20.674  -0.745  -29.079 0.2222222239
81478  -20.636  1.322  -28.777 0.2222222239
82481  -20.404  2.432  -28.583 0.1111111119
59045  -24.904  -22.664  -22.590 0.1111111119
56985  -22.136  -24.074  -22.777 0.1111111119
81477  -20.421  1.536  -28.865 0.2222222239
83415  -20.333  2.387  -29.242 0.1111111119
70186  -19.876  -11.273  -26.699 0.1111111119
136221  -20.555  -1.698  -29.105 0.2222222239
62882  -20.166  -17.684  -24.481 0.1111111119
64945  -20.044  -16.361  -24.913 0.1111111119
142906  -19.927  -13.733  -25.788 0.1111111119
62870  -20.206  -18.357  -24.331 0.1111111119
59056  -22.094  -22.347  -23.943 0.1111111119
132627  -20.446  -9.325  -27.438 0.1111111119
69200  -19.926  -12.119  -26.336 0.1111111119
71974  -20.219  -9.994  -27.123 0.1111111119
133790  -21.895  -22.851  -23.598 0.1111111119
58048  -21.877  -23.473  -23.218 0.1111111119
69178  -19.573  -12.888  -25.972 0.1111111119
80504  -21.090  -1.101  -28.784 0.1111111119
60949  -19.719  -20.199  -23.457 0.1111111119
68162  -19.792  -13.653  -25.733 0.1111111119
122704  -21.125  -12.999  -25.156 0.1111111119
80515  -21.264  0.871  -28.860 0.1111111119
82488  -21.892  1.670  -29.168 0.1111111119
84335  -21.844  3.706  -30.682 0.1111111119
78570  -21.018  -2.448  -28.609 0.1111111119
137109  -21.494  3.696  -30.055 0.1111111119
85193  -22.970  3.705  -30.489 0.1111111119
85207  -23.118  4.281  -31.025 0.1111111119
64991  -26.612  -16.337  -29.188 0.4444444478
66041  -28.531  -15.687  -27.995 0.3333333433
67167  -26.067  -14.725  -29.804 0.4444444478
70234  -30.576  -10.504  -30.748 0.4444444478
70242  -26.382  -10.850  -30.858 1.0000000000
71158  -30.711  -9.736  -31.704 0.6666666865
72029  -22.132  -9.052  -29.411 1.0000000000
74674  -33.233  -6.257  -29.429 0.2222222239
74709  -29.769  -6.470  -32.970 0.7777777910
75642  -32.796  -5.899  -30.340 0.4444444478
75677  -25.858  -5.271  -32.656 1.0000000000
75679  -28.018  -5.590  -32.460 1.0000000000
76654  -21.115  -3.561  -30.139 0.2222222239
76669  -32.751  -4.240  -32.042 0.5555555820
76702  -32.156  -4.709  -33.395 0.6666666865
77644  -34.084  -3.633  -29.828 0.2222222239
78653  -24.783  -2.558  -33.371 1.0000000000
79529  -20.480  -1.438  -30.113 0.2222222239
79584  -22.494  -1.370  -32.540 0.6666666865
80503  -20.831  0.161  -28.899 0.2222222239
81483  -20.530  0.372  -30.336 0.2222222239
81484  -22.366  0.483  -29.622 0.1111111119
81551  -23.982  0.858  -33.452 0.7777777910
81552  -25.184  -0.035  -33.556 0.8888888955
81572  -31.871  0.383  -36.705 0.4444444478
81581  -32.055  0.333  -36.807 0.5555555820
82482  -21.047  2.677  -28.466 0.1111111119
82486  -20.334  1.957  -28.838 0.1111111119
82487  -20.888  1.851  -28.597 0.1111111119
82504  -20.614  0.777  -30.327 0.2222222239
82505  -20.982  1.250  -30.809 0.3333333433
83416  -20.609  3.219  -29.221 0.1111111119
83454  -21.413  1.457  -31.269 0.1111111119
83503  -31.618  1.752  -37.012 0.1111111119
84319  -21.045  3.457  -29.246 0.1111111119
84334  -21.116  3.669  -30.003 0.1111111119
84369  -23.760  4.010  -32.740 0.3333333433
84388  -25.374  3.584  -33.257 0.5555555820
84432  -30.371  3.135  -39.632 0.2222222239
85192  -22.265  3.738  -30.626 0.1111111119
85213  -23.454  4.738  -31.421 0.1111111119
85227  -25.884  4.866  -32.719 0.6666666865
85290  -30.332  3.951  -40.826 0.1111111119
86082  -24.406  5.666  -30.960 0.1111111119
86083  -24.906  6.112  -30.561 0.1111111119
86166  -29.128  4.825  -41.448 0.1111111119
86168  -30.095  4.369  -41.357 0.1111111119
86974  -26.070  6.743  -30.468 0.1111111119
87064  -28.866  5.519  -41.804 0.1111111119
87880  -30.401  7.197  -38.839 0.1111111119
121085  -28.982  -1.531  -32.453 0.8888888955
121674  -24.329  -1.804  -33.442 1.0000000000
122901  -25.136  -23.194  -22.208 0.1111111119
123474  -24.549  -4.641  -32.538 0.8888888955
124682  -24.833  -18.865  -26.724 0.3333333433
128213  -28.970  -4.325  -32.360 0.7777777910
134349  -30.584  4.279  -40.820 0.1111111119
139235  -30.004  -10.616  -31.277 0.5555555820
141904  -29.941  -13.697  -28.656 0.1111111119
143490  -27.376  -21.141  -22.408 0.1111111119
