#!ascii label  , from subject sub-v1s19x0051313_ses-1 vox2ras=TkReg
1131
50554  18.084  -20.442  44.415 0.0000000000
55496  31.999  -15.220  51.280 0.0000000000
72061  37.072  1.321  23.756 0.0000000000
62879  26.171  -8.479  34.022 0.0000000000
61846  31.965  -10.336  42.898 0.0000000000
81594  47.787  10.279  12.729 0.0000000000
72009  36.488  0.595  27.809 0.0000000000
67028  31.977  -4.665  27.465 0.0000000000
49528  13.578  -21.642  44.867 0.0000000000
52497  23.030  -17.900  48.170 0.0000000000
121461  28.247  -13.714  47.178 0.0000000000
119748  20.499  -19.318  42.997 0.0000000000
78732  41.330  7.860  18.359 0.0000000000
49478  20.620  -21.632  48.995 0.0000000000
51505  16.140  -18.768  49.417 0.0000000000
76797  41.044  6.054  22.851 0.0000000000
49468  11.076  -21.393  49.498 0.0000000000
42343  9.886  -28.136  49.401 0.0000000000
120977  30.390  -6.316  31.408 0.0000000000
62827  28.040  -8.530  39.376 0.0000000000
57753  30.740  -13.689  38.428 0.0000000000
138896  30.458  -14.316  42.975 0.0000000000
70942  35.669  -0.005  29.982 0.0000000000
69946  33.157  -1.386  27.593 0.0000000000
68972  33.567  -3.080  29.571 0.0000000000
72966  38.648  1.271  29.660 0.0000000000
50583  17.320  -20.498  42.401 0.0000000000
48578  14.922  -22.096  41.875 0.0000000000
50557  15.522  -20.148  44.540 0.0000000000
49510  21.221  -21.101  45.486 0.0000000000
53522  21.864  -18.001  46.174 0.0000000000
49538  20.193  -20.905  43.143 0.0000000000
126677  19.753  -20.548  40.992 0.0000000000
120090  37.240  1.849  20.985 0.0000000000
73986  39.708  2.238  25.344 0.0000000000
74019  38.998  2.924  22.939 0.0000000000
75876  38.969  4.353  21.118 0.0000000000
52467  15.535  -18.563  52.478 0.0000000000
51508  13.416  -19.285  49.264 0.0000000000
51478  12.735  -19.719  52.208 0.0000000000
130903  8.445  -25.772  54.153 0.0000000000
45362  8.900  -25.254  51.612 0.0000000000
42339  8.585  -28.694  51.098 0.0000000000
39568  7.790  -30.800  50.880 0.0000000000
39554  6.565  -31.727  52.971 0.0000000000
63763  28.616  -7.043  42.138 0.0000000000
61861  30.347  -9.739  41.610 0.0000000000
60897  30.255  -11.160  38.806 0.0000000000
59830  31.843  -11.874  40.288 0.0000000000
56546  25.193  -13.933  45.166 0.0000000000
56530  29.905  -13.632  45.452 0.0000000000
57682  27.520  -13.320  43.419 0.0000000000
57722  28.327  -13.717  41.380 0.0000000000
64922  27.460  -6.697  32.353 0.0000000000
63889  28.731  -6.837  29.433 0.0000000000
62907  26.559  -8.708  30.267 0.0000000000
86267  45.701  14.970  11.086 0.0000000000
82550  45.784  11.663  11.258 0.0000000000
72039  36.675  0.764  25.554 0.0000000000
143691  34.208  -0.232  25.591 0.0000000000
72006  39.265  1.068  27.285 0.0000000000
54509  27.563  -16.428  50.483 0.0000000000
55516  29.569  -14.606  49.086 0.0000000000
55519  25.575  -15.645  48.669 0.0000000000
122134  23.358  -15.624  46.058 0.0000000000
55563  21.586  -15.856  43.353 0.0000000000
79747  43.975  8.941  19.864 0.0000000000
135872  44.517  9.497  17.658 0.0000000000
80690  44.682  9.570  15.136 0.0000000000
80713  44.639  9.179  12.722 0.0000000000
49500  19.068  -21.013  46.472 0.0000000000
50516  17.054  -19.666  47.094 0.0000000000
50488  18.718  -20.249  49.473 0.0000000000
50501  22.207  -20.608  48.306 0.0000000000
77749  41.103  7.341  20.865 0.0000000000
51557  14.497  -19.420  46.807 0.0000000000
49502  12.621  -21.779  46.885 0.0000000000
46552  11.727  -24.757  47.326 0.0000000000
49447  10.290  -21.780  51.529 0.0000000000
45382  10.254  -25.184  49.275 0.0000000000
137881  5.311  -35.152  54.925 0.0000000000
64951  33.625  -6.131  30.880 0.0000000000
64872  27.554  -5.926  35.778 0.0000000000
64818  27.996  -6.002  39.309 0.0000000000
62863  26.811  -8.521  36.594 0.0000000000
60927  28.366  -11.063  37.013 0.0000000000
120016  29.394  -12.990  36.917 0.0000000000
55608  28.843  -15.178  37.138 0.0000000000
55538  31.664  -13.726  46.510 0.0000000000
56543  32.978  -14.389  44.233 0.0000000000
57719  33.437  -13.109  41.865 0.0000000000
56597  31.636  -14.663  40.629 0.0000000000
56613  28.511  -14.721  39.167 0.0000000000
64967  31.400  -6.461  29.241 0.0000000000
63922  30.213  -7.173  26.676 0.0000000000
69904  35.124  -1.441  30.726 0.0000000000
69923  34.303  -1.520  29.628 0.0000000000
67989  34.395  -3.028  30.700 0.0000000000
71923  36.600  0.281  31.152 0.0000000000
50569  17.633  -20.465  43.327 0.0000000000
50570  16.643  -20.436  43.314 0.0000000000
50556  16.439  -20.132  44.306 0.0000000000
49512  19.704  -21.266  45.098 0.0000000000
50553  20.772  -20.929  44.261 0.0000000000
49539  19.582  -20.973  43.519 0.0000000000
121019  18.626  -20.615  42.786 0.0000000000
73077  37.362  1.713  22.430 0.0000000000
73055  38.430  1.671  24.537 0.0000000000
74007  39.280  2.649  23.765 0.0000000000
73076  37.951  1.998  22.964 0.0000000000
74020  38.218  2.534  22.432 0.0000000000
43256  8.220  -27.546  53.878 0.0000000000
44276  8.544  -26.702  52.661 0.0000000000
141984  8.297  -28.496  52.750 0.0000000000
41449  8.305  -29.273  51.702 0.0000000000
40531  7.910  -29.799  52.295 0.0000000000
123743  7.176  -31.143  52.249 0.0000000000
62793  29.952  -8.924  42.898 0.0000000000
61860  31.063  -10.168  41.903 0.0000000000
60873  30.884  -10.688  40.448 0.0000000000
60860  32.237  -11.211  41.792 0.0000000000
55501  32.123  -14.398  49.898 0.0000000000
56557  24.111  -13.970  43.870 0.0000000000
57663  26.511  -13.422  44.531 0.0000000000
57684  25.384  -13.451  43.668 0.0000000000
57703  25.298  -13.252  42.720 0.0000000000
142995  26.590  -7.374  33.067 0.0000000000
63870  26.726  -7.633  31.492 0.0000000000
80711  47.682  9.909  12.834 0.0000000000
127457  48.232  11.533  13.197 0.0000000000
83593  47.198  12.136  12.757 0.0000000000
84526  46.166  13.097  12.372 0.0000000000
81599  47.353  10.336  12.115 0.0000000000
72027  36.716  0.658  26.922 0.0000000000
72041  34.914  0.229  25.348 0.0000000000
70981  35.087  0.108  27.096 0.0000000000
68988  32.500  -3.089  27.937 0.0000000000
69947  32.505  -1.818  27.047 0.0000000000
68038  31.584  -3.770  26.348 0.0000000000
131939  37.303  0.838  28.818 0.0000000000
72008  37.403  0.780  27.533 0.0000000000
72026  37.706  0.901  26.578 0.0000000000
49541  14.438  -21.466  43.580 0.0000000000
47600  13.231  -23.258  45.137 0.0000000000
54516  25.580  -16.710  49.802 0.0000000000
55508  26.766  -15.837  49.573 0.0000000000
54522  24.135  -16.648  48.478 0.0000000000
52537  21.099  -18.430  45.031 0.0000000000
53527  22.080  -17.221  46.129 0.0000000000
53535  21.146  -17.376  44.774 0.0000000000
121901  22.200  -15.840  44.706 0.0000000000
53547  20.838  -17.235  43.897 0.0000000000
128401  20.477  -19.427  42.169 0.0000000000
58887  26.764  -11.987  34.999 0.0000000000
79749  42.516  8.598  19.231 0.0000000000
80649  44.444  9.228  19.367 0.0000000000
80662  42.923  9.097  17.993 0.0000000000
136377  42.687  8.693  15.473 0.0000000000
79787  43.397  8.670  13.710 0.0000000000
80707  44.292  9.289  13.585 0.0000000000
49488  19.877  -21.518  47.668 0.0000000000
49480  19.173  -20.983  48.175 0.0000000000
49467  19.270  -20.843  49.036 0.0000000000
49477  21.672  -21.376  48.638 0.0000000000
49487  20.904  -21.520  47.135 0.0000000000
78710  42.377  7.919  21.637 0.0000000000
77738  40.852  6.392  22.112 0.0000000000
75899  38.998  4.972  19.941 0.0000000000
51535  16.422  -19.366  47.582 0.0000000000
51556  15.293  -19.306  46.687 0.0000000000
126767  14.809  -18.883  48.086 0.0000000000
50490  12.224  -20.081  49.710 0.0000000000
50518  12.473  -20.637  47.958 0.0000000000
136340  11.744  -21.900  48.109 0.0000000000
47588  11.983  -23.299  47.395 0.0000000000
47579  11.492  -23.296  48.079 0.0000000000
48502  9.849  -22.345  52.812 0.0000000000
119592  9.271  -26.724  50.648 0.0000000000
45369  9.825  -25.217  49.959 0.0000000000
44287  10.101  -26.444  49.586 0.0000000000
45392  10.935  -25.990  48.378 0.0000000000
65929  28.997  -5.569  34.875 0.0000000000
62818  28.328  -8.108  40.605 0.0000000000
64796  28.365  -6.439  40.900 0.0000000000
63797  27.789  -7.574  39.515 0.0000000000
63817  27.057  -7.266  37.587 0.0000000000
62835  27.346  -8.285  37.975 0.0000000000
61923  27.277  -9.611  36.798 0.0000000000
61911  28.236  -9.876  37.966 0.0000000000
59859  30.515  -11.928  38.529 0.0000000000
59869  29.410  -11.708  37.509 0.0000000000
129951  30.184  -13.557  37.764 0.0000000000
56631  29.350  -14.383  36.917 0.0000000000
56621  30.204  -14.321  38.137 0.0000000000
56493  29.024  -14.373  48.585 0.0000000000
56502  30.710  -13.831  47.863 0.0000000000
56503  30.082  -13.757  47.531 0.0000000000
56545  30.533  -13.911  43.992 0.0000000000
56544  31.174  -13.931  44.554 0.0000000000
56555  32.022  -14.480  43.419 0.0000000000
56565  33.585  -14.145  43.035 0.0000000000
56567  32.404  -14.509  42.497 0.0000000000
57721  32.481  -14.224  40.909 0.0000000000
56584  30.846  -14.766  41.294 0.0000000000
57736  27.167  -13.643  40.285 0.0000000000
57735  28.095  -13.826  40.560 0.0000000000
64936  32.183  -6.398  31.539 0.0000000000
64953  32.611  -6.372  30.203 0.0000000000
119376  31.035  -6.396  30.817 0.0000000000
63901  28.114  -7.767  28.190 0.0000000000
119289  28.796  -7.459  27.865 0.0000000000
86274  45.651  15.089  9.310 0.0000000000
71993  35.504  0.141  28.863 0.0000000000
70961  35.143  -0.024  28.133 0.0000000000
70944  34.593  -0.791  29.273 0.0000000000
68987  33.073  -2.823  28.701 0.0000000000
68014  32.619  -3.797  28.479 0.0000000000
72948  38.760  1.392  30.406 0.0000000000
71970  37.040  0.790  29.509 0.0000000000
49552  15.939  -20.985  41.787 0.0000000000
49540  15.167  -21.036  43.220 0.0000000000
49527  14.206  -21.181  44.391 0.0000000000
51553  22.230  -19.449  47.012 0.0000000000
52506  22.401  -18.510  47.180 0.0000000000
51572  21.577  -19.941  45.758 0.0000000000
51582  20.805  -20.181  44.217 0.0000000000
51587  20.590  -20.115  43.437 0.0000000000
121365  20.263  -20.441  41.814 0.0000000000
50580  20.089  -20.712  42.385 0.0000000000
123409  18.098  -20.532  40.972 0.0000000000
77779  40.714  6.945  16.995 0.0000000000
49455  20.003  -21.322  50.309 0.0000000000
74937  40.669  3.287  25.436 0.0000000000
75847  40.536  4.173  23.891 0.0000000000
75862  40.230  4.657  22.813 0.0000000000
75874  40.135  5.133  22.153 0.0000000000
74982  39.107  4.024  21.789 0.0000000000
74035  38.023  2.941  21.429 0.0000000000
52483  15.960  -18.517  51.019 0.0000000000
51506  15.165  -18.626  49.446 0.0000000000
51498  14.210  -18.752  51.034 0.0000000000
136433  13.066  -19.395  50.582 0.0000000000
50478  11.494  -20.673  50.098 0.0000000000
47558  9.117  -23.720  52.721 0.0000000000
45356  8.696  -25.246  52.554 0.0000000000
131521  8.835  -27.019  51.276 0.0000000000
42338  9.012  -28.166  50.449 0.0000000000
41459  8.685  -29.690  49.984 0.0000000000
62810  29.156  -8.605  41.681 0.0000000000
61874  29.511  -9.523  40.403 0.0000000000
61897  29.210  -10.143  38.810 0.0000000000
61885  30.125  -10.226  39.947 0.0000000000
59846  30.836  -11.566  39.225 0.0000000000
58853  31.472  -12.779  39.124 0.0000000000
56532  26.949  -13.693  46.199 0.0000000000
56531  28.950  -13.527  46.200 0.0000000000
57641  28.127  -13.519  45.434 0.0000000000
57661  28.828  -13.543  44.188 0.0000000000
137861  28.510  -13.506  43.241 0.0000000000
57699  29.408  -13.879  42.639 0.0000000000
57701  27.694  -13.368  42.558 0.0000000000
121579  27.083  -13.240  41.854 0.0000000000
124276  28.861  -6.335  32.207 0.0000000000
64956  29.510  -6.439  30.857 0.0000000000
64958  27.861  -6.830  30.674 0.0000000000
63890  27.330  -7.734  29.447 0.0000000000
138368  46.270  14.376  12.395 0.0000000000
84529  45.269  13.240  11.360 0.0000000000
132743  36.682  1.049  24.278 0.0000000000
72062  36.258  0.917  23.430 0.0000000000
72052  35.523  0.520  24.661 0.0000000000
70974  33.712  -0.717  27.219 0.0000000000
69964  32.280  -1.565  25.251 0.0000000000
133677  40.574  1.417  29.336 0.0000000000
73010  40.897  1.976  28.107 0.0000000000
73950  40.707  2.196  27.321 0.0000000000
73028  39.463  1.420  26.538 0.0000000000
73045  38.668  1.487  25.312 0.0000000000
54512  30.050  -15.795  50.709 0.0000000000
55503  31.176  -15.061  50.299 0.0000000000
55506  28.546  -15.512  49.873 0.0000000000
120554  27.288  -15.275  49.191 0.0000000000
55527  26.145  -15.042  48.203 0.0000000000
143764  23.002  -17.014  47.306 0.0000000000
55529  24.584  -15.526  47.432 0.0000000000
55539  25.117  -14.926  47.118 0.0000000000
56522  24.900  -14.680  46.343 0.0000000000
56548  23.607  -14.595  44.486 0.0000000000
122071  22.251  -15.282  43.594 0.0000000000
80680  45.276  9.566  17.132 0.0000000000
80673  42.872  9.032  17.100 0.0000000000
119017  44.106  9.460  15.936 0.0000000000
80689  45.622  9.643  15.476 0.0000000000
122098  45.520  9.646  14.572 0.0000000000
80705  46.485  9.666  13.204 0.0000000000
80712  47.143  9.733  12.616 0.0000000000
80719  46.928  9.674  11.695 0.0000000000
134672  18.985  -20.912  45.654 0.0000000000
136553  17.543  -20.004  45.811 0.0000000000
50528  18.425  -20.480  47.003 0.0000000000
50503  17.937  -19.995  48.244 0.0000000000
51504  17.201  -19.262  49.465 0.0000000000
50474  19.502  -20.681  50.732 0.0000000000
51495  17.470  -19.103  50.488 0.0000000000
52475  17.077  -18.596  51.978 0.0000000000
54507  30.957  -16.020  51.618 0.0000000000
137728  28.888  -16.450  50.953 0.0000000000
53501  26.541  -17.316  50.896 0.0000000000
52486  24.107  -18.121  50.175 0.0000000000
51502  23.108  -19.568  49.738 0.0000000000
51518  22.586  -19.754  48.300 0.0000000000
50513  21.877  -20.999  46.754 0.0000000000
49498  20.716  -21.402  46.111 0.0000000000
79734  44.477  8.608  21.458 0.0000000000
79736  42.884  8.343  21.044 0.0000000000
78714  41.399  7.732  20.114 0.0000000000
76813  40.156  6.065  20.814 0.0000000000
77751  39.939  6.166  19.937 0.0000000000
77773  40.332  6.670  18.506 0.0000000000
50542  16.255  -19.726  45.224 0.0000000000
50543  15.184  -19.798  45.320 0.0000000000
50545  13.693  -20.613  45.954 0.0000000000
124347  13.902  -19.087  48.462 0.0000000000
50532  13.359  -20.462  46.750 0.0000000000
48550  12.990  -21.725  46.270 0.0000000000
48559  12.862  -23.241  45.929 0.0000000000
46558  12.212  -24.877  46.461 0.0000000000
50461  11.556  -20.730  52.275 0.0000000000
49457  10.509  -22.008  49.855 0.0000000000
121489  9.951  -23.603  50.053 0.0000000000
47570  10.483  -23.830  49.208 0.0000000000
140796  11.086  -25.352  48.192 0.0000000000
37432  5.767  -33.619  53.830 0.0000000000
66986  34.460  -4.615  31.070 0.0000000000
126886  29.801  -5.944  32.978 0.0000000000
64901  29.325  -5.860  33.545 0.0000000000
127774  27.892  -6.184  34.006 0.0000000000
64889  26.705  -6.838  34.622 0.0000000000
65883  27.585  -5.812  37.319 0.0000000000
64855  26.790  -6.723  36.322 0.0000000000
62873  26.346  -8.447  34.866 0.0000000000
61924  26.788  -9.395  36.148 0.0000000000
60940  27.141  -10.759  36.008 0.0000000000
58873  27.973  -11.979  36.200 0.0000000000
60914  29.243  -11.025  37.818 0.0000000000
59880  28.782  -11.609  37.012 0.0000000000
58885  28.160  -12.717  35.891 0.0000000000
57770  28.789  -13.959  36.090 0.0000000000
56643  28.508  -15.074  36.153 0.0000000000
60823  33.169  -10.540  43.859 0.0000000000
55513  31.768  -13.968  48.887 0.0000000000
55512  32.352  -13.670  47.871 0.0000000000
56515  33.278  -13.838  46.202 0.0000000000
133000  31.236  -13.712  46.192 0.0000000000
55548  32.338  -14.058  45.353 0.0000000000
56541  34.161  -14.208  45.127 0.0000000000
57679  34.691  -13.315  44.076 0.0000000000
58794  34.225  -12.542  42.878 0.0000000000
59805  32.767  -11.419  42.143 0.0000000000
58835  32.937  -12.549  40.888 0.0000000000
57734  32.111  -13.847  40.126 0.0000000000
57747  31.104  -14.186  39.028 0.0000000000
56585  29.900  -14.586  41.091 0.0000000000
56599  29.734  -14.657  40.204 0.0000000000
127956  29.934  -14.680  38.700 0.0000000000
56623  29.086  -14.936  38.558 0.0000000000
65971  33.490  -5.082  29.786 0.0000000000
65980  33.008  -5.472  29.199 0.0000000000
65982  31.996  -6.164  28.361 0.0000000000
64969  29.604  -6.692  29.024 0.0000000000
64980  30.611  -6.574  28.550 0.0000000000
64984  30.846  -6.511  27.114 0.0000000000
80726  46.929  9.778  10.812 0.0000000000
68959  35.161  -2.149  31.284 0.0000000000
68960  34.697  -2.245  30.703 0.0000000000
137529  34.837  -2.774  31.158 0.0000000000
70898  35.707  -0.853  31.109 0.0000000000
135252  17.813  -20.435  43.850 0.0000000000
50555  17.276  -20.277  44.015 0.0000000000
49513  18.920  -20.806  44.848 0.0000000000
49525  19.699  -21.171  44.342 0.0000000000
49526  18.945  -20.831  44.139 0.0000000000
50568  18.422  -20.621  43.658 0.0000000000
72071  36.862  1.306  22.899 0.0000000000
73078  36.720  1.245  22.007 0.0000000000
73056  37.766  1.497  24.124 0.0000000000
73067  38.208  1.835  23.743 0.0000000000
73068  37.546  1.616  23.325 0.0000000000
42326  7.982  -28.122  54.059 0.0000000000
42330  8.272  -28.086  53.277 0.0000000000
126691  8.060  -28.729  53.342 0.0000000000
41445  8.196  -29.046  52.543 0.0000000000
135555  7.900  -29.336  53.004 0.0000000000
41446  7.525  -29.949  53.155 0.0000000000
61838  31.668  -9.751  43.549 0.0000000000
61847  31.309  -9.966  42.707 0.0000000000
60845  31.773  -10.611  42.210 0.0000000000
55489  32.445  -14.889  51.278 0.0000000000
55502  31.810  -14.974  50.635 0.0000000000
57665  24.828  -13.728  44.038 0.0000000000
57685  24.624  -13.599  43.342 0.0000000000
63855  26.352  -7.873  33.492 0.0000000000
122057  26.345  -7.969  32.716 0.0000000000
82541  48.261  10.761  13.164 0.0000000000
82545  47.755  11.113  12.705 0.0000000000
82546  46.794  11.467  12.245 0.0000000000
141485  36.217  0.540  27.297 0.0000000000
122714  35.905  0.480  26.889 0.0000000000
72010  35.766  0.393  27.581 0.0000000000
68029  32.231  -3.896  27.779 0.0000000000
142762  32.132  -3.308  27.396 0.0000000000
68030  31.887  -3.890  27.093 0.0000000000
67029  31.636  -4.579  26.717 0.0000000000
71991  37.115  0.751  28.252 0.0000000000
71990  37.952  0.945  28.288 0.0000000000
49542  13.782  -21.907  44.010 0.0000000000
48571  14.045  -22.199  43.195 0.0000000000
120232  13.447  -23.432  44.320 0.0000000000
125140  13.476  -22.559  44.622 0.0000000000
53507  24.226  -17.071  49.141 0.0000000000
53508  23.600  -17.417  48.700 0.0000000000
53536  20.761  -18.170  44.260 0.0000000000
53548  20.556  -18.100  43.329 0.0000000000
52568  20.469  -18.537  42.571 0.0000000000
58886  27.433  -12.157  35.547 0.0000000000
79750  41.871  8.327  18.799 0.0000000000
79759  43.048  8.957  18.805 0.0000000000
79760  42.384  8.712  18.379 0.0000000000
49479  19.864  -21.450  48.582 0.0000000000
49466  19.918  -21.374  49.456 0.0000000000
143771  21.263  -21.601  48.603 0.0000000000
127473  20.669  -21.649  48.137 0.0000000000
76791  41.235  5.659  23.580 0.0000000000
77736  42.072  7.099  22.925 0.0000000000
77737  41.416  6.770  22.549 0.0000000000
51520  16.536  -19.207  48.509 0.0000000000
120595  15.697  -19.090  47.905 0.0000000000
51521  15.537  -18.806  48.672 0.0000000000
50491  11.622  -20.781  49.111 0.0000000000
49481  11.871  -21.101  48.292 0.0000000000
124758  11.397  -21.635  48.690 0.0000000000
48541  11.847  -22.545  47.754 0.0000000000
120377  11.383  -22.487  48.369 0.0000000000
48500  9.416  -22.958  53.240 0.0000000000
44288  9.708  -26.939  50.083 0.0000000000
44297  10.099  -27.102  49.579 0.0000000000
124474  10.501  -26.778  48.966 0.0000000000
123340  28.045  -8.092  39.998 0.0000000000
63805  27.596  -7.951  38.831 0.0000000000
62834  27.932  -9.067  38.556 0.0000000000
62846  27.670  -9.240  37.826 0.0000000000
61898  28.597  -9.802  38.516 0.0000000000
58854  30.963  -12.776  38.639 0.0000000000
58860  30.409  -12.762  38.096 0.0000000000
56504  28.580  -14.065  47.983 0.0000000000
134615  29.402  -13.950  47.983 0.0000000000
122852  29.271  -13.669  47.285 0.0000000000
56556  31.243  -14.295  43.667 0.0000000000
127502  31.468  -14.605  42.718 0.0000000000
56583  31.860  -14.679  41.642 0.0000000000
56568  30.921  -14.727  42.135 0.0000000000
64937  31.338  -6.350  31.469 0.0000000000
71972  35.758  0.204  29.425 0.0000000000
130563  34.965  -0.300  28.880 0.0000000000
70943  35.210  -0.316  29.550 0.0000000000
68986  33.713  -2.110  29.250 0.0000000000
68013  33.094  -3.824  29.180 0.0000000000
122810  39.144  1.513  31.215 0.0000000000
70920  36.023  0.007  30.658 0.0000000000
71948  36.845  0.634  30.394 0.0000000000
71971  36.253  0.412  29.818 0.0000000000
50571  15.755  -20.471  43.717 0.0000000000
50585  15.857  -20.667  42.992 0.0000000000
50572  14.943  -20.749  44.013 0.0000000000
50527  21.770  -20.757  46.085 0.0000000000
51554  21.929  -19.702  46.323 0.0000000000
50539  21.416  -20.599  45.440 0.0000000000
49524  20.383  -21.108  43.998 0.0000000000
50567  20.487  -20.750  43.628 0.0000000000
128216  18.287  -20.527  41.853 0.0000000000
50595  17.348  -20.585  41.446 0.0000000000
73985  40.323  2.617  25.753 0.0000000000
73994  40.166  2.810  24.955 0.0000000000
74006  39.909  3.037  24.191 0.0000000000
74959  39.647  3.302  23.440 0.0000000000
74968  40.083  4.008  23.177 0.0000000000
75863  39.723  4.365  22.352 0.0000000000
74969  39.391  3.643  22.632 0.0000000000
74021  37.577  2.180  21.729 0.0000000000
51485  15.351  -18.552  51.703 0.0000000000
51497  15.062  -18.546  50.979 0.0000000000
139081  14.641  -18.669  51.602 0.0000000000
122453  13.447  -19.136  51.149 0.0000000000
51488  12.735  -19.627  51.247 0.0000000000
50477  12.068  -20.127  50.738 0.0000000000
50468  12.124  -20.200  51.734 0.0000000000
46502  8.651  -24.764  53.985 0.0000000000
124436  8.604  -25.263  53.374 0.0000000000
118924  8.553  -27.290  52.100 0.0000000000
42333  8.678  -27.888  51.416 0.0000000000
43272  9.159  -27.414  50.576 0.0000000000
41452  8.847  -28.908  50.249 0.0000000000
40542  8.113  -30.031  51.338 0.0000000000
40550  8.270  -30.239  50.453 0.0000000000
39570  6.782  -31.975  51.885 0.0000000000
62809  29.777  -9.129  42.080 0.0000000000
61862  29.635  -9.324  41.263 0.0000000000
62817  28.950  -8.797  40.894 0.0000000000
61873  30.236  -9.967  40.797 0.0000000000
60872  31.516  -11.217  40.596 0.0000000000
60883  31.179  -11.358  39.944 0.0000000000
59845  31.442  -12.025  39.518 0.0000000000
56533  26.135  -13.865  46.064 0.0000000000
57642  27.398  -13.539  45.598 0.0000000000
57643  26.711  -13.552  45.396 0.0000000000
136401  27.238  -13.341  44.111 0.0000000000
57662  27.444  -13.433  44.819 0.0000000000
125630  27.957  -13.394  44.077 0.0000000000
57724  26.135  -13.138  42.053 0.0000000000
64921  28.291  -6.333  32.701 0.0000000000
64939  28.594  -6.517  31.311 0.0000000000
130068  28.151  -6.499  31.992 0.0000000000
63880  26.744  -7.888  30.667 0.0000000000
63869  27.211  -7.219  31.032 0.0000000000
62906  26.862  -8.026  29.936 0.0000000000
83599  45.949  11.945  11.830 0.0000000000
83595  45.720  12.791  11.936 0.0000000000
83600  45.441  12.397  11.327 0.0000000000
82556  45.456  11.967  10.735 0.0000000000
82555  46.096  10.978  10.781 0.0000000000
72050  37.072  1.013  24.963 0.0000000000
72051  36.319  0.782  24.856 0.0000000000
70990  34.150  -0.233  24.822 0.0000000000
70991  33.498  -0.579  25.272 0.0000000000
69945  33.832  -0.957  28.097 0.0000000000
126054  34.443  -0.411  27.666 0.0000000000
69008  31.990  -2.345  26.502 0.0000000000
69955  32.338  -1.609  26.146 0.0000000000
69016  31.809  -2.199  25.603 0.0000000000
69023  31.860  -2.160  24.707 0.0000000000
72965  39.527  1.312  29.632 0.0000000000
121169  40.201  1.433  30.099 0.0000000000
71988  39.860  1.145  27.897 0.0000000000
72990  40.481  1.415  28.422 0.0000000000
73011  40.352  1.571  27.650 0.0000000000
73012  39.855  1.314  27.254 0.0000000000
73027  40.151  1.776  26.903 0.0000000000
72038  37.445  0.970  25.672 0.0000000000
72037  38.241  1.174  25.834 0.0000000000
72049  37.876  1.291  24.973 0.0000000000
54513  29.219  -15.833  50.430 0.0000000000
138359  29.805  -15.371  50.156 0.0000000000
55518  26.425  -15.402  48.959 0.0000000000
55526  26.998  -14.820  48.484 0.0000000000
53521  22.272  -17.796  46.721 0.0000000000
53515  22.755  -17.632  47.393 0.0000000000
128530  22.529  -16.458  46.050 0.0000000000
54538  23.067  -16.184  46.513 0.0000000000
55541  23.840  -15.716  46.836 0.0000000000
55540  24.502  -15.163  46.773 0.0000000000
55550  24.086  -14.990  46.072 0.0000000000
142548  21.970  -15.728  44.054 0.0000000000
55558  22.878  -15.267  44.715 0.0000000000
54548  22.443  -15.403  44.225 0.0000000000
56549  22.874  -14.927  43.955 0.0000000000
50593  19.968  -20.643  41.666 0.0000000000
50592  20.186  -20.413  41.039 0.0000000000
79739  45.004  8.882  20.832 0.0000000000
80661  44.251  9.379  18.501 0.0000000000
122413  44.907  9.393  18.917 0.0000000000
80671  45.089  9.512  18.158 0.0000000000
80670  45.968  9.527  17.837 0.0000000000
138067  41.828  8.116  16.215 0.0000000000
79772  42.252  8.571  16.635 0.0000000000
80691  43.820  9.333  15.208 0.0000000000
136218  43.302  9.160  15.709 0.0000000000
119384  44.973  9.634  16.125 0.0000000000
80706  45.379  9.563  13.528 0.0000000000
123658  45.882  9.451  12.376 0.0000000000
122450  18.304  -20.478  46.176 0.0000000000
50502  18.603  -20.384  48.627 0.0000000000
50514  18.500  -20.482  47.816 0.0000000000
51519  17.401  -19.581  48.630 0.0000000000
50489  18.041  -19.806  49.037 0.0000000000
50467  19.062  -19.972  51.147 0.0000000000
133268  17.704  -18.946  51.357 0.0000000000
51484  16.858  -18.667  51.140 0.0000000000
54508  30.377  -16.187  51.365 0.0000000000
139320  25.420  -17.249  50.217 0.0000000000
51503  22.607  -20.058  49.063 0.0000000000
51517  22.919  -19.247  48.996 0.0000000000
130283  22.282  -20.120  47.577 0.0000000000
50512  22.023  -20.862  47.410 0.0000000000
49499  19.889  -21.468  46.746 0.0000000000
137221  19.799  -21.387  45.880 0.0000000000
72063  35.324  0.449  23.708 0.0000000000
78711  41.703  7.620  21.351 0.0000000000
78713  42.173  8.099  20.879 0.0000000000
122608  41.939  8.123  20.307 0.0000000000
75875  39.479  4.687  21.561 0.0000000000
76806  40.386  5.873  21.666 0.0000000000
75884  39.233  4.874  20.768 0.0000000000
75908  38.871  5.024  18.995 0.0000000000
76827  39.421  5.560  19.535 0.0000000000
77764  39.848  6.129  19.097 0.0000000000
77763  40.395  6.770  19.413 0.0000000000
77774  39.775  5.961  18.308 0.0000000000
50529  17.693  -20.018  46.635 0.0000000000
142086  16.956  -19.775  45.525 0.0000000000
50530  16.787  -19.668  46.155 0.0000000000
51573  15.715  -19.513  46.005 0.0000000000
51574  14.812  -19.582  46.076 0.0000000000
50544  14.363  -20.142  45.580 0.0000000000
50531  14.040  -19.914  46.334 0.0000000000
51507  14.220  -18.835  49.402 0.0000000000
51522  13.192  -19.588  48.584 0.0000000000
49490  12.728  -20.920  47.231 0.0000000000
49501  12.944  -21.206  46.682 0.0000000000
125518  13.250  -21.082  46.271 0.0000000000
48551  12.725  -22.505  46.432 0.0000000000
46551  12.129  -24.038  46.998 0.0000000000
45423  11.801  -25.388  46.975 0.0000000000
49440  10.351  -21.749  52.409 0.0000000000
49446  10.911  -21.266  51.905 0.0000000000
140185  10.719  -21.348  51.144 0.0000000000
132986  10.317  -21.847  50.707 0.0000000000
46511  8.934  -24.482  52.136 0.0000000000
46516  9.245  -24.493  51.231 0.0000000000
46525  9.650  -24.474  50.388 0.0000000000
46524  10.087  -24.486  49.606 0.0000000000
48527  10.431  -22.923  49.499 0.0000000000
46545  11.049  -24.128  48.501 0.0000000000
45393  10.769  -25.125  48.617 0.0000000000
38486  6.030  -32.721  53.644 0.0000000000
38478  5.884  -32.423  54.669 0.0000000000
37425  5.379  -33.891  55.423 0.0000000000
129735  5.529  -34.319  54.547 0.0000000000
64917  32.338  -6.354  32.322 0.0000000000
132566  30.164  -5.758  33.640 0.0000000000
64886  29.601  -5.664  34.235 0.0000000000
65915  28.407  -5.600  35.660 0.0000000000
64887  28.000  -5.906  34.857 0.0000000000
64888  27.332  -6.322  34.503 0.0000000000
130578  27.137  -6.304  35.195 0.0000000000
64807  28.169  -6.166  40.006 0.0000000000
65864  27.691  -5.842  38.135 0.0000000000
125592  27.005  -8.081  37.257 0.0000000000
63832  26.784  -7.380  36.821 0.0000000000
63833  26.570  -7.528  36.035 0.0000000000
62864  26.521  -8.476  35.702 0.0000000000
61933  26.463  -9.252  35.368 0.0000000000
60916  27.826  -10.434  36.973 0.0000000000
129091  27.246  -10.219  36.419 0.0000000000
60928  27.745  -10.915  36.565 0.0000000000
59896  27.588  -11.432  36.118 0.0000000000
59881  28.184  -11.507  36.622 0.0000000000
60885  29.897  -10.519  39.155 0.0000000000
60899  28.915  -10.421  38.164 0.0000000000
60898  29.613  -10.790  38.445 0.0000000000
58871  29.149  -12.291  36.963 0.0000000000
58872  28.533  -12.142  36.545 0.0000000000
122791  28.877  -12.974  36.406 0.0000000000
140472  28.517  -13.323  35.917 0.0000000000
57769  29.300  -13.579  36.671 0.0000000000
126065  30.726  -14.648  49.515 0.0000000000
55514  31.260  -14.372  49.306 0.0000000000
55525  30.989  -14.084  48.591 0.0000000000
55524  31.421  -13.719  47.523 0.0000000000
55523  31.851  -13.727  47.628 0.0000000000
142436  31.944  -13.769  46.832 0.0000000000
55522  32.510  -13.775  46.703 0.0000000000
55537  32.201  -13.808  46.097 0.0000000000
56518  30.204  -13.618  46.492 0.0000000000
56529  30.854  -13.730  45.451 0.0000000000
55556  32.376  -14.297  44.679 0.0000000000
55557  31.967  -14.149  45.055 0.0000000000
55547  32.931  -14.230  45.010 0.0000000000
56528  33.484  -14.143  45.414 0.0000000000
56542  33.613  -14.354  44.643 0.0000000000
57659  34.279  -14.116  44.277 0.0000000000
56553  33.643  -14.320  43.788 0.0000000000
57697  33.725  -13.436  42.475 0.0000000000
58806  33.677  -12.453  42.226 0.0000000000
59794  33.852  -11.732  42.699 0.0000000000
59804  33.245  -11.798  42.120 0.0000000000
59818  32.748  -11.772  41.445 0.0000000000
58823  33.258  -12.463  41.582 0.0000000000
57733  32.740  -13.410  40.586 0.0000000000
57746  31.635  -13.654  39.379 0.0000000000
56610  31.368  -14.477  39.762 0.0000000000
56570  29.198  -14.055  41.722 0.0000000000
131194  28.787  -14.409  40.023 0.0000000000
56612  29.486  -14.729  39.366 0.0000000000
56611  30.469  -14.636  39.434 0.0000000000
65963  34.101  -5.461  30.925 0.0000000000
66992  33.959  -4.792  30.389 0.0000000000
65964  33.634  -5.582  30.310 0.0000000000
64966  32.059  -6.425  29.773 0.0000000000
64965  32.762  -6.180  29.538 0.0000000000
64978  32.133  -6.355  29.037 0.0000000000
65981  32.503  -5.494  28.542 0.0000000000
138552  31.533  -6.393  28.614 0.0000000000
64957  28.682  -6.649  30.327 0.0000000000
119940  29.550  -6.548  29.942 0.0000000000
137576  29.361  -7.541  27.181 0.0000000000
126014  29.549  -6.980  28.102 0.0000000000
64985  30.286  -6.832  27.574 0.0000000000
64979  31.183  -6.432  27.952 0.0000000000
86277  45.665  15.066  8.417 0.0000000000
86281  46.315  15.519  7.975 0.0000000000
124662  47.228  9.944  11.731 0.0000000000
79800  46.276  9.012  10.599 0.0000000000
70921  35.396  -0.587  30.348 0.0000000000
69922  34.804  -1.006  30.000 0.0000000000
69905  34.601  -1.703  30.232 0.0000000000
68971  34.184  -2.424  30.035 0.0000000000
67999  33.981  -3.299  30.163 0.0000000000
50584  16.281  -20.641  42.422 0.0000000000
49511  20.496  -21.312  45.277 0.0000000000
49523  20.805  -21.117  44.692 0.0000000000
123512  20.268  -21.274  44.651 0.0000000000
50581  19.728  -20.837  42.778 0.0000000000
73088  37.085  1.579  21.547 0.0000000000
73054  39.087  1.903  24.931 0.0000000000
73995  39.505  2.438  24.560 0.0000000000
73066  38.855  2.111  24.152 0.0000000000
74008  38.591  2.320  23.344 0.0000000000
143110  37.766  2.099  22.413 0.0000000000
52457  14.876  -18.772  53.117 0.0000000000
52468  14.720  -18.722  52.289 0.0000000000
51476  14.108  -19.061  52.851 0.0000000000
43261  8.457  -27.986  52.459 0.0000000000
42334  8.428  -28.572  52.015 0.0000000000
40543  7.638  -30.580  51.771 0.0000000000
40532  7.492  -30.445  52.494 0.0000000000
39553  7.088  -30.779  53.031 0.0000000000
61839  30.749  -9.378  43.233 0.0000000000
61848  30.525  -9.563  42.417 0.0000000000
60862  30.828  -10.278  41.197 0.0000000000
60861  31.520  -10.814  41.293 0.0000000000
59819  32.041  -11.487  41.052 0.0000000000
56547  24.557  -14.082  44.701 0.0000000000
57644  25.889  -13.685  45.248 0.0000000000
57664  25.484  -13.625  44.480 0.0000000000
122416  26.045  -13.333  43.946 0.0000000000
57683  26.750  -13.267  43.680 0.0000000000
122838  26.089  -13.144  43.160 0.0000000000
64923  26.932  -6.836  33.087 0.0000000000
63862  26.749  -7.297  32.340 0.0000000000
127784  26.416  -7.993  32.000 0.0000000000
80704  47.411  9.774  13.485 0.0000000000
81583  48.116  9.949  14.038 0.0000000000
81589  48.080  10.111  13.266 0.0000000000
134266  46.601  13.662  12.711 0.0000000000
83594  46.337  12.390  12.327 0.0000000000
82549  46.483  11.032  11.583 0.0000000000
123470  36.980  0.754  26.177 0.0000000000
72040  35.852  0.568  25.478 0.0000000000
72028  36.268  0.598  26.204 0.0000000000
72029  35.436  0.360  26.215 0.0000000000
70982  34.627  -0.049  26.238 0.0000000000
68999  32.733  -2.184  27.882 0.0000000000
69000  32.253  -2.611  27.285 0.0000000000
68037  31.819  -3.124  26.792 0.0000000000
69009  31.592  -2.963  25.982 0.0000000000
71969  37.977  1.128  29.238 0.0000000000
71968  38.931  1.156  28.995 0.0000000000
71989  39.002  1.011  28.155 0.0000000000
72007  38.362  0.941  27.390 0.0000000000
72025  38.700  1.090  26.577 0.0000000000
49554  14.653  -21.716  42.731 0.0000000000
47611  13.186  -23.951  44.754 0.0000000000
54515  26.358  -16.404  49.926 0.0000000000
137045  27.023  -16.225  50.054 0.0000000000
54521  24.958  -16.412  49.132 0.0000000000
53528  21.540  -17.694  45.571 0.0000000000
54543  21.873  -16.632  45.331 0.0000000000
54542  22.719  -15.817  45.479 0.0000000000
54549  21.486  -16.420  44.256 0.0000000000
142274  21.075  -16.560  43.497 0.0000000000
54557  20.668  -17.071  43.078 0.0000000000
53557  20.542  -17.675  42.472 0.0000000000
119625  20.479  -18.368  41.797 0.0000000000
59912  26.392  -11.318  34.649 0.0000000000
79748  43.231  8.790  19.595 0.0000000000
80650  43.733  9.135  19.119 0.0000000000
142073  43.513  9.218  18.430 0.0000000000
78744  42.198  8.369  15.813 0.0000000000
78758  42.244  7.934  14.860 0.0000000000
80699  43.989  9.305  14.430 0.0000000000
80698  44.756  9.519  14.246 0.0000000000
79786  43.871  8.847  12.988 0.0000000000
79793  44.137  8.494  12.341 0.0000000000
49489  19.121  -21.029  47.319 0.0000000000
49485  21.868  -21.200  48.015 0.0000000000
49486  21.712  -21.250  47.227 0.0000000000
119933  21.460  -21.507  47.934 0.0000000000
78704  42.583  7.661  22.437 0.0000000000
78705  41.857  7.400  22.144 0.0000000000
77742  41.207  7.085  21.765 0.0000000000
51555  16.179  -19.394  46.786 0.0000000000
127358  15.725  -19.203  47.253 0.0000000000
51536  15.004  -19.061  47.341 0.0000000000
51509  12.755  -19.749  49.076 0.0000000000
138481  12.774  -20.035  48.408 0.0000000000
123505  12.248  -20.349  48.728 0.0000000000
49491  12.198  -21.643  47.583 0.0000000000
48540  12.294  -22.535  47.113 0.0000000000
122311  11.646  -24.047  47.752 0.0000000000
49432  10.400  -21.799  53.411 0.0000000000
48508  9.859  -22.362  51.941 0.0000000000
44282  9.021  -26.133  51.172 0.0000000000
45370  9.373  -25.279  50.735 0.0000000000
130546  9.610  -26.082  50.231 0.0000000000
143070  10.055  -25.776  49.595 0.0000000000
126454  10.457  -25.893  49.089 0.0000000000
65928  29.804  -5.524  34.889 0.0000000000
65914  29.432  -5.424  35.706 0.0000000000
65899  27.918  -5.651  36.450 0.0000000000
63781  28.434  -7.159  41.534 0.0000000000
128141  28.271  -7.369  40.936 0.0000000000
63789  28.011  -7.183  40.243 0.0000000000
63798  27.820  -6.687  39.484 0.0000000000
64819  27.648  -6.327  38.715 0.0000000000
63806  27.358  -7.176  38.358 0.0000000000
62847  27.287  -8.961  37.290 0.0000000000
61912  27.782  -9.853  37.382 0.0000000000
60915  28.495  -10.613  37.509 0.0000000000
59860  29.869  -11.402  38.149 0.0000000000
59868  30.019  -12.021  37.931 0.0000000000
57758  29.801  -12.668  37.448 0.0000000000
57759  29.732  -13.569  37.166 0.0000000000
123122  29.884  -14.193  37.532 0.0000000000
56622  29.522  -14.814  37.848 0.0000000000
55515  30.333  -14.339  48.847 0.0000000000
56492  29.882  -14.133  48.335 0.0000000000
56516  31.217  -13.650  47.017 0.0000000000
57660  29.740  -13.685  44.531 0.0000000000
119188  30.518  -13.757  44.786 0.0000000000
121105  31.811  -14.258  44.372 0.0000000000
119995  32.403  -14.420  44.003 0.0000000000
56554  32.898  -14.402  43.316 0.0000000000
56566  33.146  -14.190  42.456 0.0000000000
57698  33.259  -13.736  41.924 0.0000000000
57720  33.157  -13.475  41.244 0.0000000000
56582  32.792  -14.279  41.711 0.0000000000
57723  27.495  -13.456  41.113 0.0000000000
56600  27.814  -14.136  39.762 0.0000000000
56614  27.452  -14.634  39.007 0.0000000000
120518  32.904  -6.420  30.943 0.0000000000
64952  33.181  -6.195  30.234 0.0000000000
64954  31.924  -6.416  30.679 0.0000000000
119843  31.224  -6.442  30.078 0.0000000000
128961  27.988  -7.381  28.980 0.0000000000
63900  28.767  -7.132  28.580 0.0000000000
125634  45.308  14.469  10.613 0.0000000000
86270  45.668  15.073  10.215 0.0000000000
127796  35.833  0.390  28.250 0.0000000000
70962  34.487  -0.598  28.512 0.0000000000
69934  34.025  -1.249  28.895 0.0000000000
69935  33.376  -1.743  28.439 0.0000000000
67013  32.369  -4.661  28.166 0.0000000000
72947  39.574  1.454  30.451 0.0000000000
71946  38.047  1.242  30.088 0.0000000000
71947  37.505  0.975  30.481 0.0000000000
133605  37.483  0.996  29.936 0.0000000000
71992  36.387  0.564  28.843 0.0000000000
49553  15.442  -21.215  42.342 0.0000000000
51533  22.494  -19.182  47.687 0.0000000000
52507  22.071  -18.700  46.525 0.0000000000
52521  21.635  -18.864  45.770 0.0000000000
50552  21.075  -20.781  44.830 0.0000000000
139914  21.171  -19.706  45.104 0.0000000000
52538  20.897  -19.108  44.488 0.0000000000
52553  20.665  -19.163  43.798 0.0000000000
51593  20.385  -20.411  42.645 0.0000000000
50582  19.359  -20.672  42.135 0.0000000000
78733  40.800  7.292  17.799 0.0000000000
125754  41.335  7.864  17.592 0.0000000000
122983  41.138  7.508  16.931 0.0000000000
49465  20.694  -21.609  49.846 0.0000000000
49454  20.780  -21.564  50.694 0.0000000000
74936  41.089  3.644  25.860 0.0000000000
74947  41.046  4.010  25.276 0.0000000000
74948  40.517  3.604  24.591 0.0000000000
75854  40.831  4.937  23.837 0.0000000000
76792  40.634  5.269  23.021 0.0000000000
76798  40.618  5.742  22.374 0.0000000000
74970  38.659  3.335  22.059 0.0000000000
74983  38.445  3.755  21.077 0.0000000000
74044  37.890  3.232  20.582 0.0000000000
119567  15.607  -18.578  50.229 0.0000000000
119276  14.648  -18.644  50.227 0.0000000000
51499  13.680  -19.049  50.221 0.0000000000
51486  13.939  -18.946  51.922 0.0000000000
51500  12.937  -19.523  49.871 0.0000000000
125900  8.783  -24.524  53.087 0.0000000000
121044  8.672  -25.984  52.133 0.0000000000
43280  9.697  -27.708  49.876 0.0000000000
41458  9.161  -29.168  49.525 0.0000000000
41453  8.461  -29.455  50.817 0.0000000000
62794  29.300  -8.379  42.463 0.0000000000
63780  28.783  -7.821  41.991 0.0000000000
62811  28.579  -8.022  41.307 0.0000000000
62826  28.674  -8.933  40.013 0.0000000000
61887  28.634  -9.402  39.148 0.0000000000
61886  29.378  -9.798  39.560 0.0000000000
60884  30.572  -10.901  39.548 0.0000000000
59858  31.075  -12.157  38.995 0.0000000000
57752  31.246  -13.447  38.885 0.0000000000
56519  27.270  -13.925  47.049 0.0000000000
57626  27.827  -13.599  46.274 0.0000000000
57640  28.965  -13.528  45.089 0.0000000000
141565  28.248  -13.469  44.701 0.0000000000
57681  29.581  -13.763  43.585 0.0000000000
57700  28.483  -13.643  42.239 0.0000000000
132744  27.788  -13.462  41.826 0.0000000000
57702  26.917  -13.175  42.788 0.0000000000
129505  26.514  -13.300  40.948 0.0000000000
64938  29.498  -6.331  31.748 0.0000000000
63878  27.945  -7.066  29.823 0.0000000000
63879  27.295  -7.430  30.241 0.0000000000
85421  45.904  14.665  11.848 0.0000000000
84527  45.780  13.733  12.069 0.0000000000
85422  45.380  14.154  11.312 0.0000000000
121386  45.167  12.383  10.201 0.0000000000
72053  34.740  0.158  24.361 0.0000000000
125339  34.327  -0.304  26.897 0.0000000000
70983  33.712  -0.522  26.237 0.0000000000
69954  33.002  -1.112  26.689 0.0000000000
69963  32.873  -0.992  25.741 0.0000000000
72991  39.804  1.148  28.701 0.0000000000
72989  41.147  1.762  28.879 0.0000000000
73969  40.507  2.419  26.538 0.0000000000
73043  39.904  2.017  26.132 0.0000000000
73044  39.290  1.706  25.703 0.0000000000
73029  38.909  1.333  25.972 0.0000000000
139398  37.311  1.264  24.427 0.0000000000
55498  30.790  -15.669  50.955 0.0000000000
55504  30.455  -15.242  50.223 0.0000000000
55505  29.319  -15.184  49.754 0.0000000000
55507  27.639  -15.786  49.874 0.0000000000
137301  28.031  -15.229  49.392 0.0000000000
55517  28.746  -14.901  49.276 0.0000000000
56494  28.018  -14.678  48.716 0.0000000000
56505  27.616  -14.277  47.872 0.0000000000
54529  23.370  -17.006  47.866 0.0000000000
54528  24.727  -15.887  48.268 0.0000000000
54530  22.671  -16.939  46.785 0.0000000000
55530  23.990  -16.190  47.688 0.0000000000
55528  25.346  -15.294  47.859 0.0000000000
56507  25.876  -14.687  47.417 0.0000000000
56520  26.412  -14.158  46.854 0.0000000000
56534  25.398  -14.171  45.837 0.0000000000
56535  24.705  -14.423  45.569 0.0000000000
55551  23.445  -15.128  45.349 0.0000000000
56536  24.069  -14.622  45.238 0.0000000000
56558  23.361  -14.341  43.512 0.0000000000
56559  22.657  -14.702  43.109 0.0000000000
122249  20.485  -20.153  41.777 0.0000000000
51598  20.458  -20.177  41.042 0.0000000000
61949  25.962  -9.154  33.841 0.0000000000
119455  46.276  9.536  17.002 0.0000000000
79766  42.286  8.697  17.504 0.0000000000
80672  43.682  9.345  17.603 0.0000000000
79771  42.760  8.918  16.223 0.0000000000
80682  43.491  9.290  16.578 0.0000000000
80681  44.334  9.500  16.847 0.0000000000
119678  45.863  9.595  16.293 0.0000000000
123399  46.705  9.550  16.326 0.0000000000
139485  46.353  9.604  15.731 0.0000000000
80688  46.400  9.666  14.991 0.0000000000
132155  46.422  9.694  14.052 0.0000000000
80718  47.476  9.923  12.292 0.0000000000
50540  18.168  -20.387  45.324 0.0000000000
50515  17.824  -20.033  47.461 0.0000000000
51534  17.211  -19.637  47.920 0.0000000000
50487  19.353  -20.780  49.901 0.0000000000
50475  18.863  -20.123  50.323 0.0000000000
50476  18.126  -19.628  49.921 0.0000000000
51496  16.566  -18.770  50.286 0.0000000000
52476  16.212  -18.514  51.814 0.0000000000
52466  16.408  -18.499  52.644 0.0000000000
52456  15.724  -18.562  53.329 0.0000000000
55497  31.413  -15.527  51.243 0.0000000000
119931  29.607  -16.358  51.156 0.0000000000
53499  28.189  -16.719  51.081 0.0000000000
54510  26.810  -16.709  50.454 0.0000000000
53504  26.075  -16.985  50.320 0.0000000000
54517  24.710  -17.270  49.798 0.0000000000
53505  23.806  -17.750  49.461 0.0000000000
52487  23.429  -18.701  49.641 0.0000000000
52490  22.790  -18.800  48.315 0.0000000000
50526  22.035  -20.400  46.843 0.0000000000
49497  21.525  -21.189  46.411 0.0000000000
72073  35.537  0.457  22.755 0.0000000000
79740  44.231  8.768  20.631 0.0000000000
78709  43.097  8.195  21.890 0.0000000000
79735  43.678  8.498  21.261 0.0000000000
79741  43.446  8.637  20.410 0.0000000000
79742  42.585  8.444  20.157 0.0000000000
79743  41.937  8.249  19.649 0.0000000000
78722  41.394  7.828  19.241 0.0000000000
77743  40.665  6.649  21.296 0.0000000000
76814  39.553  5.512  20.377 0.0000000000
77750  40.541  6.859  20.349 0.0000000000
78715  40.880  7.364  19.716 0.0000000000
78723  40.835  7.338  18.836 0.0000000000
50541  17.245  -19.972  44.932 0.0000000000
50558  14.662  -20.416  44.806 0.0000000000
50559  13.916  -20.843  45.182 0.0000000000
120059  14.712  -18.757  48.796 0.0000000000
51537  14.161  -19.239  47.542 0.0000000000
50517  13.260  -19.914  47.735 0.0000000000
51558  13.810  -19.710  47.009 0.0000000000
49514  13.412  -21.361  45.698 0.0000000000
119814  13.158  -22.333  45.591 0.0000000000
47601  12.923  -23.978  45.405 0.0000000000
47593  12.440  -23.271  46.696 0.0000000000
124255  12.565  -24.016  46.205 0.0000000000
46570  12.668  -24.745  45.571 0.0000000000
50469  11.364  -20.756  51.188 0.0000000000
49456  10.883  -21.287  50.411 0.0000000000
48503  9.487  -23.015  52.322 0.0000000000
47560  9.598  -23.056  51.464 0.0000000000
136486  9.533  -23.736  50.919 0.0000000000
140885  9.769  -23.092  50.747 0.0000000000
135485  10.095  -22.642  50.301 0.0000000000
48526  10.884  -22.255  49.043 0.0000000000
47580  10.916  -23.166  48.731 0.0000000000
46544  11.281  -24.805  48.031 0.0000000000
45405  11.404  -25.528  47.686 0.0000000000
39538  6.657  -31.092  53.785 0.0000000000
127222  6.270  -31.875  53.977 0.0000000000
37438  6.027  -33.514  52.930 0.0000000000
37424  5.663  -33.330  54.596 0.0000000000
67978  34.811  -3.636  31.303 0.0000000000
137528  31.664  -6.299  32.106 0.0000000000
64918  30.930  -6.174  32.227 0.0000000000
64919  30.114  -6.137  32.319 0.0000000000
64920  29.065  -6.112  32.903 0.0000000000
64902  28.512  -6.104  33.426 0.0000000000
121848  28.731  -5.837  34.137 0.0000000000
132582  27.665  -6.435  33.249 0.0000000000
64903  27.094  -6.581  33.870 0.0000000000
64904  26.634  -7.119  33.727 0.0000000000
63849  26.415  -7.672  34.300 0.0000000000
65882  28.456  -5.449  37.031 0.0000000000
123641  27.239  -6.112  36.498 0.0000000000
64835  27.317  -6.381  37.888 0.0000000000
64854  27.023  -6.534  37.093 0.0000000000
134530  26.999  -6.346  35.895 0.0000000000
64873  26.680  -6.808  35.547 0.0000000000
63842  26.475  -7.586  35.170 0.0000000000
61941  26.179  -9.180  34.568 0.0000000000
60929  26.716  -10.041  35.769 0.0000000000
60941  26.613  -10.635  35.311 0.0000000000
59897  26.954  -11.376  35.501 0.0000000000
59870  28.887  -11.203  37.362 0.0000000000
61837  32.477  -10.382  43.393 0.0000000000
130859  31.618  -14.584  49.901 0.0000000000
120128  32.415  -13.769  48.977 0.0000000000
124208  31.402  -13.887  48.384 0.0000000000
134087  32.873  -13.602  48.159 0.0000000000
57625  34.352  -13.483  46.506 0.0000000000
118893  31.548  -13.908  45.194 0.0000000000
55549  31.843  -13.854  45.690 0.0000000000
55536  32.809  -13.946  45.763 0.0000000000
56527  33.896  -13.941  45.942 0.0000000000
57639  34.583  -13.637  45.615 0.0000000000
142968  35.149  -13.072  45.244 0.0000000000
57680  34.242  -13.590  43.383 0.0000000000
58793  34.690  -12.522  43.642 0.0000000000
59793  34.390  -11.695  43.338 0.0000000000
60834  33.765  -11.098  43.351 0.0000000000
60843  33.182  -11.330  42.703 0.0000000000
60844  32.510  -10.901  42.614 0.0000000000
138090  32.419  -11.972  40.783 0.0000000000
58836  32.401  -12.707  40.306 0.0000000000
58846  31.936  -12.803  39.744 0.0000000000
56569  30.102  -14.484  42.001 0.0000000000
56598  30.699  -14.731  40.370 0.0000000000
56586  28.983  -14.200  40.851 0.0000000000
127781  30.554  -14.413  38.720 0.0000000000
124116  28.774  -15.197  37.872 0.0000000000
55598  28.056  -15.194  38.307 0.0000000000
128119  34.224  -3.910  30.565 0.0000000000
139991  33.625  -4.079  29.875 0.0000000000
139152  33.264  -5.758  29.772 0.0000000000
67001  33.229  -4.636  29.357 0.0000000000
67012  32.823  -4.640  28.807 0.0000000000
65993  32.037  -5.487  27.876 0.0000000000
64955  30.357  -6.424  30.443 0.0000000000
64968  30.467  -6.500  29.547 0.0000000000
65994  31.519  -6.055  27.549 0.0000000000
133567  31.598  -5.361  27.137 0.0000000000
81600  47.114  10.146  11.259 0.0000000000
81606  46.982  10.065  10.427 0.0000000000
46535  10.504  -24.552  49.016 0.0000000000
48515  9.902  -22.422  51.100 0.0000000000
52489  23.199  -18.292  48.924 0.0000000000
52498  22.679  -18.391  47.733 0.0000000000
54502  31.282  -15.894  51.791 0.0000000000
54514  28.342  -16.119  50.451 0.0000000000
54520  25.915  -16.006  49.402 0.0000000000
56506  26.709  -14.496  47.667 0.0000000000
56517  30.756  -13.641  47.047 0.0000000000
56521  25.626  -14.406  46.628 0.0000000000
57658  34.769  -13.580  44.781 0.0000000000
60835  33.014  -10.892  43.194 0.0000000000
63861  27.123  -7.058  31.726 0.0000000000
64940  27.699  -6.745  31.490 0.0000000000
74958  40.180  3.596  23.851 0.0000000000
75855  40.473  4.598  23.357 0.0000000000
76807  39.791  5.364  21.227 0.0000000000
77734  41.641  6.407  23.294 0.0000000000
79761  41.760  8.354  17.930 0.0000000000
84534  44.956  13.624  10.530 0.0000000000
123429  32.331  -14.643  50.678 0.0000000000
124581  23.317  -16.488  47.184 0.0000000000
125719  36.026  0.767  24.188 0.0000000000
129764  30.030  -14.867  49.622 0.0000000000
131066  8.654  -26.623  51.839 0.0000000000
137366  29.482  -6.181  32.452 0.0000000000
139925  27.591  -7.111  39.004 0.0000000000
140740  40.944  7.359  20.275 0.0000000000
142401  38.518  1.393  31.014 0.0000000000
143051  32.552  -6.053  28.900 0.0000000000
143267  12.600  -19.727  50.428 0.0000000000
143426  22.900  -16.003  46.030 0.0000000000
143769  41.649  7.788  20.711 0.0000000000
