#!ascii label  , from subject sub-v1s19x0051313_ses-1 vox2ras=TkReg
764
13848  40.139  -60.094  -26.092 0.3000000119
19458  34.722  -53.644  -17.497 0.6000000238
22086  33.599  -50.795  -19.838 0.6999999881
22099  33.636  -50.597  -20.591 0.6999999881
140774  39.904  -60.690  -25.802 0.4000000060
16112  38.307  -57.398  -20.664 0.4000000060
14621  40.152  -59.410  -25.581 0.5000000000
14631  40.335  -59.393  -26.454 0.5000000000
132914  35.607  -53.998  -17.397 0.6999999881
20327  34.225  -52.976  -17.724 0.6999999881
20316  34.797  -52.620  -17.466 0.5000000000
22075  33.658  -51.036  -18.851 0.6000000238
22967  34.015  -49.425  -19.544 0.6999999881
22981  33.850  -49.193  -21.329 0.6999999881
13838  39.562  -60.070  -24.387 0.5000000000
16123  38.717  -57.403  -21.389 0.4000000060
14622  39.862  -59.360  -24.829 0.6000000238
16945  37.865  -56.384  -19.362 0.4000000060
17795  37.366  -55.415  -18.425 0.5000000000
15391  39.892  -58.633  -24.564 0.6000000238
17796  36.638  -55.753  -17.923 0.6000000238
18633  36.910  -54.943  -17.859 0.6000000238
15398  40.128  -58.849  -25.166 0.6000000238
19457  36.433  -53.417  -17.576 0.6000000238
21185  34.154  -52.075  -17.791 0.6000000238
22074  34.093  -50.427  -18.111 0.6000000238
23849  34.344  -48.760  -19.023 0.6999999881
22085  33.812  -50.194  -19.157 0.6999999881
132117  34.181  -48.752  -19.880 0.6999999881
23869  33.940  -48.402  -21.649 0.6999999881
122988  34.178  -48.375  -20.731 0.6999999881
24777  34.256  -47.628  -21.376 0.6999999881
24761  34.539  -47.417  -20.542 0.6999999881
14600  39.272  -59.604  -23.617 0.5000000000
15373  38.901  -58.793  -22.510 0.5000000000
123317  38.532  -58.897  -21.886 0.5000000000
16952  38.330  -56.404  -20.119 0.4000000060
15382  39.601  -58.446  -23.850 0.5000000000
18651  37.969  -55.068  -18.989 0.5000000000
18632  37.553  -54.605  -18.452 0.6000000238
16146  40.004  -57.901  -24.301 0.6000000238
16139  39.692  -57.692  -23.489 0.5000000000
16983  39.830  -56.816  -23.090 0.5000000000
20314  36.241  -52.491  -17.468 0.6999999881
132460  34.878  -51.743  -17.437 0.6000000238
130060  35.564  -53.066  -17.385 0.6999999881
22949  34.631  -49.591  -17.833 0.6000000238
123649  34.445  -51.139  -17.683 0.6000000238
23841  34.616  -48.826  -18.149 0.6000000238
24736  34.680  -48.101  -18.586 0.6000000238
24745  34.486  -47.992  -19.633 0.6999999881
24791  33.939  -47.738  -22.081 0.6999999881
135313  34.737  -47.484  -18.952 0.6000000238
25726  34.588  -46.817  -21.216 0.6999999881
126960  34.263  -46.997  -21.926 0.6999999881
24744  34.757  -47.092  -19.638 0.6999999881
124308  38.658  -56.679  -20.843 0.4000000060
15372  39.286  -58.377  -23.019 0.5000000000
16131  38.903  -58.073  -22.099 0.4000000060
17805  38.314  -55.568  -19.686 0.5000000000
16130  39.395  -57.511  -22.689 0.4000000060
18615  37.089  -54.068  -17.941 0.6000000238
16962  39.360  -56.472  -21.906 0.4000000060
141262  39.494  -56.845  -22.429 0.4000000060
17816  39.551  -55.725  -21.857 0.4000000060
125118  36.805  -52.680  -17.758 0.6999999881
20315  35.525  -52.196  -17.367 0.6000000238
21172  35.123  -50.991  -17.392 0.6000000238
23834  35.110  -48.922  -17.682 0.6000000238
22948  35.279  -49.618  -17.483 0.6000000238
23840  35.114  -48.181  -17.875 0.6000000238
25740  34.320  -46.341  -22.395 0.6999999881
131986  34.571  -46.350  -21.768 0.6999999881
143297  34.794  -46.523  -20.378 0.6000000238
26637  34.867  -45.863  -21.150 0.6000000238
16963  39.000  -56.773  -21.489 0.4000000060
17812  38.778  -55.809  -20.558 0.4000000060
19468  37.805  -53.687  -18.609 0.6999999881
17817  39.145  -56.109  -21.277 0.4000000060
19456  37.221  -53.173  -18.051 0.8000000119
17826  40.029  -55.399  -22.531 0.5000000000
132771  36.100  -51.714  -17.374 0.6999999881
21171  35.843  -51.010  -17.329 0.6000000238
142613  35.679  -49.048  -17.426 0.5000000000
22061  35.552  -50.305  -17.356 0.6000000238
25754  34.033  -46.190  -23.100 0.6999999881
25671  35.345  -46.110  -18.456 0.6000000238
141015  34.994  -46.865  -18.760 0.6000000238
129841  34.490  -45.785  -22.799 0.8000000119
25687  34.987  -46.275  -19.435 0.6000000238
18664  38.803  -54.918  -20.322 0.5000000000
122368  38.407  -54.635  -19.568 0.6000000238
18663  39.226  -54.264  -20.866 0.5000000000
19514  39.595  -53.582  -21.447 0.6999999881
18671  39.645  -54.440  -21.600 0.4000000060
20313  36.874  -51.841  -17.706 0.6999999881
21170  36.454  -51.175  -17.448 0.6999999881
22947  35.995  -49.598  -17.299 0.6000000238
22060  36.393  -50.386  -17.369 0.6000000238
23833  35.676  -48.378  -17.497 0.6000000238
26674  34.466  -45.502  -23.511 0.6000000238
24735  35.053  -47.469  -18.239 0.6000000238
26662  34.799  -45.665  -22.113 0.6999999881
26673  34.935  -45.247  -22.854 0.6999999881
25709  35.000  -45.614  -20.117 0.6999999881
26652  35.097  -45.166  -21.599 0.6999999881
19498  38.750  -54.009  -20.127 0.5000000000
134510  38.367  -53.797  -19.364 0.6000000238
20349  39.419  -52.637  -21.287 0.6999999881
19497  39.095  -53.346  -20.698 0.6000000238
20326  37.743  -52.726  -18.514 0.6999999881
140370  39.744  -53.009  -21.694 0.6999999881
135428  40.033  -53.307  -22.075 0.6999999881
124307  37.589  -51.947  -18.314 0.6999999881
22059  37.001  -50.921  -17.612 0.6999999881
22946  36.766  -49.559  -17.396 0.5000000000
141164  37.086  -50.211  -17.554 0.6000000238
26703  34.809  -44.848  -26.112 0.5000000000
126316  36.220  -48.009  -17.371 0.6000000238
23832  36.352  -48.774  -17.348 0.6000000238
26682  34.933  -44.969  -24.159 0.6000000238
27539  35.508  -44.519  -25.671 0.5000000000
143888  35.359  -46.851  -18.046 0.6000000238
24728  35.717  -47.429  -17.631 0.6000000238
27523  35.400  -44.612  -23.020 0.6000000238
27532  35.508  -44.487  -24.669 0.5000000000
28390  36.761  -43.725  -25.704 0.5000000000
26601  35.505  -45.324  -18.451 0.6999999881
26621  35.205  -45.451  -19.165 0.6999999881
26636  35.130  -44.832  -20.781 0.6999999881
27503  35.299  -44.437  -21.648 0.6999999881
139379  35.881  -43.880  -23.334 0.5000000000
124352  35.193  -44.739  -19.727 0.6999999881
28342  35.547  -43.480  -21.683 0.6000000238
20339  38.249  -52.951  -19.096 0.6000000238
135704  38.980  -52.549  -20.614 0.6999999881
124228  38.429  -52.341  -19.496 0.6000000238
21212  39.106  -51.799  -20.923 0.6999999881
20325  38.119  -52.127  -18.900 0.6999999881
22073  37.545  -50.569  -18.016 0.6999999881
23831  37.187  -48.805  -17.479 0.6000000238
27548  35.545  -44.643  -26.837 0.4000000060
123359  36.866  -48.079  -17.346 0.5000000000
28400  36.937  -43.960  -26.705 0.4000000060
26590  35.807  -45.605  -17.914 0.6000000238
25663  35.798  -46.458  -17.747 0.6000000238
28381  36.076  -44.012  -24.262 0.5000000000
28361  35.860  -43.323  -22.604 0.5000000000
28372  36.342  -43.284  -23.958 0.4000000060
126327  35.407  -44.691  -18.839 0.6000000238
27488  35.256  -43.949  -20.196 0.6999999881
131259  35.298  -43.982  -21.006 0.6000000238
29263  35.793  -42.756  -22.086 0.5000000000
122446  38.709  -52.031  -20.163 0.6999999881
21198  38.427  -51.562  -19.481 0.6999999881
127483  39.238  -50.961  -21.363 0.6999999881
22096  39.132  -50.108  -20.981 0.6999999881
21183  37.975  -51.191  -18.670 0.6000000238
127228  38.103  -50.148  -18.599 0.6000000238
24726  37.179  -47.462  -17.378 0.6000000238
23830  37.679  -48.020  -17.611 0.5000000000
24727  36.546  -47.413  -17.388 0.6000000238
26589  36.478  -45.966  -17.488 0.6000000238
25662  36.301  -46.794  -17.484 0.6000000238
28379  37.177  -43.068  -25.243 0.5000000000
28389  37.453  -43.419  -26.156 0.4000000060
27474  35.397  -43.933  -19.277 0.6000000238
29249  35.570  -42.422  -21.306 0.5000000000
21213  38.773  -51.031  -20.388 0.6999999881
22084  38.462  -50.634  -19.414 0.6000000238
22966  38.655  -49.632  -19.396 0.6000000238
22980  39.597  -49.472  -21.699 0.6999999881
22957  38.266  -49.221  -18.414 0.5000000000
24725  37.812  -47.098  -17.546 0.6000000238
25661  37.059  -46.698  -17.328 0.6000000238
130417  35.770  -44.795  -18.152 0.6000000238
29234  35.437  -42.321  -20.349 0.5000000000
22965  39.120  -48.959  -19.962 0.6999999881
23838  38.387  -48.367  -18.189 0.6000000238
24734  38.506  -47.513  -17.995 0.5000000000
25660  37.945  -46.197  -17.481 0.6000000238
25670  38.599  -46.669  -17.881 0.6000000238
131669  37.018  -45.202  -17.415 0.6000000238
27455  36.152  -44.162  -17.896 0.6000000238
133236  35.432  -43.044  -19.716 0.5000000000
135282  41.025  -55.611  -24.698 0.5000000000
18677  40.526  -54.757  -22.999 0.5000000000
18682  41.282  -54.147  -24.261 0.5000000000
18683  40.949  -54.975  -23.905 0.5000000000
19530  40.436  -53.856  -22.667 0.6999999881
20378  40.713  -52.244  -23.493 0.6999999881
133141  40.825  -53.261  -23.353 0.5000000000
137791  41.130  -53.562  -23.915 0.5000000000
127627  39.898  -52.440  -22.043 0.6999999881
20369  40.420  -52.854  -22.685 0.6999999881
21223  39.519  -51.721  -21.659 0.6999999881
13856  40.140  -60.007  -26.835 0.3000000119
22974  33.944  -49.289  -20.465 0.6999999881
126342  33.935  -51.310  -18.101 0.6000000238
24804  33.816  -47.044  -22.694 0.6999999881
140580  39.705  -55.046  -21.885 0.6000000238
133527  35.074  -44.963  -23.456 0.6000000238
27513  35.221  -44.901  -22.282 0.6999999881
127547  35.511  -44.491  -23.801 0.6000000238
27531  36.153  -44.110  -25.204 0.5000000000
27538  36.221  -44.234  -26.225 0.5000000000
29262  36.134  -42.449  -22.779 0.5000000000
22958  37.577  -49.622  -17.819 0.5000000000
22973  38.980  -49.619  -20.279 0.6999999881
27443  36.297  -45.014  -17.695 0.6000000238
27456  35.691  -44.014  -18.477 0.6000000238
23848  38.827  -48.702  -19.041 0.6000000238
26588  37.245  -45.916  -17.365 0.6000000238
21249  40.785  -50.886  -24.581 0.6000000238
23908  41.887  -48.651  -26.636 0.6000000238
23907  42.526  -47.950  -26.928 0.4000000060
23004  40.797  -49.774  -25.329 0.5000000000
20386  40.753  -51.455  -24.089 0.6000000238
17773  35.365  -55.341  -17.514 0.5000000000
139499  35.691  -54.734  -17.424 0.5000000000
18634  34.309  -54.490  -17.727 0.5000000000
22128  41.133  -50.026  -26.047 0.5000000000
24831  43.386  -47.161  -27.611 0.4000000060
18617  35.006  -54.599  -17.444 0.5000000000
19469  33.960  -53.677  -17.893 0.5000000000
130125  41.480  -49.073  -26.397 0.6000000238
22124  40.583  -50.224  -24.654 0.5000000000
21241  40.400  -51.305  -23.393 0.6000000238
25784  44.638  -45.847  -28.193 0.4000000060
26711  44.952  -45.548  -28.710 0.4000000060
24825  41.950  -48.253  -26.174 0.4000000060
19499  33.448  -53.697  -20.551 0.5000000000
23900  40.839  -49.121  -25.220 0.5000000000
19470  33.520  -53.620  -18.639 0.5000000000
128114  33.525  -52.991  -21.087 0.5000000000
22119  40.247  -49.995  -23.995 0.6000000238
21242  40.167  -50.500  -23.347 0.6000000238
140570  39.870  -51.595  -22.246 0.6000000238
21186  33.631  -51.927  -18.583 0.5000000000
140399  33.527  -52.368  -21.168 0.5000000000
22999  40.528  -49.540  -24.601 0.5000000000
22994  40.281  -49.368  -23.887 0.6000000238
22995  40.048  -49.825  -23.293 0.6000000238
22112  39.862  -50.351  -22.675 0.6000000238
22987  39.837  -49.656  -22.536 0.6000000238
135995  39.660  -50.963  -22.110 0.6000000238
24823  42.909  -47.328  -26.602 0.4000000060
25776  44.242  -46.103  -27.050 0.4000000060
21225  33.620  -50.867  -21.349 0.5000000000
20359  33.675  -52.463  -21.851 0.5000000000
131535  33.798  -52.126  -22.678 0.4000000060
21214  33.538  -51.317  -20.537 0.6000000238
23892  41.148  -48.533  -24.947 0.6000000238
23887  40.476  -48.735  -23.657 0.6000000238
23878  40.455  -48.387  -22.806 0.6000000238
23879  39.962  -48.915  -22.289 0.6000000238
26701  45.714  -45.049  -27.798 0.4000000060
121733  33.620  -50.838  -22.151 0.5000000000
21235  33.673  -51.324  -22.725 0.4000000060
21243  33.874  -51.450  -24.065 0.4000000060
142278  42.227  -47.509  -25.127 0.6000000238
25769  42.899  -47.016  -25.764 0.4000000060
24809  41.616  -47.832  -24.518 0.6000000238
24816  41.743  -48.101  -25.449 0.6000000238
24810  40.960  -48.340  -24.104 0.5000000000
24790  40.959  -47.731  -22.891 0.6000000238
24802  41.294  -47.752  -23.625 0.5000000000
23868  39.792  -48.689  -21.429 0.6000000238
26710  45.961  -45.415  -28.689 0.4000000060
134559  43.555  -46.459  -26.109 0.4000000060
22106  33.603  -50.022  -21.880 0.6000000238
22113  33.515  -50.417  -22.823 0.5000000000
22120  33.511  -50.752  -23.820 0.5000000000
22125  33.761  -50.968  -24.741 0.5000000000
118887  43.372  -46.427  -25.180 0.4000000060
143126  42.583  -46.893  -24.604 0.5000000000
138362  42.004  -46.742  -23.168 0.5000000000
24789  41.516  -47.192  -23.028 0.5000000000
134292  40.661  -47.779  -22.293 0.6000000238
23867  40.247  -48.196  -21.938 0.6000000238
22972  39.349  -49.213  -20.830 0.6000000238
26690  45.468  -44.983  -26.472 0.4000000060
26691  44.826  -45.473  -26.784 0.4000000060
27545  46.216  -44.548  -27.443 0.4000000060
23880  33.711  -48.383  -22.205 0.6000000238
26692  44.694  -45.430  -25.593 0.4000000060
133070  33.365  -49.421  -22.913 0.6000000238
22126  33.207  -50.192  -24.490 0.5000000000
26681  43.977  -45.767  -24.733 0.4000000060
25753  41.935  -47.182  -23.867 0.5000000000
25739  41.127  -47.120  -22.190 0.5000000000
24775  40.573  -47.483  -21.614 0.6000000238
24776  40.096  -47.938  -21.104 0.6000000238
23859  39.601  -48.440  -20.534 0.6000000238
27537  46.262  -44.322  -26.257 0.4000000060
24792  33.531  -47.957  -22.652 0.6000000238
23881  33.482  -48.678  -22.606 0.6000000238
22996  32.984  -49.387  -23.801 0.5000000000
23006  32.548  -49.428  -25.632 0.5000000000
26680  44.630  -45.245  -24.758 0.4000000060
25751  43.173  -46.217  -24.180 0.4000000060
25752  42.495  -46.525  -23.645 0.5000000000
25738  41.720  -46.555  -22.519 0.5000000000
24759  40.403  -47.163  -20.788 0.5000000000
24805  33.316  -47.505  -23.309 0.6000000238
125942  32.896  -47.864  -23.828 0.5000000000
24812  32.609  -47.724  -24.651 0.5000000000
25737  42.329  -46.182  -22.839 0.5000000000
25724  41.440  -46.274  -21.758 0.4000000060
25725  40.901  -46.712  -21.309 0.4000000060
24760  39.900  -47.651  -20.232 0.4000000060
24742  39.599  -47.350  -19.332 0.6000000238
24743  39.014  -47.859  -18.758 0.4000000060
27528  46.738  -43.813  -25.334 0.4000000060
27529  45.799  -44.322  -24.805 0.4000000060
25755  33.509  -46.620  -23.548 0.6000000238
27530  44.947  -44.733  -24.369 0.4000000060
25763  33.785  -45.927  -23.781 0.5000000000
24811  32.929  -47.048  -24.065 0.5000000000
24818  32.366  -47.628  -25.920 0.4000000060
26660  42.657  -45.364  -22.457 0.5000000000
26649  42.177  -45.203  -21.822 0.5000000000
26650  41.689  -45.486  -21.455 0.6000000238
25707  40.647  -46.329  -20.481 0.4000000060
25708  40.161  -46.848  -19.918 0.4000000060
24733  39.173  -47.021  -18.507 0.4000000060
26635  40.806  -45.383  -20.171 0.5000000000
26683  34.093  -45.434  -24.500 0.5000000000
25764  33.171  -46.092  -24.469 0.6000000238
26694  34.098  -45.202  -25.582 0.4000000060
26620  39.763  -45.639  -18.898 0.5000000000
27487  41.173  -44.527  -20.178 0.5000000000
26651  41.164  -45.879  -20.986 0.5000000000
25685  40.274  -45.994  -19.672 0.5000000000
28378  46.200  -43.689  -24.157 0.4000000060
27442  36.836  -44.327  -17.545 0.5000000000
131451  38.661  -45.979  -17.849 0.4000000060
25669  39.207  -46.181  -18.346 0.5000000000
26619  40.277  -45.254  -19.447 0.5000000000
27473  40.581  -44.631  -19.565 0.5000000000
28269  37.436  -43.694  -17.553 0.4000000060
27441  37.632  -44.521  -17.516 0.4000000060
26587  37.759  -45.386  -17.474 0.5000000000
27440  38.389  -44.785  -17.708 0.5000000000
26599  39.073  -45.277  -18.154 0.5000000000
27453  39.853  -44.664  -18.807 0.5000000000
28288  39.749  -43.650  -18.475 0.5000000000
27454  39.090  -44.262  -18.086 0.4000000060
21199  33.477  -51.658  -19.611 0.5000000000
20328  33.734  -52.836  -18.217 0.6000000238
22988  33.649  -49.120  -22.136 0.6000000238
17772  36.159  -55.220  -17.544 0.5000000000
26693  34.817  -44.884  -25.091 0.5000000000
23847  39.376  -48.168  -19.633 0.6000000238
19482  33.352  -53.623  -19.632 0.5000000000
20340  33.385  -52.696  -19.297 0.5000000000
134078  33.444  -52.254  -20.465 0.5000000000
21224  33.645  -51.563  -22.002 0.4000000060
131181  33.865  -51.806  -23.375 0.4000000060
143766  42.095  -47.361  -24.518 0.6000000238
121149  33.663  -51.174  -23.354 0.4000000060
25768  44.123  -46.015  -25.863 0.4000000060
141382  33.512  -49.741  -22.425 0.6000000238
22121  33.261  -50.059  -23.529 0.5000000000
22130  34.063  -51.158  -25.521 0.5000000000
23005  32.984  -49.986  -25.343 0.5000000000
23888  33.161  -48.496  -23.276 0.5000000000
23000  32.790  -49.390  -24.775 0.5000000000
23894  32.752  -48.575  -24.192 0.5000000000
23895  32.487  -48.594  -25.200 0.5000000000
26672  42.959  -45.869  -23.285 0.5000000000
25686  39.731  -46.509  -19.084 0.3000000119
28268  38.319  -43.824  -17.690 0.4000000060
8327  42.086  -69.505  -25.606 0.3000000119
8347  42.342  -69.205  -26.364 0.3000000119
7762  42.848  -69.610  -25.859 0.3000000119
137254  42.435  -67.605  -26.426 0.3000000119
8989  42.621  -68.607  -26.462 0.3000000119
9632  43.082  -67.710  -25.932 0.3000000119
10263  41.819  -65.728  -26.167 0.3000000119
10251  44.907  -65.734  -25.396 0.3000000119
9631  43.537  -66.526  -25.835 0.3000000119
137217  42.585  -65.835  -26.046 0.3000000119
10252  44.477  -66.241  -25.567 0.3000000119
10935  45.191  -64.243  -26.617 0.3000000119
10262  44.178  -65.612  -26.056 0.3000000119
10919  43.666  -64.764  -26.491 0.4000000060
10920  42.367  -64.918  -26.205 0.4000000060
11607  42.101  -63.311  -27.228 0.4000000060
11608  41.091  -63.302  -27.185 0.3000000119
11620  45.294  -63.074  -27.746 0.3000000119
131035  45.051  -63.728  -27.471 0.4000000060
11605  44.227  -63.678  -27.693 0.4000000060
10938  42.728  -63.983  -26.698 0.4000000060
121663  45.435  -63.454  -26.764 0.3000000119
11623  42.545  -62.838  -28.024 0.4000000060
13080  45.629  -61.605  -27.071 0.4000000060
13081  45.570  -62.026  -27.212 0.4000000060
11624  41.515  -62.709  -28.023 0.4000000060
127068  42.108  -62.270  -28.925 0.3000000119
12322  45.370  -62.255  -27.975 0.4000000060
11621  44.629  -63.156  -28.314 0.3000000119
11622  43.562  -63.096  -28.237 0.4000000060
13088  45.551  -61.477  -27.711 0.4000000060
137118  43.067  -62.125  -29.254 0.5000000000
140432  43.035  -62.559  -28.663 0.4000000060
15397  40.401  -58.759  -25.843 0.5000000000
13087  45.637  -61.040  -27.552 0.4000000060
14639  40.236  -59.382  -27.558 0.3000000119
15412  40.430  -58.426  -28.179 0.4000000060
139006  39.923  -60.846  -30.434 0.3000000119
16931  36.261  -56.526  -18.008 0.4000000060
138795  35.517  -56.586  -17.848 0.4000000060
17837  40.458  -55.536  -23.318 0.4000000060
122041  40.698  -55.782  -23.984 0.4000000060
16982  40.339  -56.302  -23.615 0.4000000060
13096  45.258  -61.389  -28.519 0.4000000060
142985  44.509  -62.526  -28.805 0.3000000119
12324  43.831  -62.634  -28.889 0.5000000000
16991  40.640  -56.469  -24.493 0.4000000060
16145  40.466  -57.347  -24.778 0.4000000060
13872  45.566  -60.603  -28.252 0.4000000060
15406  40.668  -58.572  -26.848 0.4000000060
12335  42.236  -61.718  -29.625 0.4000000060
16159  40.926  -57.750  -26.512 0.5000000000
12336  41.470  -61.876  -29.560 0.5000000000
14640  39.646  -59.768  -28.498 0.4000000060
13102  41.284  -60.828  -30.327 0.3000000119
14648  39.369  -59.387  -29.576 0.4000000060
17774  34.633  -55.291  -17.665 0.4000000060
18678  40.057  -54.579  -22.285 0.4000000060
13876  45.223  -60.524  -29.026 0.4000000060
13097  44.649  -61.275  -29.217 0.4000000060
132279  40.795  -56.862  -25.233 0.4000000060
16152  40.761  -57.480  -25.657 0.5000000000
13877  44.458  -60.397  -29.475 0.4000000060
12334  44.017  -61.972  -29.340 0.4000000060
142138  41.042  -57.291  -26.244 0.5000000000
14652  45.179  -59.625  -29.364 0.4000000060
129190  44.653  -59.012  -29.592 0.4000000060
13098  43.801  -61.045  -29.619 0.4000000060
127026  43.053  -60.810  -29.912 0.5000000000
13879  42.614  -60.140  -30.032 0.5000000000
17856  41.046  -56.205  -25.328 0.4000000060
16158  41.274  -57.089  -26.988 0.5000000000
15416  45.440  -58.786  -29.412 0.4000000060
13882  41.717  -60.147  -30.230 0.5000000000
16165  40.922  -57.786  -27.599 0.4000000060
13883  40.846  -60.095  -30.409 0.4000000060
15423  39.999  -58.317  -30.160 0.4000000060
142973  39.636  -58.639  -29.762 0.4000000060
15414  39.929  -58.186  -29.320 0.4000000060
17847  41.407  -54.777  -24.824 0.4000000060
18691  41.681  -53.948  -25.033 0.3000000119
14653  44.114  -59.561  -29.642 0.4000000060
14654  43.109  -59.369  -29.881 0.4000000060
140765  41.637  -55.637  -26.396 0.4000000060
142815  34.603  -52.219  -24.794 0.4000000060
125213  45.589  -58.071  -29.454 0.4000000060
15417  44.628  -58.293  -29.619 0.4000000060
14656  41.926  -59.151  -30.083 0.5000000000
17004  41.526  -56.245  -26.743 0.5000000000
132913  41.457  -56.354  -27.828 0.4000000060
16171  44.782  -57.462  -29.617 0.4000000060
15422  40.746  -58.587  -30.194 0.4000000060
16169  40.447  -57.535  -29.036 0.4000000060
130774  39.953  -57.995  -29.860 0.4000000060
16168  40.955  -56.524  -28.991 0.4000000060
19546  41.422  -53.352  -24.534 0.4000000060
17855  41.465  -55.421  -25.596 0.3000000119
15418  43.763  -58.716  -29.687 0.4000000060
123915  42.648  -58.387  -29.839 0.4000000060
17866  41.834  -55.027  -26.374 0.3000000119
16172  43.481  -57.685  -29.639 0.4000000060
136138  42.269  -57.537  -29.727 0.4000000060
15419  41.314  -57.896  -29.930 0.5000000000
17880  44.496  -55.849  -29.555 0.4000000060
135176  43.750  -56.575  -29.559 0.4000000060
16174  41.473  -56.982  -29.587 0.4000000060
16175  40.683  -57.349  -29.508 0.4000000060
138883  41.058  -52.112  -24.227 0.4000000060
10952  36.559  -64.751  -29.652 0.3000000119
10260  45.155  -65.158  -25.556 0.3000000119
11590  45.471  -64.034  -26.032 0.3000000119
12316  45.624  -62.193  -26.650 0.4000000060
14646  45.698  -59.840  -28.425 0.4000000060
14651  45.635  -59.745  -28.836 0.4000000060
14650  45.897  -58.997  -28.816 0.4000000060
140438  46.192  -57.929  -29.255 0.4000000060
132351  41.938  -53.726  -25.827 0.3000000119
17019  45.180  -56.698  -29.602 0.4000000060
19554  41.707  -53.095  -25.264 0.4000000060
135817  42.170  -53.529  -26.643 0.4000000060
140378  42.014  -54.769  -26.880 0.4000000060
17020  42.578  -56.012  -29.554 0.4000000060
17021  41.748  -56.153  -29.451 0.4000000060
17016  41.172  -56.563  -29.285 0.4000000060
17011  41.540  -55.700  -28.659 0.3000000119
17875  41.843  -55.374  -27.356 0.4000000060
17881  43.356  -55.586  -29.541 0.4000000060
123202  40.644  -58.148  -25.962 0.4000000060
21248  41.195  -51.562  -24.850 0.4000000060
8363  42.244  -68.807  -26.760 0.3000000119
8346  42.814  -69.232  -26.291 0.3000000119
9633  41.779  -66.779  -26.630 0.3000000119
9656  37.179  -66.352  -28.507 0.3000000119
10941  37.653  -65.022  -28.113 0.3000000119
125011  42.527  -66.632  -26.121 0.3000000119
10261  44.837  -65.433  -25.880 0.3000000119
11591  41.707  -63.942  -26.495 0.4000000060
10936  44.606  -64.263  -27.005 0.3000000119
10937  43.673  -64.041  -27.092 0.4000000060
11606  43.105  -63.457  -27.455 0.4000000060
12306  45.609  -62.814  -26.330 0.3000000119
130897  45.669  -61.125  -27.177 0.4000000060
119313  43.068  -61.467  -29.696 0.4000000060
13100  41.436  -61.383  -29.988 0.5000000000
13884  40.021  -60.107  -30.434 0.3000000119
15415  46.150  -58.400  -29.107 0.4000000060
15420  40.301  -57.915  -30.021 0.4000000060
22146  41.951  -50.491  -27.380 0.4000000060
22137  41.591  -50.231  -26.716 0.4000000060
23018  42.270  -49.285  -27.822 0.4000000060
23912  42.386  -48.598  -27.490 0.3000000119
23012  41.489  -49.574  -26.546 0.5000000000
126455  41.435  -50.771  -26.196 0.4000000060
22129  41.016  -50.610  -25.350 0.4000000060
21275  48.263  -51.314  -28.408 0.3000000119
21280  48.229  -50.944  -29.093 0.3000000119
23914  45.459  -47.768  -29.468 0.3000000119
24835  45.034  -47.028  -29.837 0.3000000119
25791  45.285  -46.351  -29.485 0.3000000119
125300  44.082  -46.421  -27.849 0.3000000119
22143  46.634  -50.159  -28.830 0.3000000119
22149  45.995  -49.577  -29.216 0.3000000119
23016  45.572  -48.832  -28.947 0.3000000119
20400  48.458  -52.083  -27.166 0.3000000119
21262  47.447  -51.597  -27.474 0.3000000119
25792  45.268  -46.602  -29.557 0.3000000119
26717  45.567  -45.899  -29.157 0.3000000119
22144  45.608  -49.806  -28.469 0.3000000119
23911  45.031  -48.427  -28.056 0.3000000119
24834  45.452  -46.750  -29.412 0.3000000119
22136  44.869  -50.375  -27.426 0.3000000119
23017  44.833  -49.457  -27.815 0.3000000119
24822  45.015  -47.733  -27.579 0.3000000119
23010  44.313  -49.252  -26.982 0.3000000119
23905  44.414  -48.499  -26.822 0.3000000119
21264  45.235  -51.227  -26.878 0.3000000119
25783  46.199  -46.059  -29.027 0.3000000119
25782  46.458  -45.344  -28.566 0.3000000119
27555  46.711  -44.610  -28.374 0.3000000119
23011  43.895  -49.868  -26.322 0.3000000119
24830  45.585  -46.836  -28.505 0.3000000119
26700  47.449  -44.769  -28.447 0.3000000119
23897  44.079  -48.319  -25.946 0.3000000119
24821  45.272  -47.113  -26.947 0.3000000119
25775  46.152  -46.180  -28.113 0.3000000119
25767  46.095  -46.336  -26.551 0.3000000119
27544  47.013  -43.958  -27.913 0.3000000119
26709  46.984  -44.808  -28.466 0.3000000119
28404  48.210  -43.892  -28.644 0.3000000119
28387  47.362  -43.606  -26.941 0.3000000119
122786  47.579  -43.521  -25.712 0.3000000119
28377  47.050  -43.449  -24.491 0.3000000119
24832  43.086  -47.887  -28.025 0.3000000119
23019  41.865  -49.769  -27.255 0.4000000060
125767  44.790  -46.085  -28.891 0.3000000119
25789  45.974  -45.660  -28.833 0.3000000119
22145  42.178  -50.047  -27.982 0.5000000000
21276  47.048  -50.914  -28.209 0.3000000119
136924  45.493  -47.487  -28.753 0.3000000119
133468  45.239  -47.196  -29.758 0.3000000119
143544  44.400  -47.200  -29.413 0.3000000119
124539  43.814  -47.191  -28.663 0.3000000119
21277  45.901  -50.663  -27.847 0.3000000119
25790  45.525  -46.171  -29.257 0.3000000119
24815  44.567  -47.610  -25.757 0.3000000119
24814  45.249  -46.878  -25.508 0.3000000119
23898  43.580  -48.824  -25.330 0.3000000119
25774  46.854  -45.596  -27.706 0.3000000119
18710  42.190  -54.282  -27.388 0.3000000119
18733  41.938  -54.795  -28.578 0.4000000060
19577  42.729  -53.464  -29.277 0.4000000060
19569  42.506  -53.214  -28.865 0.4000000060
136452  42.732  -52.688  -29.038 0.4000000060
20427  43.113  -52.578  -29.284 0.3000000119
19570  42.318  -53.747  -28.374 0.4000000060
20421  42.608  -52.239  -28.654 0.4000000060
21288  43.370  -51.038  -29.251 0.3000000119
20414  42.251  -52.200  -27.410 0.3000000119
20422  42.472  -52.712  -28.191 0.4000000060
21282  42.553  -51.300  -28.560 0.4000000060
21266  41.793  -50.888  -26.829 0.3000000119
21278  42.081  -51.300  -27.372 0.4000000060
22150  42.563  -50.418  -28.561 0.4000000060
142167  42.159  -52.687  -26.799 0.3000000119
121880  41.874  -51.750  -26.464 0.3000000119
20394  41.617  -52.171  -25.487 0.3000000119
20403  41.931  -52.829  -26.061 0.3000000119
21283  42.332  -51.733  -28.078 0.4000000060
127821  45.672  -62.352  -26.046 0.3000000119
17883  41.870  -55.485  -29.290 0.3000000119
12280  45.475  -62.511  -24.426 0.3000000119
13051  45.666  -62.703  -24.811 0.3000000119
13064  45.684  -61.878  -25.850 0.3000000119
13074  45.637  -61.753  -26.540 0.3000000119
18732  42.223  -54.188  -29.097 0.3000000119
17882  42.456  -55.407  -29.475 0.3000000119
13835  44.614  -61.104  -25.228 0.3000000119
13845  45.584  -61.118  -26.206 0.3000000119
13065  45.493  -61.576  -25.480 0.3000000119
136825  45.580  -60.700  -26.837 0.3000000119
14637  45.730  -59.627  -28.288 0.3000000119
141496  42.598  -54.276  -29.365 0.3000000119
13054  42.971  -61.215  -24.348 0.3000000119
13847  43.968  -60.366  -25.596 0.3000000119
13836  43.503  -60.757  -24.970 0.3000000119
13854  45.224  -60.346  -26.540 0.3000000119
13846  45.063  -60.714  -25.866 0.3000000119
14638  45.699  -59.389  -27.917 0.3000000119
138233  43.652  -59.693  -25.774 0.3000000119
14630  43.861  -59.137  -26.266 0.3000000119
14628  45.431  -59.928  -27.183 0.3000000119
14629  44.773  -59.533  -26.763 0.3000000119
15410  46.026  -58.576  -28.684 0.3000000119
130385  46.572  -57.652  -29.089 0.3000000119
17018  46.344  -56.795  -29.481 0.3000000119
14611  43.123  -59.851  -25.159 0.3000000119
15411  45.559  -58.422  -27.940 0.3000000119
16167  46.721  -57.543  -29.060 0.3000000119
131567  43.324  -54.101  -29.498 0.3000000119
131076  43.473  -58.357  -25.851 0.3000000119
15396  43.263  -59.067  -25.509 0.3000000119
139582  43.921  -58.417  -26.506 0.3000000119
15405  44.522  -58.115  -27.139 0.3000000119
17014  46.857  -57.196  -28.818 0.3000000119
126069  46.789  -57.206  -29.190 0.3000000119
142099  45.069  -55.357  -29.555 0.3000000119
18737  44.093  -54.914  -29.488 0.3000000119
19576  43.702  -53.255  -29.415 0.3000000119
17877  41.687  -55.369  -29.068 0.3000000119
16156  44.338  -57.140  -26.926 0.3000000119
16162  46.169  -57.732  -28.532 0.3000000119
16166  47.085  -57.113  -29.036 0.3000000119
123899  45.651  -56.052  -29.579 0.3000000119
119564  45.643  -61.229  -26.671 0.3000000119
13053  45.236  -61.788  -24.766 0.3000000119
143458  45.669  -61.972  -25.397 0.3000000119
8976  43.259  -68.725  -25.931 0.3000000119
10288  37.220  -65.588  -28.433 0.3000000119
10918  44.716  -64.895  -26.348 0.3000000119
12317  45.539  -62.634  -27.059 0.4000000060
12323  45.028  -62.704  -28.438 0.4000000060
12333  44.883  -62.094  -28.821 0.3000000119
13052  45.651  -62.130  -25.027 0.3000000119
13099  42.232  -60.983  -30.080 0.5000000000
13103  40.649  -61.195  -30.286 0.3000000119
13849  39.917  -60.106  -25.272 0.4000000060
13855  44.370  -59.992  -26.217 0.3000000119
13857  39.851  -60.758  -26.682 0.3000000119
13863  45.614  -60.444  -27.481 0.4000000060
13864  39.828  -60.253  -27.535 0.3000000119
13871  45.665  -60.453  -27.853 0.4000000060
13878  43.524  -60.225  -29.776 0.5000000000
14613  39.541  -59.150  -24.137 0.5000000000
14647  39.804  -58.904  -28.838 0.4000000060
14655  39.406  -59.214  -30.027 0.4000000060
14657  41.131  -59.450  -30.296 0.5000000000
14658  40.176  -59.191  -30.311 0.3000000119
15388  43.034  -58.241  -24.931 0.3000000119
15390  40.347  -58.164  -25.150 0.6000000238
15404  45.103  -59.030  -27.342 0.3000000119
15413  46.340  -58.181  -29.000 0.4000000060
15421  39.696  -58.717  -30.053 0.4000000060
16122  39.145  -57.192  -22.005 0.4000000060
16138  40.195  -57.110  -23.936 0.4000000060
16164  41.098  -57.057  -28.145 0.4000000060
16170  46.041  -57.457  -29.445 0.4000000060
16173  42.518  -56.810  -29.604 0.4000000060
16913  35.809  -55.963  -17.643 0.5000000000
16914  34.959  -56.135  -17.717 0.4000000060
16974  40.102  -56.048  -22.982 0.5000000000
16997  41.394  -56.075  -25.988 0.4000000060
16998  41.153  -56.774  -25.994 0.5000000000
17012  47.395  -56.605  -28.989 0.3000000119
17015  41.435  -55.951  -29.169 0.4000000060
17017  47.096  -56.764  -29.172 0.3000000119
17806  37.788  -55.755  -18.976 0.5000000000
17811  39.296  -55.194  -21.169 0.4000000060
17879  46.117  -55.312  -29.580 0.3000000119
18616  36.340  -54.422  -17.552 0.6000000238
18650  38.071  -54.373  -18.977 0.6000000238
18700  41.766  -54.543  -25.666 0.3000000119
18738  42.940  -54.832  -29.512 0.3000000119
18739  42.244  -54.844  -29.314 0.3000000119
19539  40.874  -54.118  -23.499 0.5000000000
19547  41.145  -52.833  -24.024 0.5000000000
20350  38.660  -53.006  -19.923 0.6000000238
20385  41.393  -52.513  -24.719 0.4000000060
21184  37.422  -51.302  -18.039 0.6999999881
21233  40.265  -51.926  -22.729 0.6000000238
21234  40.049  -51.078  -22.735 0.6000000238
21250  34.339  -51.663  -24.996 0.4000000060
21256  41.414  -51.340  -25.680 0.3000000119
21263  46.383  -51.474  -27.191 0.3000000119
21281  47.569  -50.474  -28.982 0.3000000119
21289  42.876  -51.790  -29.050 0.4000000060
22062  34.795  -50.324  -17.574 0.6000000238
22097  38.772  -50.200  -20.117 0.6999999881
22098  33.716  -49.995  -20.976 0.6999999881
22105  39.552  -50.249  -21.923 0.6000000238
22131  33.506  -50.627  -25.548 0.5000000000
22151  42.218  -50.863  -28.028 0.5000000000
22959  34.206  -49.526  -18.536 0.6999999881
22986  40.144  -49.160  -23.110 0.6000000238
23003  41.125  -49.359  -25.907 0.5000000000
23839  37.836  -48.811  -17.822 0.5000000000
23893  40.597  -48.935  -24.449 0.5000000000
23899  41.379  -48.733  -25.846 0.6000000238
23906  43.834  -49.070  -26.190 0.3000000119
23913  41.847  -49.145  -27.024 0.4000000060
23917  45.292  -47.861  -29.855 0.3000000119
24803  40.810  -48.191  -23.414 0.6000000238
24824  42.344  -47.695  -26.005 0.4000000060
24836  44.509  -47.622  -29.664 0.3000000119
24837  43.665  -47.753  -28.990 0.3000000119
25777  43.438  -46.725  -26.822 0.4000000060
25785  44.614  -46.678  -29.253 0.3000000119
26600  38.361  -45.542  -17.676 0.5000000000
26634  41.413  -45.060  -20.781 0.5000000000
26661  41.984  -45.840  -22.143 0.5000000000
26679  45.285  -44.894  -25.305 0.4000000060
26702  44.946  -45.425  -27.930 0.4000000060
27554  47.638  -43.999  -28.675 0.3000000119
28270  36.676  -43.493  -17.716 0.5000000000
28325  35.406  -43.200  -20.712 0.5000000000
28380  36.575  -43.487  -24.798 0.5000000000
28397  47.759  -43.696  -28.169 0.3000000119
121989  44.329  -49.982  -26.982 0.3000000119
122599  39.734  -56.207  -22.456 0.4000000060
123012  35.756  -57.191  -18.145 0.4000000060
123985  33.762  -50.042  -20.124 0.6999999881
125632  35.544  -44.129  -22.441 0.5000000000
126477  33.548  -51.794  -21.239 0.5000000000
128280  39.334  -58.940  -23.536 0.5000000000
129864  40.463  -50.700  -24.007 0.6000000238
129985  42.045  -54.330  -26.443 0.4000000060
130718  45.153  -47.715  -30.001 0.3000000119
130792  45.787  -59.090  -29.107 0.4000000060
131021  33.398  -53.040  -20.221 0.5000000000
133574  44.574  -47.885  -26.573 0.3000000119
134305  39.974  -53.969  -21.998 0.6999999881
135331  45.666  -62.258  -25.295 0.3000000119
135561  42.086  -55.752  -29.460 0.4000000060
135763  43.210  -65.548  -26.081 0.3000000119
136211  41.935  -54.935  -29.139 0.3000000119
137173  42.343  -53.197  -27.476 0.3000000119
138288  37.263  -52.474  -18.064 0.8000000119
140887  44.425  -58.815  -26.813 0.3000000119
142005  44.127  -46.684  -28.469 0.3000000119
142168  35.503  -51.527  -17.362 0.6000000238
142270  38.314  -56.897  -20.388 0.4000000060
142502  40.573  -60.666  -30.437 0.3000000119
