#!ascii label  , from subject sub-v1s19x0051308_ses-1 vox2ras=TkReg
1677
78485  -39.367  12.063  50.173 0.0000000000
87973  -51.752  21.470  39.913 0.0000000000
81813  -44.888  15.799  44.051 0.0000000000
64983  -13.724  1.122  77.284 0.0000000000
77265  -37.943  11.413  55.309 0.0000000000
72520  -25.929  8.305  77.906 0.0000000000
78160  -30.829  12.955  73.468 0.0000000000
74922  -38.038  9.785  65.596 0.0000000000
77179  -41.669  11.252  62.021 0.0000000000
68750  -19.026  4.320  69.916 0.0000000000
72534  -21.926  7.418  76.857 0.0000000000
70035  -24.038  5.259  70.769 0.0000000000
73801  -28.953  8.424  66.115 0.0000000000
73767  -34.599  8.441  68.662 0.0000000000
80672  -41.492  15.632  57.121 0.0000000000
80725  -45.471  14.505  54.679 0.0000000000
84761  -48.445  18.733  42.445 0.0000000000
80794  -41.876  14.066  47.676 0.0000000000
88044  -46.143  22.052  34.727 0.0000000000
62416  -12.632  -0.826  80.360 0.0000000000
81650  -39.491  15.987  59.736 0.0000000000
79641  -36.324  14.948  52.761 0.0000000000
71406  -26.815  6.507  68.456 0.0000000000
74831  -26.865  11.048  73.245 0.0000000000
83634  -47.662  17.245  51.051 0.0000000000
145063  -54.060  21.486  30.918 0.0000000000
72699  -36.166  8.208  63.272 0.0000000000
74969  -37.860  9.187  61.064 0.0000000000
70032  -21.458  5.171  70.780 0.0000000000
70089  -32.103  5.833  64.898 0.0000000000
71476  -34.274  7.120  64.488 0.0000000000
73787  -36.177  9.048  66.976 0.0000000000
79615  -41.426  13.625  54.664 0.0000000000
80693  -44.274  14.586  56.151 0.0000000000
79632  -43.098  13.672  53.574 0.0000000000
86909  -50.190  20.513  40.825 0.0000000000
87942  -50.778  21.214  44.000 0.0000000000
89095  -53.826  22.559  38.778 0.0000000000
62500  -12.564  -0.675  74.970 0.0000000000
62440  -13.859  -0.324  78.624 0.0000000000
77230  -39.791  11.453  58.284 0.0000000000
152287  -41.696  13.608  60.507 0.0000000000
79585  -38.696  13.581  56.893 0.0000000000
80688  -38.079  15.730  55.971 0.0000000000
78394  -36.696  14.031  53.970 0.0000000000
71284  -23.770  6.694  78.140 0.0000000000
73635  -22.011  8.543  80.160 0.0000000000
137722  -26.417  8.199  81.213 0.0000000000
73653  -27.866  9.493  78.951 0.0000000000
71470  -25.356  6.168  64.635 0.0000000000
73840  -25.311  9.240  63.995 0.0000000000
74866  -30.097  9.616  70.403 0.0000000000
141421  -28.152  9.653  69.943 0.0000000000
77061  -28.252  12.403  73.488 0.0000000000
72566  -29.485  7.536  73.426 0.0000000000
66239  -15.188  2.702  72.130 0.0000000000
69968  -15.856  5.470  74.692 0.0000000000
71309  -14.743  6.413  77.448 0.0000000000
80807  -43.174  14.748  45.348 0.0000000000
82673  -44.929  16.487  50.127 0.0000000000
144124  -46.246  17.171  48.426 0.0000000000
150755  -55.205  22.052  28.732 0.0000000000
64938  -14.584  1.856  81.166 0.0000000000
77122  -40.215  12.280  67.425 0.0000000000
78238  -41.735  12.428  66.157 0.0000000000
76047  -40.435  10.648  63.661 0.0000000000
74988  -38.773  10.010  59.761 0.0000000000
70000  -18.055  5.369  72.563 0.0000000000
72544  -19.379  7.005  75.916 0.0000000000
71358  -20.602  6.217  73.821 0.0000000000
71347  -22.991  6.243  74.177 0.0000000000
141217  -25.248  5.518  75.156 0.0000000000
72694  -27.605  8.755  63.149 0.0000000000
71471  -29.748  6.713  64.389 0.0000000000
72636  -31.478  7.340  67.926 0.0000000000
74850  -33.255  9.421  71.419 0.0000000000
75975  -35.562  10.330  70.869 0.0000000000
75991  -38.042  11.055  69.130 0.0000000000
67474  -17.540  3.806  69.613 0.0000000000
83530  -42.233  18.129  61.043 0.0000000000
85629  -46.457  20.255  62.109 0.0000000000
82567  -44.810  16.833  59.222 0.0000000000
82604  -46.749  16.612  56.860 0.0000000000
83726  -46.599  17.096  42.600 0.0000000000
148835  -47.840  18.598  47.175 0.0000000000
85820  -49.169  19.652  45.533 0.0000000000
62378  -9.021  0.391  84.952 0.0000000000
78524  -40.344  12.746  48.260 0.0000000000
80836  -39.405  14.382  43.289 0.0000000000
82779  -42.724  16.605  40.511 0.0000000000
83763  -44.483  17.443  39.375 0.0000000000
156187  -46.360  18.390  38.435 0.0000000000
85924  -47.827  19.725  36.777 0.0000000000
88014  -49.474  20.979  36.314 0.0000000000
88030  -45.647  21.806  35.320 0.0000000000
62396  -15.240  0.281  82.426 0.0000000000
63680  -13.386  0.689  84.978 0.0000000000
146306  -10.992  0.450  84.825 0.0000000000
81603  -45.589  16.604  65.320 0.0000000000
78252  -43.601  13.044  64.143 0.0000000000
81628  -43.222  15.582  62.678 0.0000000000
82542  -41.238  17.638  61.952 0.0000000000
160604  -39.665  17.007  58.703 0.0000000000
80705  -39.633  15.818  55.513 0.0000000000
78460  -37.872  13.063  51.717 0.0000000000
73650  -19.554  8.967  79.099 0.0000000000
68758  -26.593  4.574  69.337 0.0000000000
71363  -26.673  6.720  73.516 0.0000000000
73799  -26.879  9.919  66.623 0.0000000000
72587  -26.781  8.819  70.888 0.0000000000
74789  -26.097  10.372  76.006 0.0000000000
141699  -28.712  7.420  76.737 0.0000000000
63786  -13.559  0.623  74.233 0.0000000000
65033  -14.266  1.546  73.188 0.0000000000
66183  -13.238  2.796  76.537 0.0000000000
80759  -43.506  14.612  51.506 0.0000000000
81714  -46.793  15.031  53.073 0.0000000000
82641  -49.854  16.191  53.926 0.0000000000
85741  -48.702  19.002  49.988 0.0000000000
89127  -50.016  23.283  35.344 0.0000000000
91040  -51.738  24.431  35.014 0.0000000000
90127  -54.122  24.588  34.356 0.0000000000
86993  -52.082  20.849  32.157 0.0000000000
89149  -55.382  23.449  32.881 0.0000000000
72724  -35.459  7.528  61.551 0.0000000000
72740  -36.054  7.841  60.928 0.0000000000
162528  -35.230  7.332  60.063 0.0000000000
71493  -33.543  6.675  63.173 0.0000000000
71513  -34.189  6.902  61.888 0.0000000000
161301  -35.374  7.926  64.285 0.0000000000
78435  -40.235  12.791  52.556 0.0000000000
79631  -42.072  13.439  53.771 0.0000000000
78463  -40.938  12.792  51.900 0.0000000000
139892  -50.660  20.741  40.213 0.0000000000
87959  -51.200  21.762  41.945 0.0000000000
89077  -51.902  22.236  40.885 0.0000000000
89078  -52.485  22.786  40.722 0.0000000000
87974  -52.519  21.706  39.372 0.0000000000
63743  -13.702  0.344  76.791 0.0000000000
62451  -13.574  -0.318  77.105 0.0000000000
63730  -13.858  0.191  77.759 0.0000000000
77258  -39.011  11.677  57.038 0.0000000000
77245  -39.715  12.313  58.002 0.0000000000
78360  -38.774  12.468  56.698 0.0000000000
78359  -38.290  13.221  56.025 0.0000000000
77272  -37.513  12.530  54.541 0.0000000000
71312  -17.012  7.065  76.211 0.0000000000
71272  -25.359  6.818  78.746 0.0000000000
72488  -24.608  7.042  79.879 0.0000000000
72490  -26.475  8.722  79.533 0.0000000000
136343  -27.322  9.012  80.106 0.0000000000
74756  -27.032  9.843  78.911 0.0000000000
77081  -30.896  11.526  72.036 0.0000000000
75953  -29.308  11.199  71.650 0.0000000000
160255  -29.664  12.841  73.398 0.0000000000
74833  -30.139  10.649  73.697 0.0000000000
163149  -17.028  5.374  73.195 0.0000000000
69956  -16.359  5.931  74.977 0.0000000000
157717  -15.831  6.360  76.191 0.0000000000
156108  -46.849  15.845  64.220 0.0000000000
81790  -44.291  15.365  45.288 0.0000000000
81776  -45.210  16.150  47.517 0.0000000000
82706  -45.911  16.625  46.175 0.0000000000
76017  -39.105  10.831  66.315 0.0000000000
76030  -40.001  11.056  65.348 0.0000000000
74946  -39.017  10.086  64.710 0.0000000000
74978  -38.438  9.671  60.532 0.0000000000
74999  -37.646  9.363  58.351 0.0000000000
75000  -38.317  9.949  57.805 0.0000000000
68722  -18.854  4.867  71.326 0.0000000000
144178  -19.355  5.735  73.321 0.0000000000
68723  -19.785  5.023  71.280 0.0000000000
68740  -22.736  5.078  70.110 0.0000000000
146248  -22.057  5.501  71.580 0.0000000000
70005  -23.388  5.761  72.638 0.0000000000
69971  -23.947  5.872  74.222 0.0000000000
69987  -24.562  5.521  73.591 0.0000000000
71510  -28.581  6.634  62.482 0.0000000000
71436  -33.145  6.545  66.395 0.0000000000
71435  -32.109  6.404  66.557 0.0000000000
152320  -33.129  7.423  68.440 0.0000000000
72607  -32.600  8.000  69.540 0.0000000000
73737  -33.646  8.707  70.326 0.0000000000
75957  -34.447  10.210  71.778 0.0000000000
74886  -34.965  9.255  69.742 0.0000000000
143251  -37.512  9.684  66.326 0.0000000000
74902  -37.167  9.988  68.051 0.0000000000
76007  -38.419  10.704  67.507 0.0000000000
77111  -39.155  11.588  68.413 0.0000000000
67475  -18.274  4.022  69.609 0.0000000000
82575  -41.902  16.442  58.929 0.0000000000
83551  -44.225  17.239  60.098 0.0000000000
81659  -43.765  15.642  58.219 0.0000000000
80709  -44.717  14.364  55.274 0.0000000000
81685  -45.558  15.527  56.554 0.0000000000
81686  -46.327  15.883  56.416 0.0000000000
82605  -47.689  16.914  56.585 0.0000000000
158937  -46.957  15.238  55.101 0.0000000000
83727  -47.311  17.661  42.381 0.0000000000
142915  -47.796  18.314  44.105 0.0000000000
84751  -48.465  18.777  43.328 0.0000000000
87927  -51.400  21.950  44.532 0.0000000000
82790  -43.981  17.012  40.000 0.0000000000
83776  -42.498  17.810  38.670 0.0000000000
142895  -43.995  19.177  37.130 0.0000000000
85922  -44.617  19.557  36.788 0.0000000000
85912  -47.159  19.192  37.332 0.0000000000
146968  -45.843  20.201  36.413 0.0000000000
88011  -46.121  21.239  35.832 0.0000000000
61068  -11.838  -1.361  78.300 0.0000000000
137397  -11.638  -0.768  80.576 0.0000000000
66121  -15.448  2.539  83.110 0.0000000000
64939  -15.273  1.222  81.720 0.0000000000
63683  -15.784  1.662  83.423 0.0000000000
63670  -14.842  1.404  85.647 0.0000000000
63669  -13.860  1.206  85.759 0.0000000000
63679  -12.418  0.521  84.853 0.0000000000
63660  -12.985  0.702  86.040 0.0000000000
62370  -11.782  0.091  86.060 0.0000000000
77156  -42.340  11.874  64.272 0.0000000000
78240  -43.280  12.882  65.317 0.0000000000
139569  -42.897  12.369  62.814 0.0000000000
79548  -41.067  14.622  60.727 0.0000000000
80644  -42.507  14.523  61.670 0.0000000000
80643  -41.428  15.108  61.312 0.0000000000
81627  -42.235  16.300  62.391 0.0000000000
81635  -40.272  16.712  60.991 0.0000000000
83547  -40.184  17.488  60.242 0.0000000000
81649  -39.251  16.475  58.976 0.0000000000
80720  -37.076  15.957  54.526 0.0000000000
81693  -38.197  15.888  55.455 0.0000000000
80734  -37.469  15.617  53.771 0.0000000000
79628  -38.629  14.542  53.336 0.0000000000
78432  -36.996  14.350  52.227 0.0000000000
72545  -20.371  7.102  75.778 0.0000000000
72532  -19.845  7.490  76.590 0.0000000000
72502  -20.466  8.287  78.164 0.0000000000
70088  -25.967  5.819  66.127 0.0000000000
68784  -26.617  4.859  67.437 0.0000000000
70048  -27.351  5.103  68.863 0.0000000000
68711  -26.792  5.338  72.218 0.0000000000
71388  -27.416  6.322  70.859 0.0000000000
72671  -28.639  8.487  65.308 0.0000000000
73817  -26.831  9.858  65.460 0.0000000000
73800  -27.684  9.448  66.018 0.0000000000
74847  -27.671  10.489  71.264 0.0000000000
73734  -27.167  9.262  70.131 0.0000000000
73703  -26.491  9.961  72.929 0.0000000000
153319  -26.229  8.959  73.112 0.0000000000
74815  -26.217  10.511  74.513 0.0000000000
74791  -28.125  10.626  76.372 0.0000000000
73684  -28.826  9.506  75.660 0.0000000000
78145  -35.133  12.501  73.611 0.0000000000
66238  -14.722  2.102  72.662 0.0000000000
66215  -14.164  2.755  74.259 0.0000000000
66214  -13.862  2.154  74.867 0.0000000000
69925  -13.994  6.103  78.107 0.0000000000
79699  -41.434  13.716  48.228 0.0000000000
162444  -42.534  14.223  50.682 0.0000000000
140560  -42.738  14.816  49.810 0.0000000000
82661  -45.971  16.548  50.685 0.0000000000
138684  -45.656  15.982  51.140 0.0000000000
81725  -47.856  15.923  52.369 0.0000000000
81726  -48.320  15.717  53.100 0.0000000000
82649  -48.572  16.320  52.563 0.0000000000
85773  -48.792  19.504  47.820 0.0000000000
84694  -47.919  18.781  48.494 0.0000000000
138950  -49.102  19.525  49.441 0.0000000000
88032  -47.324  22.396  35.242 0.0000000000
89110  -50.033  22.307  35.795 0.0000000000
89125  -47.942  22.684  34.973 0.0000000000
89137  -50.118  23.219  34.635 0.0000000000
88049  -50.778  22.292  34.233 0.0000000000
90126  -53.028  24.548  34.636 0.0000000000
89145  -51.652  22.346  34.106 0.0000000000
87021  -51.458  20.636  30.158 0.0000000000
87020  -50.637  20.503  30.259 0.0000000000
87006  -52.309  20.841  31.331 0.0000000000
89155  -54.017  22.079  32.904 0.0000000000
89170  -55.283  22.432  31.742 0.0000000000
88085  -55.498  22.457  30.867 0.0000000000
89185  -56.734  23.439  29.406 0.0000000000
73836  -37.134  8.932  64.189 0.0000000000
74945  -38.425  9.621  64.236 0.0000000000
73858  -37.338  8.741  62.477 0.0000000000
73894  -36.598  8.312  60.332 0.0000000000
156641  -20.134  4.766  70.535 0.0000000000
70138  -32.060  5.812  62.650 0.0000000000
71453  -33.641  6.671  64.687 0.0000000000
72657  -34.434  7.395  66.630 0.0000000000
73786  -35.429  8.613  67.403 0.0000000000
73818  -35.660  8.280  65.698 0.0000000000
73819  -36.287  8.627  65.274 0.0000000000
80706  -41.184  14.940  55.912 0.0000000000
80674  -42.939  14.707  56.996 0.0000000000
80707  -42.353  14.100  55.831 0.0000000000
80723  -43.972  13.914  54.708 0.0000000000
80724  -44.709  14.189  54.291 0.0000000000
85863  -49.025  19.398  41.425 0.0000000000
86889  -49.635  20.047  43.508 0.0000000000
86896  -50.170  20.561  42.734 0.0000000000
87943  -51.322  21.944  43.610 0.0000000000
89103  -54.232  22.986  37.919 0.0000000000
61079  -12.582  -1.201  77.578 0.0000000000
153575  -13.742  -0.573  79.396 0.0000000000
155523  -41.315  11.582  60.264 0.0000000000
77194  -42.264  11.999  61.333 0.0000000000
78321  -40.748  12.219  59.121 0.0000000000
156715  -40.419  13.026  58.985 0.0000000000
80666  -39.617  14.498  59.056 0.0000000000
81656  -38.906  15.994  58.317 0.0000000000
80689  -38.380  15.067  56.866 0.0000000000
79597  -37.242  15.621  54.990 0.0000000000
79626  -36.375  15.141  53.383 0.0000000000
160209  -22.559  7.239  77.192 0.0000000000
72485  -21.744  8.249  79.133 0.0000000000
72487  -23.576  7.308  79.685 0.0000000000
72465  -24.091  7.731  81.622 0.0000000000
72477  -28.066  7.781  80.219 0.0000000000
157615  -25.298  7.444  64.717 0.0000000000
72687  -25.621  8.457  65.317 0.0000000000
73764  -30.109  8.390  68.450 0.0000000000
73763  -28.532  9.072  68.087 0.0000000000
74865  -28.959  9.774  70.385 0.0000000000
75970  -28.115  11.005  71.546 0.0000000000
75936  -27.737  12.038  73.295 0.0000000000
73704  -28.736  10.927  74.824 0.0000000000
152667  -29.419  10.300  73.902 0.0000000000
67454  -16.404  3.805  71.230 0.0000000000
67440  -16.188  4.057  71.960 0.0000000000
68684  -14.717  4.362  74.784 0.0000000000
68651  -14.064  4.754  76.416 0.0000000000
69942  -15.137  6.022  76.446 0.0000000000
80801  -42.495  14.363  46.804 0.0000000000
81767  -43.521  15.368  48.910 0.0000000000
81768  -44.340  15.774  48.484 0.0000000000
82683  -45.225  16.634  49.604 0.0000000000
83646  -47.228  17.715  50.300 0.0000000000
88058  -45.487  21.253  34.006 0.0000000000
88045  -46.998  22.193  34.593 0.0000000000
86972  -45.857  20.540  33.109 0.0000000000
87036  -52.198  20.777  29.571 0.0000000000
88116  -54.532  21.688  29.530 0.0000000000
88128  -53.506  21.188  28.716 0.0000000000
88139  -53.996  21.271  28.011 0.0000000000
66164  -13.081  2.805  78.378 0.0000000000
64962  -13.603  1.916  78.731 0.0000000000
79441  -41.842  13.338  67.254 0.0000000000
78226  -40.674  12.274  66.672 0.0000000000
77145  -40.903  11.574  65.264 0.0000000000
76048  -41.183  10.899  63.237 0.0000000000
74964  -39.193  9.833  62.818 0.0000000000
76066  -39.919  10.240  62.236 0.0000000000
150700  -40.832  10.859  60.920 0.0000000000
76106  -39.824  10.851  58.929 0.0000000000
76120  -38.720  10.542  57.418 0.0000000000
69970  -17.914  5.850  74.070 0.0000000000
71325  -18.026  6.630  75.319 0.0000000000
71356  -18.835  5.939  74.017 0.0000000000
71357  -19.744  6.122  73.929 0.0000000000
136679  -20.734  6.880  75.028 0.0000000000
70020  -21.244  5.397  71.488 0.0000000000
71359  -21.510  6.232  73.753 0.0000000000
71329  -22.147  6.908  75.360 0.0000000000
71314  -23.665  6.455  76.501 0.0000000000
147362  -24.652  5.943  76.458 0.0000000000
71331  -25.765  6.310  76.278 0.0000000000
72695  -28.406  8.121  63.594 0.0000000000
72672  -29.443  7.618  65.596 0.0000000000
71472  -30.433  6.159  64.694 0.0000000000
72673  -30.149  6.953  65.899 0.0000000000
72621  -30.803  7.819  68.152 0.0000000000
73751  -31.109  8.458  69.392 0.0000000000
74848  -31.531  9.756  71.132 0.0000000000
75937  -31.955  10.884  72.047 0.0000000000
78142  -32.026  13.027  73.934 0.0000000000
77066  -33.452  11.253  72.806 0.0000000000
146742  -34.970  11.322  72.656 0.0000000000
77069  -36.071  11.578  72.051 0.0000000000
74888  -36.224  9.892  69.216 0.0000000000
75977  -36.936  10.932  70.207 0.0000000000
77083  -37.177  11.773  71.160 0.0000000000
77096  -38.290  11.930  70.187 0.0000000000
68720  -17.068  4.180  70.924 0.0000000000
139204  -42.993  18.648  62.516 0.0000000000
84576  -44.196  18.457  61.444 0.0000000000
83533  -45.750  18.103  60.134 0.0000000000
83552  -46.153  17.772  59.215 0.0000000000
82589  -44.772  15.989  57.902 0.0000000000
82579  -46.056  16.838  57.857 0.0000000000
82730  -45.754  16.438  43.477 0.0000000000
83679  -46.800  17.504  46.017 0.0000000000
83691  -47.220  17.839  45.471 0.0000000000
84729  -48.173  18.739  45.891 0.0000000000
85791  -49.276  19.859  47.225 0.0000000000
156047  -49.706  20.144  45.071 0.0000000000
86850  -50.385  20.775  46.723 0.0000000000
151805  -38.331  11.622  47.983 0.0000000000
148026  -40.118  12.337  49.947 0.0000000000
78539  -38.856  12.188  47.318 0.0000000000
78559  -39.635  12.766  47.010 0.0000000000
79716  -39.874  13.301  45.931 0.0000000000
79730  -40.806  13.861  45.034 0.0000000000
80819  -41.312  14.335  44.316 0.0000000000
154936  -42.261  14.924  43.578 0.0000000000
81811  -43.408  15.432  43.329 0.0000000000
82746  -44.023  16.028  42.114 0.0000000000
82763  -44.543  16.436  41.542 0.0000000000
83733  -45.882  16.971  41.209 0.0000000000
83765  -46.124  17.677  39.780 0.0000000000
84800  -43.748  18.307  38.092 0.0000000000
84784  -45.847  17.954  38.961 0.0000000000
84786  -47.339  18.389  39.513 0.0000000000
147736  -48.412  18.959  39.228 0.0000000000
85899  -49.246  19.445  38.494 0.0000000000
86926  -50.565  20.129  38.573 0.0000000000
86932  -51.060  20.417  37.805 0.0000000000
86948  -49.146  20.383  36.576 0.0000000000
88012  -46.955  21.463  35.783 0.0000000000
89123  -45.977  22.147  34.995 0.0000000000
88057  -44.620  21.414  33.885 0.0000000000
63707  -14.631  0.698  80.057 0.0000000000
63708  -14.914  0.429  80.833 0.0000000000
62406  -14.364  -0.384  81.235 0.0000000000
158349  -15.879  1.776  84.250 0.0000000000
159866  -14.868  0.162  83.318 0.0000000000
62394  -13.366  -0.405  82.799 0.0000000000
62393  -12.322  -0.252  83.094 0.0000000000
62392  -11.250  0.325  83.444 0.0000000000
64930  -9.733  1.226  83.723 0.0000000000
63666  -10.130  0.698  84.766 0.0000000000
83462  -44.560  17.680  64.329 0.0000000000
79462  -44.433  14.070  65.660 0.0000000000
78279  -43.155  12.915  62.429 0.0000000000
79498  -43.965  13.734  63.487 0.0000000000
82533  -44.316  16.733  64.315 0.0000000000
161441  -43.529  17.835  63.861 0.0000000000
83477  -42.936  18.458  63.149 0.0000000000
84559  -41.681  18.263  61.777 0.0000000000
82564  -41.126  17.345  59.561 0.0000000000
81667  -40.807  16.460  57.290 0.0000000000
81681  -39.029  16.285  56.561 0.0000000000
81682  -39.706  16.378  56.482 0.0000000000
157150  -40.383  15.709  55.785 0.0000000000
79598  -40.431  15.111  55.398 0.0000000000
78410  -39.547  13.365  53.056 0.0000000000
78484  -38.468  12.281  50.948 0.0000000000
76178  -36.255  11.327  52.659 0.0000000000
150657  -35.945  12.855  52.531 0.0000000000
78430  -35.332  13.839  52.039 0.0000000000
79659  -35.228  13.971  51.582 0.0000000000
78482  -35.603  13.789  51.107 0.0000000000
77315  -36.500  12.558  50.298 0.0000000000
77330  -37.173  11.669  49.546 0.0000000000
77331  -38.159  11.622  49.497 0.0000000000
73634  -20.995  8.873  79.959 0.0000000000
68770  -24.273  4.566  68.507 0.0000000000
68771  -26.040  4.444  68.026 0.0000000000
68725  -24.923  4.960  71.017 0.0000000000
68710  -26.129  4.956  72.205 0.0000000000
159008  -26.209  5.808  74.356 0.0000000000
71332  -26.153  6.791  75.839 0.0000000000
73842  -26.730  9.761  63.566 0.0000000000
73816  -26.204  9.925  65.483 0.0000000000
73780  -26.450  8.882  67.050 0.0000000000
73762  -27.518  9.422  68.275 0.0000000000
73761  -26.725  8.881  68.417 0.0000000000
147617  -26.886  7.350  69.997 0.0000000000
71381  -27.241  6.614  71.685 0.0000000000
72554  -26.028  8.244  74.697 0.0000000000
73676  -25.684  9.281  76.181 0.0000000000
74769  -27.440  10.298  77.757 0.0000000000
138974  -28.472  8.714  77.918 0.0000000000
62501  -13.113  -0.079  74.433 0.0000000000
63770  -13.562  0.586  75.016 0.0000000000
65057  -14.396  1.207  71.340 0.0000000000
63819  -13.837  0.656  71.804 0.0000000000
65032  -13.854  1.040  73.729 0.0000000000
65003  -13.587  1.491  75.531 0.0000000000
150003  -13.308  2.027  76.946 0.0000000000
66172  -13.127  2.757  77.510 0.0000000000
68637  -13.731  5.007  77.357 0.0000000000
79662  -41.544  13.181  51.220 0.0000000000
79664  -43.052  14.058  51.873 0.0000000000
80737  -45.314  14.601  52.926 0.0000000000
81736  -44.306  15.656  50.896 0.0000000000
80746  -45.238  14.862  52.026 0.0000000000
148765  -46.644  14.832  53.767 0.0000000000
81707  -47.596  15.369  54.599 0.0000000000
83663  -46.978  17.773  47.919 0.0000000000
83655  -47.252  18.105  49.490 0.0000000000
136869  -48.032  18.033  50.673 0.0000000000
87996  -52.248  21.565  37.247 0.0000000000
89101  -52.908  22.346  37.101 0.0000000000
89112  -52.665  23.324  36.322 0.0000000000
89135  -48.540  22.864  34.921 0.0000000000
90116  -51.597  24.276  35.177 0.0000000000
90104  -53.719  24.537  36.441 0.0000000000
91042  -53.312  25.266  35.273 0.0000000000
91967  -54.595  25.966  35.310 0.0000000000
86991  -50.498  20.545  32.469 0.0000000000
89147  -53.494  22.571  33.647 0.0000000000
90134  -54.807  23.923  33.659 0.0000000000
88100  -55.751  22.636  30.084 0.0000000000
72723  -34.800  7.154  61.333 0.0000000000
72739  -35.385  7.422  60.734 0.0000000000
143341  -33.568  6.477  61.540 0.0000000000
71532  -34.185  6.749  61.049 0.0000000000
72709  -34.841  7.300  62.161 0.0000000000
78462  -40.034  12.557  51.652 0.0000000000
78436  -41.052  12.914  52.583 0.0000000000
86916  -51.231  20.899  39.660 0.0000000000
86910  -51.197  21.289  40.381 0.0000000000
136277  -51.665  21.740  40.507 0.0000000000
87968  -52.186  22.058  40.278 0.0000000000
89085  -52.739  22.543  40.019 0.0000000000
64974  -13.899  1.101  78.138 0.0000000000
77257  -38.520  11.801  56.174 0.0000000000
139707  -37.960  12.748  55.288 0.0000000000
77271  -37.424  11.433  54.445 0.0000000000
71324  -17.360  6.583  75.441 0.0000000000
72519  -25.807  7.362  78.353 0.0000000000
72489  -25.797  7.551  79.233 0.0000000000
142735  -26.144  8.751  78.679 0.0000000000
73652  -26.687  9.588  78.777 0.0000000000
73667  -26.205  9.622  78.055 0.0000000000
77080  -29.771  12.026  72.374 0.0000000000
77063  -30.442  12.498  72.871 0.0000000000
78140  -29.950  13.038  74.245 0.0000000000
71323  -16.542  6.421  75.623 0.0000000000
81799  -44.777  15.668  44.734 0.0000000000
143879  -45.345  16.080  46.158 0.0000000000
82712  -45.688  16.401  45.489 0.0000000000
76029  -38.579  10.325  65.949 0.0000000000
74935  -39.221  10.565  65.496 0.0000000000
162734  -38.644  10.075  65.332 0.0000000000
73906  -37.038  8.814  58.800 0.0000000000
74986  -37.671  9.243  59.271 0.0000000000
70018  -19.174  5.203  71.825 0.0000000000
68738  -19.357  4.631  70.575 0.0000000000
70034  -23.209  5.328  70.754 0.0000000000
70021  -22.857  5.533  71.460 0.0000000000
70022  -23.641  5.487  71.394 0.0000000000
162958  -24.155  5.659  72.907 0.0000000000
70006  -24.157  5.493  72.146 0.0000000000
72656  -33.712  6.931  66.987 0.0000000000
72638  -33.396  7.195  67.793 0.0000000000
72623  -33.952  7.749  68.355 0.0000000000
72622  -33.306  7.759  69.024 0.0000000000
164101  -33.994  8.095  69.090 0.0000000000
73753  -34.356  8.683  69.572 0.0000000000
74914  -37.811  10.114  67.139 0.0000000000
155695  -38.084  10.090  66.341 0.0000000000
76016  -38.502  10.496  66.725 0.0000000000
68737  -18.393  4.483  70.637 0.0000000000
81657  -41.451  16.160  58.040 0.0000000000
82576  -43.134  16.064  59.026 0.0000000000
81658  -42.604  15.654  58.338 0.0000000000
80710  -45.510  14.743  55.406 0.0000000000
81696  -45.911  15.250  55.912 0.0000000000
81697  -46.656  15.523  55.752 0.0000000000
80711  -46.232  14.911  55.098 0.0000000000
84760  -47.936  18.200  42.006 0.0000000000
87911  -51.535  21.946  45.625 0.0000000000
159710  -45.135  20.021  36.482 0.0000000000
86943  -44.510  20.373  36.312 0.0000000000
86944  -45.222  20.955  35.975 0.0000000000
62429  -12.995  -0.950  79.526 0.0000000000
62428  -12.085  -1.068  79.727 0.0000000000
136271  -11.130  -0.950  79.864 0.0000000000
66122  -16.022  2.608  83.871 0.0000000000
154653  -13.522  1.148  86.029 0.0000000000
62368  -12.985  -0.016  86.212 0.0000000000
77163  -41.889  11.358  62.741 0.0000000000
77164  -42.445  11.820  63.286 0.0000000000
145130  -42.464  11.885  62.547 0.0000000000
80651  -40.180  15.221  60.305 0.0000000000
81644  -40.583  15.653  60.932 0.0000000000
81636  -40.963  16.175  61.476 0.0000000000
81643  -39.917  16.306  60.407 0.0000000000
82557  -39.975  17.129  60.442 0.0000000000
80733  -36.747  15.634  53.890 0.0000000000
80743  -36.833  15.296  53.318 0.0000000000
79627  -37.601  15.033  53.164 0.0000000000
79661  -36.230  14.578  52.256 0.0000000000
72533  -20.993  7.405  76.518 0.0000000000
72516  -20.211  7.916  77.372 0.0000000000
72517  -21.218  7.775  77.425 0.0000000000
71432  -26.066  6.711  66.862 0.0000000000
70062  -26.955  5.177  67.743 0.0000000000
141671  -27.304  5.821  69.038 0.0000000000
70036  -27.398  5.409  70.455 0.0000000000
151999  -27.410  6.093  69.873 0.0000000000
136759  -28.476  8.937  66.789 0.0000000000
74846  -27.021  10.540  72.147 0.0000000000
74816  -26.623  11.102  74.155 0.0000000000
74803  -26.892  11.354  75.136 0.0000000000
74817  -27.912  11.538  75.264 0.0000000000
78162  -36.330  12.298  72.598 0.0000000000
67374  -13.767  3.992  76.055 0.0000000000
79708  -41.234  13.618  47.426 0.0000000000
80777  -42.215  14.312  49.376 0.0000000000
80785  -42.051  14.225  48.582 0.0000000000
82675  -46.875  16.817  50.798 0.0000000000
82662  -47.354  16.350  51.569 0.0000000000
82663  -48.152  16.683  51.786 0.0000000000
85774  -49.389  19.969  48.029 0.0000000000
147506  -48.891  19.575  48.619 0.0000000000
89124  -46.923  22.431  34.969 0.0000000000
88063  -50.486  21.384  33.759 0.0000000000
88064  -51.341  21.486  33.621 0.0000000000
87022  -52.305  20.824  30.470 0.0000000000
88082  -53.158  21.133  30.936 0.0000000000
88083  -53.787  21.458  31.634 0.0000000000
88084  -54.663  21.832  31.320 0.0000000000
73845  -37.288  8.794  63.343 0.0000000000
73857  -36.721  8.433  62.925 0.0000000000
72754  -35.894  7.795  59.979 0.0000000000
72769  -35.921  7.969  59.017 0.0000000000
139611  -31.992  5.684  61.923 0.0000000000
161353  -33.957  6.962  63.378 0.0000000000
71475  -33.685  6.742  63.953 0.0000000000
158700  -33.879  6.808  65.234 0.0000000000
71454  -34.491  7.247  65.280 0.0000000000
72658  -35.039  7.901  66.191 0.0000000000
72674  -35.083  7.787  65.389 0.0000000000
72698  -35.604  7.862  63.170 0.0000000000
72690  -35.815  8.176  63.931 0.0000000000
73835  -36.418  8.572  64.492 0.0000000000
73820  -36.962  8.955  64.999 0.0000000000
79599  -41.356  14.130  55.421 0.0000000000
79616  -42.575  13.602  54.375 0.0000000000
79617  -43.364  13.722  54.269 0.0000000000
80735  -43.954  13.880  53.878 0.0000000000
137578  -49.498  19.888  40.960 0.0000000000
85864  -49.362  19.728  41.757 0.0000000000
86899  -49.916  20.351  41.695 0.0000000000
87952  -51.257  21.899  42.787 0.0000000000
89048  -51.978  22.781  44.037 0.0000000000
89059  -51.814  22.673  43.107 0.0000000000
89096  -54.463  23.200  38.659 0.0000000000
62450  -13.331  -0.635  77.840 0.0000000000
62439  -13.308  -0.882  78.724 0.0000000000
150163  -40.375  11.493  59.009 0.0000000000
77216  -40.924  11.581  59.669 0.0000000000
156230  -40.241  11.999  58.559 0.0000000000
79576  -39.224  13.072  57.644 0.0000000000
78336  -40.094  12.684  58.577 0.0000000000
164451  -39.560  13.144  58.151 0.0000000000
79568  -39.696  13.685  58.655 0.0000000000
79575  -38.979  14.139  57.818 0.0000000000
78395  -37.143  14.025  54.610 0.0000000000
78378  -37.502  14.379  55.222 0.0000000000
79611  -36.629  15.125  53.979 0.0000000000
78409  -36.223  14.364  53.375 0.0000000000
158733  -23.303  6.804  77.253 0.0000000000
72505  -23.238  7.207  78.753 0.0000000000
71270  -24.123  6.763  79.016 0.0000000000
72475  -25.628  7.629  80.251 0.0000000000
72474  -24.792  7.438  80.955 0.0000000000
73620  -24.932  7.760  81.788 0.0000000000
73639  -27.973  8.916  79.664 0.0000000000
73624  -27.654  8.582  80.404 0.0000000000
72686  -25.359  8.626  64.594 0.0000000000
73750  -30.272  8.637  69.177 0.0000000000
74884  -29.612  9.231  69.658 0.0000000000
77079  -28.758  12.002  72.482 0.0000000000
75971  -28.754  10.590  71.197 0.0000000000
75951  -28.051  11.813  72.448 0.0000000000
75922  -28.143  12.297  74.171 0.0000000000
161751  -28.712  11.744  74.474 0.0000000000
73713  -29.994  9.605  73.114 0.0000000000
68686  -16.047  5.254  74.082 0.0000000000
68685  -15.415  4.888  74.341 0.0000000000
68669  -15.072  5.129  75.081 0.0000000000
69955  -15.663  5.815  75.500 0.0000000000
71311  -16.264  6.988  76.571 0.0000000000
140968  -42.740  14.480  45.858 0.0000000000
80795  -43.180  14.821  47.316 0.0000000000
155196  -43.750  15.067  46.846 0.0000000000
82699  -45.674  16.617  47.893 0.0000000000
81769  -45.017  16.205  48.225 0.0000000000
82692  -45.525  16.643  48.781 0.0000000000
82684  -46.070  17.126  49.450 0.0000000000
156698  -46.742  17.588  49.729 0.0000000000
86971  -44.977  20.818  33.050 0.0000000000
87035  -51.462  20.625  29.237 0.0000000000
87051  -51.343  20.603  28.542 0.0000000000
87037  -52.877  20.986  29.077 0.0000000000
87052  -52.134  20.697  28.620 0.0000000000
66152  -13.160  2.838  79.119 0.0000000000
67320  -14.835  4.066  83.684 0.0000000000
78213  -40.516  12.906  68.048 0.0000000000
78214  -41.034  13.042  67.398 0.0000000000
76040  -40.391  10.944  64.534 0.0000000000
76041  -41.019  10.956  63.960 0.0000000000
74962  -37.905  9.150  61.974 0.0000000000
74952  -38.512  9.487  63.335 0.0000000000
74963  -38.514  9.491  62.394 0.0000000000
74979  -39.203  10.156  60.492 0.0000000000
149646  -38.934  9.903  61.131 0.0000000000
76067  -40.407  10.562  61.436 0.0000000000
76077  -40.145  10.601  60.529 0.0000000000
76091  -40.342  10.986  59.663 0.0000000000
76090  -39.546  10.468  59.699 0.0000000000
76104  -38.921  10.486  57.988 0.0000000000
69982  -18.432  5.623  73.286 0.0000000000
152933  -19.988  5.630  72.740 0.0000000000
69983  -20.126  5.892  73.376 0.0000000000
71344  -20.218  6.529  74.461 0.0000000000
68724  -20.669  5.095  70.950 0.0000000000
71360  -22.372  6.153  73.702 0.0000000000
69984  -21.956  5.901  73.037 0.0000000000
71346  -22.061  6.554  74.470 0.0000000000
155455  -22.723  6.577  74.919 0.0000000000
71297  -22.680  7.022  76.466 0.0000000000
140105  -23.011  6.707  75.659 0.0000000000
69957  -24.468  5.688  75.057 0.0000000000
71315  -24.008  6.020  75.754 0.0000000000
69958  -24.921  5.627  75.764 0.0000000000
69934  -25.264  6.153  76.895 0.0000000000
69959  -25.654  5.838  75.594 0.0000000000
71489  -28.826  6.992  63.237 0.0000000000
72696  -29.092  7.341  64.010 0.0000000000
72689  -29.253  7.549  64.820 0.0000000000
70109  -31.668  5.754  64.127 0.0000000000
70108  -30.855  5.729  64.077 0.0000000000
71473  -31.253  5.884  64.859 0.0000000000
71422  -31.790  6.850  67.395 0.0000000000
71433  -30.915  6.501  66.180 0.0000000000
71434  -31.225  6.693  66.794 0.0000000000
72655  -30.351  7.172  66.593 0.0000000000
150911  -30.701  7.422  67.388 0.0000000000
144482  -31.663  7.611  68.527 0.0000000000
74869  -32.973  8.867  70.953 0.0000000000
74868  -32.063  9.018  70.727 0.0000000000
74849  -32.402  9.481  71.298 0.0000000000
138972  -31.942  10.125  71.544 0.0000000000
75955  -32.701  9.973  71.835 0.0000000000
75938  -33.036  10.617  72.315 0.0000000000
75956  -33.591  9.970  71.908 0.0000000000
75974  -34.861  9.887  71.100 0.0000000000
75940  -34.747  10.811  72.258 0.0000000000
75958  -35.172  10.536  71.628 0.0000000000
77068  -35.403  11.144  72.170 0.0000000000
75959  -35.844  10.951  71.454 0.0000000000
74912  -35.827  9.073  67.797 0.0000000000
74901  -35.829  9.412  68.551 0.0000000000
144892  -36.405  9.475  67.837 0.0000000000
75999  -37.637  10.561  68.696 0.0000000000
75998  -36.966  10.140  69.021 0.0000000000
75990  -37.374  10.844  69.565 0.0000000000
77094  -36.889  11.244  70.732 0.0000000000
77095  -37.511  11.447  70.373 0.0000000000
77105  -37.974  11.370  69.724 0.0000000000
77112  -39.478  11.570  67.611 0.0000000000
77107  -39.569  12.348  69.115 0.0000000000
77113  -39.866  12.207  68.226 0.0000000000
67466  -17.081  3.748  70.049 0.0000000000
68708  -17.806  5.087  72.060 0.0000000000
160458  -42.875  18.449  61.778 0.0000000000
84561  -43.833  18.939  62.358 0.0000000000
83531  -43.553  17.844  60.930 0.0000000000
83532  -44.747  17.882  60.565 0.0000000000
141637  -45.263  17.456  59.664 0.0000000000
80675  -43.824  14.812  56.904 0.0000000000
81670  -44.284  15.364  57.438 0.0000000000
82603  -45.940  16.155  56.972 0.0000000000
82590  -45.591  16.347  57.567 0.0000000000
159910  -46.213  16.602  57.332 0.0000000000
83566  -46.495  17.455  58.250 0.0000000000
158993  -47.159  17.534  57.663 0.0000000000
82592  -47.412  17.270  57.153 0.0000000000
83709  -46.362  16.849  43.449 0.0000000000
83699  -46.613  17.164  44.312 0.0000000000
83700  -47.201  17.725  44.610 0.0000000000
85819  -48.604  19.160  45.214 0.0000000000
85808  -48.649  19.284  46.149 0.0000000000
85790  -48.693  19.411  47.011 0.0000000000
85809  -49.198  19.734  46.414 0.0000000000
86890  -50.211  20.591  43.713 0.0000000000
161095  -49.799  20.228  44.237 0.0000000000
86872  -50.266  20.649  44.612 0.0000000000
87910  -50.864  21.268  46.069 0.0000000000
63665  -9.350  0.885  84.821 0.0000000000
64921  -8.348  1.554  83.848 0.0000000000
63664  -8.479  1.093  84.592 0.0000000000
78581  -39.202  13.093  45.863 0.0000000000
161041  -39.623  13.020  46.389 0.0000000000
79729  -39.497  13.404  45.274 0.0000000000
158164  -39.994  13.704  44.701 0.0000000000
156470  -40.515  14.137  44.199 0.0000000000
80837  -40.265  14.427  43.477 0.0000000000
80857  -40.975  14.780  42.957 0.0000000000
81831  -41.430  15.331  42.314 0.0000000000
81810  -42.645  15.305  43.131 0.0000000000
81832  -42.289  15.466  42.399 0.0000000000
81843  -42.701  15.818  41.739 0.0000000000
82762  -43.068  16.282  41.171 0.0000000000
139882  -44.695  16.268  42.160 0.0000000000
82780  -43.512  16.631  40.598 0.0000000000
83762  -43.652  17.391  39.300 0.0000000000
83749  -44.782  17.134  40.173 0.0000000000
83750  -45.581  17.269  40.384 0.0000000000
83764  -45.310  17.538  39.543 0.0000000000
84815  -45.321  18.708  37.625 0.0000000000
84801  -44.666  18.370  38.036 0.0000000000
84802  -45.565  18.345  38.226 0.0000000000
84785  -46.621  18.148  39.241 0.0000000000
84787  -48.032  18.679  39.752 0.0000000000
84803  -47.102  18.505  38.683 0.0000000000
85913  -48.111  19.314  37.511 0.0000000000
85898  -48.460  19.121  38.446 0.0000000000
136406  -48.968  19.467  37.686 0.0000000000
85900  -49.926  19.719  38.504 0.0000000000
85925  -48.689  19.771  36.923 0.0000000000
85914  -49.483  19.852  37.179 0.0000000000
88031  -46.435  22.178  35.217 0.0000000000
137417  -10.612  -0.419  80.684 0.0000000000
64950  -14.348  1.622  80.258 0.0000000000
64963  -14.231  1.344  79.423 0.0000000000
63689  -15.590  0.899  82.458 0.0000000000
63696  -15.241  0.596  81.555 0.0000000000
62407  -14.919  0.052  81.376 0.0000000000
63671  -15.801  1.864  85.231 0.0000000000
63681  -14.478  1.048  84.834 0.0000000000
62385  -14.004  0.000  83.684 0.0000000000
62395  -14.427  -0.286  82.387 0.0000000000
62404  -12.776  -0.547  82.017 0.0000000000
62384  -12.896  0.099  83.951 0.0000000000
63678  -11.485  0.445  84.486 0.0000000000
63688  -10.357  0.868  83.160 0.0000000000
63677  -10.498  0.778  84.137 0.0000000000
64915  -9.724  1.073  84.436 0.0000000000
61024  -11.748  -0.897  86.170 0.0000000000
82523  -45.768  16.264  65.566 0.0000000000
82529  -45.510  16.701  65.218 0.0000000000
82528  -45.124  17.115  64.843 0.0000000000
78228  -42.107  12.886  66.555 0.0000000000
79478  -44.026  13.540  64.958 0.0000000000
77205  -42.035  12.569  60.654 0.0000000000
78295  -42.509  12.679  61.412 0.0000000000
79549  -42.277  13.251  60.971 0.0000000000
80637  -43.259  14.543  62.330 0.0000000000
147126  -43.969  14.740  63.150 0.0000000000
79499  -44.438  14.445  64.002 0.0000000000
81619  -44.513  15.445  64.089 0.0000000000
81618  -43.781  16.074  63.489 0.0000000000
82543  -41.912  17.508  62.558 0.0000000000
82544  -42.769  16.848  63.114 0.0000000000
156638  -42.793  17.905  63.349 0.0000000000
83478  -43.488  18.283  63.704 0.0000000000
83496  -42.284  18.141  62.692 0.0000000000
84542  -42.402  18.393  62.415 0.0000000000
83495  -41.624  18.134  62.133 0.0000000000
144546  -40.214  17.365  59.537 0.0000000000
83548  -40.748  17.581  60.303 0.0000000000
82574  -40.647  17.067  58.739 0.0000000000
82588  -40.378  16.803  57.918 0.0000000000
81680  -38.621  15.854  56.705 0.0000000000
81665  -38.931  16.162  57.423 0.0000000000
81705  -38.664  15.931  55.095 0.0000000000
81694  -39.127  16.076  55.823 0.0000000000
81695  -40.060  16.175  55.960 0.0000000000
80722  -39.464  15.353  54.790 0.0000000000
79643  -38.386  14.093  52.795 0.0000000000
78433  -38.175  13.538  52.259 0.0000000000
78434  -39.253  12.932  52.432 0.0000000000
78461  -38.919  12.600  51.726 0.0000000000
77280  -36.595  12.002  53.156 0.0000000000
77295  -35.712  12.033  52.030 0.0000000000
78458  -34.847  13.931  51.468 0.0000000000
79639  -35.592  14.417  52.085 0.0000000000
79658  -34.545  13.973  51.112 0.0000000000
78505  -34.819  13.579  50.344 0.0000000000
78506  -35.504  13.216  50.287 0.0000000000
77328  -35.190  12.693  49.627 0.0000000000
71326  -18.870  6.619  75.265 0.0000000000
72543  -18.449  6.949  76.009 0.0000000000
72531  -18.847  7.530  76.683 0.0000000000
73666  -19.333  8.643  78.288 0.0000000000
68772  -26.741  4.673  68.370 0.0000000000
156733  -26.020  4.426  68.811 0.0000000000
68742  -25.578  4.657  70.517 0.0000000000
68726  -25.861  4.749  71.355 0.0000000000
68743  -26.427  4.687  70.753 0.0000000000
69989  -26.846  5.844  72.886 0.0000000000
136814  -26.457  5.817  73.691 0.0000000000
69960  -26.214  6.179  75.099 0.0000000000
71348  -26.405  6.992  74.995 0.0000000000
73833  -26.593  9.973  64.551 0.0000000000
141868  -26.722  9.939  66.012 0.0000000000
73798  -26.343  9.582  66.289 0.0000000000
74899  -28.273  9.269  68.701 0.0000000000
73782  -27.988  9.312  67.458 0.0000000000
74882  -27.862  9.442  69.144 0.0000000000
158187  -27.094  9.139  69.201 0.0000000000
72595  -26.761  8.501  70.000 0.0000000000
72606  -26.601  8.181  69.222 0.0000000000
148529  -26.950  7.632  70.856 0.0000000000
72576  -26.743  7.958  71.861 0.0000000000
73692  -25.924  9.495  74.494 0.0000000000
72564  -26.186  8.328  73.783 0.0000000000
73683  -25.796  9.366  75.305 0.0000000000
72546  -25.970  8.021  75.569 0.0000000000
74779  -26.453  10.314  77.506 0.0000000000
73677  -28.556  9.517  76.618 0.0000000000
73668  -28.286  9.691  77.488 0.0000000000
72536  -28.638  8.467  77.033 0.0000000000
73705  -29.223  9.788  74.149 0.0000000000
73694  -29.203  8.747  74.395 0.0000000000
72556  -29.168  7.540  74.442 0.0000000000
78143  -33.164  12.627  73.878 0.0000000000
67453  -15.740  3.243  71.566 0.0000000000
66252  -15.329  2.445  71.348 0.0000000000
66251  -14.831  1.897  71.792 0.0000000000
65048  -14.339  1.331  72.279 0.0000000000
65047  -13.843  0.793  72.812 0.0000000000
66197  -13.478  2.482  75.696 0.0000000000
157776  -13.310  2.063  76.216 0.0000000000
143002  -14.401  5.578  76.909 0.0000000000
85612  -47.262  20.327  62.364 0.0000000000
78508  -40.431  12.589  49.170 0.0000000000
78487  -41.265  13.069  50.331 0.0000000000
78509  -41.159  13.184  49.440 0.0000000000
80758  -42.959  14.491  51.110 0.0000000000
139873  -43.728  14.335  52.212 0.0000000000
80745  -44.488  14.500  52.520 0.0000000000
156134  -44.084  15.936  49.982 0.0000000000
81749  -43.853  15.628  50.411 0.0000000000
81750  -44.440  16.064  50.345 0.0000000000
141115  -46.940  15.475  52.185 0.0000000000
81723  -45.939  15.377  51.719 0.0000000000
81724  -46.095  14.931  52.498 0.0000000000
80738  -46.081  14.723  53.374 0.0000000000
145578  -47.264  15.099  53.761 0.0000000000
81716  -48.610  15.698  53.757 0.0000000000
81717  -49.192  15.869  54.184 0.0000000000
83680  -47.290  17.993  46.282 0.0000000000
83671  -46.855  17.643  46.882 0.0000000000
83672  -47.377  18.180  47.098 0.0000000000
84686  -48.317  19.070  49.161 0.0000000000
156701  -47.706  18.591  49.180 0.0000000000
84675  -47.896  18.501  49.927 0.0000000000
84676  -48.462  18.551  50.449 0.0000000000
88015  -50.676  20.623  36.960 0.0000000000
143481  -51.436  21.011  37.116 0.0000000000
89111  -50.777  22.649  35.826 0.0000000000
88016  -51.561  21.894  36.467 0.0000000000
162281  -51.419  22.935  35.889 0.0000000000
90102  -51.787  23.629  35.719 0.0000000000
88046  -47.983  22.018  34.376 0.0000000000
90123  -50.482  23.751  34.922 0.0000000000
90115  -50.993  24.058  34.997 0.0000000000
90103  -52.349  24.258  35.636 0.0000000000
91041  -52.360  24.733  35.131 0.0000000000
138496  -53.766  25.477  35.913 0.0000000000
91050  -53.425  25.263  34.892 0.0000000000
91051  -54.363  25.450  34.715 0.0000000000
87005  -51.576  20.657  31.572 0.0000000000
157853  -50.929  20.544  31.793 0.0000000000
141756  -50.177  20.407  31.691 0.0000000000
86992  -51.327  20.688  32.352 0.0000000000
88070  -51.760  20.986  32.949 0.0000000000
161123  -52.419  21.191  32.729 0.0000000000
89156  -54.897  22.572  32.535 0.0000000000
89148  -54.438  22.928  33.340 0.0000000000
90135  -55.794  24.331  33.217 0.0000000000
88117  -55.557  22.433  29.424 0.0000000000
72711  -36.140  8.058  62.611 0.0000000000
72725  -36.110  7.929  61.793 0.0000000000
70139  -32.759  6.124  61.959 0.0000000000
70155  -33.031  6.100  61.147 0.0000000000
71512  -33.536  6.593  62.379 0.0000000000
145268  -34.405  7.232  63.643 0.0000000000
139667  -35.106  7.678  63.817 0.0000000000
72697  -34.932  7.478  62.994 0.0000000000
79630  -40.914  13.369  53.937 0.0000000000
78411  -40.507  13.079  53.274 0.0000000000
79644  -41.648  13.227  53.016 0.0000000000
162270  -42.519  13.523  53.057 0.0000000000
85876  -49.984  20.145  40.026 0.0000000000
87966  -50.701  21.038  40.890 0.0000000000
87967  -51.272  21.636  41.081 0.0000000000
89079  -53.110  23.394  40.573 0.0000000000
87975  -53.174  22.219  39.294 0.0000000000
87988  -53.114  21.892  38.561 0.0000000000
62482  -13.179  -0.163  75.434 0.0000000000
62481  -12.643  -0.788  75.984 0.0000000000
62462  -13.350  -0.251  76.352 0.0000000000
63731  -14.157  0.403  78.666 0.0000000000
77244  -39.427  11.746  57.625 0.0000000000
78347  -39.174  12.411  57.310 0.0000000000
156033  -36.943  12.625  53.743 0.0000000000
71285  -24.637  6.511  78.395 0.0000000000
143198  -25.279  7.020  79.440 0.0000000000
73636  -26.508  8.559  80.574 0.0000000000
73622  -26.917  8.748  80.660 0.0000000000
73637  -26.966  9.248  79.645 0.0000000000
73638  -27.403  9.490  79.288 0.0000000000
75973  -30.637  10.049  71.087 0.0000000000
75972  -29.660  10.321  71.056 0.0000000000
137688  -30.304  10.971  71.527 0.0000000000
77062  -29.001  12.683  73.570 0.0000000000
75923  -29.027  12.124  74.327 0.0000000000
77046  -29.401  12.718  74.131 0.0000000000
75924  -29.876  12.172  74.375 0.0000000000
68698  -16.537  5.338  73.620 0.0000000000
81789  -43.688  15.017  45.549 0.0000000000
146032  -44.345  15.401  46.880 0.0000000000
81782  -44.675  15.562  46.099 0.0000000000
144408  -45.706  16.470  46.951 0.0000000000
82700  -46.307  17.156  47.439 0.0000000000
77121  -39.778  11.502  66.711 0.0000000000
76018  -39.671  11.097  65.966 0.0000000000
76039  -39.643  10.588  64.863 0.0000000000
76046  -39.694  10.415  64.148 0.0000000000
74970  -38.451  9.555  61.485 0.0000000000
74977  -37.760  9.220  60.163 0.0000000000
74987  -38.213  9.621  59.653 0.0000000000
160012  -38.511  9.883  59.288 0.0000000000
155417  -38.936  10.237  58.827 0.0000000000
153703  -38.211  9.703  58.867 0.0000000000
68709  -18.447  5.170  71.961 0.0000000000
70001  -19.022  5.440  72.521 0.0000000000
139501  -19.844  5.400  72.008 0.0000000000
68739  -21.866  4.924  70.138 0.0000000000
162454  -21.767  5.363  71.170 0.0000000000
70033  -22.287  5.304  70.853 0.0000000000
70004  -22.564  5.705  72.284 0.0000000000
71361  -22.906  6.042  73.623 0.0000000000
71330  -23.458  6.220  74.931 0.0000000000
69986  -23.498  5.885  73.452 0.0000000000
69972  -25.122  5.395  74.390 0.0000000000
137798  -32.681  6.203  65.629 0.0000000000
71451  -31.613  6.100  65.746 0.0000000000
71423  -32.778  6.745  67.251 0.0000000000
72637  -32.410  7.171  68.059 0.0000000000
152730  -32.495  7.592  68.827 0.0000000000
73752  -33.484  8.229  69.661 0.0000000000
138737  -33.708  9.100  70.919 0.0000000000
74851  -34.090  9.566  71.296 0.0000000000
74870  -34.422  9.263  70.449 0.0000000000
74871  -35.227  9.719  70.291 0.0000000000
74920  -36.812  9.250  66.271 0.0000000000
74913  -37.000  9.565  67.092 0.0000000000
76006  -37.900  10.463  67.947 0.0000000000
76000  -38.401  11.002  68.393 0.0000000000
76008  -39.017  11.022  67.101 0.0000000000
68736  -17.661  4.160  70.332 0.0000000000
68721  -18.057  4.820  71.485 0.0000000000
82565  -42.414  16.857  59.676 0.0000000000
83550  -42.981  17.302  60.348 0.0000000000
82566  -43.692  16.643  59.585 0.0000000000
82577  -44.312  16.237  58.733 0.0000000000
81684  -44.748  15.159  56.709 0.0000000000
80694  -45.146  14.924  56.032 0.0000000000
81687  -47.118  16.213  56.212 0.0000000000
81698  -47.416  15.728  55.520 0.0000000000
83710  -47.158  17.543  43.510 0.0000000000
85830  -48.535  18.964  44.260 0.0000000000
85831  -49.241  19.635  44.443 0.0000000000
87926  -50.819  21.256  45.073 0.0000000000
91031  -55.229  26.140  36.473 0.0000000000
80856  -39.993  14.759  42.684 0.0000000000
82788  -42.375  16.992  39.894 0.0000000000
82789  -43.175  16.997  39.925 0.0000000000
83761  -42.840  17.387  39.281 0.0000000000
83777  -43.311  17.796  38.648 0.0000000000
85909  -44.700  18.934  37.358 0.0000000000
84816  -46.172  18.801  37.602 0.0000000000
85910  -45.463  19.330  37.006 0.0000000000
85911  -46.413  19.517  36.844 0.0000000000
85923  -47.128  19.751  36.656 0.0000000000
86945  -46.668  20.420  36.308 0.0000000000
149444  -10.398  -0.707  79.859 0.0000000000
155965  -11.217  -0.334  81.475 0.0000000000
66130  -14.893  2.135  82.101 0.0000000000
64931  -15.504  1.527  82.504 0.0000000000
63668  -13.010  0.663  85.557 0.0000000000
63667  -11.985  0.438  85.175 0.0000000000
63658  -11.387  0.293  85.426 0.0000000000
62367  -12.392  0.013  86.157 0.0000000000
61025  -12.523  -0.921  86.183 0.0000000000
161781  -42.189  12.005  65.115 0.0000000000
78239  -42.356  12.482  65.731 0.0000000000
78251  -42.827  12.359  64.755 0.0000000000
78264  -42.987  12.361  63.691 0.0000000000
80652  -42.022  14.116  61.028 0.0000000000
80636  -42.657  15.317  62.119 0.0000000000
81637  -41.829  15.713  61.801 0.0000000000
82552  -41.348  16.821  62.019 0.0000000000
82551  -40.775  17.195  61.476 0.0000000000
83513  -41.040  17.937  61.431 0.0000000000
82550  -40.425  17.457  60.833 0.0000000000
82563  -39.696  16.998  59.715 0.0000000000
80704  -37.562  15.814  55.194 0.0000000000
158291  -37.702  15.927  54.940 0.0000000000
80721  -38.126  15.835  54.444 0.0000000000
79613  -38.853  15.090  53.999 0.0000000000
71327  -19.820  6.793  75.120 0.0000000000
73619  -23.106  8.208  81.441 0.0000000000
73618  -22.160  8.686  81.238 0.0000000000
70107  -25.632  5.510  65.241 0.0000000000
70076  -26.566  5.369  67.065 0.0000000000
68785  -27.143  4.959  68.206 0.0000000000
68759  -27.236  4.840  69.491 0.0000000000
68727  -26.662  4.926  71.494 0.0000000000
159819  -27.287  4.922  70.109 0.0000000000
70025  -27.237  5.438  71.408 0.0000000000
70008  -27.219  5.852  72.101 0.0000000000
73843  -27.605  9.291  64.041 0.0000000000
73834  -27.675  9.363  64.957 0.0000000000
159828  -27.505  9.583  66.855 0.0000000000
74863  -27.711  9.801  70.428 0.0000000000
74881  -27.605  9.529  69.712 0.0000000000
73722  -27.182  9.706  71.086 0.0000000000
146491  -26.709  9.313  71.853 0.0000000000
149033  -26.460  8.806  72.483 0.0000000000
73702  -26.118  9.797  73.792 0.0000000000
74802  -26.204  10.480  75.232 0.0000000000
74780  -27.013  10.975  76.895 0.0000000000
74790  -26.978  11.193  75.955 0.0000000000
72547  -28.857  8.096  76.081 0.0000000000
66225  -15.033  2.961  72.969 0.0000000000
157756  -14.482  2.415  73.483 0.0000000000
65015  -14.081  1.875  74.026 0.0000000000
66198  -13.865  3.005  75.062 0.0000000000
67389  -13.517  3.262  75.832 0.0000000000
79689  -40.989  13.247  48.649 0.0000000000
79676  -41.776  13.760  49.765 0.0000000000
79690  -41.606  13.794  49.004 0.0000000000
79677  -42.357  14.313  50.089 0.0000000000
81735  -43.544  15.119  50.896 0.0000000000
81751  -45.093  16.186  50.657 0.0000000000
81738  -46.442  16.101  51.342 0.0000000000
81715  -47.580  15.383  52.996 0.0000000000
82640  -49.057  16.150  53.355 0.0000000000
84705  -48.237  18.959  47.650 0.0000000000
84704  -47.608  18.458  47.844 0.0000000000
84695  -48.406  19.198  48.361 0.0000000000
88034  -49.308  21.911  35.824 0.0000000000
88033  -48.362  22.499  35.389 0.0000000000
89126  -49.234  22.966  35.338 0.0000000000
90112  -48.773  23.076  35.031 0.0000000000
88048  -49.903  22.223  34.316 0.0000000000
89138  -50.951  23.356  34.550 0.0000000000
91049  -52.546  24.886  34.996 0.0000000000
89139  -51.852  23.396  34.438 0.0000000000
89140  -52.839  23.408  34.303 0.0000000000
138189  -50.864  20.552  29.659 0.0000000000
145023  -51.732  20.671  30.901 0.0000000000
88071  -52.929  21.172  32.042 0.0000000000
88072  -53.635  21.589  32.383 0.0000000000
88073  -54.423  21.862  32.138 0.0000000000
89157  -55.847  23.211  32.101 0.0000000000
89196  -56.502  22.968  28.432 0.0000000000
74933  -37.755  9.328  64.778 0.0000000000
74934  -38.394  9.728  64.943 0.0000000000
74944  -37.849  9.196  63.810 0.0000000000
74951  -37.955  9.061  62.898 0.0000000000
73870  -37.309  8.746  61.587 0.0000000000
73869  -36.712  8.375  62.103 0.0000000000
73882  -36.674  8.326  61.232 0.0000000000
73883  -37.254  8.740  60.687 0.0000000000
73895  -37.163  8.762  59.776 0.0000000000
68751  -19.924  4.423  69.767 0.0000000000
68753  -21.450  4.565  69.419 0.0000000000
68755  -23.030  4.910  69.493 0.0000000000
151497  -23.643  5.029  69.961 0.0000000000
70152  -30.651  5.106  61.789 0.0000000000
70124  -31.256  5.616  63.251 0.0000000000
70110  -32.381  5.958  64.166 0.0000000000
71492  -32.842  6.245  62.890 0.0000000000
71474  -32.955  6.283  63.708 0.0000000000
71452  -32.974  6.236  64.619 0.0000000000
161066  -33.422  6.548  65.716 0.0000000000
71437  -34.008  6.879  66.057 0.0000000000
72639  -34.233  7.529  67.466 0.0000000000
73785  -34.751  8.201  67.854 0.0000000000
72640  -34.946  7.952  67.043 0.0000000000
73802  -35.596  8.432  66.549 0.0000000000
152195  -35.665  8.145  64.805 0.0000000000
73803  -36.186  8.824  66.047 0.0000000000
73804  -36.701  9.025  65.630 0.0000000000
74921  -37.303  9.336  65.592 0.0000000000
80691  -42.000  14.772  56.602 0.0000000000
80673  -42.358  15.023  57.253 0.0000000000
80692  -43.226  14.422  56.359 0.0000000000
159554  -42.190  13.725  55.092 0.0000000000
79600  -43.082  13.783  54.982 0.0000000000
80708  -43.684  14.118  55.570 0.0000000000
155910  -48.481  18.826  41.499 0.0000000000
85857  -48.855  19.209  42.773 0.0000000000
85858  -49.424  19.784  42.572 0.0000000000
157349  -50.556  20.983  43.277 0.0000000000
87958  -50.615  21.071  41.726 0.0000000000
87951  -50.753  21.280  42.630 0.0000000000
89035  -52.215  22.836  44.966 0.0000000000
90076  -53.818  24.106  40.430 0.0000000000
148453  -54.875  23.732  38.199 0.0000000000
62461  -13.119  -0.824  76.915 0.0000000000
61069  -12.751  -1.126  78.262 0.0000000000
62417  -13.379  -0.677  80.087 0.0000000000
76079  -41.327  11.265  60.846 0.0000000000
77180  -42.194  11.668  61.989 0.0000000000
77204  -41.789  11.795  60.692 0.0000000000
77217  -41.432  12.186  59.937 0.0000000000
78307  -41.504  13.007  60.049 0.0000000000
78322  -41.006  12.982  59.461 0.0000000000
79562  -40.222  13.799  59.308 0.0000000000
80659  -39.865  14.809  59.622 0.0000000000
80658  -39.262  15.494  59.074 0.0000000000
80665  -39.113  14.914  58.466 0.0000000000
80671  -38.732  15.458  57.649 0.0000000000
79584  -37.873  14.960  55.872 0.0000000000
79612  -36.924  15.414  54.449 0.0000000000
72518  -22.083  7.593  77.637 0.0000000000
72504  -22.362  7.681  78.473 0.0000000000
72486  -22.647  7.810  79.400 0.0000000000
72472  -22.899  8.023  80.428 0.0000000000
72473  -23.868  7.479  80.688 0.0000000000
73611  -23.425  8.107  82.115 0.0000000000
73623  -27.210  8.608  80.846 0.0000000000
71469  -25.050  6.824  64.062 0.0000000000
71448  -25.551  6.742  65.378 0.0000000000
138105  -25.739  7.447  66.103 0.0000000000
73784  -29.377  8.640  68.096 0.0000000000
73783  -29.014  8.709  67.491 0.0000000000
73749  -29.226  8.903  68.798 0.0000000000
74883  -28.641  9.393  69.408 0.0000000000
74864  -28.211  10.228  70.772 0.0000000000
75935  -27.275  11.415  72.978 0.0000000000
75921  -27.377  11.768  74.021 0.0000000000
75910  -27.188  11.803  74.792 0.0000000000
74818  -28.044  11.812  74.734 0.0000000000
142274  -29.599  8.801  73.272 0.0000000000
74832  -29.628  10.808  73.936 0.0000000000
152576  -29.860  8.719  72.864 0.0000000000
72577  -29.805  7.908  72.790 0.0000000000
67464  -16.017  3.143  70.830 0.0000000000
67439  -15.552  3.570  72.418 0.0000000000
68706  -15.990  4.415  72.691 0.0000000000
67425  -15.340  3.871  73.222 0.0000000000
68668  -14.405  4.557  75.580 0.0000000000
69954  -14.792  5.299  75.957 0.0000000000
80800  -41.648  13.885  46.727 0.0000000000
80786  -42.525  14.568  47.985 0.0000000000
80787  -43.101  14.997  48.236 0.0000000000
81760  -44.171  15.856  49.342 0.0000000000
81775  -44.635  15.750  47.621 0.0000000000
82691  -44.803  16.248  49.049 0.0000000000
143027  -45.561  16.799  50.173 0.0000000000
82674  -46.367  17.190  50.231 0.0000000000
88059  -46.400  21.128  34.040 0.0000000000
88060  -47.336  20.936  33.909 0.0000000000
87034  -50.715  20.550  28.949 0.0000000000
88114  -52.967  21.073  29.935 0.0000000000
88098  -53.840  21.418  30.204 0.0000000000
88115  -53.609  21.305  29.385 0.0000000000
88129  -54.250  21.504  28.789 0.0000000000
145024  -52.397  20.673  27.794 0.0000000000
87053  -53.011  20.872  28.277 0.0000000000
152045  -13.326  1.980  77.826 0.0000000000
66153  -13.599  2.296  79.652 0.0000000000
66120  -14.372  3.309  82.697 0.0000000000
78227  -41.424  12.707  66.674 0.0000000000
77134  -40.361  11.617  65.981 0.0000000000
77135  -41.123  12.146  66.051 0.0000000000
77146  -41.649  12.047  65.572 0.0000000000
143806  -41.668  11.661  64.813 0.0000000000
77155  -41.701  11.365  63.834 0.0000000000
76061  -41.208  10.911  62.418 0.0000000000
74953  -39.095  9.936  63.771 0.0000000000
76059  -39.823  10.239  63.252 0.0000000000
74971  -39.102  9.889  61.892 0.0000000000
76060  -40.554  10.540  62.824 0.0000000000
152211  -40.656  10.621  62.105 0.0000000000
76068  -41.150  10.962  61.588 0.0000000000
76078  -40.853  11.123  60.301 0.0000000000
76105  -39.391  10.800  58.314 0.0000000000
76121  -39.214  11.083  57.622 0.0000000000
76135  -38.762  10.991  56.841 0.0000000000
76134  -38.284  10.830  56.159 0.0000000000
71341  -17.684  6.245  74.821 0.0000000000
71342  -18.388  6.280  74.684 0.0000000000
71343  -19.308  6.370  74.578 0.0000000000
71328  -21.292  7.072  75.612 0.0000000000
70019  -20.459  5.310  71.570 0.0000000000
70002  -20.668  5.554  72.179 0.0000000000
70003  -21.577  5.647  72.259 0.0000000000
159859  -20.918  5.852  73.031 0.0000000000
71345  -21.113  6.575  74.412 0.0000000000
153037  -21.487  6.857  74.961 0.0000000000
71313  -21.926  7.173  76.097 0.0000000000
71299  -24.406  6.318  77.387 0.0000000000
71300  -25.402  6.552  77.798 0.0000000000
162422  -25.722  6.613  77.029 0.0000000000
71301  -25.879  7.089  77.517 0.0000000000
71509  -27.907  7.094  62.038 0.0000000000
72708  -28.190  7.637  62.781 0.0000000000
72688  -28.504  8.406  64.444 0.0000000000
71491  -30.188  5.973  64.039 0.0000000000
71450  -30.689  6.316  65.466 0.0000000000
71449  -29.924  6.837  65.167 0.0000000000
145901  -29.675  7.591  66.235 0.0000000000
72654  -29.543  7.995  66.926 0.0000000000
72635  -29.916  8.145  67.750 0.0000000000
74885  -30.629  8.923  69.889 0.0000000000
73735  -31.727  8.540  69.958 0.0000000000
74867  -31.120  9.331  70.508 0.0000000000
75954  -31.225  10.569  71.504 0.0000000000
77064  -31.407  12.026  72.664 0.0000000000
78161  -31.756  12.562  73.303 0.0000000000
77065  -32.436  11.550  72.713 0.0000000000
77047  -32.820  12.102  73.295 0.0000000000
77048  -33.821  11.825  73.302 0.0000000000
75939  -33.975  10.601  72.377 0.0000000000
77067  -34.315  11.227  72.772 0.0000000000
77049  -34.696  11.803  73.170 0.0000000000
77050  -35.520  11.846  72.810 0.0000000000
78174  -36.800  11.994  71.906 0.0000000000
74900  -35.127  9.025  69.019 0.0000000000
74887  -35.561  9.573  69.458 0.0000000000
75988  -35.951  10.061  70.068 0.0000000000
160607  -36.503  9.765  68.534 0.0000000000
75976  -36.322  10.767  70.623 0.0000000000
77082  -36.508  11.380  71.317 0.0000000000
78184  -37.892  12.200  70.955 0.0000000000
77106  -38.661  11.613  69.278 0.0000000000
78193  -39.037  12.391  69.947 0.0000000000
67465  -16.549  3.556  70.471 0.0000000000
140941  -16.752  4.350  71.614 0.0000000000
163329  -17.687  4.488  71.051 0.0000000000
137366  -17.337  4.718  71.717 0.0000000000
140843  -17.194  5.617  73.805 0.0000000000
85609  -44.348  19.486  63.125 0.0000000000
84577  -45.276  18.635  61.027 0.0000000000
84563  -45.855  19.479  61.563 0.0000000000
84578  -46.249  18.918  60.603 0.0000000000
81669  -43.190  15.100  57.617 0.0000000000
81671  -45.182  15.747  57.191 0.0000000000
82578  -45.324  16.623  58.332 0.0000000000
161505  -45.913  17.012  58.301 0.0000000000
84609  -46.986  18.253  58.802 0.0000000000
141058  -45.435  16.201  43.892 0.0000000000
82721  -45.424  16.150  44.634 0.0000000000
82713  -46.156  16.781  44.915 0.0000000000
83690  -46.712  17.371  45.182 0.0000000000
84717  -47.743  18.473  46.491 0.0000000000
84736  -47.547  18.182  44.986 0.0000000000
84728  -47.639  18.318  45.694 0.0000000000
84718  -48.248  18.882  46.746 0.0000000000
85848  -49.031  19.408  43.464 0.0000000000
86859  -50.202  20.615  45.727 0.0000000000
86858  -49.597  20.080  45.883 0.0000000000
86849  -49.731  20.263  46.585 0.0000000000
64929  -8.980  1.568  83.427 0.0000000000
77332  -39.049  11.791  49.428 0.0000000000
159132  -39.863  12.312  50.404 0.0000000000
78507  -39.755  12.142  49.450 0.0000000000
77343  -39.613  12.127  48.692 0.0000000000
78540  -39.656  12.453  47.800 0.0000000000
144548  -39.041  12.700  46.500 0.0000000000
78541  -40.270  12.959  47.456 0.0000000000
162246  -40.697  13.328  47.225 0.0000000000
79707  -40.934  13.544  46.639 0.0000000000
79747  -39.209  13.622  44.532 0.0000000000
160931  -40.143  13.541  45.359 0.0000000000
79718  -41.308  13.819  45.847 0.0000000000
136448  -42.106  14.145  45.878 0.0000000000
147283  -41.722  14.209  45.065 0.0000000000
80806  -42.511  14.491  45.148 0.0000000000
80838  -41.616  14.679  43.633 0.0000000000
80821  -43.025  14.821  44.577 0.0000000000
80839  -42.871  15.034  43.834 0.0000000000
144063  -43.582  15.229  44.091 0.0000000000
81812  -44.250  15.623  43.515 0.0000000000
157815  -43.206  15.635  42.464 0.0000000000
81833  -43.900  15.697  42.823 0.0000000000
82729  -45.109  16.092  43.254 0.0000000000
82748  -45.082  16.282  42.535 0.0000000000
82764  -45.317  16.551  41.862 0.0000000000
82781  -44.300  16.675  40.755 0.0000000000
82782  -45.092  16.751  40.956 0.0000000000
82765  -46.107  16.802  41.971 0.0000000000
83734  -46.698  17.339  41.593 0.0000000000
83735  -47.398  17.812  41.590 0.0000000000
154619  -47.166  17.779  40.876 0.0000000000
84799  -42.916  18.313  38.124 0.0000000000
83778  -44.160  17.803  38.649 0.0000000000
83779  -45.019  17.842  38.737 0.0000000000
83766  -46.895  17.930  40.055 0.0000000000
83752  -47.579  18.319  40.335 0.0000000000
84777  -48.262  18.730  40.580 0.0000000000
85875  -48.868  19.278  40.769 0.0000000000
142648  -49.257  19.611  40.143 0.0000000000
85897  -47.599  18.844  38.109 0.0000000000
145531  -48.894  19.299  39.192 0.0000000000
85884  -49.512  19.644  39.327 0.0000000000
85885  -50.141  19.970  39.196 0.0000000000
86915  -50.630  20.421  39.442 0.0000000000
86927  -51.226  20.568  38.748 0.0000000000
87986  -51.891  21.038  39.045 0.0000000000
86931  -50.250  19.985  37.620 0.0000000000
86949  -49.917  20.394  36.766 0.0000000000
86946  -47.470  20.522  36.310 0.0000000000
88013  -47.836  21.511  35.839 0.0000000000
88043  -45.296  21.793  34.703 0.0000000000
64975  -14.182  1.063  78.816 0.0000000000
63719  -14.380  0.676  79.277 0.0000000000
64951  -14.959  1.047  80.869 0.0000000000
62430  -14.314  -0.018  79.508 0.0000000000
62418  -14.619  -0.021  80.516 0.0000000000
156932  -14.036  -0.412  80.247 0.0000000000
62405  -13.369  -0.706  80.966 0.0000000000
64922  -16.234  2.434  84.659 0.0000000000
63682  -15.682  1.034  83.341 0.0000000000
142353  -15.327  1.609  84.805 0.0000000000
62386  -15.319  0.723  83.618 0.0000000000
142546  -13.699  -0.527  81.826 0.0000000000
157895  -12.215  -0.663  81.278 0.0000000000
62403  -11.751  -0.326  82.298 0.0000000000
62383  -12.006  0.314  84.066 0.0000000000
160761  -9.799  0.193  85.131 0.0000000000
63657  -10.604  0.354  85.071 0.0000000000
62369  -10.619  -0.198  85.588 0.0000000000
81612  -45.928  16.517  65.252 0.0000000000
141851  -45.236  17.069  64.882 0.0000000000
79424  -42.510  13.922  67.997 0.0000000000
79460  -42.888  13.055  66.267 0.0000000000
78278  -42.642  12.314  62.060 0.0000000000
78265  -43.454  12.966  63.143 0.0000000000
156610  -43.077  13.611  62.060 0.0000000000
79515  -43.576  13.686  62.714 0.0000000000
79479  -44.542  14.308  64.773 0.0000000000
81611  -44.947  16.294  65.050 0.0000000000
82527  -44.878  17.222  64.771 0.0000000000
83479  -44.018  17.826  64.260 0.0000000000
83461  -43.999  18.313  63.989 0.0000000000
84543  -43.293  18.829  62.872 0.0000000000
84560  -42.200  18.484  62.032 0.0000000000
84575  -41.898  18.333  61.629 0.0000000000
158340  -40.691  17.679  60.768 0.0000000000
83529  -41.307  18.038  61.102 0.0000000000
83549  -41.713  17.626  60.358 0.0000000000
82573  -39.216  16.485  58.111 0.0000000000
155762  -39.696  16.802  57.792 0.0000000000
82587  -39.380  16.558  57.218 0.0000000000
81666  -40.101  16.655  57.144 0.0000000000
81683  -40.519  16.318  56.590 0.0000000000
80690  -40.908  15.740  56.220 0.0000000000
79614  -40.238  14.064  54.391 0.0000000000
79629  -39.838  13.749  53.709 0.0000000000
146545  -39.523  12.346  50.924 0.0000000000
76150  -37.102  10.629  54.280 0.0000000000
155778  -37.043  11.365  53.825 0.0000000000
78408  -35.972  13.881  52.952 0.0000000000
78431  -35.614  14.164  52.408 0.0000000000
79640  -35.841  14.666  52.400 0.0000000000
78481  -34.856  14.057  50.914 0.0000000000
79660  -35.886  14.356  51.834 0.0000000000
78459  -36.758  13.908  51.746 0.0000000000
78483  -36.604  13.336  51.105 0.0000000000
160201  -37.513  12.781  51.214 0.0000000000
77339  -35.399  11.624  48.849 0.0000000000
77329  -36.143  11.799  49.398 0.0000000000
77316  -37.596  12.106  50.434 0.0000000000
77317  -38.537  11.838  50.116 0.0000000000
72542  -17.703  6.960  76.071 0.0000000000
72530  -17.998  7.590  76.725 0.0000000000
72503  -21.460  8.010  78.251 0.0000000000
73651  -20.740  8.604  78.986 0.0000000000
143223  -23.588  4.814  69.078 0.0000000000
68756  -24.402  4.754  69.331 0.0000000000
68741  -24.638  4.832  70.203 0.0000000000
70024  -25.185  4.976  71.895 0.0000000000
70007  -25.303  5.247  72.949 0.0000000000
162250  -25.287  5.333  73.721 0.0000000000
137897  -26.320  5.395  73.003 0.0000000000
69988  -25.900  5.420  73.890 0.0000000000
69973  -25.802  5.640  74.771 0.0000000000
164225  -26.024  6.236  75.693 0.0000000000
153197  -25.883  7.731  77.211 0.0000000000
73841  -25.887  10.006  63.855 0.0000000000
73832  -25.760  9.691  64.627 0.0000000000
141595  -25.937  8.785  66.007 0.0000000000
72653  -25.942  8.213  66.683 0.0000000000
72633  -26.054  7.640  67.426 0.0000000000
73781  -26.990  9.553  67.460 0.0000000000
72634  -26.340  8.422  67.879 0.0000000000
72620  -26.367  7.778  68.559 0.0000000000
144352  -26.849  6.962  69.205 0.0000000000
71372  -26.994  6.659  72.539 0.0000000000
72565  -26.573  7.868  72.882 0.0000000000
158128  -26.458  7.206  74.290 0.0000000000
72535  -25.905  7.812  76.480 0.0000000000
145822  -25.753  9.256  77.153 0.0000000000
74768  -26.850  10.142  78.336 0.0000000000
73654  -28.050  9.707  78.326 0.0000000000
74781  -27.936  10.460  77.067 0.0000000000
141130  -28.284  8.863  78.783 0.0000000000
73693  -28.797  10.294  75.054 0.0000000000
160964  -12.507  -0.552  74.211 0.0000000000
63754  -13.476  0.543  75.915 0.0000000000
64991  -13.531  1.263  76.421 0.0000000000
65014  -13.822  1.286  74.580 0.0000000000
151394  -40.879  12.729  51.148 0.0000000000
144907  -41.700  13.219  52.056 0.0000000000
79645  -42.448  13.556  52.322 0.0000000000
158756  -41.990  13.700  50.540 0.0000000000
79663  -42.360  13.720  51.379 0.0000000000
79646  -43.157  13.812  52.679 0.0000000000
80744  -43.855  14.043  53.048 0.0000000000
80736  -44.609  14.277  53.415 0.0000000000
146219  -45.404  14.455  53.810 0.0000000000
157179  -43.141  15.169  49.575 0.0000000000
80770  -43.266  15.222  50.202 0.0000000000
81737  -45.044  15.527  51.334 0.0000000000
80760  -44.262  14.926  51.577 0.0000000000
80726  -46.134  14.668  54.195 0.0000000000
81706  -46.824  14.956  54.432 0.0000000000
81699  -48.241  15.865  55.204 0.0000000000
143894  -47.993  15.434  53.742 0.0000000000
81708  -48.469  15.648  54.384 0.0000000000
144111  -46.328  17.099  46.535 0.0000000000
83664  -47.344  18.278  48.674 0.0000000000
147586  -46.759  17.710  48.978 0.0000000000
83635  -48.389  17.589  51.357 0.0000000000
83621  -48.803  17.082  52.067 0.0000000000
143837  -51.802  20.854  38.021 0.0000000000
87987  -52.455  21.378  38.365 0.0000000000
87997  -52.890  21.809  37.800 0.0000000000
138564  -50.824  21.501  36.409 0.0000000000
89102  -53.484  22.346  37.839 0.0000000000
89113  -53.627  23.197  37.036 0.0000000000
90093  -54.499  23.882  37.374 0.0000000000
89134  -47.657  22.573  34.877 0.0000000000
90113  -49.465  23.380  35.037 0.0000000000
89136  -49.315  23.125  34.753 0.0000000000
90114  -50.211  23.659  35.020 0.0000000000
89128  -50.875  23.707  35.331 0.0000000000
157692  -53.033  24.097  36.184 0.0000000000
90105  -54.599  25.357  36.693 0.0000000000
91030  -54.389  25.956  36.099 0.0000000000
91043  -54.076  25.822  35.626 0.0000000000
91956  -54.833  26.194  35.949 0.0000000000
91968  -55.655  26.245  35.635 0.0000000000
86977  -50.958  20.824  33.130 0.0000000000
89146  -52.559  22.389  33.898 0.0000000000
90133  -53.847  23.563  34.086 0.0000000000
88066  -53.077  21.647  33.089 0.0000000000
90128  -55.144  24.817  34.020 0.0000000000
88099  -54.851  21.874  30.388 0.0000000000
61058  -12.470  -1.195  78.930 0.0000000000
63659  -12.315  0.485  85.661 0.0000000000
64937  -8.875  1.525  82.558 0.0000000000
66117  -16.540  3.177  84.483 0.0000000000
68728  -27.071  4.927  70.749 0.0000000000
68773  -27.163  4.843  68.795 0.0000000000
68783  -25.851  4.441  67.342 0.0000000000
69946  -25.266  5.871  76.226 0.0000000000
69985  -22.772  5.907  73.126 0.0000000000
70023  -24.338  5.276  71.419 0.0000000000
70042  -27.432  5.308  69.614 0.0000000000
70125  -32.198  5.897  63.472 0.0000000000
71271  -24.815  6.695  79.116 0.0000000000
71298  -22.881  7.202  77.890 0.0000000000
71316  -26.003  6.919  76.742 0.0000000000
71362  -26.452  6.364  74.334 0.0000000000
71405  -26.246  7.347  68.036 0.0000000000
71420  -26.680  6.112  67.651 0.0000000000
71421  -27.133  5.475  68.300 0.0000000000
71494  -34.190  7.062  62.796 0.0000000000
72710  -35.513  7.671  62.380 0.0000000000
72752  -34.723  6.975  59.700 0.0000000000
73621  -25.712  7.992  81.284 0.0000000000
73736  -32.752  8.469  70.250 0.0000000000
73765  -30.985  8.181  68.791 0.0000000000
73766  -31.769  7.977  69.217 0.0000000000
73768  -35.258  8.847  68.182 0.0000000000
73844  -36.584  8.533  63.698 0.0000000000
74762  -27.403  9.896  78.622 0.0000000000
74804  -28.049  11.099  75.767 0.0000000000
75950  -27.613  11.262  72.210 0.0000000000
75952  -28.541  11.305  71.823 0.0000000000
75989  -36.624  10.425  69.781 0.0000000000
76001  -38.883  11.165  67.793 0.0000000000
77033  -30.146  12.889  74.513 0.0000000000
77045  -28.681  12.540  74.062 0.0000000000
77154  -41.140  11.324  64.515 0.0000000000
77193  -41.764  11.461  61.406 0.0000000000
77342  -38.685  11.666  48.727 0.0000000000
77353  -39.036  11.930  48.113 0.0000000000
78146  -35.906  12.690  73.287 0.0000000000
78159  -30.020  13.151  73.798 0.0000000000
78486  -40.380  12.526  50.611 0.0000000000
78560  -40.218  13.227  46.668 0.0000000000
79532  -42.618  13.482  61.480 0.0000000000
79563  -40.849  13.997  59.948 0.0000000000
79625  -35.965  14.894  52.943 0.0000000000
79642  -37.272  14.788  52.705 0.0000000000
79698  -40.826  13.303  47.884 0.0000000000
79717  -40.539  13.535  45.922 0.0000000000
80769  -42.891  14.756  50.466 0.0000000000
80778  -42.712  14.808  48.973 0.0000000000
80802  -43.310  14.774  46.241 0.0000000000
80818  -39.728  13.999  43.991 0.0000000000
80820  -42.216  14.598  44.288 0.0000000000
81668  -42.202  15.404  57.718 0.0000000000
81759  -43.631  15.564  49.780 0.0000000000
81774  -43.823  15.330  47.752 0.0000000000
81781  -44.003  15.180  46.126 0.0000000000
81783  -45.027  15.815  46.876 0.0000000000
81791  -45.056  15.804  45.385 0.0000000000
81809  -41.874  15.100  43.013 0.0000000000
82568  -45.684  17.177  58.813 0.0000000000
82591  -46.664  17.059  57.479 0.0000000000
82682  -44.582  16.265  49.768 0.0000000000
82722  -45.988  16.576  44.108 0.0000000000
82747  -44.523  15.966  42.720 0.0000000000
82749  -45.787  16.532  42.714 0.0000000000
83751  -46.394  17.464  40.635 0.0000000000
84562  -44.820  19.267  61.964 0.0000000000
84737  -48.062  18.574  45.029 0.0000000000
84767  -47.813  18.274  41.149 0.0000000000
84804  -47.835  18.706  38.932 0.0000000000
85626  -43.755  19.210  62.982 0.0000000000
85883  -48.667  19.173  39.926 0.0000000000
85915  -49.622  19.614  37.858 0.0000000000
86682  -46.933  20.411  62.263 0.0000000000
86947  -48.312  20.482  36.408 0.0000000000
87004  -50.934  20.516  31.011 0.0000000000
88017  -52.162  22.520  36.439 0.0000000000
88065  -52.172  21.576  33.428 0.0000000000
90122  -49.753  23.423  34.950 0.0000000000
90124  -51.224  24.107  34.892 0.0000000000
90125  -52.047  24.388  34.805 0.0000000000
91029  -53.041  24.829  35.666 0.0000000000
91966  -53.869  25.676  35.173 0.0000000000
139409  -48.732  21.315  36.035 0.0000000000
140044  -50.082  21.203  36.344 0.0000000000
143529  -26.200  4.540  70.096 0.0000000000
144110  -46.287  16.994  45.724 0.0000000000
144777  -47.875  18.187  42.981 0.0000000000
145546  -43.672  15.075  44.861 0.0000000000
145847  -26.909  4.703  70.124 0.0000000000
146024  -24.991  8.119  64.071 0.0000000000
146530  -38.592  16.027  56.031 0.0000000000
147644  -40.701  12.680  49.903 0.0000000000
148532  -23.318  5.639  71.963 0.0000000000
151051  -44.233  13.796  64.146 0.0000000000
153568  -34.966  7.623  64.591 0.0000000000
154005  -39.617  10.219  61.287 0.0000000000
154170  -26.045  10.190  76.731 0.0000000000
154823  -40.627  14.359  54.961 0.0000000000
155618  -43.506  17.272  63.777 0.0000000000
157213  -40.944  14.474  43.716 0.0000000000
157289  -49.064  19.438  39.685 0.0000000000
157696  -34.626  7.426  65.909 0.0000000000
158528  -43.811  16.341  41.331 0.0000000000
158923  -43.378  15.978  41.751 0.0000000000
159256  -44.237  15.441  44.413 0.0000000000
160772  -31.481  6.381  66.340 0.0000000000
160806  -14.807  -0.142  81.798 0.0000000000
160850  -49.153  23.271  34.988 0.0000000000
161022  -50.891  21.450  43.267 0.0000000000
161706  -34.692  7.429  64.127 0.0000000000
161737  -22.439  6.991  75.885 0.0000000000
161826  -33.336  6.454  65.185 0.0000000000
161909  -27.416  5.995  71.577 0.0000000000
162346  -9.395  0.563  84.928 0.0000000000
162556  -42.885  12.905  61.890 0.0000000000
162972  -31.206  13.180  73.940 0.0000000000
163566  -48.927  19.281  42.084 0.0000000000
163662  -46.887  18.676  37.981 0.0000000000
164081  -27.861  7.202  80.838 0.0000000000
