#!ascii label  , from subject sub-v1s19x0051308_ses-1 vox2ras=TkReg
946
70427  30.354  5.964  57.452 0.0000000000
86028  45.119  19.209  40.547 0.0000000000
79309  36.393  12.739  48.674 0.0000000000
68871  13.171  5.000  68.400 0.0000000000
163414  24.987  8.771  60.323 0.0000000000
82665  37.539  15.648  46.292 0.0000000000
156931  18.856  6.616  63.619 0.0000000000
163204  17.109  4.246  67.410 0.0000000000
71707  23.106  7.081  62.776 0.0000000000
87215  49.520  19.654  39.728 0.0000000000
77987  28.588  11.385  57.494 0.0000000000
78024  31.192  12.038  54.240 0.0000000000
74416  34.243  8.944  56.890 0.0000000000
160385  47.441  23.663  37.762 0.0000000000
89488  50.363  22.106  35.220 0.0000000000
87183  41.739  19.369  42.404 0.0000000000
83783  45.053  15.956  43.886 0.0000000000
82680  41.035  15.092  45.227 0.0000000000
147837  40.920  12.489  48.086 0.0000000000
68982  29.766  3.813  62.755 0.0000000000
146710  11.869  2.417  72.924 0.0000000000
67312  8.030  3.264  73.899 0.0000000000
70063  6.894  5.214  76.867 0.0000000000
71767  27.214  6.099  59.113 0.0000000000
68984  25.679  4.299  62.396 0.0000000000
81530  30.807  14.501  50.507 0.0000000000
78022  35.014  11.957  53.813 0.0000000000
92526  52.960  24.188  32.358 0.0000000000
87203  47.218  19.237  40.123 0.0000000000
84901  48.003  17.351  41.789 0.0000000000
164039  30.685  8.708  57.058 0.0000000000
75603  31.744  9.400  56.060 0.0000000000
71814  32.187  6.981  56.554 0.0000000000
89425  44.830  21.896  39.877 0.0000000000
91533  46.641  23.599  38.883 0.0000000000
89423  46.079  21.308  38.880 0.0000000000
89443  48.295  21.228  38.103 0.0000000000
65939  5.050  2.648  78.341 0.0000000000
84863  41.342  17.614  43.381 0.0000000000
83789  39.607  17.076  44.765 0.0000000000
80423  37.122  13.594  47.423 0.0000000000
80434  39.437  13.644  46.619 0.0000000000
79293  38.766  12.196  48.959 0.0000000000
168706  38.530  11.380  50.943 0.0000000000
150821  14.916  4.458  67.544 0.0000000000
68850  16.829  3.738  68.876 0.0000000000
67388  14.452  3.341  69.219 0.0000000000
66015  13.948  2.559  72.132 0.0000000000
67374  12.353  3.076  70.345 0.0000000000
70126  9.591  4.956  72.615 0.0000000000
68763  7.681  4.361  74.870 0.0000000000
71747  26.179  6.544  59.886 0.0000000000
69024  26.526  4.415  60.279 0.0000000000
70354  24.884  6.294  60.595 0.0000000000
70260  21.640  5.803  64.446 0.0000000000
143368  24.074  6.616  65.000 0.0000000000
79192  33.650  12.694  56.008 0.0000000000
144875  32.801  12.497  53.955 0.0000000000
84823  38.733  18.048  45.995 0.0000000000
82656  36.048  15.841  47.608 0.0000000000
81548  35.302  14.628  48.261 0.0000000000
154645  20.204  4.852  65.135 0.0000000000
68905  19.335  4.575  66.715 0.0000000000
70242  17.643  5.338  65.353 0.0000000000
166554  15.723  6.145  66.003 0.0000000000
71617  13.887  6.686  67.318 0.0000000000
73103  23.259  7.497  61.200 0.0000000000
74354  21.731  8.371  61.132 0.0000000000
71688  20.525  6.322  63.096 0.0000000000
81442  28.491  13.789  57.324 0.0000000000
80351  29.096  13.029  54.406 0.0000000000
78010  29.488  11.613  55.710 0.0000000000
77993  32.552  11.068  55.822 0.0000000000
92519  50.468  24.688  34.781 0.0000000000
90534  49.042  22.637  36.262 0.0000000000
89441  50.096  21.236  37.899 0.0000000000
142366  43.698  19.341  41.106 0.0000000000
166443  45.380  17.125  42.330 0.0000000000
84861  43.099  17.375  42.653 0.0000000000
82701  43.260  15.458  44.586 0.0000000000
81564  43.634  14.229  46.298 0.0000000000
82681  39.589  15.594  45.297 0.0000000000
80432  41.379  13.630  46.583 0.0000000000
69048  30.346  4.454  59.418 0.0000000000
70378  32.284  5.651  59.518 0.0000000000
156224  43.171  21.505  41.466 0.0000000000
70168  11.924  5.113  69.639 0.0000000000
68837  10.759  3.861  70.939 0.0000000000
66017  9.832  2.758  72.666 0.0000000000
64656  9.761  1.711  75.814 0.0000000000
64658  7.593  1.869  75.615 0.0000000000
67282  6.236  3.142  76.267 0.0000000000
68733  5.456  4.151  77.321 0.0000000000
149037  3.790  5.033  78.427 0.0000000000
155466  29.111  5.524  58.243 0.0000000000
69022  28.226  4.093  59.855 0.0000000000
67504  27.740  3.429  62.210 0.0000000000
71684  24.130  6.484  62.985 0.0000000000
80399  33.801  13.413  49.410 0.0000000000
79253  30.141  12.420  52.514 0.0000000000
78082  32.415  11.480  51.332 0.0000000000
78097  36.199  10.646  50.726 0.0000000000
73140  34.524  7.743  59.758 0.0000000000
90586  53.805  22.781  31.184 0.0000000000
90568  51.645  22.871  33.573 0.0000000000
90566  52.933  22.276  32.854 0.0000000000
87204  46.338  19.402  40.094 0.0000000000
86025  47.583  18.604  40.683 0.0000000000
86008  46.086  18.335  41.131 0.0000000000
74407  30.469  8.035  57.095 0.0000000000
146503  31.142  8.102  56.582 0.0000000000
71815  31.487  6.633  56.790 0.0000000000
88378  45.152  20.383  39.783 0.0000000000
89424  45.505  21.773  39.249 0.0000000000
87218  45.949  20.101  39.557 0.0000000000
162352  47.270  20.422  38.968 0.0000000000
65953  4.872  3.014  77.956 0.0000000000
85962  40.105  18.536  44.308 0.0000000000
85945  39.681  18.741  45.086 0.0000000000
80408  36.842  13.056  48.050 0.0000000000
79318  37.527  13.090  47.700 0.0000000000
145575  38.007  12.231  49.054 0.0000000000
78108  38.596  11.886  49.663 0.0000000000
78109  37.607  11.899  49.770 0.0000000000
68892  14.354  4.850  67.560 0.0000000000
67408  14.893  3.684  68.558 0.0000000000
67409  13.965  3.885  68.587 0.0000000000
67389  13.578  3.423  69.343 0.0000000000
68851  13.100  4.183  68.935 0.0000000000
73124  25.873  7.550  60.187 0.0000000000
71748  25.474  6.171  60.206 0.0000000000
73125  24.610  7.192  60.594 0.0000000000
70238  21.808  5.550  65.826 0.0000000000
83677  29.646  16.104  54.264 0.0000000000
80338  34.473  13.449  55.670 0.0000000000
82647  35.416  15.442  48.176 0.0000000000
83733  34.890  15.982  48.748 0.0000000000
71667  19.279  5.906  63.871 0.0000000000
70240  19.375  4.894  65.156 0.0000000000
71668  18.555  6.132  64.206 0.0000000000
73036  16.494  7.267  65.187 0.0000000000
73022  15.458  7.450  66.004 0.0000000000
71634  15.253  6.529  66.259 0.0000000000
167072  22.575  9.634  60.592 0.0000000000
164673  19.272  8.099  62.863 0.0000000000
73085  19.813  7.738  62.552 0.0000000000
71689  19.605  6.440  63.260 0.0000000000
70283  20.132  5.827  63.660 0.0000000000
79207  28.633  12.673  56.085 0.0000000000
77995  29.184  11.219  56.405 0.0000000000
75602  32.602  9.251  56.024 0.0000000000
76783  32.187  10.122  55.879 0.0000000000
144420  33.019  10.107  56.055 0.0000000000
76781  33.993  10.834  56.877 0.0000000000
152585  34.610  9.900  57.577 0.0000000000
166039  47.167  23.961  38.369 0.0000000000
92504  48.743  24.276  36.252 0.0000000000
90535  48.425  23.019  36.710 0.0000000000
88392  48.686  20.726  38.562 0.0000000000
89442  49.072  21.202  37.994 0.0000000000
88391  49.611  20.751  38.614 0.0000000000
87182  42.188  19.839  41.878 0.0000000000
85988  43.227  18.069  42.153 0.0000000000
159326  42.427  18.067  42.533 0.0000000000
83787  41.253  16.329  44.188 0.0000000000
83786  42.183  16.077  44.004 0.0000000000
82702  42.475  15.494  44.588 0.0000000000
81588  43.269  14.604  45.657 0.0000000000
81589  42.391  14.568  45.619 0.0000000000
167216  37.873  16.985  46.172 0.0000000000
83764  38.692  16.568  45.518 0.0000000000
81592  38.316  15.321  45.946 0.0000000000
79315  40.013  12.723  47.724 0.0000000000
80433  40.417  13.649  46.531 0.0000000000
80419  40.894  13.051  47.249 0.0000000000
80418  41.885  13.186  47.251 0.0000000000
147897  29.966  3.974  60.829 0.0000000000
68998  31.264  4.725  61.432 0.0000000000
89387  41.877  21.037  42.722 0.0000000000
88348  42.219  20.642  41.997 0.0000000000
88355  43.132  20.877  41.041 0.0000000000
68906  18.460  4.568  66.726 0.0000000000
68866  18.274  4.377  68.586 0.0000000000
161964  13.172  2.472  72.138 0.0000000000
66003  13.570  2.681  73.730 0.0000000000
142843  12.848  2.528  74.016 0.0000000000
162398  12.097  2.374  73.798 0.0000000000
71577  11.359  5.974  70.752 0.0000000000
70154  11.340  5.106  70.320 0.0000000000
70137  11.009  5.557  71.065 0.0000000000
67343  8.886  3.710  72.874 0.0000000000
67342  9.482  3.403  72.418 0.0000000000
67325  9.061  3.017  72.914 0.0000000000
139558  9.989  1.852  74.850 0.0000000000
65994  8.382  2.418  74.227 0.0000000000
64657  8.690  1.687  75.628 0.0000000000
65995  7.654  2.731  74.523 0.0000000000
68746  6.977  4.796  76.164 0.0000000000
67299  6.690  3.351  75.714 0.0000000000
68765  6.574  3.948  76.153 0.0000000000
67283  5.602  3.279  76.878 0.0000000000
68732  6.147  4.828  77.055 0.0000000000
73143  27.932  6.873  59.366 0.0000000000
73162  28.515  6.751  58.592 0.0000000000
70407  27.904  6.245  58.749 0.0000000000
69050  28.366  4.712  59.020 0.0000000000
153538  27.571  4.755  59.330 0.0000000000
69001  25.662  4.387  61.454 0.0000000000
67531  26.696  3.668  61.356 0.0000000000
142414  26.491  3.835  62.797 0.0000000000
73081  23.250  7.174  62.070 0.0000000000
71726  23.729  7.018  61.697 0.0000000000
71685  23.692  6.913  63.443 0.0000000000
151841  24.638  6.107  65.174 0.0000000000
83813  45.624  16.424  43.282 0.0000000000
83837  46.613  16.614  42.936 0.0000000000
83782  46.690  16.121  44.362 0.0000000000
82638  31.769  15.177  49.793 0.0000000000
81539  33.240  14.768  49.351 0.0000000000
80400  32.413  13.515  49.763 0.0000000000
79219  29.611  12.468  54.229 0.0000000000
79254  29.668  12.777  52.913 0.0000000000
143383  30.643  12.140  53.681 0.0000000000
143529  33.827  11.735  53.261 0.0000000000
78064  32.685  11.373  52.230 0.0000000000
78062  34.326  10.998  52.675 0.0000000000
76862  34.003  10.799  51.065 0.0000000000
76842  35.764  10.414  52.250 0.0000000000
76840  37.286  10.567  52.609 0.0000000000
71765  33.443  6.615  59.628 0.0000000000
91591  53.448  23.401  31.414 0.0000000000
90559  50.442  22.831  34.610 0.0000000000
91575  51.054  23.436  34.004 0.0000000000
90558  51.247  22.482  34.137 0.0000000000
89502  53.067  21.433  34.103 0.0000000000
89501  53.958  21.353  34.051 0.0000000000
73050  18.526  7.427  63.763 0.0000000000
73051  17.843  7.432  64.364 0.0000000000
87216  48.611  19.675  39.647 0.0000000000
87200  49.894  19.099  40.266 0.0000000000
86024  48.501  18.528  40.725 0.0000000000
75592  29.784  9.652  57.688 0.0000000000
76773  30.077  9.892  56.947 0.0000000000
74419  31.161  8.958  56.567 0.0000000000
74418  31.950  8.428  56.193 0.0000000000
73189  33.156  7.771  56.593 0.0000000000
91526  46.061  23.514  40.350 0.0000000000
90506  45.392  22.470  39.662 0.0000000000
91544  46.356  22.833  38.665 0.0000000000
90518  46.969  22.267  38.112 0.0000000000
89460  47.680  22.208  37.654 0.0000000000
88394  46.858  21.270  38.501 0.0000000000
88376  48.194  20.275  39.062 0.0000000000
64631  6.202  1.759  77.762 0.0000000000
87171  41.227  19.713  43.053 0.0000000000
84888  41.671  18.128  42.869 0.0000000000
85976  40.607  18.800  43.718 0.0000000000
84864  40.878  17.127  43.879 0.0000000000
83788  40.412  16.663  44.409 0.0000000000
81570  37.023  15.035  46.690 0.0000000000
144203  37.869  14.772  46.368 0.0000000000
80422  37.898  13.456  47.165 0.0000000000
79316  39.056  12.771  47.741 0.0000000000
79305  40.263  12.323  48.473 0.0000000000
78106  40.403  11.699  49.740 0.0000000000
78078  40.205  11.540  51.296 0.0000000000
67481  29.639  3.723  63.554 0.0000000000
68890  16.276  4.253  67.310 0.0000000000
68867  17.435  4.075  68.246 0.0000000000
67407  15.860  3.642  68.529 0.0000000000
67387  15.321  3.363  69.246 0.0000000000
67372  15.469  3.024  70.658 0.0000000000
66025  13.349  2.526  71.476 0.0000000000
66026  12.563  2.535  71.658 0.0000000000
70125  10.283  5.619  72.340 0.0000000000
68793  9.430  5.296  73.430 0.0000000000
142307  8.330  4.022  73.515 0.0000000000
68779  7.843  3.939  74.152 0.0000000000
144312  8.224  4.642  74.329 0.0000000000
70078  7.640  4.961  75.717 0.0000000000
70062  7.783  5.418  76.621 0.0000000000
165130  26.724  6.234  59.521 0.0000000000
69051  26.815  4.888  59.598 0.0000000000
70352  25.831  5.606  59.995 0.0000000000
70353  25.261  5.535  60.588 0.0000000000
70324  25.073  4.877  61.937 0.0000000000
165779  22.620  6.616  63.883 0.0000000000
157256  23.264  6.847  63.934 0.0000000000
71665  23.368  6.697  64.754 0.0000000000
82675  45.644  15.354  45.519 0.0000000000
81523  30.128  14.556  51.646 0.0000000000
79204  32.371  12.224  54.694 0.0000000000
79217  32.268  12.364  54.124 0.0000000000
79216  33.254  12.674  54.594 0.0000000000
79215  34.015  12.964  54.506 0.0000000000
93462  52.574  25.040  33.688 0.0000000000
67253  3.463  3.945  78.630 0.0000000000
84824  38.176  17.585  46.404 0.0000000000
84825  37.593  17.270  46.709 0.0000000000
82666  36.737  15.980  46.821 0.0000000000
81571  36.441  15.246  47.175 0.0000000000
80424  35.876  14.083  47.874 0.0000000000
80410  35.322  13.780  48.530 0.0000000000
70239  20.984  4.942  65.669 0.0000000000
70198  20.640  4.853  67.412 0.0000000000
68927  19.936  4.609  65.936 0.0000000000
68928  18.916  4.674  65.923 0.0000000000
68929  17.999  4.750  65.965 0.0000000000
71651  17.351  6.029  64.886 0.0000000000
151808  16.957  5.667  65.410 0.0000000000
70221  16.273  5.103  66.308 0.0000000000
70244  15.597  5.576  66.381 0.0000000000
70200  14.252  5.741  67.186 0.0000000000
163628  13.622  6.048  67.600 0.0000000000
73126  23.949  7.928  60.540 0.0000000000
148552  23.044  8.634  60.562 0.0000000000
73104  22.479  7.842  61.124 0.0000000000
73083  21.791  7.514  61.618 0.0000000000
74355  20.885  8.775  61.586 0.0000000000
167094  21.205  7.259  62.047 0.0000000000
153441  21.521  6.444  63.125 0.0000000000
70282  21.093  5.924  63.660 0.0000000000
149976  20.862  5.207  64.771 0.0000000000
81465  28.736  14.592  56.006 0.0000000000
81484  28.805  14.548  55.043 0.0000000000
81485  28.564  13.864  55.551 0.0000000000
160382  29.212  12.540  54.859 0.0000000000
78009  30.298  11.476  55.339 0.0000000000
76785  30.481  10.335  56.237 0.0000000000
76794  30.868  10.930  55.661 0.0000000000
78008  31.288  11.629  55.028 0.0000000000
77992  33.132  11.994  55.888 0.0000000000
77985  34.237  11.913  57.207 0.0000000000
93449  49.805  25.241  35.732 0.0000000000
91566  49.206  23.941  35.597 0.0000000000
90533  49.768  22.213  35.853 0.0000000000
90524  48.752  22.263  36.949 0.0000000000
89472  49.459  21.952  36.645 0.0000000000
87192  44.464  19.218  40.787 0.0000000000
155839  45.144  18.584  41.068 0.0000000000
144636  44.263  18.643  41.331 0.0000000000
84887  43.908  17.434  42.344 0.0000000000
83814  44.567  16.445  43.217 0.0000000000
84862  42.244  17.326  43.091 0.0000000000
83785  42.971  16.232  43.721 0.0000000000
158327  44.006  15.497  44.500 0.0000000000
82676  44.635  15.259  45.123 0.0000000000
81563  44.441  14.376  46.468 0.0000000000
84835  38.991  17.265  45.334 0.0000000000
83763  39.256  16.391  45.184 0.0000000000
157586  40.284  15.507  45.102 0.0000000000
147888  39.086  14.265  46.224 0.0000000000
81568  39.857  14.225  46.049 0.0000000000
81567  40.896  14.286  45.921 0.0000000000
80431  42.338  13.642  46.690 0.0000000000
69075  30.648  4.827  58.720 0.0000000000
70403  31.314  5.402  58.155 0.0000000000
70379  31.579  5.199  59.095 0.0000000000
70322  32.495  5.641  61.587 0.0000000000
89415  43.696  21.409  40.761 0.0000000000
88365  43.792  20.690  40.502 0.0000000000
71602  12.790  6.648  68.544 0.0000000000
71603  12.417  6.595  69.235 0.0000000000
68872  12.519  5.041  69.045 0.0000000000
68852  12.306  4.302  69.444 0.0000000000
67375  11.707  3.240  70.536 0.0000000000
66027  11.065  2.810  71.657 0.0000000000
68825  10.309  4.274  71.340 0.0000000000
67341  10.205  3.025  72.016 0.0000000000
66016  10.847  2.562  72.518 0.0000000000
65992  10.352  2.108  73.999 0.0000000000
65978  10.717  1.841  75.633 0.0000000000
64645  7.198  1.733  76.275 0.0000000000
162498  7.257  2.945  74.783 0.0000000000
65966  6.990  2.184  75.741 0.0000000000
65967  6.458  2.293  76.320 0.0000000000
65968  5.876  2.672  76.738 0.0000000000
67267  5.123  3.357  77.557 0.0000000000
68734  4.949  3.964  77.964 0.0000000000
70050  5.519  5.079  77.695 0.0000000000
70051  4.834  4.662  78.036 0.0000000000
68718  4.167  4.266  78.311 0.0000000000
73180  29.566  7.077  57.673 0.0000000000
73161  29.165  7.354  58.240 0.0000000000
70405  29.755  5.740  57.765 0.0000000000
69049  29.826  4.477  58.991 0.0000000000
155321  29.091  4.289  59.398 0.0000000000
67528  29.071  3.625  61.312 0.0000000000
69023  27.294  4.232  60.044 0.0000000000
67529  28.151  3.475  61.354 0.0000000000
67503  28.584  3.490  62.138 0.0000000000
71725  24.286  6.596  61.161 0.0000000000
71705  24.103  6.313  62.029 0.0000000000
70304  25.049  4.910  62.939 0.0000000000
145727  24.205  6.621  63.735 0.0000000000
70280  25.038  5.091  63.937 0.0000000000
68947  25.718  4.750  64.470 0.0000000000
84903  46.328  17.703  41.606 0.0000000000
81538  34.050  14.968  49.067 0.0000000000
80411  34.644  14.348  48.779 0.0000000000
155338  35.047  12.524  49.425 0.0000000000
166364  29.247  14.037  53.486 0.0000000000
81516  29.647  13.972  52.234 0.0000000000
162465  30.585  12.927  51.035 0.0000000000
79251  31.483  11.850  52.823 0.0000000000
78083  31.600  11.767  51.492 0.0000000000
80389  31.348  13.020  50.468 0.0000000000
79281  33.209  12.181  50.106 0.0000000000
78112  34.616  12.021  49.757 0.0000000000
161639  36.156  11.533  50.060 0.0000000000
78080  37.868  11.185  51.065 0.0000000000
147417  32.693  6.137  58.018 0.0000000000
73159  33.900  7.294  58.142 0.0000000000
73176  34.373  7.996  57.849 0.0000000000
74363  35.352  8.816  60.854 0.0000000000
74392  34.995  8.892  58.629 0.0000000000
91599  54.344  23.579  30.025 0.0000000000
92523  51.476  24.087  33.781 0.0000000000
91581  52.091  23.259  33.132 0.0000000000
89503  52.250  21.612  34.218 0.0000000000
90567  52.275  22.547  33.237 0.0000000000
91587  52.629  22.941  32.632 0.0000000000
90576  54.027  22.228  31.759 0.0000000000
89541  54.797  21.947  31.589 0.0000000000
86026  46.679  18.742  40.624 0.0000000000
86027  45.818  18.934  40.580 0.0000000000
71803  30.632  6.541  57.122 0.0000000000
73192  30.896  7.286  56.748 0.0000000000
87206  44.679  19.866  40.277 0.0000000000
87205  45.502  19.626  40.119 0.0000000000
65940  4.256  3.376  78.639 0.0000000000
167722  36.950  12.669  48.525 0.0000000000
79294  37.046  12.328  49.099 0.0000000000
145821  13.855  4.568  68.094 0.0000000000
167786  13.525  4.388  68.490 0.0000000000
74369  25.637  8.478  60.332 0.0000000000
142340  24.948  7.949  60.263 0.0000000000
70218  21.528  5.274  66.590 0.0000000000
70217  22.371  5.963  66.404 0.0000000000
83666  29.568  16.093  55.178 0.0000000000
149250  18.913  5.464  64.545 0.0000000000
73066  19.182  7.289  63.038 0.0000000000
77996  28.621  11.615  56.867 0.0000000000
77986  28.884  10.909  57.134 0.0000000000
74406  33.679  8.346  56.670 0.0000000000
75601  33.592  9.251  56.338 0.0000000000
75600  34.193  9.771  56.872 0.0000000000
167959  34.439  9.345  57.224 0.0000000000
91550  47.568  24.230  37.928 0.0000000000
156063  47.862  24.098  37.366 0.0000000000
91558  48.305  23.804  36.738 0.0000000000
91549  47.900  23.370  37.228 0.0000000000
88375  49.125  20.247  39.200 0.0000000000
88374  50.027  20.300  39.262 0.0000000000
143881  7.005  1.393  77.854 0.0000000000
85989  42.479  18.877  42.009 0.0000000000
85990  41.898  18.666  42.505 0.0000000000
82703  41.610  15.621  44.613 0.0000000000
82679  41.987  15.040  45.122 0.0000000000
83750  38.090  16.286  45.874 0.0000000000
69000  29.845  3.903  61.879 0.0000000000
68999  30.570  4.300  61.653 0.0000000000
68981  30.475  4.228  62.529 0.0000000000
88349  41.693  20.217  42.465 0.0000000000
68889  18.084  4.383  67.608 0.0000000000
162303  12.582  2.467  72.489 0.0000000000
66004  12.741  2.479  73.311 0.0000000000
67326  8.588  3.361  73.324 0.0000000000
66007  8.734  2.765  73.545 0.0000000000
163635  6.511  4.584  76.572 0.0000000000
70380  27.830  5.483  58.821 0.0000000000
70381  27.159  5.389  59.213 0.0000000000
68983  26.222  3.832  61.800 0.0000000000
68963  26.587  3.989  63.667 0.0000000000
141858  45.893  15.984  44.106 0.0000000000
82627  31.085  15.418  50.305 0.0000000000
81541  31.416  14.556  49.995 0.0000000000
81540  32.297  14.444  49.631 0.0000000000
80401  31.716  13.783  49.938 0.0000000000
79218  30.190  12.095  54.183 0.0000000000
79235  29.980  12.359  53.406 0.0000000000
150787  34.500  11.581  53.362 0.0000000000
76843  34.915  10.560  52.099 0.0000000000
78043  35.170  10.878  53.044 0.0000000000
76822  36.010  10.572  52.969 0.0000000000
93466  53.438  24.958  32.403 0.0000000000
147986  53.303  24.182  31.762 0.0000000000
91586  53.012  23.463  32.131 0.0000000000
89505  50.978  21.925  34.682 0.0000000000
74301  18.259  8.383  64.164 0.0000000000
74319  18.804  8.164  63.390 0.0000000000
87217  47.704  19.749  39.549 0.0000000000
87201  49.011  19.093  40.234 0.0000000000
87202  48.114  19.131  40.176 0.0000000000
86006  47.948  17.975  41.274 0.0000000000
149765  30.400  9.234  57.278 0.0000000000
73191  31.672  7.470  56.468 0.0000000000
73190  32.465  7.659  56.404 0.0000000000
73178  32.888  7.106  56.773 0.0000000000
164078  44.919  22.381  40.250 0.0000000000
91527  45.460  22.925  40.218 0.0000000000
90519  45.830  22.488  39.080 0.0000000000
89445  46.204  21.989  38.648 0.0000000000
157989  46.805  19.880  39.511 0.0000000000
64632  5.660  2.222  77.773 0.0000000000
87172  40.759  19.538  43.732 0.0000000000
152664  40.971  19.071  43.303 0.0000000000
85963  39.600  17.945  44.726 0.0000000000
84851  40.157  17.553  44.261 0.0000000000
80436  37.449  14.168  46.831 0.0000000000
79307  38.509  12.512  48.376 0.0000000000
79317  38.209  12.901  47.691 0.0000000000
79306  39.421  12.369  48.507 0.0000000000
79291  39.981  11.980  49.078 0.0000000000
79292  39.268  12.029  49.186 0.0000000000
78095  38.965  11.586  50.423 0.0000000000
78079  39.241  11.439  51.257 0.0000000000
78060  39.704  11.491  52.072 0.0000000000
88339  41.068  20.330  43.818 0.0000000000
68891  15.519  4.367  67.358 0.0000000000
157934  15.913  3.940  67.795 0.0000000000
156097  15.628  3.223  69.900 0.0000000000
149884  14.903  3.021  69.875 0.0000000000
164480  15.072  2.762  71.117 0.0000000000
148766  14.544  2.723  70.678 0.0000000000
67373  13.165  2.918  70.036 0.0000000000
66034  13.627  2.665  70.683 0.0000000000
66035  12.784  2.681  70.845 0.0000000000
70095  8.766  4.925  73.816 0.0000000000
139435  8.927  5.356  74.795 0.0000000000
141754  8.380  5.555  76.066 0.0000000000
74368  26.483  8.219  60.400 0.0000000000
73123  26.771  7.392  60.111 0.0000000000
73144  27.047  6.711  59.699 0.0000000000
70382  26.552  5.689  59.533 0.0000000000
163859  25.249  4.979  61.164 0.0000000000
70325  24.683  5.642  61.374 0.0000000000
71666  22.589  6.480  64.382 0.0000000000
82620  30.305  15.442  51.838 0.0000000000
82612  29.843  14.871  52.292 0.0000000000
78006  33.316  12.653  55.290 0.0000000000
80349  34.311  13.362  54.953 0.0000000000
80348  35.193  13.496  55.034 0.0000000000
67254  2.286  3.945  78.639 0.0000000000
83743  36.471  16.515  47.446 0.0000000000
82657  35.898  14.928  47.651 0.0000000000
70219  20.720  4.792  66.550 0.0000000000
70241  18.478  5.091  65.256 0.0000000000
71669  17.892  6.476  64.472 0.0000000000
73035  17.163  6.889  64.735 0.0000000000
71653  15.932  6.728  65.666 0.0000000000
71652  16.663  6.383  65.240 0.0000000000
70243  16.272  5.773  65.804 0.0000000000
70220  17.026  5.007  65.994 0.0000000000
71635  14.515  6.602  66.771 0.0000000000
70222  14.886  5.859  66.656 0.0000000000
75566  23.872  9.497  60.347 0.0000000000
166697  23.382  9.825  60.406 0.0000000000
75552  22.227  9.169  60.725 0.0000000000
74353  22.575  8.530  60.736 0.0000000000
71710  20.025  6.955  62.693 0.0000000000
73084  20.533  7.464  62.258 0.0000000000
71709  20.918  6.807  62.521 0.0000000000
70261  19.886  5.314  64.399 0.0000000000
159774  20.717  5.526  64.136 0.0000000000
81466  28.480  13.869  56.442 0.0000000000
79193  28.843  11.930  56.188 0.0000000000
79206  29.054  12.277  55.492 0.0000000000
79205  29.725  11.975  54.921 0.0000000000
75604  30.902  9.633  56.444 0.0000000000
76793  31.734  10.996  55.610 0.0000000000
78007  32.393  11.837  55.281 0.0000000000
92488  47.273  24.467  40.058 0.0000000000
93440  50.292  25.843  36.172 0.0000000000
93441  49.588  25.485  36.404 0.0000000000
91557  48.793  23.459  36.130 0.0000000000
90546  49.341  23.051  35.604 0.0000000000
90525  48.088  22.597  37.262 0.0000000000
89459  48.373  21.793  37.555 0.0000000000
89458  49.270  21.615  37.348 0.0000000000
89457  49.959  21.534  37.151 0.0000000000
89471  50.202  21.647  36.515 0.0000000000
165237  44.442  16.967  42.604 0.0000000000
83840  43.780  16.829  42.853 0.0000000000
168191  42.897  15.804  44.176 0.0000000000
162703  43.528  15.829  44.032 0.0000000000
82677  43.703  15.103  45.119 0.0000000000
81587  44.119  14.701  45.734 0.0000000000
163922  39.222  18.095  45.313 0.0000000000
82682  38.819  15.820  45.535 0.0000000000
82705  39.946  16.159  44.854 0.0000000000
80435  38.415  13.981  46.576 0.0000000000
81569  38.571  14.634  46.169 0.0000000000
81566  41.891  14.122  46.084 0.0000000000
69047  31.034  4.704  59.642 0.0000000000
70303  31.898  5.152  61.986 0.0000000000
70323  31.863  5.220  61.079 0.0000000000
90489  44.354  22.423  41.149 0.0000000000
90490  43.792  21.897  41.068 0.0000000000
157803  43.290  20.120  40.945 0.0000000000
87207  43.974  19.894  40.585 0.0000000000
68904  20.076  4.620  66.802 0.0000000000
68887  19.787  4.635  67.491 0.0000000000
67340  14.793  2.861  72.411 0.0000000000
71618  13.310  6.732  67.912 0.0000000000
71588  12.118  6.677  70.030 0.0000000000
70167  12.154  5.881  69.418 0.0000000000
70183  12.624  5.833  68.729 0.0000000000
155435  11.267  3.950  70.393 0.0000000000
67359  11.188  3.224  70.988 0.0000000000
68810  9.841  4.698  71.874 0.0000000000
66006  10.293  2.412  73.156 0.0000000000
66005  11.148  2.302  73.463 0.0000000000
158601  8.107  1.734  75.586 0.0000000000
64644  8.128  1.582  76.216 0.0000000000
64630  7.688  1.411  77.127 0.0000000000
67313  7.455  3.461  74.645 0.0000000000
67298  6.968  3.143  75.147 0.0000000000
65982  6.734  2.758  75.675 0.0000000000
65951  5.919  2.111  77.043 0.0000000000
70049  6.395  5.580  77.588 0.0000000000
73160  29.828  7.936  57.822 0.0000000000
71784  29.117  6.440  57.962 0.0000000000
69076  29.852  5.028  58.340 0.0000000000
156844  29.129  3.851  60.270 0.0000000000
67554  28.468  3.672  60.663 0.0000000000
69052  26.221  5.029  59.878 0.0000000000
67530  27.339  3.518  61.355 0.0000000000
150200  28.298  3.422  62.803 0.0000000000
163443  29.029  3.539  63.739 0.0000000000
145782  28.419  3.482  63.524 0.0000000000
73102  23.943  7.247  60.939 0.0000000000
70305  24.539  5.589  62.433 0.0000000000
154742  23.971  6.868  64.216 0.0000000000
70259  25.142  5.411  64.841 0.0000000000
149990  24.529  6.122  64.355 0.0000000000
84904  45.486  17.889  41.572 0.0000000000
84885  45.726  17.346  42.033 0.0000000000
83721  34.151  16.281  49.245 0.0000000000
82636  33.474  15.716  49.351 0.0000000000
145644  33.139  13.888  49.469 0.0000000000
145215  33.909  14.135  49.157 0.0000000000
162449  34.637  13.405  49.140 0.0000000000
80352  28.818  13.767  54.686 0.0000000000
164477  29.137  14.461  54.050 0.0000000000
80363  29.160  13.600  53.873 0.0000000000
80373  29.422  13.515  53.034 0.0000000000
80372  29.703  13.028  52.237 0.0000000000
80381  30.094  13.520  51.452 0.0000000000
79269  30.322  12.575  51.719 0.0000000000
78045  32.147  12.158  53.504 0.0000000000
142357  31.389  12.109  53.617 0.0000000000
78065  31.847  11.583  52.057 0.0000000000
79267  31.804  11.985  50.829 0.0000000000
79282  32.330  12.668  50.175 0.0000000000
78100  32.557  11.831  50.609 0.0000000000
76878  35.319  10.629  50.808 0.0000000000
76880  34.120  11.195  50.551 0.0000000000
147355  35.392  11.160  50.331 0.0000000000
78111  35.311  11.810  49.785 0.0000000000
78096  37.135  11.344  50.419 0.0000000000
162619  37.895  10.732  52.767 0.0000000000
70402  32.125  5.665  58.552 0.0000000000
163897  31.919  5.842  57.661 0.0000000000
71783  32.789  6.138  59.076 0.0000000000
73120  34.036  7.153  60.190 0.0000000000
71782  33.368  6.649  58.575 0.0000000000
73141  33.967  7.197  59.173 0.0000000000
73158  34.424  7.841  58.764 0.0000000000
74381  35.375  8.980  60.008 0.0000000000
75585  35.044  9.670  58.535 0.0000000000
91600  53.885  23.498  30.674 0.0000000000
92539  54.119  24.340  30.164 0.0000000000
90598  54.402  22.807  30.511 0.0000000000
91582  51.638  23.538  33.539 0.0000000000
92522  52.073  24.160  33.345 0.0000000000
89513  53.380  21.689  33.328 0.0000000000
89514  52.580  21.910  33.539 0.0000000000
90577  53.320  22.698  32.035 0.0000000000
89526  53.683  21.933  32.506 0.0000000000
86007  46.981  18.164  41.195 0.0000000000
88379  44.909  21.208  39.694 0.0000000000
153376  45.615  20.901  39.302 0.0000000000
88377  46.408  20.634  39.062 0.0000000000
87162  40.405  19.246  44.184 0.0000000000
87152  40.194  19.346  44.821 0.0000000000
150481  36.471  13.660  47.744 0.0000000000
79308  37.578  12.654  48.333 0.0000000000
144034  38.105  11.569  50.399 0.0000000000
68869  15.263  3.968  67.929 0.0000000000
68870  14.533  4.210  68.024 0.0000000000
139891  14.025  2.870  69.880 0.0000000000
67390  12.726  3.541  69.616 0.0000000000
153964  25.384  6.941  60.306 0.0000000000
168027  21.574  5.493  65.195 0.0000000000
70237  22.496  6.235  65.366 0.0000000000
142420  29.475  15.403  53.681 0.0000000000
146806  34.002  12.551  56.558 0.0000000000
79203  33.933  13.147  55.488 0.0000000000
79191  34.129  13.091  56.161 0.0000000000
162750  35.566  16.090  48.271 0.0000000000
81549  34.740  15.174  48.642 0.0000000000
70262  18.110  5.708  64.727 0.0000000000
75553  21.534  9.395  61.133 0.0000000000
74336  19.693  8.576  62.596 0.0000000000
80330  28.394  13.033  56.814 0.0000000000
79194  28.519  12.290  56.680 0.0000000000
76782  33.303  11.068  56.305 0.0000000000
150784  33.666  10.168  56.465 0.0000000000
167193  34.320  10.306  57.194 0.0000000000
154027  47.619  24.561  38.541 0.0000000000
93442  48.957  25.027  36.652 0.0000000000
88390  50.559  20.883  38.676 0.0000000000
86010  42.901  19.546  41.455 0.0000000000
86009  43.418  18.717  41.612 0.0000000000
83817  41.709  16.812  43.633 0.0000000000
82678  42.862  15.054  45.117 0.0000000000
81565  42.798  14.132  46.189 0.0000000000
84836  38.368  17.142  45.803 0.0000000000
80420  39.461  13.112  47.230 0.0000000000
168096  40.051  13.218  47.015 0.0000000000
69021  30.502  4.355  60.174 0.0000000000
161103  30.702  4.372  60.923 0.0000000000
68980  31.223  4.668  62.296 0.0000000000
156739  42.071  21.499  43.450 0.0000000000
89386  42.481  21.687  42.869 0.0000000000
89396  42.512  21.304  42.103 0.0000000000
89405  42.674  20.968  41.558 0.0000000000
88356  42.686  20.338  41.439 0.0000000000
68888  18.976  4.538  67.489 0.0000000000
162110  18.777  4.497  68.161 0.0000000000
66002  14.170  2.718  73.029 0.0000000000
152332  13.377  2.533  72.825 0.0000000000
140298  11.523  2.178  74.471 0.0000000000
70153  11.662  5.977  70.114 0.0000000000
68824  10.813  4.663  70.865 0.0000000000
68811  9.340  4.159  72.360 0.0000000000
141860  9.535  2.487  73.334 0.0000000000
65993  9.302  2.175  74.091 0.0000000000
65979  9.004  1.870  74.876 0.0000000000
65980  8.036  1.981  74.991 0.0000000000
68764  7.050  4.010  75.454 0.0000000000
68747  6.072  3.946  76.685 0.0000000000
166685  3.372  5.712  78.645 0.0000000000
71785  28.433  5.959  58.404 0.0000000000
70406  28.551  5.268  58.590 0.0000000000
67557  26.227  3.999  60.979 0.0000000000
67505  26.904  3.522  62.019 0.0000000000
150889  27.202  3.547  62.729 0.0000000000
67483  27.757  3.477  63.151 0.0000000000
67484  27.152  3.700  63.458 0.0000000000
71706  23.630  6.947  62.569 0.0000000000
71649  24.304  6.560  65.867 0.0000000000
83839  45.111  16.832  42.645 0.0000000000
83838  45.827  16.871  42.544 0.0000000000
160863  46.376  16.301  43.694 0.0000000000
83724  31.771  15.961  49.856 0.0000000000
82637  32.519  15.405  49.568 0.0000000000
79297  33.150  13.029  49.688 0.0000000000
79236  29.440  12.878  53.619 0.0000000000
79233  33.484  12.513  53.911 0.0000000000
78044  32.930  11.816  53.193 0.0000000000
78063  33.525  11.205  52.453 0.0000000000
78081  33.329  11.070  51.592 0.0000000000
78099  33.331  11.369  50.726 0.0000000000
76844  34.125  10.751  51.828 0.0000000000
76861  34.743  10.598  51.277 0.0000000000
76860  35.556  10.426  51.391 0.0000000000
76859  36.412  10.375  51.536 0.0000000000
76841  36.560  10.447  52.398 0.0000000000
71766  32.859  6.055  60.117 0.0000000000
71745  33.529  6.618  60.625 0.0000000000
73099  34.082  7.102  61.109 0.0000000000
73119  34.544  7.671  60.704 0.0000000000
92531  53.689  24.202  31.012 0.0000000000
91576  50.323  23.903  34.539 0.0000000000
89512  54.428  21.516  33.231 0.0000000000
167820  18.330  6.807  64.092 0.0000000000
75540  19.599  9.242  62.857 0.0000000000
74318  19.183  8.795  63.097 0.0000000000
86023  49.409  18.514  40.723 0.0000000000
86005  48.926  17.953  41.261 0.0000000000
76774  29.385  10.271  57.480 0.0000000000
74417  32.934  8.416  56.244 0.0000000000
91534  45.982  23.152  39.458 0.0000000000
151803  46.935  23.231  38.175 0.0000000000
90526  47.459  22.892  37.640 0.0000000000
89444  47.629  21.600  38.024 0.0000000000
88393  47.777  20.890  38.468 0.0000000000
149284  41.371  18.876  42.842 0.0000000000
85975  41.068  18.407  43.283 0.0000000000
144868  40.604  17.985  43.708 0.0000000000
82704  40.744  15.859  44.691 0.0000000000
80421  38.741  13.277  47.130 0.0000000000
78093  40.760  11.576  50.527 0.0000000000
78107  39.516  11.751  49.750 0.0000000000
78094  39.851  11.582  50.487 0.0000000000
78077  41.119  11.596  51.348 0.0000000000
68962  30.366  4.105  63.372 0.0000000000
67460  30.209  3.930  64.178 0.0000000000
157779  41.431  20.487  43.090 0.0000000000
68868  16.582  3.889  67.989 0.0000000000
67386  16.176  3.458  69.465 0.0000000000
66024  14.020  2.575  71.315 0.0000000000
161762  8.953  4.457  73.014 0.0000000000
70077  8.366  5.146  75.254 0.0000000000
69025  25.774  4.765  60.555 0.0000000000
71686  22.600  6.775  63.340 0.0000000000
167691  23.287  6.958  63.410 0.0000000000
71650  23.519  6.666  65.597 0.0000000000
82699  45.334  15.634  44.644 0.0000000000
82698  46.202  15.746  44.900 0.0000000000
82628  30.545  15.057  51.046 0.0000000000
80350  33.771  13.133  54.980 0.0000000000
78023  34.264  12.444  53.919 0.0000000000
92521  52.809  24.567  32.976 0.0000000000
89487  50.997  21.549  35.488 0.0000000000
83751  37.423  16.529  46.430 0.0000000000
83742  36.940  16.893  46.997 0.0000000000
81556  36.597  14.363  47.289 0.0000000000
80409  36.044  13.347  48.254 0.0000000000
68907  17.555  4.542  66.733 0.0000000000
68908  16.662  4.602  66.709 0.0000000000
68909  15.851  4.734  66.759 0.0000000000
70199  15.008  5.026  66.987 0.0000000000
70201  13.702  5.319  67.771 0.0000000000
74370  24.325  8.715  60.357 0.0000000000
74371  23.540  8.687  60.448 0.0000000000
74352  23.119  8.164  60.714 0.0000000000
74372  23.000  9.260  60.462 0.0000000000
73082  22.631  7.335  61.825 0.0000000000
71708  21.934  6.907  62.372 0.0000000000
74335  20.318  8.246  62.107 0.0000000000
73105  21.006  7.869  61.670 0.0000000000
71687  22.012  6.302  63.806 0.0000000000
82585  29.148  15.339  55.571 0.0000000000
148737  28.525  13.323  56.034 0.0000000000
80339  28.757  13.084  55.287 0.0000000000
78025  30.500  11.806  54.724 0.0000000000
76786  29.617  10.553  56.679 0.0000000000
77994  29.985  10.980  55.975 0.0000000000
76784  31.358  10.214  55.935 0.0000000000
77991  33.656  11.935  56.537 0.0000000000
93448  50.502  25.347  35.372 0.0000000000
92510  49.812  24.488  35.188 0.0000000000
92511  49.250  24.781  35.874 0.0000000000
91565  49.768  23.487  35.045 0.0000000000
90545  49.894  22.718  35.212 0.0000000000
147237  50.430  21.736  35.866 0.0000000000
84905  44.761  18.097  41.571 0.0000000000
84906  44.053  18.008  41.794 0.0000000000
84886  44.856  17.445  42.097 0.0000000000
83816  42.432  16.631  43.511 0.0000000000
83815  43.035  16.758  43.186 0.0000000000
152854  43.694  16.315  43.469 0.0000000000
83784  44.255  15.888  43.878 0.0000000000
82700  44.645  15.632  44.393 0.0000000000
82664  44.982  14.837  45.933 0.0000000000
166574  39.323  17.594  45.016 0.0000000000
81591  39.174  14.913  45.760 0.0000000000
158214  40.133  14.872  45.511 0.0000000000
81590  41.623  14.598  45.592 0.0000000000
80430  43.196  13.698  46.789 0.0000000000
70404  30.502  5.418  57.908 0.0000000000
71802  31.124  5.918  57.378 0.0000000000
69020  31.203  4.721  60.552 0.0000000000
70351  31.846  5.258  60.110 0.0000000000
70350  32.422  5.667  60.698 0.0000000000
90499  44.319  21.967  40.523 0.0000000000
89414  44.292  21.349  40.218 0.0000000000
88364  44.477  20.627  40.090 0.0000000000
68865  19.452  4.657  68.221 0.0000000000
70182  13.152  5.904  68.103 0.0000000000
68853  11.712  4.380  69.848 0.0000000000
67391  11.940  3.661  69.949 0.0000000000
66036  11.882  2.735  71.102 0.0000000000
155398  11.759  2.562  72.013 0.0000000000
70138  10.460  5.180  71.480 0.0000000000
67361  9.843  3.828  71.823 0.0000000000
67360  10.533  3.421  71.425 0.0000000000
139951  10.826  1.958  74.866 0.0000000000
65977  11.516  2.047  75.427 0.0000000000
64643  9.111  1.565  76.459 0.0000000000
65981  7.251  2.478  75.146 0.0000000000
64646  6.647  1.655  76.978 0.0000000000
65952  5.393  2.722  77.373 0.0000000000
67268  4.582  3.580  78.243 0.0000000000
81441  28.785  14.616  57.046 0.0000000000
73179  30.171  7.213  57.227 0.0000000000
71804  29.902  6.469  57.486 0.0000000000
69077  29.137  4.774  58.693 0.0000000000
143781  29.810  4.161  59.798 0.0000000000
67556  26.930  3.811  60.737 0.0000000000
67555  27.724  3.715  60.642 0.0000000000
67502  29.252  3.638  62.209 0.0000000000
70281  24.565  5.774  63.413 0.0000000000
68964  25.821  4.393  63.509 0.0000000000
68946  26.387  4.288  64.299 0.0000000000
84902  47.186  17.523  41.687 0.0000000000
84884  46.502  17.152  42.156 0.0000000000
84883  47.354  16.971  42.297 0.0000000000
161863  34.271  15.626  49.041 0.0000000000
79296  35.555  12.976  48.873 0.0000000000
79295  36.037  12.262  49.388 0.0000000000
82595  29.241  15.343  54.616 0.0000000000
81508  29.438  14.572  53.043 0.0000000000
158943  30.398  14.282  51.038 0.0000000000
80390  30.650  13.680  50.728 0.0000000000
79234  30.689  12.104  52.993 0.0000000000
79252  30.946  11.918  52.074 0.0000000000
160699  32.196  11.692  52.756 0.0000000000
79268  31.042  12.235  51.234 0.0000000000
159947  31.125  13.914  50.251 0.0000000000
167314  31.940  13.256  50.040 0.0000000000
79280  33.987  11.778  50.101 0.0000000000
162480  34.065  12.610  49.628 0.0000000000
78110  36.797  11.847  49.742 0.0000000000
76877  37.091  10.608  51.150 0.0000000000
76858  37.777  10.816  51.903 0.0000000000
147727  38.479  11.244  51.600 0.0000000000
165792  31.714  6.188  57.184 0.0000000000
71801  32.336  6.441  57.113 0.0000000000
71800  33.212  6.779  57.544 0.0000000000
73177  33.675  7.604  57.195 0.0000000000
162987  34.168  8.333  57.223 0.0000000000
74346  34.965  8.194  61.186 0.0000000000
74364  34.992  8.284  60.315 0.0000000000
74382  34.931  8.473  59.300 0.0000000000
156549  34.705  8.407  58.435 0.0000000000
74405  34.659  8.886  57.736 0.0000000000
92518  51.055  24.501  34.295 0.0000000000
92517  51.849  24.775  34.019 0.0000000000
92527  52.532  23.719  32.705 0.0000000000
89504  51.601  21.857  34.309 0.0000000000
89515  51.890  22.183  33.787 0.0000000000
89525  54.599  21.753  32.318 0.0000000000
90585  54.358  22.375  31.162 0.0000000000
67482  29.009  3.500  62.965 0.0000000000
76879  34.678  10.860  50.662 0.0000000000
78098  34.678  11.469  50.167 0.0000000000
153054  35.308  9.846  59.331 0.0000000000
158203  32.375  5.655  60.121 0.0000000000
163285  37.063  10.477  51.831 0.0000000000
166493  39.002  11.340  52.034 0.0000000000
167228  44.629  22.377  40.653 0.0000000000
168253  44.215  20.270  40.337 0.0000000000
