#!ascii label  , from subject sub-v1s19x0051304_ses-1 vox2ras=TkReg
732
44662  39.040  -11.322  64.622 0.0000000000
64791  54.343  8.048  44.831 0.0000000000
64844  59.945  7.686  39.253 0.0000000000
63665  54.582  7.378  54.921 0.0000000000
52617  42.651  -3.799  60.557 0.0000000000
46759  43.323  -10.068  64.053 0.0000000000
66817  57.694  11.251  41.711 0.0000000000
66758  60.202  10.383  46.833 0.0000000000
60853  50.874  4.433  56.775 0.0000000000
54870  46.579  -1.810  61.008 0.0000000000
68832  64.969  13.676  36.352 0.0000000000
66861  57.867  9.954  36.014 0.0000000000
64711  49.576  8.333  51.248 0.0000000000
66717  54.230  10.577  50.435 0.0000000000
48468  40.476  -7.345  63.525 0.0000000000
135480  41.163  -10.748  63.227 0.0000000000
65822  55.802  9.112  43.099 0.0000000000
66782  59.129  11.191  44.591 0.0000000000
65794  57.286  9.640  45.837 0.0000000000
56975  52.242  1.028  58.669 0.0000000000
51352  44.573  -5.050  64.086 0.0000000000
53727  44.187  -2.651  60.878 0.0000000000
52569  46.283  -3.734  63.364 0.0000000000
70818  62.665  15.316  38.197 0.0000000000
132615  62.829  12.437  35.485 0.0000000000
68818  61.679  12.151  37.035 0.0000000000
66852  56.858  10.426  38.677 0.0000000000
127912  56.113  10.300  37.064 0.0000000000
64864  57.778  8.478  36.895 0.0000000000
138133  61.096  7.444  35.775 0.0000000000
62901  60.154  6.352  37.861 0.0000000000
62701  52.869  6.517  56.432 0.0000000000
62722  50.773  6.474  53.987 0.0000000000
125011  51.873  9.529  53.970 0.0000000000
141480  51.511  9.579  50.896 0.0000000000
66685  54.318  10.574  53.940 0.0000000000
133808  57.335  11.104  52.160 0.0000000000
64700  55.668  8.584  53.242 0.0000000000
50234  42.599  -5.970  64.060 0.0000000000
66845  55.934  10.291  39.540 0.0000000000
66833  58.924  10.912  40.386 0.0000000000
66815  60.796  10.784  42.346 0.0000000000
64788  60.695  9.348  45.066 0.0000000000
57917  48.804  1.480  58.802 0.0000000000
58856  50.612  3.024  59.170 0.0000000000
59823  52.694  3.848  57.972 0.0000000000
59850  54.150  4.312  55.584 0.0000000000
61806  54.403  5.168  53.656 0.0000000000
55957  47.181  -0.328  58.163 0.0000000000
55932  48.962  -0.229  61.212 0.0000000000
68901  65.253  12.567  32.192 0.0000000000
68820  58.635  13.672  36.850 0.0000000000
66872  60.714  10.550  36.199 0.0000000000
62963  62.189  6.413  34.199 0.0000000000
137083  54.742  9.429  47.653 0.0000000000
67717  57.187  11.108  49.125 0.0000000000
64728  59.226  9.004  49.270 0.0000000000
43616  39.691  -12.780  63.369 0.0000000000
125813  39.266  -10.747  64.041 0.0000000000
44678  40.249  -12.217  62.912 0.0000000000
64798  55.286  8.538  43.753 0.0000000000
65815  56.794  9.285  44.486 0.0000000000
64777  55.515  8.635  45.576 0.0000000000
51360  45.363  -4.492  63.679 0.0000000000
71862  61.072  16.105  37.976 0.0000000000
69849  62.426  14.485  38.232 0.0000000000
69851  60.167  14.891  37.974 0.0000000000
65878  58.538  8.632  38.433 0.0000000000
65888  57.209  9.077  36.982 0.0000000000
64855  58.009  8.410  37.389 0.0000000000
63899  59.618  7.249  37.099 0.0000000000
63652  53.625  6.995  55.807 0.0000000000
64667  52.528  8.560  55.420 0.0000000000
65690  53.066  9.387  55.106 0.0000000000
66674  53.323  10.095  54.464 0.0000000000
65704  53.902  9.809  54.607 0.0000000000
65718  55.426  9.331  53.696 0.0000000000
138210  55.358  8.038  54.049 0.0000000000
49310  41.780  -6.256  63.717 0.0000000000
47648  43.017  -8.195  64.469 0.0000000000
48465  43.965  -7.460  64.646 0.0000000000
65843  56.203  10.205  41.474 0.0000000000
65858  54.720  9.399  40.520 0.0000000000
66819  56.350  10.493  40.821 0.0000000000
66843  57.458  10.952  40.062 0.0000000000
66834  57.700  11.256  40.917 0.0000000000
66832  59.546  11.259  41.118 0.0000000000
67774  58.985  11.951  42.198 0.0000000000
66773  60.208  11.030  45.741 0.0000000000
135819  60.818  11.129  44.385 0.0000000000
65793  60.471  10.102  46.324 0.0000000000
63752  59.788  8.026  46.128 0.0000000000
64751  59.980  8.953  47.307 0.0000000000
57893  49.637  1.224  60.414 0.0000000000
58857  49.856  2.739  59.013 0.0000000000
58838  50.726  1.996  59.883 0.0000000000
57914  52.794  2.493  58.119 0.0000000000
59830  53.570  4.434  57.011 0.0000000000
139156  45.317  -2.413  61.461 0.0000000000
54879  45.721  -1.622  59.534 0.0000000000
54887  46.367  -1.162  59.304 0.0000000000
55941  47.569  -0.330  59.960 0.0000000000
55933  47.725  -0.810  60.934 0.0000000000
70845  64.633  14.414  36.599 0.0000000000
68855  64.678  12.885  34.059 0.0000000000
126078  62.174  10.444  35.681 0.0000000000
122060  57.141  10.153  36.410 0.0000000000
139648  56.182  11.620  36.701 0.0000000000
67829  56.725  12.013  36.593 0.0000000000
68822  56.613  13.623  36.908 0.0000000000
140834  57.986  11.654  36.170 0.0000000000
67827  59.720  11.540  36.288 0.0000000000
66873  59.544  10.528  36.062 0.0000000000
62933  61.629  5.815  35.578 0.0000000000
63906  62.774  6.534  35.079 0.0000000000
59841  50.285  3.899  56.228 0.0000000000
60878  49.904  4.283  54.697 0.0000000000
63694  50.267  7.496  52.709 0.0000000000
61816  49.604  5.736  52.472 0.0000000000
66719  52.721  10.197  51.079 0.0000000000
65766  52.280  9.535  49.698 0.0000000000
65765  53.143  9.718  49.408 0.0000000000
65787  53.401  9.189  47.937 0.0000000000
66750  54.805  10.113  48.908 0.0000000000
66748  56.542  10.592  48.503 0.0000000000
67704  56.054  11.227  50.271 0.0000000000
65753  57.393  9.526  51.209 0.0000000000
65738  58.310  10.510  51.002 0.0000000000
64730  57.296  8.392  49.920 0.0000000000
62756  57.949  6.795  48.958 0.0000000000
46761  40.763  -9.512  63.421 0.0000000000
141519  41.647  -10.201  63.475 0.0000000000
44676  43.175  -11.596  63.425 0.0000000000
44677  41.492  -12.215  63.016 0.0000000000
122511  56.539  9.817  42.742 0.0000000000
67764  58.578  11.625  42.711 0.0000000000
65814  57.483  9.963  43.917 0.0000000000
66775  58.506  10.511  45.214 0.0000000000
66768  58.366  10.560  46.644 0.0000000000
52602  43.102  -4.291  61.995 0.0000000000
52616  43.398  -3.015  60.563 0.0000000000
125006  44.520  -3.773  62.831 0.0000000000
53699  45.190  -2.955  62.411 0.0000000000
53713  46.478  -2.825  62.548 0.0000000000
54859  47.729  -2.030  61.927 0.0000000000
52568  46.864  -3.582  62.999 0.0000000000
69858  64.324  13.945  37.369 0.0000000000
121314  63.945  13.115  36.003 0.0000000000
68807  63.671  13.683  37.743 0.0000000000
67824  62.755  11.874  36.705 0.0000000000
67840  62.345  11.112  36.038 0.0000000000
65881  55.530  9.811  38.138 0.0000000000
65889  56.584  9.896  37.290 0.0000000000
65897  56.896  9.777  36.837 0.0000000000
64873  57.522  9.123  36.506 0.0000000000
65908  58.439  9.076  36.038 0.0000000000
64872  58.522  8.245  36.586 0.0000000000
132188  60.260  6.520  36.946 0.0000000000
61788  51.705  5.831  56.460 0.0000000000
61795  51.120  5.687  55.471 0.0000000000
62714  51.678  7.157  55.307 0.0000000000
137756  51.342  8.386  54.012 0.0000000000
64701  50.439  8.566  52.416 0.0000000000
64721  50.216  9.128  50.697 0.0000000000
66698  51.916  10.026  52.714 0.0000000000
66696  53.319  10.651  52.600 0.0000000000
67678  53.989  10.925  52.221 0.0000000000
67690  56.436  11.446  51.407 0.0000000000
67651  55.616  10.951  53.235 0.0000000000
65726  56.394  9.926  52.753 0.0000000000
64708  55.729  8.726  51.468 0.0000000000
50245  40.876  -6.321  62.769 0.0000000000
50251  41.570  -5.803  62.780 0.0000000000
51384  42.454  -4.748  61.913 0.0000000000
50243  43.308  -5.569  63.993 0.0000000000
48464  44.694  -7.287  64.527 0.0000000000
65868  56.109  10.264  38.835 0.0000000000
135372  57.351  10.628  39.367 0.0000000000
65866  58.989  9.070  39.326 0.0000000000
65855  60.382  9.157  40.518 0.0000000000
64828  60.781  9.107  41.039 0.0000000000
64806  60.403  8.458  42.138 0.0000000000
67762  60.116  11.760  43.384 0.0000000000
65820  61.133  9.850  43.420 0.0000000000
56986  48.163  0.882  57.162 0.0000000000
57938  49.126  2.092  57.315 0.0000000000
59833  50.118  3.262  57.526 0.0000000000
126088  50.684  3.732  58.041 0.0000000000
135864  51.995  1.761  59.285 0.0000000000
59824  52.178  3.612  58.436 0.0000000000
60838  51.972  4.699  57.684 0.0000000000
61780  53.125  5.000  57.241 0.0000000000
61786  53.815  5.295  56.483 0.0000000000
61793  54.482  6.083  55.427 0.0000000000
61799  54.850  6.074  54.704 0.0000000000
60889  54.613  5.110  54.577 0.0000000000
56978  47.809  0.310  58.615 0.0000000000
122915  48.568  0.680  60.168 0.0000000000
56947  49.922  0.080  60.805 0.0000000000
54858  48.036  -1.979  61.919 0.0000000000
54857  49.143  -1.198  61.416 0.0000000000
117444  66.038  12.499  31.551 0.0000000000
70821  58.663  15.619  37.699 0.0000000000
68819  59.499  12.952  36.708 0.0000000000
67826  61.137  11.323  36.492 0.0000000000
65905  62.217  9.348  35.325 0.0000000000
126220  60.488  8.263  35.829 0.0000000000
120786  62.741  8.491  35.125 0.0000000000
64892  62.833  8.148  34.800 0.0000000000
61808  49.837  5.288  53.208 0.0000000000
117759  53.251  8.289  46.215 0.0000000000
64764  54.878  8.622  46.160 0.0000000000
65785  56.327  9.667  47.095 0.0000000000
66761  57.900  10.640  47.460 0.0000000000
67728  59.174  11.127  47.963 0.0000000000
67688  57.861  11.405  50.849 0.0000000000
135155  59.149  10.922  49.758 0.0000000000
119855  59.759  9.900  48.480 0.0000000000
63732  59.370  8.128  48.405 0.0000000000
62728  54.969  6.918  53.048 0.0000000000
63693  54.871  7.599  52.230 0.0000000000
128651  39.187  -12.129  64.568 0.0000000000
124102  39.281  -12.900  64.506 0.0000000000
44679  39.580  -11.745  63.620 0.0000000000
64790  55.236  8.409  44.624 0.0000000000
64778  54.838  8.364  45.390 0.0000000000
70820  60.554  15.614  38.124 0.0000000000
131658  59.523  15.647  37.881 0.0000000000
64854  59.726  7.500  38.431 0.0000000000
63666  54.095  7.691  55.350 0.0000000000
63667  53.394  7.988  55.620 0.0000000000
64664  53.779  8.724  55.158 0.0000000000
65689  53.383  9.406  54.945 0.0000000000
64676  54.294  9.116  54.671 0.0000000000
64675  55.025  8.610  54.194 0.0000000000
63678  55.031  7.595  54.395 0.0000000000
46739  42.669  -8.889  64.154 0.0000000000
47649  41.976  -7.805  64.158 0.0000000000
46738  43.663  -9.271  64.375 0.0000000000
66818  56.942  10.832  41.224 0.0000000000
67787  58.386  11.627  41.627 0.0000000000
67775  58.317  11.622  42.109 0.0000000000
66766  60.044  10.715  46.619 0.0000000000
66772  60.485  10.662  45.800 0.0000000000
132953  60.321  9.486  46.675 0.0000000000
64750  60.199  9.800  47.170 0.0000000000
56957  50.529  0.754  60.435 0.0000000000
57892  50.285  1.489  60.271 0.0000000000
56956  51.183  1.067  60.105 0.0000000000
54871  45.776  -1.876  60.419 0.0000000000
53736  45.178  -1.945  59.829 0.0000000000
54878  46.402  -1.438  60.174 0.0000000000
55942  47.022  -0.950  60.040 0.0000000000
55934  47.059  -1.338  60.729 0.0000000000
69877  65.316  13.971  36.331 0.0000000000
70844  65.328  14.148  36.222 0.0000000000
68840  65.633  13.804  35.669 0.0000000000
68854  65.791  13.398  34.660 0.0000000000
119425  64.881  13.349  35.350 0.0000000000
129775  57.474  11.088  36.237 0.0000000000
130171  56.715  10.972  36.540 0.0000000000
127893  57.495  12.356  36.473 0.0000000000
67828  58.515  10.973  36.027 0.0000000000
61997  60.219  5.404  35.688 0.0000000000
61996  61.047  5.462  35.394 0.0000000000
60865  50.078  4.078  55.409 0.0000000000
124191  50.556  4.447  55.937 0.0000000000
63702  49.850  8.055  51.938 0.0000000000
63703  49.357  7.438  51.459 0.0000000000
66718  53.472  10.415  50.721 0.0000000000
66736  52.912  9.980  50.209 0.0000000000
66735  53.689  10.208  49.892 0.0000000000
66751  53.976  9.859  49.154 0.0000000000
66734  54.502  10.388  49.668 0.0000000000
66733  55.368  10.619  49.508 0.0000000000
66716  55.033  10.802  50.298 0.0000000000
64719  56.874  8.908  50.674 0.0000000000
64718  57.831  9.001  50.392 0.0000000000
64731  56.272  8.436  50.041 0.0000000000
63721  56.768  7.735  49.425 0.0000000000
45749  39.929  -10.137  63.437 0.0000000000
46741  40.009  -8.423  63.671 0.0000000000
127704  42.235  -11.680  63.357 0.0000000000
141190  41.282  -11.541  63.112 0.0000000000
64807  54.911  8.577  43.076 0.0000000000
137393  54.525  8.684  42.378 0.0000000000
65831  56.006  9.748  42.222 0.0000000000
66793  57.239  10.316  42.947 0.0000000000
65821  56.658  9.492  43.539 0.0000000000
65805  56.792  9.258  45.373 0.0000000000
65804  57.640  9.774  44.981 0.0000000000
137853  57.949  10.151  45.881 0.0000000000
118095  58.742  10.627  45.960 0.0000000000
52588  43.738  -4.334  62.697 0.0000000000
125897  43.852  -3.692  62.104 0.0000000000
52572  44.356  -4.469  63.331 0.0000000000
52570  45.765  -3.978  63.496 0.0000000000
52587  45.097  -3.297  62.871 0.0000000000
122979  45.589  -3.507  63.209 0.0000000000
53714  45.727  -2.649  62.061 0.0000000000
52586  46.222  -3.318  63.099 0.0000000000
53697  46.917  -2.922  62.682 0.0000000000
131330  62.162  15.985  37.774 0.0000000000
70828  63.028  15.452  37.791 0.0000000000
70827  64.029  14.507  37.283 0.0000000000
70817  63.559  14.554  37.862 0.0000000000
69848  63.230  14.295  38.137 0.0000000000
69859  61.965  13.336  37.630 0.0000000000
68808  63.084  13.369  37.867 0.0000000000
68817  62.738  12.269  37.236 0.0000000000
67825  62.301  11.458  36.545 0.0000000000
65880  56.279  9.968  37.954 0.0000000000
65890  55.746  9.968  37.429 0.0000000000
119686  60.166  6.468  37.874 0.0000000000
63898  60.415  6.051  37.193 0.0000000000
62918  60.390  5.908  37.177 0.0000000000
62702  52.356  6.193  56.557 0.0000000000
62708  51.622  6.462  55.776 0.0000000000
137419  51.975  7.043  55.947 0.0000000000
64678  52.138  9.028  54.855 0.0000000000
63679  51.835  8.081  55.041 0.0000000000
64690  50.744  8.194  53.142 0.0000000000
64689  51.064  9.053  53.096 0.0000000000
65728  50.833  9.340  52.217 0.0000000000
65727  51.536  9.709  52.903 0.0000000000
125741  53.699  10.482  54.061 0.0000000000
126046  53.040  10.353  53.878 0.0000000000
66686  53.482  10.637  53.437 0.0000000000
67665  53.913  10.942  53.012 0.0000000000
67664  54.703  11.225  52.812 0.0000000000
67663  55.668  11.203  52.897 0.0000000000
67652  54.939  10.985  53.482 0.0000000000
64687  55.840  9.236  53.222 0.0000000000
65717  55.902  9.968  53.270 0.0000000000
64699  56.155  9.363  52.626 0.0000000000
130033  55.811  8.777  52.362 0.0000000000
49312  40.100  -6.889  62.818 0.0000000000
121269  40.039  -6.493  62.127 0.0000000000
49311  41.020  -6.561  63.315 0.0000000000
49304  42.079  -6.564  64.128 0.0000000000
118991  41.516  -6.157  63.306 0.0000000000
50244  42.050  -5.864  63.543 0.0000000000
51374  42.024  -5.256  62.317 0.0000000000
51363  42.326  -5.518  63.179 0.0000000000
51362  43.110  -5.330  63.491 0.0000000000
119926  42.618  -5.686  63.738 0.0000000000
65857  55.370  9.869  39.996 0.0000000000
65869  55.258  9.769  39.065 0.0000000000
66842  58.247  10.505  39.718 0.0000000000
65856  59.388  9.666  40.035 0.0000000000
127561  59.716  10.230  40.618 0.0000000000
66816  60.354  11.022  41.676 0.0000000000
65842  60.363  10.093  41.092 0.0000000000
65841  60.819  9.937  41.710 0.0000000000
64816  60.850  9.166  41.734 0.0000000000
65830  61.046  9.918  42.447 0.0000000000
66791  58.833  11.488  43.615 0.0000000000
67763  59.312  11.866  43.027 0.0000000000
67756  59.651  11.650  43.944 0.0000000000
65813  61.050  10.090  44.521 0.0000000000
66790  61.085  10.721  44.027 0.0000000000
64795  60.792  9.188  44.110 0.0000000000
134176  60.839  9.047  43.313 0.0000000000
64796  60.276  8.497  43.666 0.0000000000
57928  48.684  1.478  57.733 0.0000000000
57939  48.571  1.531  56.755 0.0000000000
59826  50.342  3.271  58.525 0.0000000000
130989  51.052  3.656  58.558 0.0000000000
56967  51.983  1.208  59.303 0.0000000000
58854  52.872  3.181  58.092 0.0000000000
58855  52.425  3.117  58.502 0.0000000000
60824  52.147  4.142  58.140 0.0000000000
60837  52.654  4.539  57.668 0.0000000000
60836  53.165  4.431  57.422 0.0000000000
59839  53.903  4.391  56.364 0.0000000000
60851  53.905  4.942  56.522 0.0000000000
60864  54.259  4.917  55.894 0.0000000000
61794  54.159  5.449  56.004 0.0000000000
121503  54.530  5.419  55.347 0.0000000000
60875  54.461  4.813  55.265 0.0000000000
53738  43.360  -2.810  59.746 0.0000000000
119270  44.007  -2.521  60.101 0.0000000000
55958  46.582  -0.799  57.463 0.0000000000
55964  47.128  -0.246  57.075 0.0000000000
56987  47.700  0.282  57.609 0.0000000000
56960  48.374  -0.029  60.675 0.0000000000
56970  48.013  0.249  59.645 0.0000000000
56959  49.184  0.587  60.724 0.0000000000
54856  49.796  -1.085  61.053 0.0000000000
68881  65.791  12.862  33.429 0.0000000000
68914  63.896  12.456  30.913 0.0000000000
66863  55.339  10.684  36.730 0.0000000000
68821  57.753  13.686  36.813 0.0000000000
69864  56.294  14.963  37.195 0.0000000000
69863  57.172  15.021  37.394 0.0000000000
69862  58.142  14.926  37.531 0.0000000000
69861  59.267  14.549  37.511 0.0000000000
67841  61.878  10.653  36.129 0.0000000000
129914  61.679  9.890  35.852 0.0000000000
64881  59.247  8.460  36.063 0.0000000000
65907  59.707  9.074  35.912 0.0000000000
63919  62.857  6.646  34.797 0.0000000000
64879  63.031  7.434  34.959 0.0000000000
130246  62.890  7.381  34.568 0.0000000000
61800  50.663  5.644  54.495 0.0000000000
61807  50.297  5.782  53.635 0.0000000000
65755  50.883  9.382  50.789 0.0000000000
65779  51.636  9.188  49.126 0.0000000000
65776  54.226  9.550  48.288 0.0000000000
64752  53.351  8.724  47.204 0.0000000000
65798  54.111  9.096  47.475 0.0000000000
64765  54.113  8.641  46.656 0.0000000000
65797  54.834  9.047  46.999 0.0000000000
65796  55.690  9.095  46.481 0.0000000000
65786  55.454  9.506  47.390 0.0000000000
66762  56.889  10.304  47.668 0.0000000000
66747  57.517  10.847  48.305 0.0000000000
67729  58.520  11.104  48.143 0.0000000000
67716  58.192  11.288  48.933 0.0000000000
67675  57.052  11.351  52.015 0.0000000000
118654  57.297  11.449  51.344 0.0000000000
67674  57.675  11.245  51.582 0.0000000000
64717  58.699  9.175  49.915 0.0000000000
66715  58.803  10.756  50.433 0.0000000000
65751  59.276  9.704  49.634 0.0000000000
66731  59.523  10.322  49.174 0.0000000000
65764  59.547  9.528  48.981 0.0000000000
64740  59.524  8.940  48.652 0.0000000000
63718  59.122  8.308  48.977 0.0000000000
137106  58.410  6.942  48.722 0.0000000000
61805  54.826  5.749  54.145 0.0000000000
62721  55.130  6.478  53.984 0.0000000000
61813  54.650  5.947  53.393 0.0000000000
132404  40.278  -11.312  63.049 0.0000000000
64797  56.010  8.815  44.081 0.0000000000
64776  56.133  8.773  44.987 0.0000000000
65795  56.601  9.403  46.230 0.0000000000
50232  44.646  -5.363  64.317 0.0000000000
51361  44.868  -4.695  63.823 0.0000000000
50231  45.328  -5.355  64.257 0.0000000000
50241  45.887  -5.065  63.932 0.0000000000
133337  61.918  15.917  38.104 0.0000000000
70819  61.672  15.518  38.277 0.0000000000
69850  61.197  14.648  38.115 0.0000000000
69860  60.572  13.521  37.297 0.0000000000
65879  57.232  9.563  37.815 0.0000000000
64863  58.789  7.802  37.270 0.0000000000
63889  60.240  6.938  38.201 0.0000000000
63653  53.122  7.262  56.037 0.0000000000
63654  52.912  7.430  55.998 0.0000000000
64650  53.010  8.104  55.705 0.0000000000
64666  52.923  8.775  55.463 0.0000000000
64677  52.807  9.291  55.177 0.0000000000
65719  52.710  9.992  54.328 0.0000000000
65706  52.858  9.812  54.752 0.0000000000
66673  53.794  10.208  54.379 0.0000000000
66672  54.470  10.246  54.112 0.0000000000
66684  55.059  10.635  53.616 0.0000000000
65703  54.745  9.613  54.198 0.0000000000
64688  55.478  8.516  53.698 0.0000000000
49305  41.201  -6.757  63.679 0.0000000000
48467  41.463  -7.132  64.016 0.0000000000
48466  42.478  -7.252  64.420 0.0000000000
49303  43.118  -6.666  64.523 0.0000000000
134712  43.294  -7.584  64.586 0.0000000000
65845  54.806  9.280  41.280 0.0000000000
65844  55.571  9.891  40.860 0.0000000000
66836  56.131  10.431  40.195 0.0000000000
66844  56.668  10.661  39.588 0.0000000000
66835  56.869  10.843  40.449 0.0000000000
130348  58.153  11.153  40.382 0.0000000000
67802  58.591  11.477  40.997 0.0000000000
136962  59.008  11.820  41.572 0.0000000000
67785  60.297  11.571  42.253 0.0000000000
67750  60.006  11.364  44.859 0.0000000000
67755  60.419  11.432  44.199 0.0000000000
67749  60.572  11.039  44.960 0.0000000000
65803  60.753  10.216  45.437 0.0000000000
64775  60.241  8.624  45.611 0.0000000000
64774  60.498  9.493  45.944 0.0000000000
64763  60.171  8.772  46.441 0.0000000000
137117  59.767  8.203  46.856 0.0000000000
57904  49.051  1.368  59.992 0.0000000000
57916  49.483  2.033  59.429 0.0000000000
57903  49.757  1.751  60.061 0.0000000000
58847  50.263  2.295  59.715 0.0000000000
58846  50.913  2.578  59.556 0.0000000000
57926  52.582  1.567  57.916 0.0000000000
58866  53.199  3.120  57.511 0.0000000000
59831  53.237  3.825  57.564 0.0000000000
59840  53.568  3.760  56.899 0.0000000000
59851  53.800  3.668  56.016 0.0000000000
53726  44.925  -2.255  60.653 0.0000000000
53737  44.534  -2.189  59.579 0.0000000000
53756  45.002  -2.030  58.158 0.0000000000
54888  45.742  -1.541  58.505 0.0000000000
131400  46.490  -0.961  58.369 0.0000000000
55948  47.000  -0.627  59.129 0.0000000000
55947  47.474  -0.115  59.080 0.0000000000
127007  48.422  -0.675  61.263 0.0000000000
135700  66.273  13.820  34.804 0.0000000000
68882  64.409  12.589  32.794 0.0000000000
67839  62.500  11.500  36.298 0.0000000000
66862  56.620  10.366  36.715 0.0000000000
134124  56.089  10.905  36.763 0.0000000000
68823  55.770  12.808  36.828 0.0000000000
123503  58.506  12.365  36.362 0.0000000000
63897  61.070  6.476  36.153 0.0000000000
118326  62.279  6.894  35.391 0.0000000000
63907  61.992  6.149  35.490 0.0000000000
62932  62.446  6.032  35.169 0.0000000000
59842  49.908  3.323  56.562 0.0000000000
62730  50.362  6.585  53.219 0.0000000000
61815  50.025  5.971  53.008 0.0000000000
62731  49.917  6.580  52.595 0.0000000000
62740  49.482  6.550  51.990 0.0000000000
66720  52.024  9.901  51.410 0.0000000000
65767  51.317  9.364  50.068 0.0000000000
65754  52.126  9.712  50.576 0.0000000000
65778  52.541  9.375  48.889 0.0000000000
139654  52.797  9.198  48.300 0.0000000000
65777  53.351  9.486  48.648 0.0000000000
65775  55.147  9.798  48.172 0.0000000000
66749  55.649  10.374  48.704 0.0000000000
66732  56.256  10.855  49.316 0.0000000000
67703  56.879  11.316  49.837 0.0000000000
132626  57.684  10.252  51.570 0.0000000000
65739  57.807  10.879  51.703 0.0000000000
126242  58.202  9.747  50.750 0.0000000000
64729  58.214  8.367  49.711 0.0000000000
120357  58.817  8.522  49.385 0.0000000000
63720  57.718  7.570  49.385 0.0000000000
133599  39.684  -7.544  63.319 0.0000000000
47650  40.744  -7.725  63.757 0.0000000000
46740  41.341  -8.568  63.697 0.0000000000
46760  42.075  -9.669  63.687 0.0000000000
45748  42.662  -10.838  63.671 0.0000000000
123765  55.422  9.567  41.682 0.0000000000
66803  56.909  10.528  42.077 0.0000000000
66802  57.827  11.099  42.412 0.0000000000
66792  58.082  10.851  43.272 0.0000000000
66783  58.267  10.588  44.292 0.0000000000
66774  59.445  10.977  45.498 0.0000000000
66767  59.511  10.843  46.518 0.0000000000
67741  59.555  10.851  47.396 0.0000000000
56968  51.451  0.600  59.817 0.0000000000
52603  42.502  -4.327  61.291 0.0000000000
116815  43.249  -3.701  61.310 0.0000000000
52601  43.946  -3.037  61.479 0.0000000000
52571  45.035  -3.918  63.263 0.0000000000
52600  44.572  -3.169  62.276 0.0000000000
53715  44.830  -2.693  61.639 0.0000000000
54861  45.859  -2.227  61.297 0.0000000000
54860  46.774  -2.246  61.895 0.0000000000
54869  47.405  -1.582  61.420 0.0000000000
54849  47.191  -2.582  62.329 0.0000000000
53696  47.092  -2.944  62.620 0.0000000000
52585  47.420  -3.375  62.516 0.0000000000
69857  64.867  14.076  36.797 0.0000000000
134689  64.834  13.897  36.805 0.0000000000
68815  64.273  13.439  36.907 0.0000000000
134809  63.823  13.264  37.272 0.0000000000
131643  63.379  12.535  36.778 0.0000000000
68816  63.310  12.756  37.284 0.0000000000
137032  62.137  9.612  35.309 0.0000000000
66874  58.924  9.873  35.922 0.0000000000
64871  59.920  7.514  36.264 0.0000000000
62917  61.064  5.902  36.259 0.0000000000
60852  51.556  4.995  57.129 0.0000000000
61789  51.060  5.064  56.198 0.0000000000
62715  51.205  6.406  54.865 0.0000000000
63669  52.238  7.691  55.681 0.0000000000
63680  51.268  7.282  54.422 0.0000000000
63687  50.785  7.377  53.552 0.0000000000
64710  50.124  8.947  51.484 0.0000000000
65742  50.759  9.394  51.469 0.0000000000
66708  51.938  10.035  52.154 0.0000000000
66687  52.253  10.088  53.473 0.0000000000
66697  52.621  10.373  52.931 0.0000000000
66707  52.616  10.354  51.983 0.0000000000
66706  53.342  10.560  51.646 0.0000000000
67677  54.708  11.181  51.725 0.0000000000
67691  55.400  11.254  51.091 0.0000000000
67676  55.556  11.384  52.071 0.0000000000
120301  56.318  11.333  52.288 0.0000000000
138431  56.496  11.033  52.717 0.0000000000
66683  55.805  10.638  53.236 0.0000000000
66695  56.366  10.495  52.877 0.0000000000
66694  57.092  10.600  52.349 0.0000000000
65740  56.930  9.870  52.077 0.0000000000
64707  56.454  9.184  51.625 0.0000000000
52618  41.887  -4.388  60.634 0.0000000000
51375  41.252  -5.450  61.875 0.0000000000
51385  41.754  -4.893  61.384 0.0000000000
51373  42.905  -4.940  62.687 0.0000000000
51372  43.660  -4.855  63.251 0.0000000000
50242  44.043  -5.098  63.794 0.0000000000
123466  43.550  -5.913  64.362 0.0000000000
139029  44.218  -5.823  64.447 0.0000000000
65867  57.754  9.874  38.876 0.0000000000
64843  60.153  8.231  39.978 0.0000000000
64829  60.375  8.382  40.539 0.0000000000
67773  59.801  11.917  42.587 0.0000000000
67772  60.576  11.485  42.890 0.0000000000
67761  60.775  11.321  43.695 0.0000000000
66801  61.065  10.729  43.125 0.0000000000
64805  60.906  9.206  42.588 0.0000000000
56992  48.014  1.044  56.254 0.0000000000
58878  48.968  2.190  56.368 0.0000000000
57927  49.267  2.088  58.357 0.0000000000
58867  49.725  2.677  57.930 0.0000000000
121700  49.540  2.706  56.918 0.0000000000
59832  50.533  3.824  57.164 0.0000000000
60839  51.239  4.287  57.807 0.0000000000
57902  51.600  1.377  59.633 0.0000000000
58836  51.661  1.939  59.497 0.0000000000
58845  51.507  2.557  59.330 0.0000000000
57915  52.402  1.881  58.787 0.0000000000
58844  52.123  2.407  59.015 0.0000000000
59818  51.225  3.176  59.090 0.0000000000
59825  51.652  3.662  58.539 0.0000000000
60825  51.596  4.108  58.140 0.0000000000
61782  52.174  5.424  57.093 0.0000000000
62694  53.023  5.629  56.870 0.0000000000
60835  53.535  4.906  56.921 0.0000000000
61787  53.471  5.454  56.693 0.0000000000
62700  53.316  6.294  56.376 0.0000000000
134667  53.882  6.010  56.058 0.0000000000
62706  54.290  6.802  55.413 0.0000000000
62713  54.764  6.775  54.842 0.0000000000
60876  54.272  4.327  54.809 0.0000000000
60890  54.132  4.428  53.935 0.0000000000
52632  42.742  -3.269  59.830 0.0000000000
125640  43.823  -2.558  59.234 0.0000000000
124343  47.586  0.389  56.656 0.0000000000
56977  48.241  0.877  58.163 0.0000000000
56969  48.374  0.860  59.226 0.0000000000
56958  49.890  0.678  60.644 0.0000000000
55931  50.435  0.059  60.593 0.0000000000
55924  47.975  -1.186  61.496 0.0000000000
55923  48.602  -0.975  61.456 0.0000000000
126019  48.722  -1.844  61.586 0.0000000000
55922  49.243  -0.577  61.234 0.0000000000
140724  49.497  -0.777  61.190 0.0000000000
44649  38.593  -11.560  65.424 0.0000000000
68912  65.604  12.457  30.685 0.0000000000
128857  60.476  12.249  36.682 0.0000000000
66871  62.031  10.309  35.426 0.0000000000
65919  62.532  9.031  35.106 0.0000000000
121683  60.313  9.780  36.015 0.0000000000
64880  62.128  7.955  35.496 0.0000000000
65906  61.594  9.010  35.704 0.0000000000
125935  62.165  7.963  33.722 0.0000000000
64779  53.538  7.889  45.197 0.0000000000
122289  50.518  4.832  55.151 0.0000000000
60877  50.023  4.902  54.077 0.0000000000
64753  52.655  8.874  47.766 0.0000000000
117131  54.167  8.287  45.750 0.0000000000
66763  55.982  10.032  47.941 0.0000000000
66769  57.312  10.002  46.696 0.0000000000
66760  58.927  10.939  47.405 0.0000000000
66759  59.789  10.575  47.478 0.0000000000
67689  57.108  11.482  50.622 0.0000000000
117351  57.863  11.420  49.907 0.0000000000
67687  58.272  11.093  51.062 0.0000000000
117271  58.585  11.256  50.303 0.0000000000
67702  58.813  11.278  49.443 0.0000000000
67714  59.301  10.937  48.907 0.0000000000
66746  59.647  10.493  48.310 0.0000000000
65773  59.946  10.125  47.723 0.0000000000
65774  59.824  9.447  48.009 0.0000000000
129175  59.677  8.722  48.060 0.0000000000
63743  59.513  7.933  47.616 0.0000000000
63733  58.900  7.522  48.656 0.0000000000
123572  58.696  6.788  48.266 0.0000000000
62720  55.105  6.875  54.364 0.0000000000
62727  55.375  7.571  53.778 0.0000000000
62729  54.194  6.155  52.495 0.0000000000
63692  55.431  7.928  52.873 0.0000000000
63699  55.237  8.300  51.853 0.0000000000
49306  40.307  -7.083  63.251 0.0000000000
50233  44.061  -5.435  64.181 0.0000000000
50252  40.770  -5.929  62.069 0.0000000000
51351  45.027  -4.849  64.089 0.0000000000
53698  45.676  -3.064  62.735 0.0000000000
53710  49.856  -1.634  60.789 0.0000000000
54848  47.396  -2.519  62.180 0.0000000000
56948  49.475  0.076  60.938 0.0000000000
57891  50.890  1.500  60.082 0.0000000000
58837  51.188  2.035  59.730 0.0000000000
59817  51.873  3.117  58.874 0.0000000000
61781  52.621  5.119  57.300 0.0000000000
61985  60.971  5.607  35.982 0.0000000000
62695  52.642  5.707  56.853 0.0000000000
62707  52.030  6.572  56.274 0.0000000000
62741  49.073  6.456  51.340 0.0000000000
62769  58.021  6.216  48.407 0.0000000000
63655  52.494  7.078  56.114 0.0000000000
63668  52.766  7.984  55.717 0.0000000000
63695  49.740  7.231  52.165 0.0000000000
63719  58.491  7.677  49.157 0.0000000000
63929  62.515  7.078  33.943 0.0000000000
64663  54.506  8.185  54.775 0.0000000000
64665  53.175  8.810  55.388 0.0000000000
65705  53.334  9.798  54.689 0.0000000000
65707  52.599  9.607  54.749 0.0000000000
65741  51.374  9.718  52.159 0.0000000000
65752  58.870  10.034  50.335 0.0000000000
65806  56.179  8.964  45.745 0.0000000000
66705  54.054  10.757  51.269 0.0000000000
66781  60.867  10.751  44.882 0.0000000000
67653  54.177  10.824  53.554 0.0000000000
67715  59.009  11.232  48.602 0.0000000000
67727  59.423  10.908  48.106 0.0000000000
67786  59.673  11.843  41.875 0.0000000000
70829  61.447  16.163  37.396 0.0000000000
71861  62.283  15.891  38.015 0.0000000000
71870  61.611  16.154  37.850 0.0000000000
118320  48.592  -1.385  61.550 0.0000000000
122190  51.390  9.636  51.512 0.0000000000
126441  55.263  10.137  53.711 0.0000000000
127883  48.207  -1.578  61.691 0.0000000000
131339  52.549  2.610  58.522 0.0000000000
131556  59.166  7.403  48.156 0.0000000000
133708  45.360  -4.677  63.843 0.0000000000
137302  61.871  5.685  35.178 0.0000000000
137709  52.259  0.792  57.989 0.0000000000
138458  53.951  9.224  54.833 0.0000000000
138953  59.654  9.450  48.540 0.0000000000
138956  59.226  10.385  49.919 0.0000000000
139795  51.305  1.582  59.805 0.0000000000
141098  54.666  10.928  50.936 0.0000000000
