#!ascii label  , from subject sub-v1s19x0051304_ses-1 vox2ras=TkReg
788
8219  37.443  -57.169  -5.662 0.3000000119
124511  31.300  -49.746  -0.618 0.6000000238
14402  31.651  -47.912  -4.262 0.6999999881
13721  32.156  -48.311  -4.990 0.6999999881
8220  36.973  -57.725  -4.971 0.4000000060
10501  35.582  -53.809  -0.837 0.4000000060
8789  37.484  -56.320  -5.600 0.5000000000
8797  37.775  -56.592  -6.321 0.5000000000
12383  32.640  -50.117  0.003 0.6999999881
13028  30.716  -49.533  -1.536 0.6999999881
13027  31.044  -49.125  -0.965 0.5000000000
13693  30.860  -48.119  -2.592 0.6000000238
13704  31.138  -48.424  -3.569 0.6000000238
14390  31.263  -47.565  -3.340 0.6999999881
14414  32.699  -47.852  -5.564 0.6999999881
134260  37.020  -56.441  -4.413 0.5000000000
9919  35.717  -54.657  -1.137 0.4000000060
8782  37.305  -56.073  -4.918 0.6000000238
134381  34.858  -52.817  -0.218 0.4000000060
11735  34.469  -51.463  -0.350 0.5000000000
9337  37.337  -55.382  -4.861 0.6000000238
133559  33.981  -51.750  0.072 0.6000000238
11736  33.754  -51.106  -0.077 0.6000000238
134424  37.467  -55.699  -5.448 0.6000000238
12382  33.473  -50.306  -0.172 0.6000000238
13684  31.190  -48.368  -1.092 0.6000000238
119264  31.059  -47.884  -1.676 0.6000000238
15110  31.426  -46.596  -2.005 0.6999999881
14383  31.157  -47.335  -2.348 0.6999999881
118523  31.358  -46.786  -3.020 0.6999999881
15125  31.737  -46.997  -4.064 0.6999999881
121847  32.747  -47.030  -5.423 0.6999999881
15118  31.624  -46.334  -3.563 0.6999999881
15117  31.970  -46.213  -4.307 0.6999999881
15139  32.597  -46.105  -5.183 0.6999999881
15837  31.692  -45.633  -3.524 0.6999999881
139169  36.376  -56.748  -3.135 0.5000000000
9321  36.407  -55.442  -2.611 0.5000000000
9311  35.702  -55.519  -1.407 0.5000000000
11122  35.368  -52.971  -0.703 0.4000000060
9329  36.706  -55.470  -3.400 0.5000000000
11734  35.113  -52.043  -0.658 0.5000000000
9945  37.393  -54.616  -4.836 0.6000000238
9946  37.104  -55.012  -4.157 0.5000000000
137373  37.120  -54.169  -4.065 0.5000000000
13012  33.122  -49.372  -0.181 0.6999999881
140312  31.400  -48.672  -0.773 0.6000000238
13014  31.767  -49.021  -0.433 0.6999999881
14376  31.524  -47.638  -1.042 0.6000000238
13675  31.708  -48.205  -0.683 0.6000000238
15104  31.819  -46.788  -1.168 0.6000000238
141431  31.386  -47.246  -1.592 0.6000000238
15830  31.627  -45.874  -1.968 0.6000000238
119679  31.508  -46.104  -2.775 0.6999999881
15138  33.277  -46.510  -5.987 0.6999999881
123866  31.793  -45.073  -1.961 0.6000000238
15844  32.156  -45.459  -4.447 0.6999999881
15856  32.653  -45.164  -5.171 0.6999999881
141039  31.595  -45.510  -2.606 0.6999999881
127961  35.778  -53.160  -1.307 0.4000000060
9310  36.211  -54.901  -1.993 0.4000000060
11128  35.701  -52.369  -1.326 0.5000000000
12380  35.045  -51.054  -0.836 0.6000000238
123473  36.565  -54.751  -2.846 0.4000000060
12381  34.320  -50.630  -0.483 0.6000000238
9938  36.829  -54.641  -3.536 0.4000000060
9930  36.424  -54.143  -2.445 0.4000000060
121458  36.737  -53.870  -3.226 0.4000000060
10546  36.850  -52.870  -3.195 0.4000000060
127756  32.526  -48.896  -0.243 0.6000000238
13674  32.358  -48.249  -0.394 0.6000000238
15099  32.358  -46.530  -0.736 0.6000000238
14369  32.211  -47.385  -0.623 0.6000000238
15825  32.128  -45.820  -1.204 0.6000000238
15855  33.270  -45.535  -5.928 0.6999999881
128726  32.245  -44.716  -4.529 0.6999999881
15838  31.628  -44.937  -2.924 0.6000000238
16587  31.830  -44.906  -3.821 0.6000000238
9918  36.085  -53.839  -1.717 0.4000000060
11127  36.154  -52.813  -1.904 0.4000000060
11137  36.519  -52.401  -2.579 0.4000000060
13011  34.090  -49.723  -0.497 0.8000000119
130016  37.205  -53.286  -3.892 0.5000000000
13673  33.067  -48.442  -0.241 0.6999999881
15098  32.882  -46.692  -0.395 0.5000000000
127375  32.910  -47.598  -0.302 0.6000000238
120595  33.462  -44.713  -6.273 0.6999999881
129276  32.207  -44.916  -1.262 0.6000000238
16605  32.614  -44.353  -5.167 0.8000000119
16604  33.129  -44.013  -5.830 0.8000000119
16573  31.998  -44.273  -1.638 0.6000000238
16580  31.702  -44.271  -2.436 0.6000000238
11746  36.138  -51.822  -1.999 0.5000000000
11747  35.597  -51.478  -1.337 0.6000000238
11757  36.586  -51.654  -2.615 0.5000000000
11756  36.994  -51.029  -2.952 0.6999999881
11146  36.928  -51.971  -3.157 0.4000000060
13672  33.866  -48.804  -0.429 0.6999999881
14367  33.750  -47.840  -0.349 0.6999999881
14368  33.405  -47.095  -0.306 0.6000000238
123356  33.188  -45.946  -0.410 0.6000000238
139408  33.475  -44.171  -6.408 0.6000000238
15824  32.584  -45.104  -0.775 0.6000000238
16595  32.193  -43.967  -4.520 0.6999999881
17379  32.548  -43.570  -5.159 0.6999999881
17348  31.810  -43.556  -2.052 0.6999999881
136121  31.878  -44.329  -4.023 0.6999999881
120696  36.406  -51.041  -2.316 0.5000000000
125785  35.954  -51.038  -1.820 0.6000000238
12393  35.556  -50.606  -1.377 0.6000000238
12398  37.210  -50.073  -2.882 0.6999999881
13010  34.926  -50.144  -0.922 0.6999999881
12404  37.666  -50.495  -3.487 0.6999999881
11764  37.528  -51.468  -3.708 0.6999999881
13671  34.832  -49.132  -0.814 0.6999999881
118533  34.434  -48.358  -0.547 0.6999999881
121078  34.097  -47.021  -0.357 0.5000000000
14366  34.647  -47.694  -0.536 0.6000000238
17395  33.754  -43.650  -7.499 0.5000000000
15816  33.805  -45.517  -0.324 0.6000000238
15097  33.589  -46.410  -0.341 0.6000000238
17388  33.420  -43.554  -6.529 0.6000000238
18170  33.366  -42.877  -6.975 0.5000000000
15817  33.078  -45.243  -0.436 0.6000000238
18156  32.442  -42.775  -5.115 0.6000000238
131685  32.711  -42.453  -5.803 0.5000000000
18931  32.499  -41.701  -5.920 0.5000000000
16572  32.419  -44.318  -0.959 0.6999999881
17347  32.207  -43.572  -1.293 0.6999999881
18141  31.713  -42.811  -3.489 0.6999999881
18149  31.976  -42.344  -4.378 0.5000000000
130273  32.016  -42.857  -1.672 0.6999999881
140557  31.640  -42.210  -2.871 0.6000000238
13026  35.581  -49.694  -1.351 0.6000000238
12399  36.692  -50.421  -2.484 0.6999999881
12392  36.173  -50.247  -1.918 0.6000000238
13050  37.814  -49.593  -3.342 0.6999999881
120673  35.047  -48.331  -0.763 0.6999999881
122457  34.957  -46.935  -0.564 0.6000000238
122849  33.502  -42.967  -7.919 0.4000000060
15096  34.377  -46.251  -0.386 0.5000000000
18941  32.547  -41.588  -6.712 0.4000000060
16563  32.911  -44.425  -0.538 0.6000000238
18922  32.294  -41.968  -5.152 0.5000000000
18912  31.692  -41.873  -3.609 0.5000000000
18923  31.895  -41.474  -4.437 0.4000000060
126368  31.805  -42.070  -2.040 0.6999999881
18132  31.718  -42.843  -2.489 0.6000000238
18900  31.654  -41.456  -2.803 0.5000000000
13040  36.730  -49.653  -2.342 0.6999999881
13025  36.224  -49.227  -1.764 0.6999999881
13703  37.901  -48.710  -3.229 0.6999999881
13039  37.344  -49.178  -2.745 0.6999999881
13683  35.602  -48.736  -1.239 0.6000000238
14375  35.576  -47.731  -0.980 0.6000000238
15815  34.756  -45.505  -0.440 0.6000000238
15095  35.220  -46.170  -0.600 0.5000000000
16562  33.591  -44.597  -0.333 0.6000000238
18932  32.160  -41.122  -5.245 0.4000000060
19726  32.221  -40.830  -6.103 0.5000000000
17335  32.687  -43.641  -0.675 0.6000000238
127066  31.885  -40.322  -5.316 0.4000000060
141306  32.147  -42.299  -1.345 0.6000000238
13692  36.821  -48.734  -2.199 0.6999999881
13682  36.274  -48.265  -1.622 0.6000000238
14389  37.934  -47.822  -3.170 0.6999999881
14382  36.891  -47.815  -2.092 0.6000000238
13702  38.414  -48.257  -3.740 0.6999999881
14374  36.350  -47.338  -1.513 0.5000000000
135597  35.489  -45.550  -0.687 0.6000000238
16561  34.405  -44.727  -0.341 0.6000000238
129783  34.106  -44.036  -0.229 0.5000000000
17334  33.413  -43.684  -0.322 0.6000000238
130453  32.442  -42.829  -0.869 0.6000000238
133881  32.091  -41.742  -1.394 0.5000000000
14381  37.460  -47.356  -2.578 0.6999999881
15103  36.434  -46.498  -1.474 0.6000000238
123140  35.953  -46.000  -0.984 0.5000000000
16571  35.725  -44.163  -0.718 0.6000000238
15823  36.045  -45.275  -0.980 0.6000000238
17332  34.934  -43.915  -0.351 0.6000000238
18109  33.544  -42.798  -0.196 0.6000000238
18121  32.444  -42.012  -0.848 0.5000000000
10571  38.210  -53.321  -6.085 0.5000000000
11157  38.122  -52.043  -4.855 0.5000000000
11810  38.924  -51.858  -6.374 0.5000000000
11172  38.439  -52.418  -5.739 0.5000000000
133539  37.983  -51.495  -4.318 0.6999999881
12436  38.975  -50.665  -5.249 0.6999999881
11796  38.697  -51.505  -5.467 0.5000000000
11780  38.126  -50.814  -4.110 0.6999999881
12420  38.653  -50.319  -4.590 0.6999999881
12403  38.291  -49.975  -3.937 0.6999999881
8227  37.707  -57.514  -6.451 0.3000000119
14401  32.241  -47.484  -4.868 0.6999999881
13694  30.731  -48.763  -1.813 0.6000000238
130875  32.287  -46.785  -4.781 0.6999999881
124687  33.658  -46.093  -6.563 0.6999999881
11145  37.310  -52.402  -3.756 0.6000000238
15818  32.709  -45.897  -0.607 0.6000000238
16588  31.674  -44.279  -3.307 0.6999999881
17378  32.937  -43.177  -5.786 0.6000000238
17370  32.104  -43.184  -4.407 0.6999999881
17358  31.641  -43.567  -2.910 0.6999999881
18163  32.875  -42.288  -6.506 0.5000000000
18171  32.959  -42.203  -7.385 0.5000000000
19707  31.672  -40.985  -3.662 0.5000000000
13691  37.413  -48.272  -2.648 0.6999999881
124714  35.782  -46.778  -0.985 0.5000000000
17333  34.214  -43.297  -0.164 0.6000000238
18110  32.922  -42.375  -0.414 0.6000000238
16560  35.366  -44.824  -0.593 0.6000000238
15109  36.955  -46.931  -1.992 0.5000000000
125190  39.768  -49.633  -6.234 0.6000000238
15169  41.324  -47.041  -10.039 0.6000000238
15886  41.847  -46.467  -10.559 0.4000000060
13095  40.442  -48.876  -7.595 0.5000000000
12435  39.416  -50.182  -5.762 0.6000000238
11726  31.868  -51.482  0.235 0.5000000000
15177  42.668  -46.091  -11.208 0.4000000060
12373  32.969  -50.888  0.210 0.5000000000
12384  31.190  -50.666  -0.559 0.5000000000
13761  40.645  -48.630  -8.915 0.5000000000
15894  43.448  -45.580  -11.346 0.4000000060
135968  31.645  -50.869  -0.031 0.5000000000
12394  30.595  -50.295  -1.786 0.5000000000
118788  40.688  -47.867  -9.024 0.6000000238
12385  30.859  -50.011  -1.056 0.5000000000
13086  40.137  -49.004  -6.631 0.5000000000
13078  39.189  -49.872  -5.074 0.6000000238
15898  45.350  -44.485  -11.742 0.4000000060
16646  46.277  -44.138  -11.840 0.4000000060
15160  41.313  -46.407  -9.677 0.4000000060
12421  31.366  -50.652  -4.692 0.5000000000
13752  40.563  -48.042  -8.036 0.5000000000
13052  30.599  -49.909  -3.122 0.5000000000
13080  31.866  -50.055  -5.259 0.5000000000
13077  39.778  -49.003  -5.867 0.6000000238
13064  39.407  -49.012  -5.060 0.6000000238
13065  38.819  -49.491  -4.462 0.6000000238
13705  30.654  -48.988  -2.866 0.5000000000
13066  32.034  -49.163  -5.109 0.5000000000
12437  32.286  -50.443  -5.947 0.4000000060
13746  39.999  -48.447  -6.275 0.5000000000
13745  40.308  -48.250  -7.001 0.5000000000
13736  39.718  -48.274  -5.629 0.6000000238
13719  39.341  -48.071  -4.882 0.6000000238
13720  38.886  -48.635  -4.359 0.6000000238
13049  38.403  -49.121  -3.808 0.6000000238
15885  42.207  -45.837  -10.686 0.4000000060
16639  43.701  -44.934  -11.456 0.4000000060
13738  32.586  -48.683  -5.668 0.5000000000
13079  32.450  -49.535  -5.782 0.5000000000
12445  33.227  -50.184  -7.290 0.4000000060
13722  31.572  -48.789  -4.403 0.6000000238
13088  32.816  -49.884  -6.496 0.4000000060
130579  40.541  -46.582  -7.577 0.6000000238
14421  40.090  -47.621  -6.350 0.6000000238
14412  39.677  -47.370  -5.459 0.6000000238
14399  39.239  -47.187  -4.727 0.6000000238
126235  45.791  -43.709  -11.970 0.4000000060
13748  33.005  -49.060  -6.325 0.5000000000
13098  33.827  -49.610  -7.864 0.4000000060
12466  33.945  -50.407  -9.416 0.4000000060
15879  41.431  -45.653  -9.054 0.6000000238
137291  41.681  -45.952  -10.034 0.4000000060
129602  40.667  -45.708  -7.491 0.6000000238
14433  40.660  -47.196  -8.526 0.6000000238
15147  40.302  -46.878  -6.816 0.5000000000
15148  40.013  -46.654  -6.095 0.6000000238
117992  40.324  -46.128  -6.786 0.5000000000
14400  38.842  -47.780  -4.271 0.6000000238
16645  46.679  -43.580  -12.045 0.4000000060
16629  43.263  -44.526  -10.523 0.4000000060
13737  33.164  -48.233  -6.235 0.6000000238
117205  33.869  -49.004  -7.522 0.5000000000
141223  34.745  -49.558  -9.759 0.5000000000
12486  34.389  -49.804  -10.557 0.5000000000
16631  41.982  -45.276  -9.544 0.4000000060
16630  42.565  -44.950  -10.104 0.4000000060
15871  41.138  -45.276  -8.077 0.5000000000
15864  40.427  -45.274  -6.666 0.5000000000
15865  39.983  -45.722  -6.031 0.5000000000
15137  39.542  -46.315  -5.242 0.6000000238
136388  39.014  -46.413  -4.468 0.6000000238
14388  38.420  -47.392  -3.713 0.6000000238
18182  44.335  -43.017  -10.475 0.4000000060
17411  44.927  -43.498  -11.597 0.4000000060
18190  45.822  -42.882  -12.125 0.4000000060
17419  46.614  -42.932  -12.358 0.4000000060
17404  43.540  -43.454  -9.709 0.4000000060
17412  44.022  -43.997  -11.042 0.4000000060
13754  34.221  -48.383  -7.661 0.6000000238
13762  35.151  -48.542  -10.192 0.5000000000
127089  34.821  -49.324  -10.337 0.4000000060
16624  42.351  -44.410  -9.004 0.4000000060
15842  39.183  -45.588  -4.681 0.6000000238
15115  38.501  -46.485  -3.819 0.6000000238
15116  37.982  -46.912  -3.162 0.6000000238
139550  44.940  -42.698  -11.276 0.4000000060
15150  33.877  -46.872  -6.894 0.6000000238
14427  34.472  -47.522  -7.797 0.6000000238
13753  34.873  -48.219  -8.909 0.5000000000
13763  33.996  -47.971  -10.391 0.5000000000
16625  41.700  -44.810  -8.543 0.4000000060
16617  41.406  -44.418  -7.677 0.5000000000
16612  40.590  -44.462  -6.513 0.5000000000
123502  38.764  -45.857  -4.187 0.5000000000
18967  45.240  -41.910  -11.583 0.4000000060
15155  34.548  -46.616  -7.887 0.6000000238
14426  34.962  -47.176  -8.984 0.5000000000
14441  35.050  -47.352  -10.422 0.5000000000
16618  40.856  -44.854  -7.235 0.5000000000
15853  40.116  -44.854  -5.956 0.4000000060
15843  38.739  -45.092  -4.125 0.4000000060
125661  38.047  -46.028  -3.264 0.4000000060
124434  36.922  -46.198  -1.905 0.4000000060
18960  44.459  -42.189  -10.397 0.4000000060
15149  34.099  -46.143  -7.188 0.6000000238
18183  43.848  -42.484  -9.575 0.4000000060
15873  33.799  -44.400  -7.047 0.5000000000
125959  34.870  -46.240  -8.983 0.5000000000
15162  35.185  -46.826  -9.934 0.5000000000
14442  34.601  -47.259  -10.494 0.4000000060
17387  40.792  -43.686  -6.368 0.5000000000
121795  40.269  -44.045  -5.849 0.5000000000
16603  39.731  -44.408  -5.332 0.6000000238
15835  38.227  -45.238  -3.451 0.4000000060
122521  37.125  -45.452  -2.088 0.4000000060
16594  38.888  -44.202  -4.260 0.5000000000
132973  34.295  -44.988  -7.697 0.5000000000
15880  34.587  -45.221  -8.768 0.6000000238
16619  34.251  -44.384  -8.054 0.4000000060
16578  37.463  -44.659  -2.476 0.5000000000
15822  36.525  -45.725  -1.492 0.5000000000
17369  39.134  -43.372  -4.383 0.5000000000
122884  39.359  -44.050  -4.791 0.5000000000
16585  38.393  -44.439  -3.633 0.5000000000
126584  37.955  -44.712  -3.102 0.5000000000
18961  43.976  -41.614  -9.642 0.4000000060
18108  34.290  -42.433  -0.128 0.5000000000
137991  36.067  -44.636  -0.959 0.4000000060
138866  37.057  -44.843  -1.995 0.5000000000
16586  37.931  -43.913  -3.051 0.5000000000
17362  38.526  -43.614  -3.733 0.5000000000
17394  33.993  -43.768  -8.604 0.4000000060
18107  35.026  -42.935  -0.329 0.4000000060
17346  35.758  -43.427  -0.718 0.4000000060
121120  36.401  -43.996  -1.277 0.5000000000
17357  37.031  -43.479  -1.963 0.5000000000
123470  37.418  -43.897  -2.418 0.5000000000
17356  37.607  -43.178  -2.604 0.5000000000
13041  30.561  -49.622  -2.286 0.6000000238
14413  33.289  -47.385  -6.136 0.6000000238
11724  33.325  -51.659  0.303 0.5000000000
15108  37.468  -46.339  -2.529 0.6000000238
12405  30.947  -50.288  -3.932 0.5000000000
13051  31.042  -49.327  -3.755 0.5000000000
13067  31.479  -49.687  -4.538 0.5000000000
12456  33.607  -50.310  -8.293 0.4000000060
15161  40.889  -46.224  -8.564 0.6000000238
13747  33.582  -48.654  -6.900 0.6000000238
13107  34.395  -49.743  -8.986 0.4000000060
17405  42.896  -44.134  -9.543 0.4000000060
14422  33.754  -47.833  -6.918 0.6000000238
13097  34.415  -49.037  -8.324 0.5000000000
13114  34.016  -49.439  -10.708 0.5000000000
12487  33.908  -50.099  -10.825 0.5000000000
13769  34.549  -48.804  -10.651 0.5000000000
118801  35.083  -48.081  -10.506 0.5000000000
14434  35.267  -47.702  -10.015 0.5000000000
15854  39.632  -45.252  -5.341 0.5000000000
16611  41.101  -44.077  -6.966 0.5000000000
15872  34.481  -45.745  -7.853 0.6000000238
15836  37.715  -45.414  -2.814 0.3000000119
17345  36.474  -43.013  -1.347 0.4000000060
5041  34.464  -63.411  -4.064 0.3000000119
4540  34.798  -64.256  -5.112 0.3000000119
131545  35.248  -63.555  -3.743 0.3000000119
5065  35.734  -64.234  -5.554 0.3000000119
4539  35.298  -64.338  -5.152 0.3000000119
5051  35.876  -64.289  -4.843 0.3000000119
121271  36.036  -63.681  -6.642 0.3000000119
5620  36.537  -63.634  -5.906 0.3000000119
5593  38.169  -63.094  -2.978 0.3000000119
5049  37.062  -63.533  -4.551 0.3000000119
5619  37.077  -63.098  -6.144 0.3000000119
5635  36.573  -63.410  -6.679 0.3000000119
5594  37.577  -63.120  -4.001 0.3000000119
6657  37.905  -61.142  -4.052 0.3000000119
6128  37.569  -62.008  -4.807 0.3000000119
131674  37.390  -62.254  -5.889 0.4000000060
6147  38.275  -61.522  -7.454 0.4000000060
6159  37.827  -62.097  -7.699 0.3000000119
7707  38.606  -58.325  -4.507 0.3000000119
7180  37.840  -59.939  -4.546 0.4000000060
117142  38.202  -59.976  -5.725 0.4000000060
6682  37.852  -61.524  -6.616 0.4000000060
8202  38.654  -57.979  -3.602 0.3000000119
6681  38.671  -60.880  -7.163 0.4000000060
8775  39.337  -56.538  -3.448 0.4000000060
128752  39.035  -57.171  -3.823 0.4000000060
6171  38.515  -61.479  -8.302 0.4000000060
6690  39.666  -60.333  -8.655 0.3000000119
8209  39.001  -57.585  -4.537 0.4000000060
121775  38.500  -59.036  -5.237 0.3000000119
7198  39.188  -59.514  -6.404 0.4000000060
8781  39.412  -56.692  -4.487 0.4000000060
129718  39.853  -59.228  -6.909 0.5000000000
7218  38.947  -60.199  -6.771 0.4000000060
9354  37.719  -55.679  -6.191 0.5000000000
9336  39.626  -55.791  -3.844 0.4000000060
6680  39.483  -60.347  -7.622 0.4000000060
8226  38.208  -57.013  -7.110 0.3000000119
8804  38.615  -56.596  -7.884 0.4000000060
7747  39.820  -58.548  -10.139 0.3000000119
11109  33.766  -52.358  0.347 0.4000000060
11111  32.145  -52.193  0.458 0.4000000060
120275  37.613  -52.732  -4.444 0.4000000060
11173  37.936  -52.981  -5.228 0.4000000060
10557  37.521  -53.681  -4.788 0.4000000060
8218  39.572  -57.401  -5.418 0.4000000060
7706  39.135  -58.170  -5.369 0.3000000119
7716  39.466  -58.785  -6.235 0.5000000000
10572  37.820  -53.707  -5.601 0.4000000060
9347  37.526  -55.089  -5.565 0.4000000060
8780  39.881  -55.884  -4.877 0.4000000060
8796  38.193  -56.115  -6.998 0.4000000060
7234  40.127  -59.851  -8.113 0.4000000060
9961  38.394  -54.933  -7.925 0.5000000000
122857  39.112  -56.282  -8.694 0.4000000060
8234  38.632  -57.483  -8.109 0.4000000060
7250  40.148  -58.936  -9.841 0.3000000119
8815  39.218  -57.112  -8.877 0.4000000060
11737  31.365  -51.541  -0.215 0.4000000060
11158  37.681  -52.026  -4.220 0.4000000060
8788  39.865  -56.694  -5.429 0.4000000060
8225  39.860  -58.051  -6.263 0.4000000060
9962  37.965  -54.106  -6.294 0.4000000060
120855  37.803  -54.840  -6.302 0.5000000000
8217  40.294  -57.258  -6.326 0.4000000060
7724  40.149  -58.662  -6.938 0.4000000060
134887  38.197  -54.551  -7.058 0.5000000000
8787  40.388  -56.275  -5.903 0.4000000060
9353  41.030  -55.869  -6.452 0.4000000060
8224  40.521  -58.017  -7.003 0.4000000060
8233  40.968  -57.922  -7.838 0.5000000000
7731  40.720  -58.622  -8.289 0.5000000000
10584  38.340  -53.722  -7.110 0.4000000060
9345  41.317  -55.044  -6.134 0.4000000060
7738  40.538  -58.556  -9.364 0.5000000000
9362  38.535  -55.731  -7.833 0.4000000060
7746  40.118  -58.348  -10.137 0.4000000060
8822  40.177  -57.157  -9.954 0.4000000060
8814  39.680  -56.854  -9.508 0.4000000060
11188  38.590  -52.773  -6.711 0.4000000060
11820  39.025  -52.244  -7.633 0.3000000119
8794  41.400  -56.356  -7.351 0.4000000060
8803  41.190  -57.121  -7.664 0.4000000060
10599  38.320  -53.745  -8.384 0.4000000060
12478  34.043  -50.308  -10.471 0.4000000060
9960  41.904  -54.764  -6.655 0.4000000060
9352  41.691  -55.561  -6.980 0.4000000060
8232  41.276  -57.398  -8.494 0.5000000000
8242  41.004  -57.430  -9.520 0.5000000000
10613  38.156  -53.715  -9.753 0.5000000000
9970  38.394  -54.417  -9.021 0.4000000060
9969  42.117  -55.059  -7.520 0.4000000060
133897  40.348  -57.555  -10.002 0.4000000060
9371  38.816  -55.333  -8.826 0.4000000060
130586  39.621  -55.990  -9.663 0.4000000060
139758  38.559  -53.103  -7.703 0.3000000119
9361  41.742  -55.958  -7.858 0.4000000060
8802  41.510  -56.719  -8.196 0.4000000060
11203  38.533  -52.931  -8.960 0.3000000119
9360  41.855  -55.534  -8.336 0.4000000060
125796  41.517  -55.466  -9.142 0.4000000060
8820  41.151  -56.795  -9.589 0.4000000060
8821  40.583  -56.970  -9.939 0.5000000000
10598  42.619  -54.167  -7.517 0.4000000060
9976  42.166  -54.692  -8.370 0.4000000060
127647  40.278  -55.382  -10.017 0.4000000060
117968  39.631  -55.057  -9.944 0.4000000060
9987  38.706  -54.046  -10.621 0.4000000060
11795  39.270  -50.991  -6.020 0.4000000060
130362  40.914  -55.323  -9.759 0.4000000060
6732  34.652  -59.954  -11.423 0.3000000119
131538  38.732  -61.245  -3.217 0.3000000119
134546  38.659  -58.739  -3.089 0.3000000119
8201  39.090  -57.261  -3.073 0.4000000060
9335  40.138  -55.096  -4.263 0.4000000060
9346  40.527  -55.230  -5.362 0.4000000060
9944  40.979  -53.847  -4.466 0.4000000060
119628  41.545  -54.337  -5.933 0.4000000060
10582  42.648  -53.672  -6.735 0.4000000060
11809  39.495  -51.248  -7.036 0.4000000060
11202  39.078  -52.075  -8.859 0.4000000060
11214  38.751  -52.236  -9.985 0.4000000060
10611  42.819  -53.724  -8.042 0.4000000060
9977  41.438  -54.614  -9.279 0.4000000060
9985  40.351  -54.399  -9.952 0.4000000060
10637  38.559  -53.398  -11.080 0.3000000119
10624  38.302  -53.546  -10.664 0.4000000060
10612  42.072  -53.862  -8.725 0.4000000060
125368  38.174  -55.291  -7.005 0.4000000060
12444  39.696  -50.369  -6.618 0.4000000060
4553  34.542  -64.284  -5.563 0.3000000119
120443  35.264  -64.061  -4.439 0.3000000119
5079  35.552  -64.036  -6.251 0.3000000119
6722  34.162  -60.373  -11.500 0.3000000119
6721  34.857  -60.334  -11.437 0.3000000119
5063  36.770  -63.584  -5.278 0.3000000119
139540  38.086  -62.404  -3.611 0.3000000119
5605  37.269  -63.029  -5.128 0.4000000060
6148  37.530  -62.247  -6.880 0.4000000060
6663  37.610  -60.771  -5.148 0.3000000119
7692  38.262  -59.084  -3.882 0.3000000119
6673  37.547  -61.427  -5.735 0.4000000060
8189  38.988  -58.064  -2.739 0.3000000119
9320  39.707  -55.933  -2.941 0.4000000060
7723  40.575  -58.512  -7.536 0.4000000060
7233  40.448  -59.212  -8.730 0.5000000000
8256  39.807  -58.401  -10.111 0.3000000119
9952  41.001  -54.376  -5.303 0.4000000060
9377  40.269  -56.262  -9.982 0.4000000060
9986  39.473  -54.326  -10.336 0.4000000060
13113  40.932  -48.875  -9.527 0.4000000060
14438  42.179  -47.342  -10.032 0.4000000060
124836  41.773  -47.025  -10.350 0.3000000119
13767  40.937  -48.102  -9.505 0.5000000000
12454  40.451  -49.547  -8.244 0.4000000060
13096  40.154  -49.670  -7.125 0.4000000060
14411  43.801  -47.738  -6.300 0.3000000119
14420  45.232  -47.813  -6.818 0.3000000119
15878  46.914  -46.058  -9.029 0.3000000119
15884  47.258  -45.981  -10.254 0.3000000119
140488  47.034  -45.421  -10.806 0.3000000119
15899  44.307  -44.984  -11.643 0.3000000119
15145  44.989  -47.060  -7.327 0.3000000119
15870  45.320  -45.883  -7.775 0.3000000119
16615  45.734  -45.361  -8.190 0.3000000119
14397  43.037  -47.818  -5.664 0.3000000119
15135  42.996  -47.059  -6.140 0.3000000119
15891  47.237  -45.148  -10.791 0.3000000119
16636  47.082  -44.159  -11.503 0.3000000119
15862  44.428  -46.124  -7.236 0.3000000119
17392  45.411  -44.154  -7.863 0.3000000119
16622  46.908  -44.574  -9.664 0.3000000119
16610  43.615  -44.369  -6.280 0.3000000119
16616  44.547  -44.830  -7.266 0.3000000119
17391  45.636  -43.253  -8.178 0.3000000119
122524  44.183  -43.853  -6.661 0.3000000119
17384  44.310  -43.028  -6.689 0.3000000119
123469  43.198  -45.099  -6.037 0.3000000119
17397  46.469  -43.309  -9.265 0.3000000119
18181  47.088  -42.972  -10.504 0.3000000119
18196  47.082  -42.328  -12.416 0.3000000119
17385  43.670  -43.435  -6.157 0.3000000119
17398  46.106  -44.019  -8.669 0.3000000119
138477  46.653  -41.636  -10.044 0.3000000119
18166  45.272  -42.564  -7.764 0.3000000119
18175  45.792  -42.432  -8.466 0.3000000119
18945  45.270  -41.831  -7.822 0.3000000119
18189  46.424  -41.921  -12.585 0.3000000119
18958  47.094  -42.066  -10.803 0.3000000119
18966  47.249  -41.724  -11.983 0.3000000119
18974  45.711  -41.014  -12.463 0.3000000119
19761  44.475  -41.476  -10.506 0.3000000119
19776  44.943  -40.117  -12.466 0.3000000119
19769  44.794  -40.891  -11.397 0.3000000119
19762  44.028  -40.718  -10.117 0.3000000119
15168  42.614  -46.558  -10.621 0.3000000119
14439  41.408  -47.580  -9.815 0.4000000060
136726  45.175  -45.064  -11.518 0.3000000119
17410  47.280  -43.622  -11.259 0.3000000119
128542  41.205  -48.343  -9.568 0.5000000000
15146  43.874  -46.881  -6.800 0.3000000119
16623  46.320  -44.936  -8.777 0.3000000119
15877  47.265  -46.320  -9.699 0.3000000119
15892  46.067  -45.640  -10.828 0.3000000119
15893  44.409  -45.540  -11.318 0.3000000119
15863  43.716  -45.393  -6.672 0.3000000119
17403  47.158  -43.858  -10.363 0.3000000119
136446  44.665  -43.776  -7.155 0.3000000119
18160  44.117  -42.226  -6.523 0.3000000119
18946  44.731  -41.297  -7.288 0.3000000119
17374  43.126  -43.062  -5.490 0.3000000119
18952  45.787  -41.542  -8.594 0.3000000119
11223  38.676  -52.507  -10.863 0.3000000119
11235  39.775  -51.988  -11.161 0.4000000060
136376  41.696  -51.382  -9.360 0.4000000060
11836  41.066  -51.146  -10.370 0.4000000060
11837  39.323  -51.719  -10.760 0.3000000119
11835  41.508  -50.648  -9.602 0.4000000060
12463  42.284  -50.210  -8.756 0.3000000119
11847  39.953  -51.160  -10.904 0.4000000060
12475  40.691  -50.668  -10.375 0.4000000060
13105  42.517  -49.249  -8.716 0.3000000119
12476  39.841  -50.934  -10.356 0.3000000119
132614  40.314  -50.759  -10.486 0.4000000060
12474  41.355  -49.735  -9.567 0.4000000060
123347  40.403  -50.369  -9.838 0.3000000119
122325  40.787  -49.980  -9.762 0.4000000060
13111  41.609  -48.742  -9.384 0.4000000060
12465  39.976  -50.779  -9.200 0.3000000119
12464  40.378  -50.120  -8.906 0.3000000119
12455  40.083  -50.490  -7.834 0.3000000119
11819  39.548  -51.390  -8.300 0.3000000119
13112  41.051  -49.053  -9.577 0.4000000060
11845  40.414  -51.096  -10.792 0.4000000060
8188  39.512  -57.423  -2.337 0.3000000119
10623  40.217  -53.341  -10.509 0.3000000119
128824  42.665  -58.434  -1.706 0.3000000119
123969  41.316  -58.128  -1.674 0.3000000119
8187  40.308  -57.241  -1.805 0.3000000119
8767  39.456  -56.685  -2.809 0.3000000119
11222  40.124  -52.468  -10.964 0.3000000119
10622  41.077  -53.670  -9.499 0.3000000119
127504  44.238  -56.919  -1.547 0.3000000119
8757  41.580  -56.232  -1.681 0.3000000119
8756  43.088  -56.655  -1.655 0.3000000119
135079  40.797  -55.055  -2.430 0.3000000119
9328  40.146  -55.203  -3.387 0.3000000119
11828  41.363  -51.971  -9.726 0.3000000119
9291  45.702  -55.467  -0.841 0.3000000119
9306  44.124  -55.851  -1.643 0.3000000119
125676  45.107  -56.116  -1.326 0.3000000119
9308  41.444  -55.257  -1.966 0.3000000119
9307  42.591  -55.614  -1.721 0.3000000119
9929  40.596  -54.697  -2.956 0.3000000119
9305  45.252  -55.229  -1.408 0.3000000119
127901  44.361  -54.937  -1.641 0.3000000119
9928  41.363  -54.472  -2.455 0.3000000119
9916  43.246  -54.906  -1.750 0.3000000119
10545  41.307  -53.535  -3.608 0.3000000119
10570  41.535  -53.637  -5.330 0.3000000119
11187  42.970  -52.841  -6.376 0.3000000119
133428  45.858  -54.800  -0.965 0.3000000119
9936  40.994  -54.077  -3.084 0.3000000119
10533  42.353  -53.293  -2.663 0.3000000119
119389  41.582  -53.168  -4.413 0.3000000119
11827  42.315  -52.150  -8.649 0.3000000119
10517  45.920  -53.479  -1.012 0.3000000119
10497  45.896  -53.365  -0.972 0.3000000119
10519  44.666  -53.631  -1.785 0.3000000119
9927  42.478  -54.041  -2.220 0.3000000119
11144  41.847  -52.875  -3.771 0.3000000119
11171  42.600  -52.506  -5.392 0.3000000119
10581  43.267  -53.273  -7.321 0.3000000119
129096  43.240  -52.530  -8.075 0.3000000119
122769  42.389  -51.158  -8.711 0.3000000119
135596  39.590  -53.706  -10.700 0.3000000119
10531  44.840  -52.864  -1.892 0.3000000119
11136  42.774  -52.682  -2.863 0.3000000119
11156  42.308  -52.462  -4.379 0.3000000119
11186  43.824  -52.539  -6.831 0.3000000119
8758  40.519  -56.386  -1.904 0.3000000119
8174  42.213  -57.370  -1.637 0.3000000119
8175  41.093  -57.017  -1.614 0.3000000119
4541  34.250  -64.129  -5.189 0.3000000119
5050  36.507  -63.974  -4.506 0.3000000119
5052  34.352  -63.915  -4.768 0.3000000119
5064  36.272  -64.018  -5.378 0.3000000119
5078  36.132  -63.888  -6.056 0.3000000119
5582  34.759  -62.782  -3.359 0.3000000119
5650  37.221  -62.813  -7.176 0.4000000060
6202  35.465  -60.926  -11.234 0.3000000119
6672  37.996  -60.748  -6.208 0.4000000060
6691  39.078  -60.948  -7.987 0.4000000060
6733  34.222  -59.975  -11.564 0.3000000119
6734  33.592  -59.799  -11.706 0.3000000119
7165  38.174  -60.174  -3.714 0.3000000119
7216  40.336  -59.199  -7.634 0.4000000060
7217  39.763  -59.756  -7.256 0.5000000000
7748  39.528  -59.000  -10.121 0.3000000119
8210  37.237  -56.812  -4.954 0.6000000238
8243  40.958  -58.035  -8.909 0.5000000000
8244  39.854  -57.637  -9.929 0.4000000060
8254  40.468  -57.971  -9.890 0.4000000060
8255  40.083  -57.998  -10.189 0.3000000119
8754  45.488  -56.148  -1.003 0.3000000119
8766  39.844  -56.540  -2.333 0.3000000119
8776  36.657  -56.445  -3.663 0.5000000000
8795  40.885  -56.743  -6.830 0.4000000060
8813  41.424  -56.963  -8.971 0.5000000000
9304  45.694  -55.344  -1.057 0.3000000119
9309  40.690  -55.649  -2.101 0.3000000119
9319  40.283  -55.387  -2.717 0.4000000060
9338  37.032  -55.796  -4.243 0.6000000238
9370  41.534  -56.270  -8.885 0.4000000060
9376  40.903  -56.168  -9.838 0.5000000000
9378  38.912  -54.736  -9.789 0.4000000060
9877  45.695  -54.857  -0.681 0.3000000119
9898  45.948  -54.133  -0.967 0.3000000119
9899  45.683  -54.021  -0.715 0.3000000119
9914  45.853  -54.425  -1.106 0.3000000119
9915  45.150  -54.363  -1.560 0.3000000119
9917  42.178  -54.825  -1.923 0.3000000119
9926  43.868  -54.183  -1.851 0.3000000119
9937  40.589  -54.357  -3.727 0.3000000119
9953  40.567  -54.516  -4.594 0.4000000060
9954  37.641  -54.347  -5.582 0.4000000060
9959  42.360  -54.388  -6.972 0.4000000060
9978  38.308  -54.050  -10.151 0.4000000060
9994  38.959  -53.563  -11.086 0.3000000119
10498  45.264  -53.318  -0.614 0.3000000119
10518  45.584  -53.591  -1.397 0.3000000119
10532  43.430  -53.234  -2.321 0.3000000119
10534  41.643  -53.675  -2.812 0.3000000119
10535  36.476  -53.317  -2.510 0.4000000060
10544  41.978  -53.031  -3.157 0.3000000119
10556  41.956  -52.926  -5.066 0.3000000119
10569  42.263  -53.240  -5.849 0.3000000119
10583  41.993  -53.960  -6.280 0.4000000060
10635  39.425  -52.922  -11.210 0.3000000119
10636  38.787  -53.080  -11.314 0.3000000119
11108  34.438  -52.253  -0.068 0.5000000000
11143  42.477  -52.458  -3.512 0.3000000119
11212  42.736  -53.117  -8.355 0.3000000119
11213  41.722  -52.937  -9.067 0.3000000119
11215  38.268  -53.032  -10.385 0.4000000060
11221  40.831  -52.684  -10.137 0.3000000119
11224  38.471  -53.035  -11.110 0.3000000119
11234  40.487  -51.683  -10.788 0.3000000119
11236  39.104  -52.438  -11.187 0.3000000119
11725  32.557  -51.551  0.364 0.5000000000
11779  38.461  -51.140  -4.736 0.6999999881
11829  39.373  -51.454  -9.659 0.4000000060
11838  33.461  -51.030  -10.030 0.4000000060
11846  40.072  -51.309  -11.018 0.4000000060
12374  32.219  -50.798  0.177 0.5000000000
12477  34.575  -49.920  -9.907 0.5000000000
12485  40.251  -51.001  -10.830 0.4000000060
13013  32.357  -49.468  -0.154 0.6999999881
13087  33.438  -49.424  -6.999 0.4000000060
13106  40.689  -49.509  -9.365 0.3000000119
13117  34.361  -49.465  -10.625 0.5000000000
13118  33.723  -49.954  -10.897 0.5000000000
13766  41.839  -47.970  -9.534 0.4000000060
13768  34.870  -48.675  -10.578 0.4000000060
14425  40.432  -47.427  -7.355 0.5000000000
14440  40.922  -47.453  -9.518 0.6000000238
14444  34.735  -46.690  -10.428 0.4000000060
15170  40.925  -46.884  -9.385 0.4000000060
15174  46.810  -46.498  -10.178 0.3000000119
15175  45.203  -46.204  -10.513 0.3000000119
15851  43.144  -46.044  -6.309 0.3000000119
15866  33.862  -45.377  -6.914 0.6000000238
16570  36.611  -44.899  -1.523 0.5000000000
16579  37.004  -44.307  -1.934 0.5000000000
16593  39.274  -44.748  -4.752 0.5000000000
16628  47.279  -44.568  -10.710 0.3000000119
16637  46.396  -44.869  -11.359 0.3000000119
16638  44.665  -44.358  -11.657 0.4000000060
16640  42.903  -45.478  -11.169 0.4000000060
17364  31.790  -43.683  -3.782 0.6999999881
17393  41.627  -43.583  -7.341 0.5000000000
17399  43.336  -42.733  -8.936 0.4000000060
17418  47.197  -43.239  -12.070 0.4000000060
18167  44.683  -42.232  -7.161 0.3000000119
18174  46.498  -42.156  -9.496 0.3000000119
18188  47.306  -42.711  -11.732 0.3000000119
18972  46.810  -41.232  -12.547 0.3000000119
118724  34.888  -48.068  -10.643 0.5000000000
119240  31.820  -50.052  -0.148 0.6000000238
120302  43.079  -49.939  -8.108 0.3000000119
120434  43.641  -42.592  -6.079 0.3000000119
120809  33.063  -44.757  -5.663 0.8000000119
121276  39.714  -51.675  -11.051 0.4000000060
122229  43.256  -43.796  -5.703 0.3000000119
122523  44.965  -43.151  -7.443 0.3000000119
122704  36.017  -64.209  -4.136 0.3000000119
123080  34.829  -49.103  -9.413 0.5000000000
124425  33.349  -50.363  -10.931 0.5000000000
124908  38.801  -47.055  -4.198 0.6000000238
125734  47.310  -45.532  -10.179 0.3000000119
127843  47.104  -45.620  -9.537 0.3000000119
128793  40.121  -55.933  -2.389 0.3000000119
128845  40.805  -57.439  -7.162 0.4000000060
129754  32.946  -43.057  -0.411 0.6000000238
133874  31.750  -46.266  -1.553 0.6000000238
134378  38.306  -54.311  -7.871 0.5000000000
134720  33.122  -42.842  -6.312 0.6000000238
136556  38.460  -45.739  -3.770 0.4000000060
138208  38.456  -61.923  -3.422 0.3000000119
139028  43.701  -46.095  -6.789 0.3000000119
140136  34.964  -64.355  -5.352 0.3000000119
141031  39.513  -49.544  -5.578 0.6000000238
