#!ascii label  , from subject sub-v1s19x0051294_ses-1 vox2ras=TkReg
2201
99966  -36.976  21.559  20.867 0.0000000000
97191  -57.744  19.507  10.700 0.0000000000
106330  -47.918  29.348  25.048 0.0000000000
96187  -49.811  17.221  18.815 0.0000000000
96075  -48.298  17.639  28.369 0.0000000000
101670  -44.906  23.723  10.649 0.0000000000
136553  -50.935  27.556  11.363 0.0000000000
136930  -42.965  32.321  10.779 0.0000000000
93217  -40.621  15.056  31.769 0.0000000000
139572  -42.695  16.985  18.247 0.0000000000
97161  -46.956  18.588  13.700 0.0000000000
100842  -43.603  22.691  17.864 0.0000000000
164062  -53.762  33.208  26.142 0.0000000000
104705  -53.957  27.790  18.840 0.0000000000
106388  -50.967  29.733  19.216 0.0000000000
104773  -45.065  27.472  14.008 0.0000000000
108793  -47.527  32.915  15.885 0.0000000000
98131  -52.964  19.787  5.807 0.0000000000
152586  -39.386  22.507  27.832 0.0000000000
103133  -42.143  26.020  22.852 0.0000000000
101584  -54.185  23.406  23.833 0.0000000000
97044  -47.725  19.221  23.521 0.0000000000
95221  -42.473  16.823  23.089 0.0000000000
140364  -41.571  13.592  27.239 0.0000000000
138268  -50.767  20.499  9.087 0.0000000000
100084  -47.472  21.306  3.226 0.0000000000
147713  -47.929  26.028  18.556 0.0000000000
103234  -50.464  25.806  10.646 0.0000000000
104074  -49.157  26.299  1.160 0.0000000000
104859  -45.524  27.485  6.294 0.0000000000
154178  -40.487  28.573  7.420 0.0000000000
97991  -39.569  19.868  18.812 0.0000000000
98008  -42.699  19.563  17.087 0.0000000000
158055  -39.666  23.279  18.951 0.0000000000
111858  -53.672  36.186  23.739 0.0000000000
107988  -53.382  31.633  22.042 0.0000000000
139948  -49.989  33.758  21.144 0.0000000000
108767  -47.705  31.885  19.256 0.0000000000
98123  -55.848  20.917  7.320 0.0000000000
103851  -36.660  27.017  27.648 0.0000000000
103855  -40.500  26.162  27.649 0.0000000000
148630  -47.196  18.329  25.554 0.0000000000
96148  -44.407  18.182  23.095 0.0000000000
94315  -45.282  15.804  25.018 0.0000000000
93256  -40.937  14.941  29.687 0.0000000000
94298  -35.126  15.087  24.937 0.0000000000
97011  -34.391  18.708  26.287 0.0000000000
96102  -32.243  17.082  26.298 0.0000000000
97118  -52.522  18.512  16.717 0.0000000000
99050  -44.401  20.796  11.478 0.0000000000
99054  -48.650  20.166  11.451 0.0000000000
138165  -47.124  20.400  8.955 0.0000000000
99132  -49.854  20.444  6.287 0.0000000000
100908  -46.086  22.789  7.073 0.0000000000
104663  -45.358  27.760  24.349 0.0000000000
104688  -44.637  27.958  20.372 0.0000000000
105538  -47.400  29.060  21.307 0.0000000000
104745  -54.658  27.877  14.569 0.0000000000
103203  -52.370  25.935  14.116 0.0000000000
156459  -54.061  27.022  10.457 0.0000000000
103276  -50.688  26.447  5.326 0.0000000000
153123  -51.155  27.564  6.391 0.0000000000
104889  -47.181  27.185  3.766 0.0000000000
136478  -48.330  27.491  9.351 0.0000000000
107243  -42.032  30.158  13.768 0.0000000000
104796  -41.907  27.822  11.374 0.0000000000
162410  -40.466  30.830  9.946 0.0000000000
107293  -39.314  30.287  5.920 0.0000000000
139076  -41.056  31.456  5.586 0.0000000000
153410  -46.726  16.441  18.288 0.0000000000
96214  -48.495  17.539  16.316 0.0000000000
96211  -44.752  17.406  15.851 0.0000000000
98032  -43.575  19.640  14.526 0.0000000000
100862  -44.209  22.961  14.027 0.0000000000
107138  -51.514  31.225  26.288 0.0000000000
106380  -50.769  29.367  21.426 0.0000000000
106354  -54.180  30.184  22.275 0.0000000000
106403  -55.097  29.521  18.441 0.0000000000
104730  -50.996  27.924  15.782 0.0000000000
136570  -47.675  27.362  13.568 0.0000000000
105598  -48.022  28.242  16.835 0.0000000000
107224  -44.832  30.444  16.380 0.0000000000
108815  -44.819  32.296  13.353 0.0000000000
97257  -50.379  19.141  3.704 0.0000000000
100792  -38.497  22.038  24.318 0.0000000000
102386  -39.206  24.288  22.262 0.0000000000
162217  -41.609  23.414  26.035 0.0000000000
103108  -43.413  25.383  27.622 0.0000000000
104616  -45.470  27.956  28.274 0.0000000000
106318  -44.453  29.915  25.932 0.0000000000
107107  -48.166  30.520  28.414 0.0000000000
97965  -52.183  19.820  22.234 0.0000000000
98933  -50.482  20.777  23.727 0.0000000000
96169  -49.205  17.280  21.341 0.0000000000
95243  -45.954  16.515  20.950 0.0000000000
96176  -42.023  17.425  20.732 0.0000000000
96056  -46.507  18.433  30.587 0.0000000000
94210  -43.983  16.681  32.278 0.0000000000
95146  -44.190  16.807  30.125 0.0000000000
157022  -45.458  14.986  27.648 0.0000000000
92338  -42.293  13.807  24.678 0.0000000000
97948  -36.593  19.352  22.673 0.0000000000
99044  -56.944  20.689  12.646 0.0000000000
158027  -50.348  19.153  13.821 0.0000000000
99040  -52.413  20.252  12.150 0.0000000000
99091  -55.411  21.257  9.303 0.0000000000
100069  -53.125  21.380  6.083 0.0000000000
100095  -51.942  21.244  2.686 0.0000000000
99195  -49.409  21.015  0.607 0.0000000000
103152  -41.571  25.803  19.466 0.0000000000
151136  -45.500  24.195  18.143 0.0000000000
102444  -46.880  24.280  14.219 0.0000000000
103930  -50.602  26.527  18.300 0.0000000000
103188  -49.788  25.212  14.720 0.0000000000
103231  -47.541  25.337  10.281 0.0000000000
102493  -48.280  24.900  6.217 0.0000000000
101716  -48.110  23.350  1.362 0.0000000000
100117  -46.618  22.056  -0.657 0.0000000000
136550  -45.094  27.321  10.827 0.0000000000
104842  -43.590  27.551  7.281 0.0000000000
104034  -41.805  26.858  5.077 0.0000000000
104854  -40.312  27.409  4.999 0.0000000000
105686  -37.485  28.590  5.466 0.0000000000
98974  -38.381  20.898  19.450 0.0000000000
99977  -39.394  21.547  18.752 0.0000000000
100835  -38.388  22.404  19.492 0.0000000000
111101  -51.813  35.011  22.439 0.0000000000
110375  -50.320  34.626  19.653 0.0000000000
98104  -56.577  20.057  8.867 0.0000000000
96105  -48.144  18.029  26.692 0.0000000000
95198  -46.385  16.957  25.299 0.0000000000
95185  -47.069  16.121  26.420 0.0000000000
93294  -34.306  14.312  25.760 0.0000000000
95195  -33.330  16.313  25.443 0.0000000000
97086  -51.798  18.124  19.713 0.0000000000
159858  -50.975  17.992  17.477 0.0000000000
100887  -44.247  22.045  10.472 0.0000000000
139932  -45.695  20.722  9.762 0.0000000000
100038  -45.034  21.652  8.937 0.0000000000
99117  -46.172  20.819  7.357 0.0000000000
101680  -45.368  22.973  8.521 0.0000000000
105498  -46.599  28.608  24.474 0.0000000000
105510  -46.313  28.804  22.978 0.0000000000
106350  -47.662  29.434  22.714 0.0000000000
139772  -52.544  27.610  13.292 0.0000000000
104789  -54.860  27.077  11.761 0.0000000000
104810  -53.020  27.484  10.027 0.0000000000
104833  -52.881  27.264  8.074 0.0000000000
136536  -51.697  27.564  9.227 0.0000000000
143169  -49.031  27.550  7.656 0.0000000000
136538  -49.340  27.521  10.398 0.0000000000
108047  -42.306  31.353  12.558 0.0000000000
107259  -40.993  30.259  11.850 0.0000000000
108852  -41.605  31.732  10.225 0.0000000000
108082  -40.986  31.565  7.654 0.0000000000
162784  -42.401  32.256  7.984 0.0000000000
96194  -44.456  16.389  18.478 0.0000000000
96202  -45.270  16.702  16.895 0.0000000000
96200  -43.627  17.200  16.938 0.0000000000
99983  -42.847  21.217  17.466 0.0000000000
151678  -43.336  19.881  15.999 0.0000000000
99987  -43.886  21.256  16.825 0.0000000000
100003  -43.559  21.519  14.285 0.0000000000
99993  -44.340  21.996  15.970 0.0000000000
107935  -53.116  32.070  26.307 0.0000000000
147820  -53.087  30.835  23.653 0.0000000000
107958  -54.399  31.889  24.678 0.0000000000
107193  -52.103  30.669  20.532 0.0000000000
162120  -55.032  30.886  20.715 0.0000000000
158749  -52.842  29.694  18.922 0.0000000000
106418  -53.086  28.997  17.604 0.0000000000
105575  -51.134  29.052  18.129 0.0000000000
105599  -49.674  28.231  16.812 0.0000000000
105573  -49.315  29.259  18.304 0.0000000000
108779  -47.540  32.785  17.405 0.0000000000
108004  -46.538  31.136  18.103 0.0000000000
108784  -46.379  32.240  16.267 0.0000000000
108030  -44.426  31.388  15.150 0.0000000000
108802  -45.822  32.353  14.479 0.0000000000
98140  -51.408  19.443  4.414 0.0000000000
99920  -39.758  21.161  27.352 0.0000000000
100794  -39.772  22.904  24.573 0.0000000000
100757  -40.927  22.277  28.107 0.0000000000
104614  -40.788  27.453  28.193 0.0000000000
149996  -42.471  25.098  27.984 0.0000000000
103843  -42.845  26.812  28.373 0.0000000000
103845  -44.496  26.696  28.019 0.0000000000
105447  -43.767  28.394  28.619 0.0000000000
107153  -44.193  30.695  23.293 0.0000000000
107121  -45.785  30.336  26.921 0.0000000000
107929  -47.174  31.222  25.348 0.0000000000
107932  -49.639  31.870  26.967 0.0000000000
108716  -48.543  32.548  24.598 0.0000000000
99960  -54.023  21.247  21.935 0.0000000000
99940  -52.784  21.365  23.021 0.0000000000
98923  -49.825  21.261  24.415 0.0000000000
97951  -49.156  19.864  23.582 0.0000000000
142266  -50.148  18.541  22.339 0.0000000000
96152  -48.369  17.873  22.392 0.0000000000
95244  -46.947  16.619  21.097 0.0000000000
96150  -46.791  17.777  22.460 0.0000000000
95222  -43.131  17.325  23.266 0.0000000000
96164  -43.537  17.735  22.138 0.0000000000
96145  -41.816  17.730  22.177 0.0000000000
94221  -42.143  15.790  32.010 0.0000000000
94253  -42.092  15.843  30.176 0.0000000000
93267  -43.114  14.642  28.371 0.0000000000
94256  -44.791  16.068  29.227 0.0000000000
93281  -43.518  14.229  27.523 0.0000000000
92305  -43.993  13.983  25.883 0.0000000000
162387  -41.968  13.429  25.845 0.0000000000
97938  -36.945  19.633  24.313 0.0000000000
97937  -36.570  19.035  24.647 0.0000000000
99015  -57.680  20.398  13.913 0.0000000000
97148  -47.673  18.019  14.826 0.0000000000
97131  -49.517  18.271  15.321 0.0000000000
98054  -48.401  19.043  13.354 0.0000000000
149577  -49.379  20.482  10.071 0.0000000000
140437  -50.273  20.317  11.348 0.0000000000
99072  -51.637  20.456  10.683 0.0000000000
99074  -53.574  20.570  10.713 0.0000000000
99088  -52.747  20.653  9.003 0.0000000000
100047  -54.475  21.415  7.181 0.0000000000
99121  -51.688  20.734  7.370 0.0000000000
99148  -48.312  20.253  5.071 0.0000000000
154400  -50.270  20.823  4.435 0.0000000000
99158  -49.068  20.779  3.071 0.0000000000
99185  -51.224  20.994  1.951 0.0000000000
99170  -48.321  21.389  1.734 0.0000000000
103132  -40.798  25.381  22.428 0.0000000000
154521  -40.328  25.395  20.282 0.0000000000
103896  -41.502  26.380  21.153 0.0000000000
103915  -46.435  27.097  19.080 0.0000000000
103926  -45.123  26.095  18.643 0.0000000000
159708  -47.318  24.796  17.939 0.0000000000
101628  -46.802  23.522  16.388 0.0000000000
102420  -48.005  24.282  16.465 0.0000000000
105549  -52.780  28.557  20.256 0.0000000000
105561  -51.126  28.041  19.787 0.0000000000
104715  -51.978  27.181  18.592 0.0000000000
103213  -51.700  25.902  12.575 0.0000000000
103201  -51.313  25.632  13.989 0.0000000000
103224  -50.222  25.655  11.675 0.0000000000
103210  -48.794  25.359  12.496 0.0000000000
103233  -49.233  25.578  10.550 0.0000000000
103249  -47.769  25.240  8.487 0.0000000000
138977  -48.923  25.465  7.567 0.0000000000
103285  -50.191  26.752  3.779 0.0000000000
102506  -48.939  25.393  3.649 0.0000000000
102522  -49.158  25.476  1.100 0.0000000000
101723  -48.366  23.633  -0.144 0.0000000000
102532  -47.936  24.482  -0.388 0.0000000000
100956  -45.946  22.573  -0.319 0.0000000000
102526  -47.598  24.764  0.211 0.0000000000
104882  -46.164  27.089  4.164 0.0000000000
103291  -46.433  25.813  3.572 0.0000000000
136571  -46.776  27.385  14.049 0.0000000000
136557  -46.841  27.272  11.903 0.0000000000
136567  -45.547  27.277  12.671 0.0000000000
105665  -41.164  28.194  9.878 0.0000000000
104817  -42.717  27.600  9.685 0.0000000000
104826  -41.939  27.820  8.136 0.0000000000
144265  -42.504  27.598  5.872 0.0000000000
105690  -41.598  27.867  5.540 0.0000000000
104033  -41.042  26.970  5.288 0.0000000000
105689  -40.981  28.083  4.703 0.0000000000
107305  -39.174  30.678  2.364 0.0000000000
106497  -38.395  28.914  3.856 0.0000000000
107303  -37.668  30.334  3.736 0.0000000000
106486  -36.554  29.928  5.295 0.0000000000
137791  -41.253  17.953  18.514 0.0000000000
97104  -42.358  18.354  17.354 0.0000000000
97993  -41.012  19.596  17.961 0.0000000000
99979  -40.956  21.475  18.115 0.0000000000
159971  -42.108  22.905  18.224 0.0000000000
108730  -54.536  32.683  24.483 0.0000000000
109520  -53.084  34.234  23.646 0.0000000000
108761  -51.421  32.338  22.114 0.0000000000
107995  -50.354  31.365  20.882 0.0000000000
107190  -49.077  31.086  20.084 0.0000000000
109557  -48.803  32.813  20.111 0.0000000000
109565  -48.497  33.384  18.271 0.0000000000
98133  -54.676  20.779  6.276 0.0000000000
102356  -37.817  24.462  26.700 0.0000000000
102341  -39.941  23.461  27.686 0.0000000000
103853  -38.343  26.761  27.594 0.0000000000
97031  -46.700  19.226  24.488 0.0000000000
97042  -45.706  18.626  23.579 0.0000000000
96123  -45.498  18.315  24.231 0.0000000000
95208  -44.444  17.094  24.100 0.0000000000
94331  -43.457  16.358  23.732 0.0000000000
94236  -40.437  15.519  31.164 0.0000000000
92285  -39.524  13.523  27.747 0.0000000000
95206  -35.334  16.561  24.485 0.0000000000
96112  -34.978  17.830  24.943 0.0000000000
152104  -34.276  16.928  24.953 0.0000000000
96103  -33.371  17.740  25.958 0.0000000000
98068  -45.548  19.602  12.418 0.0000000000
98070  -47.345  19.457  12.570 0.0000000000
99052  -46.374  20.316  11.123 0.0000000000
99086  -48.420  20.449  10.095 0.0000000000
137850  -48.930  20.433  9.283 0.0000000000
136860  -49.978  20.427  7.941 0.0000000000
136579  -47.881  20.115  7.624 0.0000000000
99130  -47.120  20.390  6.122 0.0000000000
99146  -46.689  20.994  5.008 0.0000000000
104661  -43.816  26.971  23.589 0.0000000000
104682  -43.341  27.520  21.435 0.0000000000
105509  -44.965  28.147  22.744 0.0000000000
144787  -46.056  28.536  20.828 0.0000000000
104699  -47.961  27.578  19.491 0.0000000000
104731  -55.530  27.947  16.161 0.0000000000
158670  -53.639  26.595  16.587 0.0000000000
103956  -55.026  26.853  14.283 0.0000000000
103971  -53.899  26.565  12.182 0.0000000000
136887  -53.007  26.607  9.998 0.0000000000
103252  -51.321  26.345  7.638 0.0000000000
104014  -52.544  26.889  7.465 0.0000000000
104038  -52.052  27.031  5.723 0.0000000000
104885  -50.150  27.258  4.097 0.0000000000
104068  -48.687  26.777  1.811 0.0000000000
104876  -48.994  27.511  4.803 0.0000000000
104861  -48.080  27.514  5.842 0.0000000000
137887  -46.994  27.482  8.078 0.0000000000
105621  -42.824  28.532  14.485 0.0000000000
104785  -43.799  27.402  12.841 0.0000000000
105633  -41.791  28.639  13.298 0.0000000000
105650  -40.757  28.842  11.294 0.0000000000
106473  -40.079  29.227  9.488 0.0000000000
106488  -39.402  29.531  6.447 0.0000000000
108080  -39.774  30.695  7.539 0.0000000000
141676  -40.070  31.155  5.574 0.0000000000
108108  -41.221  31.343  2.563 0.0000000000
95277  -48.444  16.788  18.451 0.0000000000
96206  -49.446  17.548  17.227 0.0000000000
157569  -47.621  16.847  17.425 0.0000000000
96212  -46.771  17.289  16.074 0.0000000000
96240  -45.806  17.880  14.721 0.0000000000
97115  -43.369  18.639  16.010 0.0000000000
97129  -44.251  18.304  14.805 0.0000000000
97159  -44.925  18.776  13.630 0.0000000000
99025  -43.843  20.168  12.946 0.0000000000
100875  -43.574  22.126  12.648 0.0000000000
101658  -44.298  23.418  12.479 0.0000000000
106321  -49.505  30.209  25.319 0.0000000000
106340  -48.853  29.879  23.630 0.0000000000
107155  -50.543  30.437  23.768 0.0000000000
106353  -52.420  29.959  22.266 0.0000000000
106383  -55.126  29.437  20.682 0.0000000000
107969  -55.657  31.153  22.580 0.0000000000
155839  -56.337  30.083  20.606 0.0000000000
105577  -55.923  28.825  18.334 0.0000000000
105591  -55.321  28.559  17.117 0.0000000000
104744  -52.963  27.849  14.791 0.0000000000
104761  -51.107  27.541  13.565 0.0000000000
136563  -49.555  27.483  12.491 0.0000000000
104760  -49.759  27.488  14.315 0.0000000000
155745  -48.234  27.481  14.831 0.0000000000
156799  -46.261  27.651  15.322 0.0000000000
106398  -47.814  29.734  18.330 0.0000000000
106429  -46.014  29.192  17.018 0.0000000000
105607  -44.529  28.650  15.739 0.0000000000
106431  -43.658  29.695  15.505 0.0000000000
108039  -43.388  31.467  13.695 0.0000000000
108828  -43.690  32.240  12.272 0.0000000000
100802  -37.497  22.136  22.901 0.0000000000
101603  -38.168  23.602  21.226 0.0000000000
100804  -38.841  23.174  23.416 0.0000000000
101583  -40.274  23.939  23.847 0.0000000000
103123  -42.118  24.976  24.344 0.0000000000
102343  -41.835  23.435  27.968 0.0000000000
102358  -42.467  23.858  26.820 0.0000000000
103125  -43.270  25.589  25.114 0.0000000000
147353  -44.142  26.365  25.380 0.0000000000
104626  -45.687  27.543  26.746 0.0000000000
157033  -46.938  28.493  26.651 0.0000000000
106302  -42.950  29.523  27.291 0.0000000000
106286  -44.870  29.759  28.077 0.0000000000
145766  -46.791  29.582  28.551 0.0000000000
106306  -48.110  29.364  27.114 0.0000000000
107109  -50.172  30.898  28.255 0.0000000000
108689  -51.375  31.870  27.544 0.0000000000
109484  -51.613  33.290  25.894 0.0000000000
97980  -52.848  19.246  20.754 0.0000000000
97077  -51.625  18.296  20.567 0.0000000000
100796  -51.425  22.593  24.848 0.0000000000
146902  -52.118  21.577  23.569 0.0000000000
98948  -51.727  20.261  22.832 0.0000000000
97066  -50.588  18.189  21.619 0.0000000000
160332  -49.547  17.124  20.419 0.0000000000
142129  -48.156  16.552  20.033 0.0000000000
95266  -46.355  16.314  19.566 0.0000000000
153094  -44.595  16.290  19.361 0.0000000000
150021  -44.419  17.594  22.119 0.0000000000
158818  -43.850  16.625  20.609 0.0000000000
159436  -42.213  16.904  19.358 0.0000000000
96184  -40.765  17.932  19.230 0.0000000000
146500  -44.920  17.594  32.416 0.0000000000
95134  -41.943  16.477  30.953 0.0000000000
95135  -43.165  17.302  31.167 0.0000000000
96047  -44.525  18.872  31.936 0.0000000000
95137  -45.377  17.643  30.350 0.0000000000
146083  -46.108  16.901  29.550 0.0000000000
95159  -47.443  16.393  27.968 0.0000000000
94287  -46.106  15.157  26.350 0.0000000000
93331  -44.269  14.875  24.810 0.0000000000
93347  -42.148  14.784  23.614 0.0000000000
98958  -36.716  20.777  21.355 0.0000000000
99937  -37.265  21.297  23.386 0.0000000000
98912  -38.227  20.578  25.495 0.0000000000
98890  -38.435  20.751  28.013 0.0000000000
100772  -37.323  22.789  27.020 0.0000000000
98042  -59.065  20.112  14.185 0.0000000000
99029  -58.732  20.282  12.907 0.0000000000
99060  -58.310  20.757  11.277 0.0000000000
97116  -49.896  18.093  16.060 0.0000000000
97133  -51.165  18.611  15.457 0.0000000000
98072  -49.539  19.594  12.687 0.0000000000
98074  -51.127  19.776  12.819 0.0000000000
98059  -53.633  19.909  13.295 0.0000000000
99058  -54.557  20.532  11.745 0.0000000000
99077  -56.537  21.165  10.825 0.0000000000
100032  -57.747  21.161  9.728 0.0000000000
100050  -56.108  21.270  7.795 0.0000000000
99138  -55.055  21.487  6.870 0.0000000000
99151  -53.691  21.196  5.074 0.0000000000
99134  -51.534  21.101  5.618 0.0000000000
138237  -52.935  21.367  4.239 0.0000000000
98153  -52.717  20.630  4.001 0.0000000000
98161  -51.780  20.542  2.819 0.0000000000
98171  -49.988  19.673  1.896 0.0000000000
98170  -48.558  19.397  1.607 0.0000000000
102405  -39.073  24.294  20.046 0.0000000000
102406  -40.470  24.611  19.197 0.0000000000
102411  -42.227  24.726  18.599 0.0000000000
104695  -43.013  26.876  19.604 0.0000000000
103157  -43.819  25.381  18.568 0.0000000000
101619  -44.968  23.536  17.973 0.0000000000
100850  -45.565  22.681  16.755 0.0000000000
101645  -45.763  23.495  14.869 0.0000000000
158228  -45.681  24.533  11.995 0.0000000000
106378  -49.062  29.187  21.183 0.0000000000
105559  -49.328  28.128  19.937 0.0000000000
103162  -49.380  25.975  18.160 0.0000000000
103170  -51.670  25.965  16.663 0.0000000000
103169  -50.853  25.616  16.510 0.0000000000
102421  -49.324  24.867  16.154 0.0000000000
102436  -48.477  24.708  14.636 0.0000000000
102460  -47.003  25.108  11.707 0.0000000000
102466  -46.126  24.738  10.417 0.0000000000
142314  -46.261  24.205  8.623 0.0000000000
100922  -46.898  22.773  4.966 0.0000000000
142298  -49.426  25.531  5.968 0.0000000000
102505  -48.127  24.490  4.558 0.0000000000
100093  -47.066  21.962  3.226 0.0000000000
100100  -48.237  21.842  0.792 0.0000000000
99202  -48.448  20.908  -0.202 0.0000000000
102519  -46.395  24.289  2.003 0.0000000000
136546  -48.536  27.476  10.846 0.0000000000
160494  -46.956  27.450  9.581 0.0000000000
137844  -46.126  27.493  8.213 0.0000000000
136551  -44.257  27.340  11.416 0.0000000000
154359  -44.221  27.482  9.182 0.0000000000
144059  -44.752  27.501  6.514 0.0000000000
104871  -43.675  27.028  4.548 0.0000000000
103266  -43.024  25.595  6.449 0.0000000000
103257  -42.445  25.298  7.385 0.0000000000
106494  -39.362  28.277  3.811 0.0000000000
105693  -39.019  27.954  3.835 0.0000000000
108869  -44.555  32.670  9.590 0.0000000000
108882  -43.925  32.615  8.096 0.0000000000
108913  -43.585  31.944  4.805 0.0000000000
108117  -43.231  31.811  2.049 0.0000000000
108932  -40.927  32.108  1.520 0.0000000000
99972  -37.483  21.601  20.169 0.0000000000
99973  -38.042  21.615  19.627 0.0000000000
100834  -37.764  22.194  19.903 0.0000000000
98096  -57.747  20.074  10.031 0.0000000000
96988  -48.650  18.375  28.074 0.0000000000
97001  -48.530  18.596  27.184 0.0000000000
96088  -48.365  17.728  27.488 0.0000000000
96104  -48.049  17.149  26.972 0.0000000000
139057  -47.689  16.580  27.317 0.0000000000
96189  -51.099  17.695  19.268 0.0000000000
96196  -51.110  17.794  18.407 0.0000000000
96195  -50.388  17.583  18.137 0.0000000000
101669  -44.356  22.882  10.694 0.0000000000
100037  -44.637  21.868  9.692 0.0000000000
100894  -44.542  22.401  9.978 0.0000000000
100895  -44.878  22.457  9.189 0.0000000000
144845  -45.312  23.404  9.238 0.0000000000
139691  -47.185  28.838  25.087 0.0000000000
105511  -46.976  29.091  23.513 0.0000000000
138127  -47.959  29.498  23.809 0.0000000000
104787  -51.790  27.580  11.904 0.0000000000
136561  -53.088  27.610  12.303 0.0000000000
136552  -52.342  27.567  10.980 0.0000000000
136544  -51.529  27.580  10.278 0.0000000000
136537  -50.368  27.546  9.898 0.0000000000
136545  -50.145  27.531  10.829 0.0000000000
108839  -42.704  32.083  11.365 0.0000000000
108054  -42.061  31.566  11.682 0.0000000000
140201  -42.486  32.268  9.963 0.0000000000
108866  -41.717  31.922  9.311 0.0000000000
108867  -42.561  32.325  8.866 0.0000000000
96193  -43.519  16.716  17.968 0.0000000000
96201  -44.400  16.642  17.451 0.0000000000
97096  -42.857  17.426  17.459 0.0000000000
100845  -43.323  21.998  17.642 0.0000000000
98991  -43.436  20.763  17.056 0.0000000000
157265  -44.304  21.660  16.723 0.0000000000
99985  -44.363  21.780  17.130 0.0000000000
108703  -53.523  32.646  26.214 0.0000000000
107948  -53.270  31.683  25.314 0.0000000000
107949  -54.129  32.290  25.478 0.0000000000
107204  -51.519  30.224  19.776 0.0000000000
107205  -52.951  30.252  19.706 0.0000000000
106389  -51.896  29.718  19.125 0.0000000000
106401  -52.173  29.297  18.325 0.0000000000
144279  -51.316  29.432  18.664 0.0000000000
105574  -50.166  28.932  18.047 0.0000000000
106387  -50.114  29.765  19.175 0.0000000000
108785  -47.093  32.580  16.694 0.0000000000
162155  -46.484  32.082  17.041 0.0000000000
142520  -46.971  32.601  16.092 0.0000000000
108791  -45.955  32.243  15.389 0.0000000000
108803  -46.664  32.537  14.773 0.0000000000
98120  -52.946  19.382  6.726 0.0000000000
97237  -52.037  19.121  6.452 0.0000000000
97236  -51.508  19.131  5.753 0.0000000000
98141  -52.047  19.655  4.765 0.0000000000
99910  -39.580  21.183  28.069 0.0000000000
100773  -40.307  21.641  27.878 0.0000000000
100756  -40.110  21.706  28.074 0.0000000000
154894  -40.752  28.300  28.244 0.0000000000
103842  -41.916  27.034  28.300 0.0000000000
105446  -42.219  28.479  28.506 0.0000000000
104599  -43.141  27.807  28.604 0.0000000000
105464  -42.233  29.040  28.299 0.0000000000
107944  -46.715  31.419  24.436 0.0000000000
107946  -48.254  31.859  25.016 0.0000000000
100805  -53.644  22.585  23.491 0.0000000000
100815  -54.049  22.236  22.871 0.0000000000
97045  -48.744  19.115  23.246 0.0000000000
97058  -48.322  18.559  22.918 0.0000000000
96151  -47.714  17.580  22.252 0.0000000000
97057  -47.485  18.404  22.892 0.0000000000
95233  -42.682  17.525  22.849 0.0000000000
95232  -42.103  17.275  22.645 0.0000000000
95238  -41.062  17.606  21.928 0.0000000000
95231  -41.351  16.997  22.420 0.0000000000
93218  -41.512  15.205  31.947 0.0000000000
93266  -42.254  14.548  28.584 0.0000000000
93280  -42.675  14.094  27.717 0.0000000000
93268  -43.979  14.724  28.155 0.0000000000
92289  -43.037  13.740  26.905 0.0000000000
92302  -41.619  13.451  26.519 0.0000000000
96121  -36.348  17.300  23.911 0.0000000000
160385  -36.481  18.501  24.037 0.0000000000
97028  -36.196  18.155  24.330 0.0000000000
98060  -54.254  19.794  13.768 0.0000000000
148820  -47.150  18.265  14.317 0.0000000000
97162  -47.927  18.530  14.046 0.0000000000
98053  -47.579  18.989  13.254 0.0000000000
137849  -49.817  20.487  9.303 0.0000000000
146365  -50.283  20.471  10.095 0.0000000000
144057  -51.224  20.472  9.925 0.0000000000
145716  -52.147  20.506  9.897 0.0000000000
99087  -51.798  20.531  9.037 0.0000000000
99105  -52.477  20.777  8.006 0.0000000000
99104  -51.495  20.577  8.320 0.0000000000
99157  -47.285  20.831  4.195 0.0000000000
137344  -49.134  20.556  4.284 0.0000000000
136086  -48.054  20.828  3.113 0.0000000000
99171  -49.339  21.153  1.873 0.0000000000
154935  -41.457  25.819  22.468 0.0000000000
103138  -41.079  25.904  21.747 0.0000000000
103893  -41.733  26.367  22.012 0.0000000000
103927  -46.863  26.300  18.675 0.0000000000
140888  -47.130  25.435  18.318 0.0000000000
102417  -47.833  24.596  17.531 0.0000000000
102418  -48.317  24.502  17.079 0.0000000000
105563  -53.319  28.177  19.571 0.0000000000
104704  -52.614  27.613  19.098 0.0000000000
104716  -53.166  27.291  18.379 0.0000000000
164093  -50.897  25.830  11.459 0.0000000000
103212  -50.756  25.691  12.322 0.0000000000
103223  -49.348  25.540  11.507 0.0000000000
141282  -49.870  25.707  9.701 0.0000000000
140122  -49.331  25.609  8.929 0.0000000000
103304  -49.527  26.615  2.088 0.0000000000
103294  -49.573  26.322  2.842 0.0000000000
142687  -49.266  25.958  0.850 0.0000000000
101731  -48.459  24.761  -0.095 0.0000000000
102534  -48.595  25.109  0.033 0.0000000000
102521  -48.064  25.481  0.631 0.0000000000
144058  -46.025  27.437  5.493 0.0000000000
104054  -45.679  26.817  4.169 0.0000000000
104873  -45.412  27.188  4.530 0.0000000000
104872  -44.398  27.075  4.489 0.0000000000
104757  -45.902  27.513  14.559 0.0000000000
104774  -45.960  27.370  13.501 0.0000000000
163687  -45.134  27.377  13.274 0.0000000000
105673  -41.174  28.146  8.821 0.0000000000
105682  -41.244  28.178  7.409 0.0000000000
104840  -42.052  27.809  6.735 0.0000000000
105681  -40.865  28.342  6.291 0.0000000000
107310  -39.101  30.932  1.993 0.0000000000
157831  -38.984  30.751  2.702 0.0000000000
97094  -41.017  18.778  18.212 0.0000000000
97992  -40.370  19.259  18.505 0.0000000000
100839  -39.731  22.436  18.691 0.0000000000
99978  -40.156  21.564  18.420 0.0000000000
100840  -40.659  22.275  18.383 0.0000000000
100841  -41.516  22.157  18.108 0.0000000000
101615  -40.448  23.224  18.628 0.0000000000
110313  -54.257  35.146  24.833 0.0000000000
111078  -53.461  35.351  23.857 0.0000000000
110352  -51.070  34.432  22.033 0.0000000000
110326  -51.056  33.715  22.208 0.0000000000
109555  -50.485  33.296  21.705 0.0000000000
107986  -50.826  31.841  21.524 0.0000000000
109554  -49.888  32.831  21.207 0.0000000000
108764  -49.234  32.368  20.581 0.0000000000
109558  -49.394  33.193  20.580 0.0000000000
110374  -49.922  34.390  18.909 0.0000000000
109561  -49.363  33.888  19.439 0.0000000000
163896  -48.786  33.627  17.629 0.0000000000
98103  -55.525  19.451  8.689 0.0000000000
98112  -55.354  19.908  7.864 0.0000000000
98122  -54.965  20.324  7.133 0.0000000000
103116  -37.610  25.405  26.778 0.0000000000
103117  -38.399  25.047  26.807 0.0000000000
103852  -37.447  26.918  27.655 0.0000000000
97023  -47.728  19.348  25.786 0.0000000000
97022  -47.185  19.220  25.246 0.0000000000
97030  -46.110  18.757  24.293 0.0000000000
97021  -46.612  18.656  24.981 0.0000000000
95197  -45.815  16.294  25.161 0.0000000000
95210  -45.659  17.330  24.692 0.0000000000
95209  -45.134  16.666  24.599 0.0000000000
94332  -44.027  16.434  24.050 0.0000000000
94314  -44.586  15.885  24.559 0.0000000000
93325  -36.575  14.470  24.735 0.0000000000
93324  -35.886  15.043  24.655 0.0000000000
94311  -35.853  15.820  24.396 0.0000000000
94310  -35.131  15.834  24.649 0.0000000000
95205  -34.647  16.434  24.764 0.0000000000
96109  -32.954  17.108  25.822 0.0000000000
97009  -32.754  18.004  26.557 0.0000000000
99037  -44.989  20.148  11.910 0.0000000000
98084  -45.979  19.946  11.774 0.0000000000
99051  -45.317  20.500  11.143 0.0000000000
99084  -46.435  20.543  9.299 0.0000000000
99067  -46.676  20.453  10.317 0.0000000000
99085  -47.417  20.436  9.750 0.0000000000
137851  -47.985  20.339  9.150 0.0000000000
99102  -48.459  20.284  8.454 0.0000000000
99101  -47.445  20.319  8.329 0.0000000000
100057  -45.836  21.354  7.411 0.0000000000
135989  -46.603  20.614  6.677 0.0000000000
100067  -46.086  21.557  6.708 0.0000000000
99129  -46.596  20.809  5.884 0.0000000000
100068  -46.377  21.413  5.877 0.0000000000
104662  -44.540  27.274  24.124 0.0000000000
104675  -44.335  27.552  23.115 0.0000000000
141030  -44.973  27.793  23.572 0.0000000000
105537  -46.607  28.861  21.442 0.0000000000
105536  -45.833  28.636  21.588 0.0000000000
105543  -46.943  28.647  20.724 0.0000000000
105556  -46.474  28.241  20.140 0.0000000000
105557  -47.426  28.229  20.040 0.0000000000
105603  -55.431  27.979  15.679 0.0000000000
103949  -55.233  27.600  15.501 0.0000000000
163539  -55.191  27.366  14.253 0.0000000000
103984  -54.535  27.017  11.086 0.0000000000
103972  -54.830  26.924  11.691 0.0000000000
103982  -53.982  26.922  10.415 0.0000000000
103981  -52.810  26.471  11.013 0.0000000000
103993  -53.669  27.013  9.492 0.0000000000
140118  -53.171  26.838  9.025 0.0000000000
104003  -53.402  27.048  8.782 0.0000000000
104849  -52.017  27.308  6.828 0.0000000000
104027  -52.774  27.121  7.355 0.0000000000
104864  -51.911  27.298  5.901 0.0000000000
104057  -50.983  27.055  4.809 0.0000000000
104877  -50.490  27.386  5.008 0.0000000000
104884  -49.143  27.408  3.702 0.0000000000
104847  -49.813  27.564  6.661 0.0000000000
104830  -48.522  27.510  8.532 0.0000000000
104846  -48.345  27.522  6.850 0.0000000000
136724  -47.918  27.495  7.878 0.0000000000
145098  -47.233  27.469  7.231 0.0000000000
104829  -47.650  27.485  8.728 0.0000000000
106435  -42.698  29.319  14.627 0.0000000000
155540  -42.499  28.040  13.740 0.0000000000
106445  -41.703  29.405  13.475 0.0000000000
107267  -40.878  30.704  11.164 0.0000000000
106462  -40.738  29.477  11.616 0.0000000000
106467  -40.453  29.426  10.914 0.0000000000
150204  -40.230  29.506  10.229 0.0000000000
107275  -40.094  30.148  9.655 0.0000000000
107281  -39.632  29.926  8.369 0.0000000000
107282  -39.950  30.442  8.806 0.0000000000
108090  -41.531  31.688  6.597 0.0000000000
108089  -40.538  31.359  6.649 0.0000000000
108098  -40.488  31.229  4.188 0.0000000000
108099  -41.716  31.452  4.230 0.0000000000
141256  -47.736  16.536  18.881 0.0000000000
95286  -48.226  16.972  17.620 0.0000000000
95285  -46.964  16.621  17.603 0.0000000000
141812  -45.742  17.232  15.950 0.0000000000
96227  -46.254  17.553  15.355 0.0000000000
96226  -45.274  17.636  15.249 0.0000000000
155189  -42.100  19.063  17.398 0.0000000000
97105  -43.094  18.011  16.694 0.0000000000
97114  -42.766  18.847  16.818 0.0000000000
99005  -43.427  20.182  15.268 0.0000000000
98018  -43.439  19.252  15.386 0.0000000000
97145  -44.470  18.579  14.231 0.0000000000
98033  -43.939  19.155  13.994 0.0000000000
98050  -44.311  19.363  13.344 0.0000000000
98049  -43.676  19.895  13.718 0.0000000000
100861  -43.769  22.267  14.243 0.0000000000
100870  -43.526  21.986  13.461 0.0000000000
100871  -43.817  22.793  13.102 0.0000000000
100876  -43.754  22.657  12.134 0.0000000000
101650  -44.395  23.356  13.319 0.0000000000
107137  -50.504  30.637  25.766 0.0000000000
107146  -50.038  30.422  24.475 0.0000000000
107147  -51.005  30.776  24.785 0.0000000000
107167  -53.625  30.544  23.042 0.0000000000
152055  -52.135  30.423  23.100 0.0000000000
106382  -53.606  29.170  20.812 0.0000000000
106373  -54.745  29.778  21.536 0.0000000000
108729  -54.142  32.948  23.932 0.0000000000
107968  -55.321  31.519  23.013 0.0000000000
107967  -54.676  31.944  22.813 0.0000000000
153707  -54.875  30.510  20.010 0.0000000000
139295  -55.824  30.623  20.857 0.0000000000
106392  -56.408  29.733  19.602 0.0000000000
105552  -56.309  29.733  19.607 0.0000000000
106404  -56.110  29.324  18.846 0.0000000000
105592  -55.651  28.527  17.613 0.0000000000
106419  -54.588  29.118  17.639 0.0000000000
105601  -51.604  28.455  16.872 0.0000000000
149176  -52.470  28.365  16.235 0.0000000000
105610  -52.156  28.055  15.582 0.0000000000
104762  -52.013  27.624  14.161 0.0000000000
141058  -51.475  27.690  14.962 0.0000000000
161259  -50.205  27.492  13.734 0.0000000000
104743  -50.310  27.610  15.077 0.0000000000
148354  -48.836  28.243  16.904 0.0000000000
104728  -49.091  27.822  16.214 0.0000000000
104727  -47.658  27.783  16.142 0.0000000000
104740  -47.425  27.563  15.318 0.0000000000
105597  -47.159  28.290  16.668 0.0000000000
152129  -48.513  31.331  19.789 0.0000000000
107211  -48.234  30.255  18.942 0.0000000000
107210  -47.423  30.575  18.658 0.0000000000
107216  -45.847  30.512  17.298 0.0000000000
107217  -46.325  30.474  17.761 0.0000000000
106428  -45.372  29.536  16.730 0.0000000000
105595  -45.553  28.769  16.466 0.0000000000
106427  -44.763  29.826  16.402 0.0000000000
106432  -44.267  29.395  15.908 0.0000000000
107232  -44.274  30.242  15.942 0.0000000000
108801  -45.031  32.154  14.146 0.0000000000
155198  -43.716  31.190  14.685 0.0000000000
108040  -44.240  31.835  13.916 0.0000000000
108814  -43.963  32.092  13.106 0.0000000000
108829  -44.579  32.382  12.512 0.0000000000
97246  -50.612  18.967  4.688 0.0000000000
97256  -49.450  18.617  3.830 0.0000000000
100803  -38.274  22.476  23.589 0.0000000000
100814  -38.066  22.939  22.738 0.0000000000
100793  -39.039  22.547  24.294 0.0000000000
100783  -40.514  22.604  25.725 0.0000000000
101574  -40.443  23.437  24.658 0.0000000000
101575  -40.884  24.106  24.305 0.0000000000
102374  -41.615  24.306  24.786 0.0000000000
103104  -39.822  25.426  27.350 0.0000000000
101538  -41.088  23.027  28.137 0.0000000000
103105  -40.726  24.950  27.607 0.0000000000
103107  -42.974  25.095  27.915 0.0000000000
102344  -42.472  24.318  27.741 0.0000000000
103118  -43.271  24.992  26.959 0.0000000000
103124  -42.704  25.034  25.192 0.0000000000
103121  -43.586  25.545  26.103 0.0000000000
156560  -43.749  25.971  25.463 0.0000000000
103877  -44.113  26.105  26.153 0.0000000000
104615  -44.956  27.354  28.181 0.0000000000
104625  -45.101  27.004  26.794 0.0000000000
151702  -45.382  27.404  27.589 0.0000000000
104639  -46.319  28.075  26.711 0.0000000000
104627  -46.029  28.035  27.767 0.0000000000
106329  -44.245  29.976  24.855 0.0000000000
138234  -42.962  29.563  25.195 0.0000000000
106303  -43.783  29.688  26.568 0.0000000000
156517  -43.965  29.619  27.610 0.0000000000
106304  -44.594  29.897  27.015 0.0000000000
107106  -47.013  30.370  28.142 0.0000000000
107105  -46.081  30.269  27.790 0.0000000000
107099  -47.367  30.029  28.634 0.0000000000
106276  -47.524  29.588  28.475 0.0000000000
107100  -48.065  30.038  28.617 0.0000000000
106290  -49.462  30.327  27.929 0.0000000000
107908  -49.156  30.982  28.492 0.0000000000
108700  -50.107  32.381  26.357 0.0000000000
107917  -50.508  31.586  27.722 0.0000000000
108701  -51.212  32.349  27.030 0.0000000000
108702  -52.162  32.386  26.950 0.0000000000
99961  -54.944  21.716  21.631 0.0000000000
98960  -52.900  20.177  21.929 0.0000000000
97972  -53.272  19.852  21.229 0.0000000000
97971  -52.538  19.509  21.514 0.0000000000
97068  -52.147  18.851  21.065 0.0000000000
156037  -50.521  21.454  24.255 0.0000000000
99928  -50.142  21.888  24.840 0.0000000000
99929  -51.811  22.071  24.140 0.0000000000
99939  -51.275  21.358  23.799 0.0000000000
98935  -51.957  20.954  23.202 0.0000000000
98934  -51.278  20.669  23.357 0.0000000000
149091  -49.710  17.843  21.860 0.0000000000
96170  -50.070  17.563  21.126 0.0000000000
95257  -48.863  16.761  19.876 0.0000000000
95256  -48.516  16.796  20.747 0.0000000000
95254  -46.666  16.404  20.332 0.0000000000
140399  -45.917  16.305  20.156 0.0000000000
95265  -45.434  16.267  19.579 0.0000000000
95264  -44.760  16.290  19.913 0.0000000000
96149  -45.250  18.362  23.104 0.0000000000
95240  -43.248  17.233  21.276 0.0000000000
95250  -42.698  17.117  20.778 0.0000000000
95251  -43.276  16.648  20.335 0.0000000000
95262  -42.550  16.772  19.957 0.0000000000
96186  -41.729  17.211  19.698 0.0000000000
96175  -41.285  17.795  20.618 0.0000000000
96977  -47.487  18.480  30.239 0.0000000000
94223  -44.404  15.685  32.241 0.0000000000
94211  -44.745  16.583  32.365 0.0000000000
96031  -44.050  17.625  32.165 0.0000000000
94251  -40.498  15.457  30.663 0.0000000000
94237  -40.918  15.901  31.022 0.0000000000
94252  -41.264  15.587  30.340 0.0000000000
94254  -42.970  15.965  29.804 0.0000000000
159321  -42.546  16.438  30.533 0.0000000000
143585  -43.632  17.602  30.928 0.0000000000
96053  -44.087  18.166  31.487 0.0000000000
95136  -44.414  17.692  30.653 0.0000000000
96054  -44.731  18.403  31.199 0.0000000000
158076  -45.259  15.377  28.353 0.0000000000
95147  -45.864  16.081  28.810 0.0000000000
95148  -46.845  16.479  28.748 0.0000000000
94263  -46.009  15.349  27.854 0.0000000000
94274  -46.512  15.402  27.165 0.0000000000
94273  -45.863  14.953  27.078 0.0000000000
92324  -43.375  13.836  25.512 0.0000000000
93312  -43.805  14.243  25.184 0.0000000000
92339  -43.076  13.972  24.883 0.0000000000
93330  -43.462  14.660  24.484 0.0000000000
93329  -42.673  14.400  24.220 0.0000000000
97055  -37.290  18.138  22.062 0.0000000000
96158  -37.846  17.730  21.933 0.0000000000
97063  -37.174  18.720  21.680 0.0000000000
97970  -36.927  19.949  21.141 0.0000000000
97062  -36.571  19.991  21.963 0.0000000000
98947  -36.753  20.885  22.915 0.0000000000
98930  -36.616  20.207  22.779 0.0000000000
97931  -37.149  19.656  25.378 0.0000000000
98919  -37.530  20.206  24.894 0.0000000000
156675  -34.546  18.126  25.453 0.0000000000
97019  -35.179  18.561  25.554 0.0000000000
97012  -35.059  19.170  26.475 0.0000000000
158541  -36.692  21.093  27.901 0.0000000000
99896  -37.464  20.981  28.154 0.0000000000
100753  -36.959  21.850  27.468 0.0000000000
161867  -36.685  23.381  26.644 0.0000000000
97137  -59.325  19.237  15.476 0.0000000000
98041  -58.271  20.272  14.691 0.0000000000
99027  -57.510  20.543  13.246 0.0000000000
99028  -58.346  20.454  13.209 0.0000000000
142078  -57.981  20.683  12.613 0.0000000000
99045  -58.379  20.536  12.291 0.0000000000
139444  -57.945  20.939  11.794 0.0000000000
96205  -48.737  17.378  17.058 0.0000000000
96216  -49.852  17.829  16.774 0.0000000000
96215  -49.254  17.703  16.521 0.0000000000
97149  -49.604  18.579  14.625 0.0000000000
97132  -50.341  18.511  15.240 0.0000000000
98086  -48.121  19.774  12.086 0.0000000000
98071  -48.732  19.490  12.702 0.0000000000
98087  -49.064  19.865  12.057 0.0000000000
148970  -51.152  20.350  11.419 0.0000000000
99038  -50.708  20.089  12.109 0.0000000000
99039  -51.560  20.167  12.162 0.0000000000
98075  -52.041  19.835  12.950 0.0000000000
98076  -52.968  20.064  12.743 0.0000000000
99041  -53.900  20.302  12.446 0.0000000000
156621  -53.146  20.328  12.088 0.0000000000
152841  -54.150  20.832  9.686 0.0000000000
99075  -54.722  20.826  10.330 0.0000000000
99076  -55.953  21.212  10.103 0.0000000000
100031  -57.208  21.359  9.831 0.0000000000
155282  -56.549  21.389  9.269 0.0000000000
100041  -57.168  21.280  8.954 0.0000000000
100039  -55.536  21.410  8.400 0.0000000000
100059  -53.884  21.506  6.423 0.0000000000
100060  -54.953  21.558  6.876 0.0000000000
148484  -54.578  21.434  6.481 0.0000000000
99152  -54.118  21.406  5.763 0.0000000000
100070  -54.057  21.459  5.793 0.0000000000
99119  -49.877  20.401  7.073 0.0000000000
99133  -50.617  20.619  6.449 0.0000000000
99160  -51.368  21.320  3.288 0.0000000000
99161  -51.348  21.259  4.484 0.0000000000
100085  -52.258  21.353  3.485 0.0000000000
100086  -52.701  21.156  3.565 0.0000000000
99174  -52.243  21.117  2.825 0.0000000000
157107  -52.032  21.015  2.497 0.0000000000
99184  -50.262  20.947  1.503 0.0000000000
98172  -50.725  20.616  1.731 0.0000000000
98181  -49.941  20.504  1.216 0.0000000000
137110  -49.425  19.748  1.429 0.0000000000
98180  -49.210  20.350  0.772 0.0000000000
102391  -38.771  24.188  21.406 0.0000000000
102400  -38.555  23.925  20.603 0.0000000000
102401  -39.274  24.599  20.885 0.0000000000
103144  -40.927  25.763  19.934 0.0000000000
103151  -40.311  25.142  19.740 0.0000000000
102407  -40.993  25.248  19.319 0.0000000000
164084  -41.781  24.223  18.557 0.0000000000
144329  -43.932  27.842  20.925 0.0000000000
104687  -43.269  27.459  20.574 0.0000000000
149600  -43.836  27.595  20.116 0.0000000000
147257  -45.570  25.150  18.379 0.0000000000
103925  -44.115  26.011  18.711 0.0000000000
103158  -44.663  25.113  18.440 0.0000000000
102413  -43.932  24.631  18.400 0.0000000000
140051  -45.245  22.905  17.524 0.0000000000
101623  -45.943  23.056  17.240 0.0000000000
101637  -47.042  23.786  15.704 0.0000000000
101636  -46.356  23.468  15.726 0.0000000000
102443  -46.016  23.998  14.093 0.0000000000
102442  -45.539  24.119  13.272 0.0000000000
150677  -46.434  24.432  13.428 0.0000000000
106370  -50.134  29.749  22.118 0.0000000000
106369  -49.203  29.583  21.881 0.0000000000
106379  -49.901  29.297  21.324 0.0000000000
104702  -50.612  27.512  19.326 0.0000000000
105560  -50.234  28.075  19.875 0.0000000000
104713  -50.071  26.956  18.814 0.0000000000
103918  -49.317  27.075  19.037 0.0000000000
139854  -49.923  26.383  18.340 0.0000000000
103947  -53.740  26.443  15.128 0.0000000000
103938  -52.649  26.315  16.652 0.0000000000
103180  -52.411  26.104  15.891 0.0000000000
103189  -50.549  25.446  14.643 0.0000000000
103178  -50.851  25.517  15.634 0.0000000000
103177  -49.975  25.197  15.474 0.0000000000
135818  -50.124  25.282  16.283 0.0000000000
102437  -49.240  24.887  15.167 0.0000000000
103187  -49.202  25.113  14.204 0.0000000000
103221  -47.827  25.363  11.173 0.0000000000
103209  -47.842  25.258  12.133 0.0000000000
103220  -46.888  25.153  10.815 0.0000000000
103230  -46.748  25.083  9.979 0.0000000000
102473  -46.554  24.730  9.248 0.0000000000
102486  -47.787  24.821  7.028 0.0000000000
102485  -47.355  24.776  7.807 0.0000000000
102492  -47.550  24.431  6.437 0.0000000000
100923  -47.332  23.709  5.324 0.0000000000
103261  -50.831  26.270  6.871 0.0000000000
103260  -49.649  25.667  6.925 0.0000000000
103268  -50.438  26.122  6.191 0.0000000000
101717  -48.468  24.354  2.166 0.0000000000
102513  -48.482  24.691  3.335 0.0000000000
101708  -47.783  23.871  3.636 0.0000000000
147982  -47.568  23.106  2.819 0.0000000000
138550  -47.526  22.354  2.130 0.0000000000
100942  -47.927  22.403  0.860 0.0000000000
100957  -47.479  22.475  -0.727 0.0000000000
153667  -47.874  22.178  -0.487 0.0000000000
100123  -47.558  21.799  -0.641 0.0000000000
98186  -47.789  20.300  0.307 0.0000000000
99200  -45.843  21.153  -0.119 0.0000000000
104062  -48.011  26.995  2.690 0.0000000000
103302  -47.560  25.780  1.804 0.0000000000
103292  -47.069  26.092  2.954 0.0000000000
101703  -45.535  24.106  3.921 0.0000000000
160272  -46.121  24.340  3.066 0.0000000000
136564  -48.482  27.427  12.736 0.0000000000
136555  -48.927  27.485  11.762 0.0000000000
154365  -46.346  27.257  11.410 0.0000000000
136548  -47.031  27.332  11.084 0.0000000000
136549  -46.192  27.334  10.630 0.0000000000
154403  -46.427  27.432  9.705 0.0000000000
136541  -45.558  27.424  9.877 0.0000000000
104784  -42.389  27.683  12.131 0.0000000000
104798  -43.380  27.431  11.975 0.0000000000
104797  -42.701  27.571  11.323 0.0000000000
154362  -43.289  27.563  8.182 0.0000000000
136543  -43.651  27.494  10.015 0.0000000000
137846  -43.955  27.507  8.317 0.0000000000
162979  -44.614  27.501  8.517 0.0000000000
104857  -43.808  27.460  5.862 0.0000000000
149244  -43.104  27.540  6.212 0.0000000000
104044  -41.904  27.246  4.886 0.0000000000
104035  -42.550  26.706  5.103 0.0000000000
104024  -42.386  26.164  6.337 0.0000000000
104023  -41.646  26.385  6.503 0.0000000000
104022  -40.814  26.499  7.123 0.0000000000
104032  -40.327  26.965  6.187 0.0000000000
104839  -39.539  27.309  6.425 0.0000000000
150091  -39.580  28.820  5.028 0.0000000000
106487  -39.133  29.385  4.607 0.0000000000
105692  -37.971  28.758  4.026 0.0000000000
105700  -38.758  28.364  3.816 0.0000000000
105687  -38.399  27.981  5.196 0.0000000000
105678  -37.770  28.222  6.559 0.0000000000
108895  -44.703  32.581  6.362 0.0000000000
108894  -43.671  32.486  7.047 0.0000000000
108905  -44.120  32.371  5.640 0.0000000000
108111  -43.983  31.981  2.535 0.0000000000
108123  -41.485  31.860  1.562 0.0000000000
149816  -38.762  20.120  19.395 0.0000000000
98975  -39.080  20.780  18.976 0.0000000000
99974  -38.704  21.562  19.187 0.0000000000
163513  -39.027  22.181  19.010 0.0000000000
100836  -39.046  22.940  19.181 0.0000000000
111102  -52.750  35.585  23.044 0.0000000000
111136  -51.470  35.284  21.461 0.0000000000
110365  -50.305  34.498  20.497 0.0000000000
147805  -50.661  34.871  20.078 0.0000000000
146986  -50.871  34.955  18.847 0.0000000000
110388  -51.586  35.053  18.031 0.0000000000
98113  -56.221  20.533  8.089 0.0000000000
104622  -36.118  27.323  27.214 0.0000000000
104610  -36.609  27.242  27.457 0.0000000000
97013  -47.664  18.578  25.986 0.0000000000
96114  -47.541  17.562  26.166 0.0000000000
95199  -47.064  16.740  25.928 0.0000000000
94301  -46.519  15.936  25.859 0.0000000000
93310  -34.375  14.978  25.319 0.0000000000
148342  -34.491  15.701  24.966 0.0000000000
94297  -33.813  15.592  25.324 0.0000000000
97087  -52.666  18.489  19.261 0.0000000000
97097  -51.857  18.060  18.820 0.0000000000
97106  -51.765  18.151  17.926 0.0000000000
136434  -51.753  18.305  17.082 0.0000000000
99065  -44.638  21.023  10.862 0.0000000000
100029  -44.600  21.482  10.324 0.0000000000
100030  -45.060  21.282  9.522 0.0000000000
99083  -45.501  21.014  8.826 0.0000000000
99100  -46.396  20.605  8.284 0.0000000000
100046  -45.443  21.519  8.201 0.0000000000
151801  -45.504  21.924  7.754 0.0000000000
101686  -45.673  22.696  7.743 0.0000000000
136924  -45.948  28.261  24.189 0.0000000000
145206  -45.627  28.307  23.445 0.0000000000
148781  -46.293  28.595  23.717 0.0000000000
106349  -46.882  29.171  22.643 0.0000000000
106368  -47.866  29.391  21.854 0.0000000000
104763  -53.636  27.679  13.884 0.0000000000
104764  -55.011  27.397  13.565 0.0000000000
104777  -54.169  27.559  12.922 0.0000000000
104788  -53.954  27.501  11.635 0.0000000000
104811  -53.743  27.181  10.057 0.0000000000
104004  -53.342  27.083  8.737 0.0000000000
155562  -52.575  27.495  9.393 0.0000000000
137847  -52.080  27.539  8.324 0.0000000000
104832  -51.285  27.606  7.864 0.0000000000
104848  -50.448  27.585  7.323 0.0000000000
137848  -50.671  27.585  8.901 0.0000000000
137142  -49.347  27.540  9.465 0.0000000000
157144  -48.675  27.498  10.051 0.0000000000
108038  -42.523  31.070  13.390 0.0000000000
107242  -41.539  29.927  13.200 0.0000000000
108046  -41.568  30.866  12.261 0.0000000000
108060  -41.447  31.425  11.029 0.0000000000
108059  -40.874  31.131  10.473 0.0000000000
108066  -40.344  31.008  9.207 0.0000000000
108074  -40.955  31.551  8.752 0.0000000000
108880  -41.750  31.962  8.335 0.0000000000
108903  -42.253  32.022  6.581 0.0000000000
95283  -45.341  16.357  18.164 0.0000000000
95284  -46.124  16.423  17.863 0.0000000000
146526  -44.332  17.087  16.545 0.0000000000
98990  -42.756  20.333  17.266 0.0000000000
98996  -43.171  20.071  16.700 0.0000000000
98997  -43.510  20.646  16.226 0.0000000000
144102  -43.554  21.049  15.181 0.0000000000
99013  -43.485  20.609  14.283 0.0000000000
100855  -43.813  21.811  15.090 0.0000000000
148714  -44.312  22.472  14.995 0.0000000000
107148  -52.066  31.247  25.001 0.0000000000
107149  -53.194  31.297  24.356 0.0000000000
107157  -54.558  31.293  23.636 0.0000000000
107185  -53.982  31.327  21.448 0.0000000000
107194  -53.778  30.847  20.716 0.0000000000
106390  -54.118  29.905  19.097 0.0000000000
106402  -53.587  29.454  18.305 0.0000000000
105589  -51.853  28.779  17.581 0.0000000000
105588  -50.883  28.625  17.469 0.0000000000
105600  -50.658  28.267  16.658 0.0000000000
142337  -50.120  28.508  17.356 0.0000000000
105587  -49.305  28.675  17.595 0.0000000000
106417  -48.599  29.164  18.010 0.0000000000
159107  -47.334  32.002  18.683 0.0000000000
108005  -47.208  31.315  18.666 0.0000000000
108773  -46.891  31.771  18.193 0.0000000000
108015  -45.960  31.502  16.886 0.0000000000
108014  -45.227  31.041  16.503 0.0000000000
108013  -44.683  30.826  16.080 0.0000000000
162157  -45.409  31.832  15.543 0.0000000000
108031  -45.156  31.891  14.990 0.0000000000
108816  -45.706  32.406  13.626 0.0000000000
97247  -51.192  19.152  5.140 0.0000000000
99927  -39.067  21.751  25.103 0.0000000000
159890  -39.635  21.462  26.129 0.0000000000
100782  -40.274  21.709  26.776 0.0000000000
101563  -41.260  22.948  26.348 0.0000000000
103106  -41.713  24.764  27.871 0.0000000000
103856  -41.663  26.092  27.941 0.0000000000
103857  -42.617  25.929  28.153 0.0000000000
140495  -43.371  25.876  28.105 0.0000000000
103858  -44.013  25.991  27.798 0.0000000000
103844  -43.755  26.694  28.330 0.0000000000
156465  -44.280  27.583  28.483 0.0000000000
105448  -44.574  28.462  28.604 0.0000000000
107134  -45.068  30.263  25.313 0.0000000000
107120  -45.189  30.182  26.415 0.0000000000
107135  -45.940  30.502  25.937 0.0000000000
107136  -46.885  30.825  26.241 0.0000000000
107930  -47.729  31.239  26.524 0.0000000000
107915  -48.484  31.190  27.903 0.0000000000
107931  -48.667  31.612  26.459 0.0000000000
108699  -49.115  32.157  25.631 0.0000000000
99951  -54.464  21.914  22.282 0.0000000000
98950  -53.248  20.876  22.306 0.0000000000
98949  -52.473  20.563  22.593 0.0000000000
98932  -49.523  20.586  23.960 0.0000000000
97952  -50.091  19.928  23.358 0.0000000000
97046  -49.673  19.134  22.979 0.0000000000
97059  -49.164  18.314  22.549 0.0000000000
96153  -48.986  17.593  22.012 0.0000000000
96168  -48.311  17.180  21.706 0.0000000000
96167  -47.364  17.062  21.748 0.0000000000
96166  -46.416  17.015  21.715 0.0000000000
96135  -43.734  17.939  23.150 0.0000000000
151905  -43.747  17.990  22.778 0.0000000000
96147  -43.161  17.845  22.711 0.0000000000
96163  -42.930  17.825  22.146 0.0000000000
95239  -42.365  17.733  21.678 0.0000000000
96162  -41.543  17.838  21.521 0.0000000000
93264  -40.553  14.304  28.872 0.0000000000
93257  -41.774  15.095  29.447 0.0000000000
94260  -42.625  15.232  29.228 0.0000000000
94255  -43.858  16.035  29.553 0.0000000000
94262  -44.372  15.376  28.710 0.0000000000
93282  -44.379  14.394  27.307 0.0000000000
93283  -45.193  14.628  27.114 0.0000000000
93295  -43.863  13.982  26.657 0.0000000000
92304  -43.274  13.684  26.117 0.0000000000
92323  -42.626  13.610  25.491 0.0000000000
162075  -37.389  16.872  22.873 0.0000000000
96141  -36.832  17.983  22.686 0.0000000000
151224  -36.614  18.580  22.904 0.0000000000
158003  -36.683  19.680  23.425 0.0000000000
150092  -36.592  18.908  23.651 0.0000000000
97930  -36.481  19.386  25.826 0.0000000000
99014  -56.478  20.323  13.692 0.0000000000
135992  -55.627  20.405  13.016 0.0000000000
96229  -48.160  17.729  15.541 0.0000000000
96230  -49.021  17.899  15.761 0.0000000000
97130  -48.699  18.262  14.885 0.0000000000
97163  -48.940  18.745  14.020 0.0000000000
97164  -49.751  18.954  13.910 0.0000000000
99069  -49.006  20.396  10.814 0.0000000000
99055  -49.436  20.228  11.442 0.0000000000
99070  -49.766  20.414  10.778 0.0000000000
99071  -50.800  20.439  10.706 0.0000000000
156624  -52.018  20.386  11.432 0.0000000000
99056  -52.874  20.419  11.458 0.0000000000
99073  -52.535  20.483  10.696 0.0000000000
151145  -53.096  20.587  9.869 0.0000000000
99089  -53.681  20.858  8.983 0.0000000000
99090  -54.642  21.200  8.777 0.0000000000
99106  -53.462  21.015  8.143 0.0000000000
99123  -53.410  21.262  7.308 0.0000000000
99122  -52.803  21.216  6.876 0.0000000000
136859  -49.284  20.375  5.521 0.0000000000
99159  -50.399  21.124  3.054 0.0000000000
99172  -50.555  21.097  1.763 0.0000000000
99183  -49.725  21.130  0.986 0.0000000000
102387  -40.184  24.751  22.603 0.0000000000
102393  -39.763  24.899  21.707 0.0000000000
103137  -40.419  25.427  21.608 0.0000000000
103895  -40.792  25.794  20.817 0.0000000000
103901  -41.447  26.268  20.308 0.0000000000
164213  -45.144  27.726  19.768 0.0000000000
104697  -44.454  27.447  19.615 0.0000000000
144154  -45.940  26.505  18.746 0.0000000000
103159  -46.156  25.691  18.478 0.0000000000
102414  -46.459  24.667  18.126 0.0000000000
102416  -46.297  23.736  17.651 0.0000000000
138887  -47.097  24.138  17.566 0.0000000000
101629  -47.350  23.854  16.471 0.0000000000
102427  -47.671  24.182  15.735 0.0000000000
156661  -51.269  28.936  20.883 0.0000000000
163799  -50.501  28.961  20.897 0.0000000000
105548  -51.675  28.492  20.325 0.0000000000
104703  -51.532  27.548  19.243 0.0000000000
103931  -51.459  26.653  18.165 0.0000000000
103202  -52.024  25.869  13.329 0.0000000000
152980  -51.063  25.666  13.207 0.0000000000
162770  -50.610  25.514  13.800 0.0000000000
144890  -50.252  25.515  13.170 0.0000000000
103200  -49.451  25.353  13.293 0.0000000000
103211  -49.780  25.520  12.406 0.0000000000
153293  -48.637  25.486  11.083 0.0000000000
103232  -48.357  25.461  10.468 0.0000000000
103241  -47.393  25.241  9.365 0.0000000000
103242  -48.320  25.453  9.113 0.0000000000
103250  -48.673  25.456  8.290 0.0000000000
103259  -48.634  25.282  6.934 0.0000000000
140016  -50.363  26.538  4.452 0.0000000000
103275  -49.657  25.793  4.911 0.0000000000
103284  -49.745  26.074  3.960 0.0000000000
102514  -49.067  25.460  2.392 0.0000000000
101724  -48.706  24.608  0.584 0.0000000000
101730  -48.183  24.193  -0.491 0.0000000000
147770  -47.136  22.909  -0.706 0.0000000000
158761  -46.694  23.305  -0.401 0.0000000000
101722  -46.942  23.995  -0.004 0.0000000000
104874  -46.623  27.361  4.695 0.0000000000
104060  -46.396  26.486  3.753 0.0000000000
103283  -45.658  26.252  4.230 0.0000000000
136565  -47.372  27.340  12.632 0.0000000000
136566  -46.427  27.280  12.664 0.0000000000
136558  -45.986  27.158  11.993 0.0000000000
136559  -45.077  27.226  11.888 0.0000000000
104807  -41.956  27.758  10.385 0.0000000000
162484  -42.316  27.651  10.910 0.0000000000
104816  -41.889  27.792  9.308 0.0000000000
104827  -42.651  27.630  8.673 0.0000000000
104841  -42.749  27.644  7.367 0.0000000000
163412  -42.080  27.675  5.680 0.0000000000
105696  -41.248  27.573  4.607 0.0000000000
104043  -40.847  27.688  4.434 0.0000000000
104870  -40.220  27.733  3.888 0.0000000000
107299  -39.078  30.215  4.504 0.0000000000
106493  -38.609  29.203  3.836 0.0000000000
143289  -38.752  30.300  3.325 0.0000000000
107304  -38.512  30.134  3.576 0.0000000000
106496  -37.695  29.493  3.907 0.0000000000
106492  -37.228  29.203  4.728 0.0000000000
107298  -36.985  29.992  4.373 0.0000000000
107302  -37.030  30.683  4.440 0.0000000000
97095  -42.075  17.660  17.959 0.0000000000
151096  -41.629  18.491  17.811 0.0000000000
97103  -41.477  19.133  17.739 0.0000000000
98000  -41.888  19.845  17.526 0.0000000000
98982  -39.811  20.781  18.528 0.0000000000
98984  -41.195  20.585  17.842 0.0000000000
98989  -42.100  20.668  17.543 0.0000000000
99982  -41.807  21.376  17.752 0.0000000000
100844  -42.405  22.048  17.818 0.0000000000
157460  -42.892  22.585  17.936 0.0000000000
109501  -54.463  33.489  25.151 0.0000000000
150362  -54.334  34.237  24.822 0.0000000000
109522  -54.138  33.511  24.365 0.0000000000
108744  -53.542  32.646  23.309 0.0000000000
110328  -52.420  34.825  23.076 0.0000000000
109542  -51.884  33.499  22.775 0.0000000000
107966  -52.687  32.213  22.521 0.0000000000
107987  -51.909  31.705  21.814 0.0000000000
107996  -51.364  31.199  21.114 0.0000000000
107192  -50.893  30.693  20.454 0.0000000000
107202  -49.573  30.365  19.652 0.0000000000
107191  -49.896  30.841  20.320 0.0000000000
107993  -48.768  31.788  20.223 0.0000000000
108768  -48.276  32.436  19.615 0.0000000000
110364  -49.659  34.017  20.166 0.0000000000
109560  -48.635  33.233  19.354 0.0000000000
108775  -47.855  32.639  18.843 0.0000000000
108780  -47.849  32.946  18.031 0.0000000000
109570  -48.290  33.332  17.375 0.0000000000
109583  -48.220  33.298  16.012 0.0000000000
98132  -53.762  20.236  6.093 0.0000000000
101555  -38.128  23.339  27.087 0.0000000000
101556  -38.816  23.920  27.138 0.0000000000
102357  -39.338  24.671  27.174 0.0000000000
103854  -39.274  26.564  27.587 0.0000000000
147715  -38.067  27.423  27.670 0.0000000000
162600  -38.735  27.371  27.806 0.0000000000
158078  -39.567  27.578  27.987 0.0000000000
97939  -47.332  19.784  24.688 0.0000000000
97949  -46.971  19.462  24.078 0.0000000000
97056  -46.470  18.641  23.252 0.0000000000
97043  -46.245  19.069  23.931 0.0000000000
97029  -45.655  18.684  23.921 0.0000000000
96137  -45.083  18.343  23.658 0.0000000000
96124  -46.153  18.003  24.822 0.0000000000
96122  -44.931  17.792  24.176 0.0000000000
96136  -44.379  17.939  23.575 0.0000000000
95223  -43.839  17.293  23.636 0.0000000000
143443  -42.871  16.316  23.452 0.0000000000
94219  -40.170  15.230  31.383 0.0000000000
93240  -39.707  15.283  31.051 0.0000000000
93254  -39.211  14.721  30.387 0.0000000000
93255  -40.068  14.841  30.014 0.0000000000
93263  -39.609  14.094  29.031 0.0000000000
92267  -40.247  13.716  28.079 0.0000000000
95207  -36.058  16.616  24.176 0.0000000000
96120  -35.605  17.419  24.436 0.0000000000
96119  -34.818  17.125  24.710 0.0000000000
96111  -34.370  17.510  25.163 0.0000000000
97018  -33.942  17.991  25.684 0.0000000000
96110  -33.704  17.154  25.361 0.0000000000
97010  -33.547  18.438  26.499 0.0000000000
162469  -45.988  19.194  12.863 0.0000000000
98069  -46.465  19.529  12.412 0.0000000000
98085  -47.072  19.911  11.758 0.0000000000
99053  -47.870  20.188  11.322 0.0000000000
145530  -45.799  20.544  10.523 0.0000000000
99068  -47.687  20.389  10.590 0.0000000000
160633  -48.347  20.365  10.882 0.0000000000
161888  -50.138  20.474  8.637 0.0000000000
99103  -50.794  20.515  8.121 0.0000000000
157277  -49.401  20.407  8.569 0.0000000000
136578  -49.020  20.237  7.625 0.0000000000
99118  -48.293  20.019  6.950 0.0000000000
137745  -46.901  20.396  7.496 0.0000000000
136341  -47.422  20.197  6.825 0.0000000000
99131  -48.067  20.034  6.035 0.0000000000
99147  -47.315  20.486  5.203 0.0000000000
100083  -46.906  21.395  4.171 0.0000000000
148187  -42.986  26.437  23.336 0.0000000000
139468  -42.532  26.663  22.315 0.0000000000
104674  -43.425  27.215  22.536 0.0000000000
104683  -44.204  27.917  21.993 0.0000000000
147764  -44.567  28.180  21.186 0.0000000000
105521  -45.689  28.576  22.455 0.0000000000
105542  -45.236  28.378  20.970 0.0000000000
104689  -45.569  28.175  20.259 0.0000000000
137550  -45.986  27.725  19.628 0.0000000000
103916  -47.478  26.932  19.031 0.0000000000
104723  -55.005  27.520  17.198 0.0000000000
104722  -53.743  27.093  17.602 0.0000000000
103940  -54.659  26.953  16.072 0.0000000000
103948  -54.867  26.888  15.223 0.0000000000
103955  -53.729  26.420  14.205 0.0000000000
103966  -55.269  27.083  12.684 0.0000000000
103965  -55.130  26.879  13.283 0.0000000000
103964  -53.552  26.409  13.208 0.0000000000
159110  -52.660  26.318  11.951 0.0000000000
103235  -51.670  26.198  10.817 0.0000000000
103992  -51.834  26.345  9.835 0.0000000000
154821  -50.999  26.097  9.410 0.0000000000
159699  -52.165  26.524  8.943 0.0000000000
104025  -52.272  26.930  6.571 0.0000000000
104016  -53.089  27.100  8.228 0.0000000000
104037  -52.175  26.975  5.847 0.0000000000
103277  -51.809  26.997  5.494 0.0000000000
104048  -50.962  26.972  4.746 0.0000000000
104056  -50.325  26.917  3.922 0.0000000000
104064  -49.479  27.054  2.434 0.0000000000
104891  -49.190  27.302  2.914 0.0000000000
104890  -48.390  27.325  3.220 0.0000000000
104883  -48.059  27.464  4.164 0.0000000000
104862  -49.395  27.559  5.832 0.0000000000
104875  -47.645  27.489  4.990 0.0000000000
146802  -47.031  27.477  5.729 0.0000000000
104860  -46.580  27.484  6.491 0.0000000000
104845  -46.315  27.492  7.331 0.0000000000
104755  -44.063  27.697  14.380 0.0000000000
137776  -44.360  27.444  13.488 0.0000000000
104754  -43.189  27.921  14.280 0.0000000000
105643  -42.027  27.945  12.862 0.0000000000
104783  -41.775  28.005  12.151 0.0000000000
106455  -41.355  29.289  12.796 0.0000000000
105641  -41.019  28.985  12.058 0.0000000000
105651  -41.316  28.398  11.731 0.0000000000
105657  -40.494  28.786  10.341 0.0000000000
105664  -40.512  28.598  9.355 0.0000000000
105663  -40.138  28.866  8.840 0.0000000000
105671  -40.096  28.847  7.987 0.0000000000
106484  -39.691  29.343  7.655 0.0000000000
107288  -39.460  30.087  7.615 0.0000000000
138801  -39.468  30.337  6.948 0.0000000000
108073  -40.202  31.072  8.244 0.0000000000
108088  -39.765  30.874  6.591 0.0000000000
142021  -39.558  30.682  5.492 0.0000000000
108097  -39.586  30.742  4.067 0.0000000000
108107  -40.047  30.788  2.123 0.0000000000
107311  -39.584  30.986  1.650 0.0000000000
95278  -49.192  17.098  18.407 0.0000000000
95288  -49.670  17.395  17.941 0.0000000000
95287  -48.956  17.213  17.776 0.0000000000
96204  -48.019  17.201  16.906 0.0000000000
96203  -46.356  16.786  16.843 0.0000000000
95292  -47.278  17.008  16.835 0.0000000000
96213  -47.683  17.391  16.175 0.0000000000
96228  -47.235  17.607  15.441 0.0000000000
96241  -46.741  17.872  14.778 0.0000000000
97147  -46.343  18.279  14.206 0.0000000000
96210  -43.868  17.820  15.934 0.0000000000
98009  -43.135  19.333  16.303 0.0000000000
97128  -43.807  18.444  15.273 0.0000000000
96225  -44.429  17.891  15.224 0.0000000000
96239  -44.914  18.010  14.700 0.0000000000
97146  -45.412  18.341  14.162 0.0000000000
97160  -45.935  18.709  13.485 0.0000000000
98051  -45.210  19.189  13.030 0.0000000000
98067  -44.620  19.780  12.604 0.0000000000
99036  -44.107  20.511  12.207 0.0000000000
100010  -43.503  21.211  13.628 0.0000000000
99035  -43.587  21.218  12.740 0.0000000000
156694  -43.857  21.171  11.855 0.0000000000
100881  -43.932  22.345  11.288 0.0000000000
139279  -44.132  23.141  11.581 0.0000000000
101663  -44.579  23.548  11.230 0.0000000000
106320  -48.763  29.720  25.710 0.0000000000
106331  -48.698  29.779  24.572 0.0000000000
106332  -49.297  30.128  24.242 0.0000000000
107154  -49.633  30.167  23.594 0.0000000000
106352  -50.731  30.008  22.534 0.0000000000
107156  -51.773  30.742  23.946 0.0000000000
153719  -51.429  30.106  22.552 0.0000000000
106371  -51.778  29.415  21.477 0.0000000000
106381  -52.289  28.994  20.872 0.0000000000
105564  -54.760  28.436  19.344 0.0000000000
107959  -54.983  31.974  23.967 0.0000000000
107158  -55.396  31.288  22.925 0.0000000000
107169  -55.689  31.057  22.592 0.0000000000
107195  -55.332  31.161  21.349 0.0000000000
106374  -55.929  30.607  21.262 0.0000000000
153388  -55.953  30.149  21.144 0.0000000000
106384  -56.296  29.865  20.389 0.0000000000
105551  -55.494  28.886  20.103 0.0000000000
105576  -55.242  28.289  18.500 0.0000000000
104718  -55.527  28.156  17.689 0.0000000000
138024  -55.580  28.120  16.567 0.0000000000
105612  -55.034  28.102  15.245 0.0000000000
146215  -54.035  28.722  16.909 0.0000000000
105611  -53.756  28.273  15.490 0.0000000000
136562  -51.453  27.560  12.758 0.0000000000
104786  -50.557  27.531  12.238 0.0000000000
104776  -50.309  27.496  13.053 0.0000000000
104775  -49.372  27.483  13.447 0.0000000000
104759  -48.878  27.461  14.240 0.0000000000
104729  -49.993  27.853  16.000 0.0000000000
104742  -49.197  27.567  15.189 0.0000000000
154389  -48.169  27.406  14.143 0.0000000000
104758  -47.507  27.444  14.461 0.0000000000
139764  -46.776  27.503  14.852 0.0000000000
154754  -45.563  27.735  15.242 0.0000000000
106386  -49.207  29.841  18.998 0.0000000000
106399  -48.655  29.620  18.531 0.0000000000
159108  -47.953  29.123  17.788 0.0000000000
107209  -46.805  30.755  18.311 0.0000000000
106416  -47.234  29.386  17.737 0.0000000000
105584  -46.746  28.879  17.224 0.0000000000
105596  -46.321  28.466  16.556 0.0000000000
105609  -45.793  28.080  15.879 0.0000000000
104739  -45.024  28.073  15.490 0.0000000000
105606  -43.824  28.829  15.450 0.0000000000
106436  -43.165  29.077  15.077 0.0000000000
107235  -43.068  30.109  14.941 0.0000000000
161050  -44.020  31.073  15.234 0.0000000000
107244  -42.816  30.696  14.183 0.0000000000
108048  -43.132  31.727  12.842 0.0000000000
108827  -42.882  31.945  12.036 0.0000000000
108840  -43.367  32.308  11.484 0.0000000000
100826  -37.125  22.197  21.346 0.0000000000
101602  -37.589  22.945  21.211 0.0000000000
100813  -37.466  22.647  22.019 0.0000000000
101591  -38.612  23.588  22.538 0.0000000000
101592  -39.207  23.769  23.020 0.0000000000
160698  -39.296  23.069  23.985 0.0000000000
101582  -39.649  23.514  23.779 0.0000000000
102381  -39.812  24.161  23.166 0.0000000000
102382  -40.555  24.440  23.481 0.0000000000
102383  -41.303  24.666  23.859 0.0000000000
150827  -40.500  22.399  28.099 0.0000000000
101539  -41.470  22.829  28.039 0.0000000000
101540  -41.820  23.089  27.836 0.0000000000
101541  -42.171  23.640  27.572 0.0000000000
102365  -41.959  23.860  25.826 0.0000000000
102375  -42.263  24.491  25.335 0.0000000000
103130  -42.466  25.666  23.738 0.0000000000
103882  -43.129  25.961  24.216 0.0000000000
103889  -44.025  26.760  24.262 0.0000000000
104649  -44.959  27.217  25.023 0.0000000000
103869  -44.535  26.350  27.106 0.0000000000
103878  -44.662  26.720  25.865 0.0000000000
104650  -45.485  27.608  25.180 0.0000000000
104638  -45.879  27.809  25.817 0.0000000000
137469  -46.615  28.377  25.639 0.0000000000
105491  -47.492  28.919  26.092 0.0000000000
106285  -43.397  29.352  28.198 0.0000000000
157964  -44.195  29.364  28.287 0.0000000000
106273  -44.812  29.122  28.629 0.0000000000
106305  -45.335  30.115  27.444 0.0000000000
106274  -45.791  29.428  28.556 0.0000000000
105450  -46.337  28.997  28.565 0.0000000000
105466  -46.557  28.733  28.304 0.0000000000
105481  -47.426  28.939  27.368 0.0000000000
106319  -48.213  29.383  26.106 0.0000000000
106307  -48.816  29.716  26.902 0.0000000000
106308  -49.480  30.141  26.624 0.0000000000
139735  -50.883  30.944  27.395 0.0000000000
107916  -49.504  31.356  28.021 0.0000000000
107125  -50.686  31.288  27.764 0.0000000000
107933  -51.457  31.560  27.364 0.0000000000
139962  -51.777  31.913  27.401 0.0000000000
107918  -52.600  32.266  26.790 0.0000000000
161763  -53.195  33.435  26.218 0.0000000000
110287  -51.457  34.533  25.356 0.0000000000
98962  -54.467  20.941  21.294 0.0000000000
98967  -54.009  20.260  20.892 0.0000000000
97079  -53.153  19.014  19.982 0.0000000000
97078  -52.398  18.632  20.230 0.0000000000
96179  -51.008  17.738  20.099 0.0000000000
97963  -50.592  19.328  22.719 0.0000000000
97964  -51.417  19.559  22.470 0.0000000000
97061  -51.805  19.181  21.790 0.0000000000
97067  -51.392  18.535  21.354 0.0000000000
96178  -50.353  17.498  20.457 0.0000000000
96177  -49.515  17.013  19.582 0.0000000000
95269  -49.042  16.855  19.079 0.0000000000
95268  -48.292  16.613  19.328 0.0000000000
138666  -46.957  16.406  18.879 0.0000000000
95255  -47.592  16.550  20.511 0.0000000000
95267  -47.400  16.438  19.643 0.0000000000
95275  -46.011  16.291  18.792 0.0000000000
95274  -45.212  16.274  18.920 0.0000000000
95273  -43.659  16.414  19.099 0.0000000000
159456  -45.961  18.381  22.944 0.0000000000
151001  -45.828  17.713  22.375 0.0000000000
96165  -45.462  17.154  21.745 0.0000000000
95241  -44.121  16.946  21.256 0.0000000000
95252  -44.516  16.481  20.483 0.0000000000
95263  -43.991  16.361  19.933 0.0000000000
162362  -43.254  16.511  19.720 0.0000000000
95272  -42.739  16.688  19.127 0.0000000000
96192  -41.932  17.182  18.817 0.0000000000
97092  -39.852  18.980  19.093 0.0000000000
97985  -39.185  19.369  19.539 0.0000000000
98959  -37.279  20.725  20.485 0.0000000000
96066  -48.034  17.855  29.290 0.0000000000
95127  -46.772  16.270  32.100 0.0000000000
95113  -45.895  17.524  32.502 0.0000000000
142979  -45.074  18.563  32.398 0.0000000000
140099  -41.545  15.939  31.729 0.0000000000
95124  -42.126  16.441  31.567 0.0000000000
95125  -43.087  16.977  31.625 0.0000000000
138715  -42.606  16.836  31.088 0.0000000000
96046  -44.027  18.239  31.872 0.0000000000
96032  -44.431  18.595  32.094 0.0000000000
96941  -44.978  19.169  32.135 0.0000000000
96965  -45.022  18.986  31.645 0.0000000000
96055  -45.569  18.433  30.861 0.0000000000
141826  -45.140  16.838  29.789 0.0000000000
96064  -46.302  17.641  30.080 0.0000000000
159252  -46.861  17.078  29.406 0.0000000000
95149  -47.612  17.084  28.750 0.0000000000
96087  -48.014  17.021  27.782 0.0000000000
94275  -47.212  15.961  27.162 0.0000000000
160042  -46.739  15.650  26.582 0.0000000000
94300  -45.734  15.398  25.595 0.0000000000
93296  -44.749  14.358  26.376 0.0000000000
93314  -45.366  14.752  25.891 0.0000000000
94299  -45.017  15.092  25.226 0.0000000000
94313  -43.809  15.555  24.230 0.0000000000
93348  -42.994  15.327  23.795 0.0000000000
94330  -42.298  15.771  23.309 0.0000000000
92322  -41.273  13.423  25.736 0.0000000000
140836  -41.013  13.505  24.960 0.0000000000
92337  -41.513  13.767  24.429 0.0000000000
93345  -40.304  14.281  23.647 0.0000000000
93346  -41.257  14.338  23.667 0.0000000000
94329  -41.503  15.284  23.130 0.0000000000
94339  -41.776  16.306  22.836 0.0000000000
99959  -36.777  21.490  21.678 0.0000000000
99949  -36.891  21.476  22.525 0.0000000000
99938  -37.919  21.754  23.884 0.0000000000
98931  -37.071  20.393  23.718 0.0000000000
98920  -37.743  20.948  24.340 0.0000000000
99926  -38.430  21.353  24.825 0.0000000000
99909  -39.118  20.784  27.717 0.0000000000
159923  -38.968  20.952  28.209 0.0000000000
97027  -35.574  18.149  24.822 0.0000000000
97020  -36.027  18.721  25.196 0.0000000000
98889  -37.661  20.748  28.065 0.0000000000
99897  -38.334  20.951  28.235 0.0000000000
101537  -38.388  22.297  27.665 0.0000000000
101554  -37.046  23.947  26.590 0.0000000000
103115  -36.216  25.839  27.045 0.0000000000
151939  -35.380  24.486  26.513 0.0000000000
153460  -35.620  25.394  26.774 0.0000000000
153740  -36.184  26.719  27.475 0.0000000000
151550  -59.166  19.397  13.894 0.0000000000
99016  -58.519  20.359  13.902 0.0000000000
99017  -58.761  20.256  13.537 0.0000000000
97166  -58.911  19.221  13.247 0.0000000000
98077  -58.747  19.895  12.230 0.0000000000
98089  -58.522  20.143  11.617 0.0000000000
98097  -58.181  20.431  10.683 0.0000000000
96207  -50.145  17.733  17.369 0.0000000000
96217  -50.465  18.067  16.742 0.0000000000
97117  -51.130  18.273  16.708 0.0000000000
135858  -50.780  18.358  16.063 0.0000000000
138233  -51.704  18.506  16.139 0.0000000000
150743  -48.038  19.359  12.786 0.0000000000
98055  -49.224  19.221  13.331 0.0000000000
98056  -49.987  19.347  13.320 0.0000000000
98088  -49.885  19.984  12.067 0.0000000000
98057  -51.416  19.491  13.534 0.0000000000
98058  -52.764  19.663  13.519 0.0000000000
99026  -54.560  20.195  13.136 0.0000000000
99042  -54.987  20.459  12.420 0.0000000000
99043  -55.963  20.620  12.314 0.0000000000
144250  -54.284  20.599  11.116 0.0000000000
99059  -55.634  20.709  11.695 0.0000000000
159746  -56.907  21.001  11.662 0.0000000000
100022  -57.812  21.173  10.650 0.0000000000
99078  -58.053  21.035  10.208 0.0000000000
98106  -57.994  20.871  9.889 0.0000000000
99092  -57.216  21.180  8.939 0.0000000000
98114  -56.917  20.859  8.621 0.0000000000
99108  -56.318  21.186  7.846 0.0000000000
100049  -56.005  21.343  7.707 0.0000000000
100061  -55.499  21.350  7.274 0.0000000000
99124  -55.269  21.096  6.681 0.0000000000
99136  -54.205  21.058  5.525 0.0000000000
98143  -53.604  20.726  5.221 0.0000000000
99120  -50.712  20.545  7.292 0.0000000000
139617  -51.343  20.771  6.632 0.0000000000
99135  -52.204  21.188  6.288 0.0000000000
99149  -50.456  20.706  5.529 0.0000000000
100076  -52.676  21.441  5.219 0.0000000000
99163  -53.250  21.260  4.511 0.0000000000
99150  -53.302  21.112  4.442 0.0000000000
98142  -52.865  20.299  4.919 0.0000000000
98152  -52.031  20.160  3.695 0.0000000000
98151  -51.242  19.591  3.643 0.0000000000
98160  -51.046  19.885  2.718 0.0000000000
98173  -51.441  20.792  2.138 0.0000000000
98159  -50.770  20.129  2.070 0.0000000000
97266  -50.155  19.326  2.819 0.0000000000
159034  -49.280  18.863  2.884 0.0000000000
101609  -37.946  23.212  20.511 0.0000000000
101611  -38.487  23.417  19.847 0.0000000000
101612  -39.282  23.777  19.435 0.0000000000
103150  -39.741  24.916  20.207 0.0000000000
141539  -39.755  24.509  19.616 0.0000000000
101613  -40.008  23.939  19.057 0.0000000000
101616  -41.383  23.678  18.510 0.0000000000
101617  -42.287  23.814  18.412 0.0000000000
141963  -42.974  23.243  18.172 0.0000000000
103897  -42.193  26.780  21.444 0.0000000000
103902  -42.068  26.762  20.589 0.0000000000
103911  -42.135  26.467  19.735 0.0000000000
103913  -44.343  26.788  19.058 0.0000000000
103912  -43.551  26.542  19.112 0.0000000000
103153  -42.387  25.718  18.971 0.0000000000
103156  -43.133  25.114  18.554 0.0000000000
102412  -43.203  24.095  18.374 0.0000000000
101622  -44.412  22.921  17.798 0.0000000000
100847  -44.808  22.324  17.308 0.0000000000
100856  -44.961  22.569  15.896 0.0000000000
101644  -44.952  23.070  14.902 0.0000000000
101627  -46.240  23.183  16.634 0.0000000000
101651  -45.045  23.605  13.934 0.0000000000
101659  -44.860  23.736  13.071 0.0000000000
102451  -45.100  24.098  12.398 0.0000000000
101664  -45.133  24.189  11.450 0.0000000000
160366  -48.435  29.677  23.033 0.0000000000
106351  -48.480  29.586  22.319 0.0000000000
105539  -48.222  29.145  21.179 0.0000000000
105546  -49.796  28.692  20.595 0.0000000000
105545  -48.772  28.676  20.578 0.0000000000
105558  -48.381  28.182  19.972 0.0000000000
104700  -48.884  27.540  19.468 0.0000000000
103917  -48.541  26.830  18.938 0.0000000000
103928  -48.770  26.178  18.474 0.0000000000
141135  -53.068  26.610  17.215 0.0000000000
103932  -52.498  26.805  17.920 0.0000000000
139131  -51.860  26.333  17.399 0.0000000000
152621  -51.680  25.801  15.505 0.0000000000
103165  -50.957  25.897  17.229 0.0000000000
103934  -50.206  25.978  17.784 0.0000000000
146429  -49.374  25.420  17.505 0.0000000000
103164  -48.539  25.022  17.540 0.0000000000
156406  -48.622  24.576  16.497 0.0000000000
102428  -48.463  24.529  15.680 0.0000000000
150221  -47.677  24.495  14.383 0.0000000000
103199  -48.725  25.153  13.482 0.0000000000
103198  -47.982  25.067  13.031 0.0000000000
154435  -47.342  24.662  13.595 0.0000000000
161498  -46.341  24.771  12.091 0.0000000000
102459  -46.094  24.766  11.310 0.0000000000
102465  -45.458  24.053  9.963 0.0000000000
102472  -45.880  24.134  9.238 0.0000000000
162516  -45.734  23.670  8.734 0.0000000000
102484  -46.278  23.477  7.418 0.0000000000
102479  -46.973  24.795  8.573 0.0000000000
100075  -46.559  21.710  4.956 0.0000000000
100930  -46.747  22.054  4.234 0.0000000000
103251  -49.876  25.714  7.877 0.0000000000
158684  -48.930  25.348  4.518 0.0000000000
102500  -48.633  25.058  5.328 0.0000000000
102499  -47.776  24.412  5.686 0.0000000000
159306  -47.430  23.575  4.552 0.0000000000
100931  -47.204  22.905  3.980 0.0000000000
100094  -47.617  21.793  2.115 0.0000000000
100101  -48.973  21.315  0.369 0.0000000000
100950  -48.114  22.378  -0.240 0.0000000000
100107  -48.365  21.581  -0.146 0.0000000000
98188  -49.047  20.874  0.209 0.0000000000
98187  -48.647  20.457  0.368 0.0000000000
103303  -48.448  26.129  1.259 0.0000000000
102520  -47.212  24.914  1.399 0.0000000000
102512  -46.721  25.139  2.702 0.0000000000
154954  -49.316  27.512  11.116 0.0000000000
136539  -47.972  27.463  10.116 0.0000000000
136556  -47.864  27.395  11.668 0.0000000000
136547  -47.718  27.422  10.773 0.0000000000
154363  -47.467  27.467  9.488 0.0000000000
104828  -46.788  27.489  8.975 0.0000000000
104844  -45.435  27.507  7.416 0.0000000000
136568  -44.696  27.327  12.722 0.0000000000
136560  -44.242  27.327  12.172 0.0000000000
154452  -44.233  27.407  10.642 0.0000000000
136542  -44.641  27.449  9.952 0.0000000000
136534  -45.043  27.480  9.151 0.0000000000
104858  -44.464  27.377  5.300 0.0000000000
104046  -43.740  26.897  4.553 0.0000000000
104856  -42.761  27.221  4.815 0.0000000000
104036  -43.352  26.372  5.229 0.0000000000
103267  -43.590  25.424  6.097 0.0000000000
102490  -43.383  24.701  6.704 0.0000000000
105680  -40.024  28.721  6.303 0.0000000000
105688  -40.342  28.181  4.074 0.0000000000
105694  -39.959  27.762  3.796 0.0000000000
106498  -38.945  28.359  3.789 0.0000000000
104869  -39.348  27.989  3.689 0.0000000000
104853  -39.426  27.625  4.740 0.0000000000
105677  -36.908  28.947  6.761 0.0000000000
108794  -48.214  33.196  15.326 0.0000000000
108830  -45.526  32.451  12.777 0.0000000000
136526  -45.300  32.515  11.901 0.0000000000
108841  -44.298  32.454  11.568 0.0000000000
108853  -44.436  32.555  10.793 0.0000000000
108868  -43.798  32.556  9.530 0.0000000000
108883  -44.774  32.857  8.186 0.0000000000
136835  -44.245  32.671  8.890 0.0000000000
137717  -43.445  32.534  8.834 0.0000000000
108881  -43.098  32.452  8.033 0.0000000000
108893  -42.704  32.304  7.236 0.0000000000
108091  -42.315  31.729  5.490 0.0000000000
108101  -44.122  31.809  3.466 0.0000000000
108100  -43.023  31.576  3.984 0.0000000000
158643  -40.580  31.316  1.513 0.0000000000
92266  -38.901  13.635  28.410 0.0000000000
92288  -42.226  13.621  27.099 0.0000000000
92303  -42.473  13.521  26.331 0.0000000000
93269  -44.821  14.825  27.897 0.0000000000
93297  -45.502  14.741  26.505 0.0000000000
93313  -44.567  14.493  25.553 0.0000000000
93328  -41.994  14.128  24.057 0.0000000000
94209  -43.557  17.133  32.028 0.0000000000
94220  -40.930  15.602  31.446 0.0000000000
94238  -41.440  16.154  30.822 0.0000000000
94261  -43.495  15.314  28.981 0.0000000000
95123  -41.432  16.163  31.227 0.0000000000
95145  -43.249  16.756  30.477 0.0000000000
95158  -46.767  15.801  27.985 0.0000000000
95186  -47.510  16.623  26.645 0.0000000000
95196  -34.010  16.356  25.083 0.0000000000
95227  -37.871  16.696  22.650 0.0000000000
95242  -44.987  16.699  21.125 0.0000000000
95245  -47.773  16.764  21.183 0.0000000000
95253  -45.272  16.374  20.340 0.0000000000
95276  -47.535  16.609  18.157 0.0000000000
96030  -43.696  17.625  31.802 0.0000000000
96052  -43.640  17.700  31.546 0.0000000000
96065  -47.168  17.710  29.720 0.0000000000
96113  -46.853  17.688  25.451 0.0000000000
96146  -42.535  17.727  22.385 0.0000000000
96185  -41.127  17.659  19.710 0.0000000000
96188  -50.536  17.486  18.862 0.0000000000
96958  -45.235  19.419  32.053 0.0000000000
97054  -36.757  18.781  22.228 0.0000000000
97060  -51.041  18.850  22.077 0.0000000000
97076  -50.888  17.930  20.896 0.0000000000
97144  -43.816  18.849  14.659 0.0000000000
97173  -58.742  19.505  12.614 0.0000000000
97953  -50.975  20.044  23.110 0.0000000000
98052  -46.726  19.091  13.059 0.0000000000
98062  -59.035  19.922  13.415 0.0000000000
98078  -58.876  19.920  12.747 0.0000000000
98090  -58.618  20.292  12.163 0.0000000000
98105  -57.461  20.706  9.274 0.0000000000
98130  -52.279  19.519  5.561 0.0000000000
98946  -36.601  20.819  22.180 0.0000000000
98961  -53.636  20.547  21.600 0.0000000000
98973  -37.782  21.030  19.855 0.0000000000
98983  -40.485  20.907  18.215 0.0000000000
99024  -43.581  20.623  13.447 0.0000000000
99057  -53.685  20.455  11.610 0.0000000000
99066  -45.124  20.887  10.326 0.0000000000
99093  -57.656  21.140  9.531 0.0000000000
99107  -54.226  21.225  8.224 0.0000000000
99109  -56.638  21.258  8.465 0.0000000000
99116  -45.770  21.016  7.979 0.0000000000
99125  -55.704  21.179  7.283 0.0000000000
99137  -54.645  21.315  6.276 0.0000000000
99162  -52.908  21.153  3.799 0.0000000000
99173  -51.428  21.176  2.321 0.0000000000
99175  -52.468  20.999  3.118 0.0000000000
99186  -51.805  21.044  2.366 0.0000000000
99201  -47.066  21.235  -0.550 0.0000000000
99207  -47.846  21.235  -0.519 0.0000000000
99941  -53.358  21.938  23.163 0.0000000000
99950  -53.625  21.571  22.596 0.0000000000
99984  -43.735  21.477  17.268 0.0000000000
99992  -43.850  21.396  16.035 0.0000000000
100021  -43.676  21.839  11.924 0.0000000000
100040  -56.202  21.356  8.498 0.0000000000
100048  -54.933  21.433  8.010 0.0000000000
100058  -46.197  20.999  6.613 0.0000000000
100071  -54.559  21.546  6.354 0.0000000000
100077  -53.478  21.367  5.080 0.0000000000
100078  -53.710  21.363  5.336 0.0000000000
100108  -48.850  21.132  0.019 0.0000000000
100118  -48.190  21.437  -0.351 0.0000000000
100754  -37.970  21.547  27.943 0.0000000000
100755  -39.064  21.301  28.168 0.0000000000
100758  -41.467  22.711  27.707 0.0000000000
100774  -40.896  22.178  27.335 0.0000000000
100831  -37.481  22.376  20.536 0.0000000000
100832  -37.910  22.775  20.004 0.0000000000
100846  -44.141  22.113  17.507 0.0000000000
100848  -45.325  22.569  17.149 0.0000000000
100849  -44.898  22.117  16.864 0.0000000000
100901  -45.205  22.171  8.346 0.0000000000
100907  -45.845  22.071  7.176 0.0000000000
100915  -46.257  22.357  6.419 0.0000000000
100958  -47.890  23.162  -0.635 0.0000000000
101553  -35.467  23.487  26.488 0.0000000000
101557  -41.908  23.301  26.871 0.0000000000
101564  -41.234  23.616  25.279 0.0000000000
101590  -37.975  23.333  21.932 0.0000000000
101618  -43.678  23.347  18.117 0.0000000000
101620  -45.639  23.418  17.708 0.0000000000
101624  -46.836  23.528  17.077 0.0000000000
101625  -47.602  24.064  17.082 0.0000000000
101635  -45.631  23.096  15.827 0.0000000000
101646  -46.595  23.800  14.899 0.0000000000
101675  -44.817  23.137  9.917 0.0000000000
101697  -47.139  23.855  6.177 0.0000000000
101729  -47.602  23.717  -0.589 0.0000000000
102342  -40.358  24.270  27.614 0.0000000000
102345  -42.910  24.802  27.616 0.0000000000
102359  -42.678  24.266  27.290 0.0000000000
102366  -42.741  24.556  26.235 0.0000000000
102392  -39.236  24.530  21.576 0.0000000000
102409  -40.674  24.046  18.765 0.0000000000
102410  -41.275  24.588  18.781 0.0000000000
102435  -47.319  24.102  14.976 0.0000000000
102445  -48.163  24.871  13.844 0.0000000000
102450  -44.591  23.722  11.822 0.0000000000
102452  -45.984  24.506  12.660 0.0000000000
102453  -46.985  24.833  12.674 0.0000000000
102478  -45.951  23.564  8.135 0.0000000000
102491  -46.982  24.169  7.049 0.0000000000
102511  -46.106  25.080  3.778 0.0000000000
102527  -48.350  25.006  -0.020 0.0000000000
102528  -48.772  25.420  0.374 0.0000000000
102533  -48.342  24.733  -0.204 0.0000000000
103101  -36.943  26.289  27.278 0.0000000000
103102  -37.924  26.075  27.146 0.0000000000
103103  -38.851  25.784  27.153 0.0000000000
103120  -43.145  25.116  25.895 0.0000000000
103129  -41.596  25.353  23.262 0.0000000000
103136  -40.013  25.216  20.885 0.0000000000
103155  -41.656  25.268  18.972 0.0000000000
103160  -47.921  25.227  18.030 0.0000000000
103161  -48.664  25.605  18.084 0.0000000000
103167  -49.017  24.823  16.982 0.0000000000
103168  -49.617  25.148  16.806 0.0000000000
103179  -51.466  25.767  16.079 0.0000000000
103190  -51.488  25.695  14.823 0.0000000000
103191  -52.495  26.055  14.992 0.0000000000
103222  -48.482  25.416  11.675 0.0000000000
103225  -51.642  26.051  11.726 0.0000000000
103243  -50.486  25.922  8.696 0.0000000000
103258  -48.140  25.232  7.703 0.0000000000
103269  -51.640  26.671  5.902 0.0000000000
103273  -43.932  25.917  5.261 0.0000000000
103293  -47.813  26.502  2.235 0.0000000000
103295  -49.778  26.806  3.009 0.0000000000
103312  -48.860  25.561  0.491 0.0000000000
103868  -43.875  25.658  27.044 0.0000000000
103883  -43.755  26.287  24.736 0.0000000000
103884  -44.380  26.747  24.866 0.0000000000
103888  -43.561  26.491  24.024 0.0000000000
103914  -45.311  27.124  19.128 0.0000000000
103924  -43.303  25.893  18.794 0.0000000000
103929  -49.328  26.551  18.616 0.0000000000
103935  -54.313  26.987  16.842 0.0000000000
103936  -55.229  27.560  16.384 0.0000000000
103939  -53.688  26.473  15.956 0.0000000000
103957  -55.249  27.273  14.553 0.0000000000
103963  -52.622  26.201  12.707 0.0000000000
103973  -54.743  26.992  11.475 0.0000000000
103983  -54.436  26.926  11.131 0.0000000000
104001  -51.768  26.433  8.378 0.0000000000
104002  -53.043  26.928  8.152 0.0000000000
104015  -52.656  27.099  7.359 0.0000000000
104026  -52.277  26.980  6.314 0.0000000000
104045  -42.950  27.111  4.755 0.0000000000
104049  -51.668  27.022  5.397 0.0000000000
104055  -46.423  26.829  3.841 0.0000000000
104061  -47.134  26.692  3.227 0.0000000000
104063  -48.884  27.212  2.323 0.0000000000
104069  -49.232  26.784  1.775 0.0000000000
104598  -42.285  27.668  28.513 0.0000000000
104600  -44.995  27.972  28.502 0.0000000000
104609  -35.917  27.026  27.515 0.0000000000
104611  -37.316  27.350  27.573 0.0000000000
104637  -45.281  27.313  25.882 0.0000000000
104673  -42.789  27.139  21.715 0.0000000000
104681  -42.666  27.224  20.959 0.0000000000
104686  -42.704  27.086  20.216 0.0000000000
104696  -43.707  27.162  19.537 0.0000000000
104698  -46.968  27.677  19.554 0.0000000000
104701  -49.740  27.536  19.412 0.0000000000
104714  -51.011  27.041  18.771 0.0000000000
104717  -54.539  27.587  18.043 0.0000000000
104724  -55.668  27.992  16.857 0.0000000000
104726  -46.765  27.831  15.912 0.0000000000
104738  -44.278  28.137  15.164 0.0000000000
104741  -48.308  27.612  15.675 0.0000000000
104746  -55.244  27.736  14.945 0.0000000000
104756  -44.955  27.697  14.840 0.0000000000
104765  -55.323  27.075  13.509 0.0000000000
104772  -43.410  27.593  13.655 0.0000000000
104778  -55.179  27.071  12.572 0.0000000000
104799  -53.636  27.405  10.766 0.0000000000
104800  -54.381  27.124  11.016 0.0000000000
104808  -42.807  27.563  10.550 0.0000000000
104809  -43.509  27.456  10.984 0.0000000000
104818  -52.770  27.394  8.638 0.0000000000
104819  -53.295  27.206  9.093 0.0000000000
104831  -49.659  27.541  8.429 0.0000000000
104843  -44.510  27.525  7.505 0.0000000000
104855  -41.988  27.401  4.928 0.0000000000
104863  -50.875  27.553  5.760 0.0000000000
104878  -51.524  27.191  5.422 0.0000000000
104892  -49.787  27.119  3.234 0.0000000000
105449  -45.461  28.620  28.556 0.0000000000
105451  -47.003  29.304  28.504 0.0000000000
105465  -45.977  28.462  28.390 0.0000000000
105467  -47.216  29.099  28.237 0.0000000000
105480  -46.756  28.510  27.585 0.0000000000
105490  -45.952  28.082  24.938 0.0000000000
105499  -47.298  29.112  24.364 0.0000000000
105522  -46.396  28.953  22.166 0.0000000000
105535  -45.065  28.372  21.807 0.0000000000
105544  -47.844  28.693  20.618 0.0000000000
105547  -50.757  28.510  20.399 0.0000000000
105550  -54.187  28.743  20.120 0.0000000000
105562  -52.103  28.079  19.691 0.0000000000
105565  -55.995  28.891  19.081 0.0000000000
105566  -56.273  29.230  18.872 0.0000000000
105578  -56.111  29.037  18.480 0.0000000000
105585  -47.556  28.716  17.320 0.0000000000
105586  -48.377  28.664  17.437 0.0000000000
105590  -52.665  28.609  16.943 0.0000000000
105594  -44.867  29.108  16.271 0.0000000000
105602  -54.928  28.343  16.086 0.0000000000
105608  -45.138  28.504  15.994 0.0000000000
105622  -43.519  28.304  14.843 0.0000000000
105642  -41.504  28.522  12.512 0.0000000000
105658  -41.227  28.266  10.851 0.0000000000
105672  -40.550  28.531  8.397 0.0000000000
105695  -40.659  27.860  4.034 0.0000000000
106271  -42.998  28.931  28.576 0.0000000000
106272  -43.946  28.990  28.599 0.0000000000
106275  -47.372  29.758  28.569 0.0000000000
106284  -42.656  29.280  28.134 0.0000000000
106287  -45.667  29.986  28.165 0.0000000000
106288  -48.009  29.582  28.226 0.0000000000
106289  -48.800  30.242  28.374 0.0000000000
106355  -55.618  30.653  22.086 0.0000000000
106367  -47.108  29.258  21.998 0.0000000000
106372  -53.100  29.517  21.554 0.0000000000
106391  -55.726  30.206  19.109 0.0000000000
106397  -46.928  30.108  18.148 0.0000000000
106400  -50.584  29.393  18.623 0.0000000000
106405  -56.208  29.419  19.069 0.0000000000
106414  -45.831  29.938  17.281 0.0000000000
106415  -46.477  29.667  17.557 0.0000000000
106420  -55.760  29.020  17.970 0.0000000000
106446  -42.158  29.102  14.075 0.0000000000
106454  -41.048  29.587  12.193 0.0000000000
106478  -39.867  29.313  8.613 0.0000000000
107098  -46.466  29.937  28.454 0.0000000000
107108  -48.809  30.576  28.409 0.0000000000
107122  -46.516  30.528  27.101 0.0000000000
107123  -47.505  30.806  27.568 0.0000000000
107124  -50.228  30.643  27.663 0.0000000000
107165  -50.157  30.110  22.968 0.0000000000
107166  -51.046  30.330  23.138 0.0000000000
107168  -55.198  30.850  22.888 0.0000000000
107184  -52.664  31.221  21.255 0.0000000000
107186  -55.882  31.048  22.150 0.0000000000
107196  -55.923  30.831  21.497 0.0000000000
107200  -47.895  31.128  19.335 0.0000000000
107201  -48.688  30.658  19.522 0.0000000000
107203  -50.489  30.259  19.758 0.0000000000
107206  -56.232  30.219  20.138 0.0000000000
107207  -56.393  29.947  20.239 0.0000000000
107225  -45.326  30.309  16.851 0.0000000000
107231  -43.784  30.579  15.367 0.0000000000
107234  -42.471  29.900  14.387 0.0000000000
107251  -41.301  30.099  12.599 0.0000000000
107252  -41.806  30.622  13.013 0.0000000000
107258  -40.594  30.016  11.260 0.0000000000
107266  -40.423  30.254  10.561 0.0000000000
107274  -39.883  29.791  9.016 0.0000000000
107297  -36.578  30.497  5.040 0.0000000000
107909  -49.969  31.067  28.356 0.0000000000
107934  -52.254  31.786  26.996 0.0000000000
107945  -47.458  31.680  24.632 0.0000000000
107947  -52.415  31.584  25.967 0.0000000000
107985  -49.988  32.086  21.138 0.0000000000
107989  -54.900  31.494  22.048 0.0000000000
107990  -55.783  31.193  22.086 0.0000000000
107994  -49.479  31.598  20.574 0.0000000000
108001  -48.272  31.814  19.750 0.0000000000
108007  -45.658  30.875  17.047 0.0000000000
108008  -46.071  31.011  17.520 0.0000000000
108023  -44.318  30.943  15.615 0.0000000000
108024  -44.944  31.406  15.740 0.0000000000
108061  -42.213  31.962  10.845 0.0000000000
108067  -40.960  31.415  9.668 0.0000000000
108072  -39.763  30.483  8.148 0.0000000000
108081  -40.189  31.159  7.384 0.0000000000
108109  -42.568  31.532  2.798 0.0000000000
108110  -43.513  31.681  2.863 0.0000000000
108116  -42.033  31.802  1.808 0.0000000000
108118  -43.431  31.967  2.059 0.0000000000
108122  -40.379  31.506  1.498 0.0000000000
108704  -54.230  32.968  25.663 0.0000000000
108718  -54.516  32.554  24.959 0.0000000000
108742  -51.150  33.012  22.242 0.0000000000
108743  -52.099  32.834  22.750 0.0000000000
108745  -54.924  32.206  23.675 0.0000000000
108760  -50.565  32.566  21.657 0.0000000000
108763  -48.623  32.223  20.124 0.0000000000
108774  -47.346  32.405  18.153 0.0000000000
108778  -46.892  32.242  17.557 0.0000000000
108783  -45.617  31.736  16.074 0.0000000000
108792  -46.837  32.578  15.566 0.0000000000
108804  -47.469  32.821  15.034 0.0000000000
108805  -48.152  32.987  14.525 0.0000000000
108817  -46.568  32.506  13.945 0.0000000000
108842  -45.104  32.582  11.056 0.0000000000
108892  -41.907  31.992  7.382 0.0000000000
108904  -43.043  32.225  6.185 0.0000000000
108914  -44.666  32.142  4.117 0.0000000000
108933  -42.162  31.976  1.720 0.0000000000
108935  -43.817  31.956  2.265 0.0000000000
108942  -42.693  31.988  1.796 0.0000000000
109485  -52.674  33.284  26.280 0.0000000000
109486  -53.574  33.639  26.065 0.0000000000
109521  -52.975  33.269  23.460 0.0000000000
109566  -49.213  33.866  18.657 0.0000000000
109573  -47.868  33.120  16.638 0.0000000000
110327  -51.755  34.232  22.652 0.0000000000
110351  -50.563  33.936  21.730 0.0000000000
135940  -50.193  25.491  17.051 0.0000000000
136205  -42.958  29.573  26.082 0.0000000000
136495  -43.738  32.460  10.832 0.0000000000
136525  -44.111  32.564  10.192 0.0000000000
136533  -45.883  27.474  9.039 0.0000000000
136535  -43.415  27.526  9.040 0.0000000000
136540  -47.120  27.413  10.186 0.0000000000
136554  -49.849  27.508  11.662 0.0000000000
136569  -48.532  27.427  13.618 0.0000000000
136577  -49.072  20.184  6.610 0.0000000000
136754  -42.830  27.558  12.926 0.0000000000
136840  -53.543  27.037  9.302 0.0000000000
137718  -43.354  32.458  10.137 0.0000000000
137744  -48.031  20.459  4.176 0.0000000000
137794  -44.147  23.787  18.197 0.0000000000
137845  -45.283  27.501  8.327 0.0000000000
138192  -55.114  26.925  12.398 0.0000000000
138444  -49.449  30.823  28.417 0.0000000000
139186  -50.461  34.571  18.173 0.0000000000
139665  -38.502  23.848  21.882 0.0000000000
139910  -56.481  21.296  8.289 0.0000000000
140249  -53.160  27.189  8.513 0.0000000000
140384  -42.870  26.331  19.204 0.0000000000
140586  -49.971  25.369  13.981 0.0000000000
140968  -37.048  22.033  22.076 0.0000000000
141540  -41.218  24.007  27.919 0.0000000000
141578  -42.728  25.443  24.498 0.0000000000
142135  -45.486  24.353  10.745 0.0000000000
142274  -55.444  31.376  22.555 0.0000000000
142581  -41.218  22.843  18.370 0.0000000000
143873  -55.206  20.771  11.012 0.0000000000
143961  -39.724  22.166  25.364 0.0000000000
144131  -50.958  21.957  24.516 0.0000000000
145108  -47.924  24.371  15.074 0.0000000000
145638  -49.038  33.756  17.134 0.0000000000
145962  -52.401  27.353  7.635 0.0000000000
145993  -52.214  21.429  4.546 0.0000000000
146364  -45.105  27.375  5.129 0.0000000000
146565  -49.413  26.139  1.602 0.0000000000
147778  -40.376  20.146  18.263 0.0000000000
148162  -59.100  20.078  15.113 0.0000000000
148485  -55.403  21.379  7.221 0.0000000000
148562  -46.149  24.596  9.762 0.0000000000
148956  -48.722  29.794  27.921 0.0000000000
149359  -46.896  19.067  23.582 0.0000000000
149687  -48.543  29.423  21.680 0.0000000000
149910  -56.168  30.281  20.769 0.0000000000
150451  -47.834  31.525  25.489 0.0000000000
150711  -50.265  17.341  19.659 0.0000000000
150947  -36.807  19.329  21.698 0.0000000000
151920  -41.790  13.527  25.181 0.0000000000
151996  -41.318  17.521  19.120 0.0000000000
152646  -48.845  25.537  9.776 0.0000000000
152658  -48.079  25.436  9.826 0.0000000000
152952  -45.026  17.858  22.502 0.0000000000
153300  -51.169  29.757  22.029 0.0000000000
153459  -36.984  25.122  26.615 0.0000000000
153801  -46.436  31.601  17.592 0.0000000000
154041  -48.392  27.869  16.372 0.0000000000
154373  -46.844  27.336  13.286 0.0000000000
154378  -45.727  27.239  11.370 0.0000000000
154493  -41.491  28.056  28.464 0.0000000000
154494  -54.074  26.730  11.235 0.0000000000
154554  -53.017  27.577  11.503 0.0000000000
154681  -53.111  32.969  26.467 0.0000000000
154897  -55.119  27.006  12.107 0.0000000000
155058  -50.996  26.274  17.781 0.0000000000
155095  -39.852  31.151  1.555 0.0000000000
155263  -45.283  33.036  8.548 0.0000000000
155387  -54.466  27.398  12.146 0.0000000000
155461  -43.270  27.305  19.971 0.0000000000
155571  -49.239  29.863  22.774 0.0000000000
155992  -44.648  24.237  18.264 0.0000000000
156201  -43.116  32.451  9.481 0.0000000000
156209  -50.731  27.548  14.300 0.0000000000
156673  -39.668  27.786  3.666 0.0000000000
157218  -40.883  24.931  23.131 0.0000000000
157377  -51.529  28.224  16.224 0.0000000000
157432  -50.132  30.474  26.528 0.0000000000
157496  -46.258  32.552  12.166 0.0000000000
157956  -38.226  28.357  4.405 0.0000000000
158366  -49.111  33.419  19.989 0.0000000000
158529  -44.920  26.909  27.576 0.0000000000
159328  -35.491  15.436  24.641 0.0000000000
159578  -44.129  21.546  11.160 0.0000000000
159999  -49.874  29.423  18.625 0.0000000000
160065  -37.663  28.683  4.629 0.0000000000
160099  -52.060  19.506  13.710 0.0000000000
160518  -43.783  22.535  13.692 0.0000000000
160558  -47.182  20.310  11.055 0.0000000000
160596  -41.487  26.121  19.847 0.0000000000
160858  -54.485  32.159  24.858 0.0000000000
161006  -40.838  23.196  25.446 0.0000000000
161330  -47.328  27.395  4.431 0.0000000000
161353  -43.156  16.657  18.579 0.0000000000
161487  -50.268  20.427  10.750 0.0000000000
161740  -48.897  27.521  8.976 0.0000000000
161793  -47.413  27.482  6.491 0.0000000000
161796  -46.809  27.618  15.353 0.0000000000
161880  -44.521  31.697  14.562 0.0000000000
161910  -45.178  21.319  9.078 0.0000000000
161970  -40.253  25.161  22.096 0.0000000000
162171  -42.370  24.201  26.019 0.0000000000
162312  -41.324  31.022  11.633 0.0000000000
162591  -49.789  34.265  19.534 0.0000000000
162629  -36.827  29.266  5.747 0.0000000000
162647  -44.376  18.937  13.780 0.0000000000
162679  -53.545  28.505  16.317 0.0000000000
162723  -48.666  24.985  14.036 0.0000000000
162809  -56.444  29.904  20.284 0.0000000000
162864  -41.337  27.402  4.772 0.0000000000
163709  -47.645  20.809  -0.325 0.0000000000
163754  -50.519  30.923  28.021 0.0000000000
164239  -36.635  19.379  22.117 0.0000000000
164290  -49.335  26.353  1.422 0.0000000000
