#!ascii label  , from subject sub-v1s19x0051294_ses-1 vox2ras=TkReg
1506
5120  -38.396  -75.422  -10.148 0.5000000000
4634  -37.304  -75.678  -10.166 0.6000000238
5043  -40.055  -75.170  -2.843 0.3000000119
4642  -36.319  -76.198  -10.641 0.5000000000
5577  -38.094  -74.740  -4.467 0.4000000060
5567  -38.436  -74.808  -3.548 0.4000000060
6116  -39.050  -73.696  -2.261 0.4000000060
5553  -39.510  -74.436  -2.565 0.3000000119
5566  -37.781  -74.184  -3.870 0.4000000060
6205  -41.569  -73.397  -11.330 0.5000000000
5646  -41.529  -74.052  -10.542 0.5000000000
5129  -39.247  -74.857  -10.522 0.5000000000
6216  -40.759  -73.512  -12.297 0.6000000238
5644  -39.101  -74.321  -12.080 0.5000000000
148263  -37.898  -75.047  -10.830 0.6000000238
140498  -42.531  -74.510  -3.795 0.3000000119
5140  -37.566  -75.140  -11.920 0.5000000000
5579  -38.030  -74.450  -5.360 0.5000000000
5090  -38.570  -75.338  -5.186 0.5000000000
5555  -41.352  -74.395  -3.131 0.3000000119
5152  -38.149  -74.805  -12.564 0.6000000238
5128  -36.938  -75.535  -11.265 0.5000000000
163075  -37.289  -73.590  -4.861 0.5000000000
157072  -37.600  -74.050  -4.701 0.4000000060
6115  -38.210  -73.474  -2.682 0.4000000060
6117  -39.945  -73.792  -2.222 0.3000000119
6118  -40.906  -73.830  -2.657 0.3000000119
139226  -36.946  -73.108  -4.974 0.4000000060
147800  -37.247  -72.972  -3.713 0.4000000060
6706  -38.009  -72.620  -2.535 0.4000000060
6723  -36.881  -72.672  -4.298 0.4000000060
7407  -40.072  -71.562  -11.726 0.6999999881
6801  -41.075  -72.466  -11.249 0.6999999881
5122  -40.663  -75.555  -9.329 0.5000000000
8018  -39.821  -70.278  -13.055 0.6999999881
7416  -40.382  -71.118  -12.593 0.6999999881
6802  -41.601  -72.569  -11.905 0.8000000119
6206  -41.724  -72.959  -11.794 0.5000000000
153704  -40.837  -73.211  -12.855 0.6999999881
5123  -40.858  -75.448  -9.049 0.5000000000
7427  -41.412  -71.782  -13.734 0.6999999881
5594  -39.835  -74.751  -7.653 0.4000000060
5593  -38.860  -74.425  -7.004 0.5000000000
5569  -43.640  -74.226  -4.289 0.3000000119
144501  -39.738  -73.699  -13.918 0.6000000238
6159  -38.270  -73.773  -7.149 0.5000000000
6146  -38.110  -74.071  -6.278 0.5000000000
6125  -42.703  -73.815  -4.167 0.3000000119
5668  -39.191  -74.138  -13.565 0.5000000000
6145  -37.523  -73.393  -6.528 0.5000000000
7351  -36.451  -71.585  -6.214 0.4000000060
6734  -36.854  -72.793  -5.917 0.4000000060
7295  -37.568  -71.907  -2.876 0.4000000060
6696  -39.169  -72.134  -1.744 0.4000000060
6708  -39.540  -72.984  -1.887 0.4000000060
7329  -36.569  -71.487  -4.876 0.3000000119
7330  -36.704  -71.850  -4.279 0.4000000060
10143  -39.741  -67.055  -14.077 0.5000000000
9412  -39.843  -67.968  -14.489 0.6000000238
9404  -39.467  -67.869  -13.554 0.6000000238
8017  -39.017  -69.850  -12.526 0.6000000238
8009  -39.334  -70.743  -12.160 0.6000000238
11657  -39.401  -65.983  -13.964 0.5000000000
10885  -39.506  -66.666  -14.215 0.5000000000
10147  -39.615  -67.290  -14.372 0.6000000238
8683  -39.904  -68.462  -13.982 0.6000000238
8674  -39.760  -69.367  -13.507 0.6999999881
6195  -41.542  -73.761  -10.540 0.6000000238
7299  -43.828  -71.880  -2.731 0.3000000119
10880  -36.720  -66.610  -13.181 0.6999999881
10883  -37.818  -66.509  -14.293 0.6000000238
10145  -38.292  -67.645  -15.031 0.6000000238
9417  -40.017  -68.339  -14.897 0.6000000238
8684  -40.291  -68.926  -14.684 0.6999999881
8035  -40.886  -70.445  -14.590 0.6999999881
6781  -39.693  -72.917  -9.821 0.6000000238
6187  -40.404  -73.572  -9.475 0.6000000238
5603  -40.954  -74.890  -9.031 0.5000000000
11652  -36.973  -65.876  -12.830 0.6999999881
159953  -37.046  -66.749  -13.881 0.6000000238
9416  -37.313  -68.011  -14.897 0.6000000238
9420  -39.137  -68.108  -15.226 0.6000000238
8691  -40.374  -69.157  -15.101 0.6999999881
7439  -40.591  -71.595  -14.821 0.6999999881
6160  -39.176  -74.032  -7.900 0.5000000000
6131  -43.998  -73.621  -4.638 0.3000000119
10875  -36.583  -66.512  -12.367 0.6999999881
9403  -36.198  -67.999  -12.756 0.6000000238
9411  -36.362  -68.290  -13.487 0.6999999881
139155  -38.508  -68.726  -15.403 0.6000000238
8695  -38.479  -69.415  -15.522 0.6000000238
6236  -40.319  -73.127  -14.174 0.6999999881
6186  -39.152  -73.195  -9.179 0.5000000000
6173  -37.793  -73.018  -8.177 0.5000000000
9415  -36.663  -68.229  -14.378 0.6000000238
8693  -36.566  -69.492  -15.492 0.6000000238
7437  -38.889  -71.331  -15.543 0.6000000238
6242  -39.366  -73.067  -15.040 0.6000000238
6235  -39.478  -73.501  -14.519 0.6000000238
6771  -37.344  -72.336  -8.516 0.5000000000
6716  -42.272  -73.090  -3.917 0.3000000119
9410  -36.085  -68.832  -12.830 0.6999999881
8681  -36.221  -69.459  -13.418 0.6000000238
8690  -36.427  -69.148  -14.884 0.6000000238
8038  -37.213  -69.970  -15.820 0.6000000238
7436  -37.744  -70.994  -15.953 0.5000000000
6241  -37.985  -73.879  -15.459 0.5000000000
5677  -38.757  -74.168  -14.340 0.5000000000
6761  -36.659  -72.139  -7.258 0.5000000000
8581  -37.655  -69.726  -5.334 0.3000000119
7938  -37.177  -70.339  -4.794 0.3000000119
7899  -37.439  -70.608  -3.872 0.3000000119
7878  -38.410  -70.862  -2.386 0.4000000060
7296  -38.325  -71.871  -2.196 0.4000000060
5689  -38.009  -74.309  -14.951 0.5000000000
137120  -36.690  -70.047  -6.337 0.3000000119
7937  -36.608  -70.860  -5.181 0.3000000119
7313  -37.131  -71.440  -3.639 0.4000000060
142544  -39.957  -64.850  -13.366 0.5000000000
141003  -39.657  -65.742  -13.529 0.5000000000
11632  -40.505  -64.932  -12.145 0.5000000000
10861  -39.380  -66.405  -12.436 0.5000000000
13388  -38.887  -63.522  -12.365 0.5000000000
13387  -39.237  -63.754  -13.049 0.5000000000
11654  -38.707  -65.199  -13.662 0.5000000000
10138  -39.639  -66.347  -13.585 0.5000000000
10137  -39.273  -67.122  -13.021 0.5000000000
9391  -38.167  -68.556  -11.296 0.6000000238
8664  -38.407  -69.266  -11.835 0.6000000238
12540  -37.778  -64.602  -12.724 0.5000000000
8008  -38.566  -70.287  -11.672 0.6000000238
7395  -39.618  -71.976  -10.964 0.8000000119
7283  -43.601  -71.512  -1.914 0.3000000119
11630  -37.181  -65.413  -11.604 0.6000000238
11646  -37.285  -65.267  -12.437 0.6000000238
11653  -37.662  -65.248  -13.300 0.6000000238
7995  -37.689  -70.010  -10.547 0.4000000060
7300  -44.182  -71.322  -2.648 0.3000000119
10860  -36.520  -66.521  -11.615 0.6999999881
7387  -38.067  -71.841  -9.964 0.5000000000
6789  -39.016  -72.306  -10.295 0.6000000238
6719  -44.309  -73.109  -4.677 0.3000000119
6726  -44.278  -72.765  -5.239 0.3000000119
10838  -36.177  -67.164  -11.022 0.6999999881
7975  -37.003  -70.705  -9.153 0.4000000060
164083  -44.075  -72.761  -5.375 0.3000000119
10123  -36.275  -67.199  -11.822 0.6000000238
9402  -35.790  -68.339  -12.020 0.6999999881
150599  -37.089  -71.553  -8.864 0.4000000060
153836  -41.449  -73.214  -3.050 0.3000000119
8650  -35.327  -69.059  -11.035 0.6000000238
8662  -35.555  -69.145  -11.854 0.6999999881
8027  -36.232  -69.744  -14.450 0.6000000238
8033  -35.859  -70.446  -15.843 0.5000000000
8036  -35.914  -70.825  -16.141 0.5000000000
6827  -38.546  -73.149  -15.484 0.6000000238
143789  -36.744  -71.006  -8.498 0.4000000060
7376  -36.728  -71.720  -7.999 0.4000000060
9316  -38.835  -68.987  -6.162 0.3000000119
8602  -38.100  -69.347  -5.922 0.3000000119
8582  -38.587  -69.314  -5.189 0.3000000119
156963  -38.735  -69.403  -4.392 0.3000000119
7900  -38.244  -70.173  -3.245 0.4000000060
159628  -40.649  -72.095  -2.196 0.3000000119
8026  -36.218  -70.254  -13.408 0.6000000238
7431  -35.780  -71.151  -15.262 0.5000000000
7435  -35.609  -71.208  -16.014 0.5000000000
7441  -36.404  -71.515  -16.366 0.5000000000
6832  -36.929  -73.255  -16.330 0.5000000000
6249  -37.359  -73.956  -15.935 0.6000000238
5185  -36.855  -74.671  -15.505 0.5000000000
152791  -36.531  -70.369  -6.790 0.3000000119
8601  -37.284  -69.579  -6.259 0.3000000119
7425  -36.203  -70.788  -14.267 0.5000000000
159804  -35.296  -72.575  -16.464 0.5000000000
6830  -34.336  -72.644  -16.310 0.5000000000
14202  -40.693  -62.872  -12.187 0.5000000000
13389  -40.703  -63.403  -12.556 0.5000000000
11648  -40.409  -64.515  -12.999 0.5000000000
11633  -41.304  -64.674  -11.727 0.5000000000
11610  -40.719  -65.387  -11.128 0.5000000000
10862  -39.534  -66.091  -11.448 0.5000000000
12507  -38.356  -64.072  -11.206 0.5000000000
12549  -39.755  -64.153  -13.289 0.5000000000
152554  -38.700  -67.133  -10.872 0.4000000060
12527  -37.952  -64.277  -12.129 0.5000000000
9379  -38.337  -67.832  -11.142 0.4000000060
7268  -43.620  -71.390  -0.857 0.3000000119
7865  -45.940  -70.654  -2.115 0.3000000119
146778  -37.698  -64.758  -11.426 0.6000000238
9378  -37.863  -68.439  -10.389 0.4000000060
8663  -37.866  -69.215  -10.909 0.4000000060
159687  -37.116  -65.828  -10.207 0.6000000238
11629  -36.761  -66.009  -11.441 0.6000000238
7882  -44.812  -71.244  -3.562 0.3000000119
7318  -45.292  -71.644  -5.037 0.3000000119
10818  -36.243  -67.015  -10.299 0.6000000238
7986  -37.281  -70.134  -9.760 0.4000000060
10112  -35.654  -67.686  -10.297 0.6000000238
9353  -37.503  -68.629  -8.795 0.4000000060
8632  -36.997  -69.386  -8.565 0.4000000060
6724  -43.733  -73.024  -5.139 0.3000000119
9377  -35.318  -68.501  -10.508 0.6999999881
161254  -36.986  -69.325  -7.432 0.3000000119
9315  -37.964  -69.049  -6.592 0.3000000119
12543  -41.243  -63.722  -12.432 0.5000000000
12529  -40.981  -64.184  -12.514 0.5000000000
12530  -41.814  -64.026  -12.176 0.5000000000
11611  -41.551  -65.420  -11.020 0.4000000060
13379  -39.422  -63.032  -11.773 0.5000000000
10842  -40.902  -65.880  -10.285 0.4000000060
10841  -40.069  -65.986  -10.545 0.4000000060
14189  -39.532  -62.390  -10.907 0.6000000238
10820  -38.886  -66.984  -9.923 0.4000000060
10096  -38.530  -67.518  -9.289 0.4000000060
157095  -46.433  -70.675  -4.104 0.3000000119
7884  -46.219  -70.575  -3.012 0.3000000119
10819  -36.692  -66.343  -10.199 0.6000000238
9368  -37.893  -68.104  -9.494 0.4000000060
8639  -37.235  -69.310  -9.341 0.4000000060
9369  -38.150  -67.969  -8.659 0.4000000060
144094  -37.866  -68.357  -7.992 0.4000000060
8620  -37.226  -68.929  -7.849 0.3000000119
9333  -39.038  -68.356  -7.319 0.3000000119
156261  -34.727  -69.567  -9.792 0.6000000238
13380  -41.388  -63.139  -12.146 0.5000000000
12531  -42.691  -64.010  -11.964 0.5000000000
142789  -43.339  -64.548  -11.649 0.4000000060
146760  -42.370  -64.686  -11.659 0.4000000060
14198  -40.155  -62.602  -11.688 0.5000000000
14199  -40.976  -62.574  -11.654 0.5000000000
10844  -42.868  -66.794  -10.437 0.4000000060
141093  -38.837  -63.338  -10.580 0.6000000238
13360  -39.153  -62.812  -10.795 0.6000000238
14190  -40.289  -62.073  -10.851 0.6000000238
10843  -41.826  -66.248  -10.276 0.4000000060
12506  -37.977  -64.730  -10.461 0.6000000238
159435  -38.845  -62.564  -10.076 0.6000000238
147870  -41.522  -67.493  -8.977 0.4000000060
10097  -39.333  -67.090  -9.078 0.4000000060
11592  -37.592  -65.368  -9.828 0.6000000238
10077  -38.946  -67.582  -8.457 0.4000000060
10078  -39.919  -67.514  -8.324 0.4000000060
9355  -39.481  -68.001  -7.766 0.4000000060
9357  -41.197  -68.151  -7.834 0.4000000060
7334  -45.380  -71.556  -6.214 0.3000000119
7924  -46.234  -71.195  -6.393 0.3000000119
11583  -37.077  -66.079  -9.368 0.6000000238
9334  -39.881  -68.347  -7.242 0.4000000060
7344  -44.437  -71.646  -6.069 0.3000000119
7333  -44.632  -72.123  -5.721 0.3000000119
10095  -35.546  -67.718  -9.403 0.6000000238
9367  -35.226  -68.254  -9.642 0.6000000238
10075  -35.580  -67.667  -8.498 0.6999999881
10792  -36.646  -66.647  -7.714 0.6999999881
9352  -35.253  -68.105  -8.985 0.6000000238
10061  -35.334  -67.858  -7.626 0.6999999881
10053  -35.699  -67.508  -6.841 0.6999999881
9331  -34.525  -68.751  -8.122 0.6000000238
159683  -36.810  -66.379  -6.938 0.6999999881
10780  -36.699  -66.452  -6.213 0.6000000238
148998  -34.410  -68.660  -7.228 0.6999999881
10779  -36.066  -67.146  -5.978 0.6999999881
13381  -42.618  -63.475  -11.576 0.5000000000
164073  -43.862  -64.204  -11.414 0.5000000000
14191  -41.315  -62.369  -10.915 0.5000000000
142807  -42.397  -62.969  -10.049 0.5000000000
13361  -42.950  -63.293  -10.704 0.5000000000
12533  -44.972  -64.920  -11.280 0.5000000000
11634  -43.910  -65.322  -11.541 0.4000000060
10863  -43.560  -66.203  -11.145 0.4000000060
14173  -38.886  -61.981  -10.053 0.6000000238
14991  -39.890  -61.410  -9.867 0.6000000238
14175  -40.805  -61.902  -10.243 0.6000000238
14177  -42.296  -62.902  -9.116 0.6000000238
12494  -38.114  -64.666  -9.433 0.6000000238
14992  -40.882  -61.766  -9.316 0.6000000238
10823  -42.340  -67.333  -9.558 0.4000000060
11584  -37.679  -65.346  -8.840 0.6000000238
12479  -38.268  -63.711  -9.120 0.6000000238
159078  -37.840  -61.703  -8.912 0.6000000238
14982  -38.356  -60.765  -8.502 0.6000000238
14984  -40.112  -61.129  -8.814 0.6000000238
10099  -42.059  -67.796  -8.815 0.4000000060
10065  -43.079  -67.142  -8.238 0.4000000060
12478  -37.906  -64.427  -8.485 0.6000000238
13320  -37.753  -63.248  -8.288 0.6000000238
14155  -37.893  -61.282  -8.521 0.6000000238
15784  -38.623  -60.427  -8.025 0.6000000238
15774  -39.865  -60.089  -7.429 0.6000000238
10080  -42.399  -67.722  -8.617 0.4000000060
10064  -42.414  -67.416  -7.840 0.4000000060
10803  -36.595  -66.652  -8.705 0.6000000238
153383  -37.597  -64.094  -7.583 0.5000000000
14136  -37.657  -62.124  -8.286 0.6000000238
14137  -37.793  -61.494  -8.006 0.6000000238
15761  -38.800  -60.341  -7.665 0.6000000238
15764  -40.257  -59.657  -6.524 0.6999999881
10802  -36.054  -67.278  -9.059 0.6999999881
10793  -37.231  -66.039  -8.283 0.6000000238
13299  -37.595  -63.148  -7.521 0.6000000238
13300  -37.820  -62.320  -7.439 0.6000000238
15762  -39.294  -59.987  -7.087 0.6000000238
16561  -39.826  -59.521  -6.305 0.6000000238
15736  -41.346  -59.249  -4.928 0.6000000238
14121  -38.465  -62.342  -6.445 0.6000000238
14964  -39.140  -60.430  -6.648 0.6000000238
15749  -39.633  -59.654  -6.198 0.6000000238
16553  -40.779  -58.748  -5.083 0.6000000238
148373  -37.343  -65.338  -6.961 0.6000000238
13276  -37.754  -63.252  -6.701 0.6000000238
14122  -39.134  -61.582  -5.971 0.5000000000
14953  -39.436  -60.607  -5.663 0.6000000238
138861  -39.898  -58.994  -5.592 0.6000000238
13252  -38.281  -63.391  -5.777 0.5000000000
10052  -35.020  -68.122  -6.820 0.6999999881
10765  -36.588  -66.549  -5.370 0.6999999881
11533  -37.139  -65.886  -5.731 0.5000000000
12420  -38.041  -64.163  -5.308 0.6000000238
13253  -39.064  -62.647  -5.249 0.5000000000
14103  -39.436  -61.732  -5.158 0.5000000000
12395  -38.347  -64.364  -4.535 0.6000000238
11520  -29.746  -65.473  -4.207 0.6000000238
161878  -28.825  -66.457  -3.301 0.6000000238
10739  -28.557  -66.616  -3.965 0.6000000238
13362  -43.668  -63.833  -11.203 0.5000000000
13339  -43.605  -63.801  -10.217 0.5000000000
13340  -44.341  -64.238  -10.685 0.5000000000
10864  -45.034  -66.220  -11.327 0.5000000000
10845  -44.439  -66.846  -10.979 0.4000000060
14985  -41.033  -61.686  -8.305 0.5000000000
14157  -42.183  -63.002  -8.091 0.5000000000
13301  -42.834  -63.490  -7.457 0.5000000000
10116  -44.800  -67.220  -10.544 0.4000000060
10824  -45.268  -67.196  -9.896 0.4000000060
14138  -41.689  -62.350  -7.720 0.5000000000
13277  -42.548  -63.017  -6.611 0.5000000000
10100  -42.959  -67.661  -9.336 0.4000000060
10082  -44.306  -67.371  -9.565 0.4000000060
10804  -43.992  -66.922  -8.637 0.4000000060
14965  -41.355  -61.120  -6.591 0.5000000000
14966  -41.921  -61.791  -5.941 0.5000000000
14123  -41.867  -62.248  -6.763 0.5000000000
10081  -43.390  -67.586  -9.168 0.4000000060
141637  -40.921  -60.036  -6.427 0.6000000238
14955  -42.105  -61.410  -5.190 0.6000000238
15750  -40.993  -59.395  -5.786 0.6000000238
14941  -41.696  -60.312  -5.101 0.5000000000
16546  -41.149  -58.568  -4.416 0.4000000060
15711  -41.828  -59.756  -3.156 0.4000000060
14904  -42.471  -60.780  -2.474 0.4000000060
16551  -39.941  -58.249  -4.343 0.6000000238
17345  -40.544  -58.307  -4.364 0.6000000238
16534  -41.527  -58.839  -2.852 0.5000000000
16535  -42.002  -59.835  -2.108 0.4000000060
15694  -42.637  -60.466  -1.442 0.4000000060
16515  -42.174  -59.729  -1.162 0.4000000060
8599  -33.887  -69.066  -6.747 0.6999999881
15735  -39.633  -59.581  -5.135 0.6000000238
17333  -40.223  -57.815  -3.724 0.5000000000
141415  -41.610  -58.947  -1.817 0.4000000060
10764  -36.038  -67.127  -4.995 0.6000000238
13240  -39.265  -63.172  -4.246 0.5000000000
14087  -39.508  -62.267  -4.350 0.5000000000
145920  -39.840  -57.987  -3.664 0.5000000000
17321  -40.452  -57.690  -2.961 0.5000000000
17322  -41.121  -57.945  -2.603 0.4000000060
17271  -42.255  -58.471  0.097 0.4000000060
158544  -37.520  -65.327  -4.647 0.6000000238
14924  -39.642  -61.742  -3.474 0.5000000000
12370  -30.354  -64.521  -4.183 0.6999999881
11510  -29.810  -65.373  -3.489 0.6000000238
11502  -29.766  -65.287  -2.739 0.6999999881
10727  -28.814  -66.654  -2.583 0.6000000238
151061  -29.594  -65.829  -1.101 0.6000000238
10003  -28.242  -67.182  -3.188 0.6000000238
10711  -28.872  -67.036  -1.785 0.6000000238
10712  -29.380  -66.685  -1.120 0.6000000238
10687  -29.736  -66.398  -0.485 0.6000000238
10650  -30.929  -66.606  1.287 0.6000000238
153745  -27.698  -68.049  -3.398 0.5000000000
9231  -28.816  -68.431  -1.378 0.6000000238
9219  -29.518  -68.277  -0.668 0.6000000238
9939  -30.164  -67.785  0.015 0.6000000238
9922  -30.726  -67.278  0.679 0.6000000238
12509  -45.655  -65.364  -10.859 0.5000000000
9246  -27.717  -68.859  -2.781 0.5000000000
9247  -28.212  -68.616  -1.994 0.5000000000
9207  -30.828  -68.182  0.415 0.5000000000
9923  -31.456  -67.794  0.887 0.5000000000
13323  -43.477  -63.913  -9.098 0.4000000060
157443  -44.100  -64.273  -8.708 0.5000000000
11613  -46.073  -65.905  -10.833 0.5000000000
10846  -45.285  -66.785  -10.872 0.4000000060
146650  -29.543  -69.624  -1.389 0.5000000000
8523  -29.855  -69.084  -0.668 0.5000000000
152827  -32.224  -68.619  0.418 0.5000000000
9924  -32.296  -68.082  0.908 0.5000000000
150180  -43.491  -64.025  -8.120 0.5000000000
10825  -46.208  -66.671  -10.084 0.4000000060
10797  -45.998  -66.340  -8.694 0.4000000060
11570  -46.424  -65.757  -7.780 0.4000000060
8541  -28.850  -69.879  -2.004 0.5000000000
8532  -30.578  -69.691  -0.933 0.5000000000
8524  -31.227  -69.367  -0.376 0.6000000238
9210  -33.414  -68.427  0.283 0.6000000238
10805  -44.979  -66.768  -9.087 0.4000000060
8534  -32.083  -69.765  -1.343 0.6000000238
8526  -32.754  -69.311  -0.766 0.6000000238
158324  -33.268  -68.831  -0.379 0.6999999881
145272  -42.352  -62.535  -6.063 0.4000000060
14088  -42.651  -62.075  -4.630 0.5000000000
7312  -30.904  -71.113  -4.060 0.6000000238
14942  -42.304  -61.156  -4.288 0.5000000000
14905  -43.295  -61.580  -2.512 0.4000000060
7917  -32.236  -70.271  -4.529 0.6000000238
14925  -42.683  -61.449  -3.288 0.4000000060
8580  -33.253  -69.453  -5.444 0.6000000238
9301  -34.326  -68.498  -5.416 0.6000000238
15695  -43.363  -60.708  -1.094 0.4000000060
10027  -35.417  -67.565  -4.517 0.6000000238
10045  -34.932  -68.077  -5.860 0.6999999881
11523  -37.978  -65.004  -4.214 0.6000000238
11513  -38.184  -65.212  -3.377 0.6000000238
13222  -38.976  -63.928  -4.045 0.5000000000
150604  -39.585  -62.825  -3.433 0.5000000000
137697  -29.735  -64.218  -3.186 0.6999999881
11492  -29.670  -65.162  -1.850 0.6999999881
137671  -29.591  -65.075  -0.913 0.6000000238
11480  -29.690  -65.609  -0.345 0.6000000238
161859  -29.696  -65.431  0.340 0.6000000238
157824  -29.954  -66.069  0.170 0.6000000238
11438  -31.210  -66.040  1.863 0.6999999881
10641  -32.060  -66.161  2.176 0.6000000238
9909  -31.336  -67.191  1.207 0.6000000238
12481  -44.994  -64.512  -9.026 0.5000000000
12496  -44.896  -64.586  -10.046 0.5000000000
12508  -45.152  -64.789  -10.780 0.5000000000
12498  -46.877  -65.240  -9.874 0.5000000000
9911  -32.825  -67.512  1.382 0.6000000238
10652  -32.513  -66.835  1.785 0.5000000000
12482  -46.309  -64.644  -9.205 0.5000000000
10848  -46.742  -66.313  -10.186 0.5000000000
10807  -46.761  -66.401  -9.540 0.4000000060
9927  -35.242  -67.292  0.381 0.6000000238
140401  -33.789  -67.828  0.787 0.6000000238
153919  -34.363  -66.594  1.659 0.5000000000
13302  -43.789  -63.863  -7.301 0.5000000000
7897  -31.394  -70.606  -3.466 0.6000000238
7876  -31.902  -70.237  -2.834 0.4000000060
8543  -32.396  -69.825  -2.286 0.6000000238
9222  -33.516  -68.933  -1.119 0.6000000238
9940  -34.731  -67.823  -0.097 0.6000000238
10668  -34.882  -66.984  1.114 0.6000000238
13254  -43.000  -63.054  -5.742 0.4000000060
13255  -43.899  -63.391  -5.961 0.4000000060
8553  -32.834  -69.587  -3.720 0.5000000000
8544  -33.126  -69.364  -2.800 0.5000000000
9232  -33.744  -68.819  -2.142 0.6000000238
9233  -34.196  -68.452  -1.489 0.6999999881
9961  -34.864  -67.916  -1.114 0.6000000238
9941  -35.494  -67.430  -0.543 0.6000000238
10689  -35.967  -66.943  0.074 0.6000000238
14089  -43.422  -62.444  -4.260 0.5000000000
159038  -32.580  -69.842  -4.359 0.6000000238
9249  -34.358  -68.334  -2.768 0.6000000238
9984  -34.673  -68.054  -2.063 0.6000000238
142645  -36.606  -66.692  -1.274 0.6000000238
10690  -36.152  -67.013  -0.644 0.6000000238
10671  -37.093  -66.076  0.196 0.6000000238
14070  -43.347  -62.059  -3.385 0.4000000060
9283  -33.775  -68.830  -4.301 0.5000000000
9265  -34.190  -68.483  -3.704 0.6000000238
151749  -35.589  -67.401  -2.794 0.6000000238
10714  -37.299  -66.278  -1.655 0.6000000238
11493  -37.816  -65.854  -1.298 0.6000000238
8567  -33.184  -69.372  -4.526 0.6000000238
9284  -34.294  -68.451  -4.572 0.6000000238
137507  -34.800  -67.984  -4.117 0.6000000238
10006  -36.042  -67.069  -3.248 0.6000000238
10730  -37.199  -66.251  -2.554 0.6000000238
11522  -37.459  -65.653  -3.936 0.6000000238
10752  -36.915  -66.196  -4.083 0.6000000238
12372  -39.218  -64.116  -3.236 0.5000000000
13220  -29.344  -63.432  -3.400 0.6999999881
141235  -29.447  -64.462  -2.056 0.6999999881
14938  -28.424  -61.579  -4.454 0.6999999881
140352  -28.487  -62.730  -3.167 0.6999999881
163625  -28.866  -63.330  -2.849 0.6999999881
13191  -28.939  -63.917  -1.763 0.6999999881
163464  -29.241  -64.494  -0.696 0.6000000238
12299  -29.528  -64.973  0.947 0.6000000238
12278  -30.207  -64.733  2.143 0.5000000000
11459  -29.966  -65.673  0.911 0.6999999881
11425  -31.535  -65.484  2.304 0.5000000000
11426  -32.482  -65.346  2.418 0.5000000000
11427  -33.374  -65.554  2.357 0.5000000000
12483  -47.668  -64.871  -9.254 0.5000000000
12484  -48.449  -64.994  -8.866 0.5000000000
11586  -48.169  -65.502  -8.945 0.5000000000
161853  -48.119  -65.541  -8.564 0.4000000060
156494  -44.100  -63.652  -6.652 0.4000000060
12460  -46.855  -64.388  -8.417 0.4000000060
10655  -35.237  -66.203  1.511 0.6000000238
10670  -36.382  -66.398  0.488 0.6000000238
10656  -36.103  -66.059  1.125 0.6000000238
11462  -37.827  -65.463  -0.035 0.6000000238
11461  -37.153  -65.470  0.608 0.6000000238
11503  -37.818  -65.845  -2.068 0.6000000238
11494  -38.453  -65.390  -1.445 0.6000000238
12302  -38.358  -64.495  0.176 0.6000000238
11512  -37.663  -65.757  -2.983 0.6000000238
11482  -38.577  -65.049  -0.587 0.5000000000
12353  -38.861  -64.752  -2.852 0.6000000238
12336  -39.044  -64.860  -1.940 0.5000000000
13223  -39.575  -63.464  -2.785 0.5000000000
15734  -28.026  -60.859  -4.972 0.6999999881
14923  -27.875  -61.572  -3.900 0.6999999881
14053  -27.763  -62.484  -2.520 0.6999999881
13203  -28.439  -63.245  -2.273 0.6999999881
147630  -27.754  -62.814  -1.663 0.6000000238
12334  -28.815  -63.975  -0.959 0.6999999881
12298  -28.988  -64.114  0.832 0.4000000060
15733  -27.210  -60.407  -4.806 0.6999999881
14922  -27.223  -61.254  -3.561 0.6999999881
14902  -27.172  -61.818  -2.724 0.6000000238
149042  -27.163  -62.266  -1.936 0.6000000238
12277  -29.556  -64.373  1.757 0.5000000000
16559  -26.175  -59.129  -5.555 0.6999999881
16550  -26.443  -59.755  -4.820 0.6999999881
12258  -30.097  -64.042  2.339 0.5000000000
17354  -25.365  -58.524  -5.604 0.6999999881
12259  -30.872  -64.518  2.428 0.5000000000
17366  -24.693  -58.038  -6.060 0.6000000238
17352  -23.943  -58.119  -5.542 0.6000000238
18216  -23.290  -57.772  -6.372 0.6000000238
18213  -20.547  -57.831  -6.511 0.5000000000
17339  -20.142  -58.499  -4.497 0.5000000000
12461  -48.220  -64.562  -8.457 0.4000000060
11573  -49.089  -64.789  -7.962 0.4000000060
13178  -38.760  -63.552  0.123 0.6000000238
13176  -27.721  -62.919  -0.806 0.5000000000
13177  -28.301  -63.442  -0.460 0.5000000000
15732  -26.637  -60.241  -4.276 0.6000000238
14921  -26.607  -61.152  -2.854 0.6000000238
149712  -26.616  -61.683  -2.102 0.6000000238
14028  -27.160  -62.291  -0.366 0.6000000238
14016  -28.145  -62.878  0.780 0.5000000000
13142  -29.032  -63.556  1.646 0.5000000000
13143  -29.552  -63.643  2.170 0.5000000000
143977  -25.617  -59.155  -4.636 0.6999999881
16544  -26.069  -59.803  -4.028 0.6000000238
162072  -26.148  -60.546  -2.866 0.6000000238
14901  -26.115  -61.028  -2.224 0.6000000238
15690  -25.803  -60.766  -1.574 0.6000000238
13125  -30.752  -63.585  2.509 0.5000000000
17353  -25.034  -58.656  -4.786 0.6999999881
17344  -24.984  -58.895  -4.100 0.6000000238
16542  -24.823  -59.138  -3.357 0.6000000238
149094  -25.067  -59.680  -1.956 0.6000000238
158478  -25.480  -60.101  -1.618 0.6000000238
17343  -24.344  -58.561  -4.542 0.6000000238
17330  -24.423  -58.834  -3.782 0.6000000238
16541  -24.090  -58.994  -3.135 0.6000000238
142061  -24.293  -59.464  -1.838 0.6000000238
17342  -23.365  -58.552  -4.673 0.6000000238
17328  -22.754  -58.929  -3.915 0.6000000238
16540  -23.155  -59.142  -3.098 0.6000000238
16527  -23.576  -59.367  -2.222 0.6000000238
17341  -22.350  -58.667  -4.720 0.5000000000
17340  -21.304  -58.668  -4.696 0.5000000000
17327  -21.671  -59.032  -3.934 0.5000000000
16539  -22.016  -59.273  -3.070 0.6000000238
16526  -22.446  -59.413  -2.197 0.6000000238
13307  -49.756  -64.228  -7.503 0.4000000060
18212  -18.908  -57.576  -5.992 0.5000000000
146817  -20.759  -58.885  -3.915 0.5000000000
17316  -20.822  -59.095  -2.997 0.6000000238
16525  -21.356  -59.289  -2.067 0.6000000238
18196  -18.509  -57.510  -4.852 0.5000000000
150325  -18.743  -57.759  -4.003 0.5000000000
17325  -19.340  -58.242  -3.777 0.4000000060
160131  -19.967  -58.536  -2.515 0.5000000000
17315  -20.465  -58.816  -1.917 0.6000000238
14015  -27.624  -62.395  0.512 0.6000000238
14001  -28.508  -62.777  1.584 0.5000000000
158504  -29.185  -62.969  2.193 0.5000000000
14847  -27.157  -61.924  0.425 0.6000000238
14000  -27.538  -61.904  1.052 0.5000000000
13124  -29.952  -63.143  2.484 0.5000000000
158930  -25.766  -60.489  -0.293 0.6999999881
15651  -26.418  -60.400  0.994 0.6999999881
16508  -24.497  -59.568  -1.175 0.6000000238
16486  -25.402  -59.935  -0.365 0.6999999881
16507  -23.622  -59.506  -1.280 0.6000000238
159326  -24.364  -59.533  0.181 0.6999999881
16483  -22.604  -59.458  -0.550 0.6000000238
16462  -23.520  -59.382  0.573 0.6999999881
16482  -21.567  -59.186  -0.511 0.6000000238
16461  -22.475  -59.229  0.354 0.6999999881
19114  -17.658  -56.162  -5.493 0.5000000000
158687  -18.463  -57.242  -4.189 0.5000000000
17314  -19.415  -58.090  -2.819 0.4000000060
17301  -19.911  -58.188  -1.911 0.6000000238
17281  -21.009  -58.621  -0.492 0.6000000238
141994  -18.145  -56.092  -4.791 0.5000000000
18178  -18.684  -57.102  -3.441 0.4000000060
19071  -19.541  -56.927  -2.153 0.5000000000
13984  -29.523  -62.290  2.517 0.5000000000
13983  -28.765  -62.163  2.229 0.5000000000
14833  -26.912  -61.272  0.866 0.6000000238
15639  -27.061  -60.610  1.627 0.5000000000
15630  -28.508  -60.578  2.833 0.5000000000
16465  -26.004  -59.823  1.108 0.6999999881
16464  -25.344  -59.561  0.954 0.6999999881
16463  -24.478  -59.429  0.843 0.6000000238
17262  -21.619  -58.849  0.122 0.6999999881
16446  -23.825  -59.095  1.373 0.6000000238
17302  -20.399  -58.286  -1.178 0.6000000238
153366  -21.142  -58.294  -0.034 0.6000000238
19938  -18.614  -55.474  -4.387 0.5000000000
19088  -19.128  -56.737  -2.862 0.4000000060
18142  -20.360  -57.582  -1.054 0.6000000238
20844  -19.556  -54.711  -4.246 0.4000000060
19926  -19.031  -55.959  -3.498 0.4000000060
19072  -20.121  -56.316  -2.199 0.5000000000
19054  -20.294  -56.832  -1.487 0.5000000000
16449  -26.485  -59.840  1.763 0.6000000238
156871  -27.854  -60.176  2.707 0.5000000000
16448  -25.648  -59.411  1.626 0.6000000238
16435  -26.786  -59.426  2.560 0.5000000000
16447  -24.757  -59.191  1.512 0.6000000238
17249  -24.217  -58.704  2.010 0.6000000238
17235  -25.553  -58.518  2.719 0.5000000000
153050  -23.459  -58.530  1.705 0.6000000238
18106  -22.178  -57.865  1.084 0.6999999881
17248  -23.282  -57.907  1.939 0.5000000000
18124  -21.168  -57.637  -0.029 0.6000000238
18123  -20.773  -57.225  -0.700 0.5000000000
19912  -20.581  -55.549  -2.737 0.4000000060
19055  -21.228  -56.352  -1.195 0.5000000000
20744  -21.440  -54.579  1.838 0.4000000060
21707  -21.803  -53.849  1.711 0.3000000119
20757  -21.960  -54.205  1.120 0.4000000060
16421  -27.102  -58.977  3.169 0.5000000000
20767  -21.028  -54.893  0.117 0.3000000119
20768  -21.783  -54.355  0.296 0.4000000060
140337  -24.702  -58.259  2.546 0.5000000000
17222  -26.659  -58.274  3.393 0.5000000000
21761  -20.496  -53.763  -1.934 0.3000000119
21740  -22.102  -53.786  -0.530 0.4000000060
18080  -24.399  -57.503  2.714 0.5000000000
155889  -20.635  -52.502  -3.230 0.3000000119
18091  -22.791  -57.539  1.571 0.6000000238
19044  -21.478  -56.731  -0.327 0.6999999881
160720  -22.429  -57.079  1.159 0.6000000238
19899  -21.879  -55.509  -1.862 0.5000000000
19045  -22.214  -56.319  -0.098 0.5000000000
19056  -22.209  -55.831  -0.965 0.4000000060
19886  -22.896  -55.698  -0.424 0.4000000060
22669  -20.520  -52.929  2.636 0.3000000119
23535  -21.061  -52.688  2.180 0.3000000119
22683  -21.939  -53.111  1.682 0.3000000119
21708  -22.393  -53.477  1.123 0.4000000060
18066  -26.114  -57.566  3.489 0.5000000000
21762  -21.472  -53.590  -1.536 0.4000000060
21722  -22.410  -53.722  0.421 0.4000000060
18081  -25.233  -57.679  3.138 0.5000000000
21779  -21.045  -53.031  -2.532 0.4000000060
22717  -21.975  -52.530  -2.360 0.4000000060
18079  -23.725  -57.407  2.346 0.5000000000
18996  -24.797  -56.802  3.157 0.5000000000
22737  -21.465  -52.108  -3.251 0.4000000060
18994  -23.599  -56.676  2.172 0.5000000000
19024  -22.712  -56.251  0.594 0.5000000000
19849  -23.596  -56.084  1.805 0.5000000000
20846  -21.779  -53.998  -3.935 0.3000000119
19914  -22.459  -54.752  -2.581 0.4000000060
135914  -23.024  -55.370  -1.132 0.4000000060
19887  -23.521  -55.472  0.034 0.4000000060
23533  -19.489  -51.595  2.426 0.3000000119
163043  -19.730  -51.549  1.735 0.3000000119
137665  -21.920  -52.316  1.693 0.4000000060
22684  -22.794  -52.602  1.213 0.4000000060
18057  -29.436  -57.558  4.397 0.4000000060
21723  -22.942  -53.032  0.496 0.4000000060
147165  -28.756  -57.120  4.465 0.4000000060
21763  -22.457  -52.989  -1.348 0.4000000060
21741  -22.828  -53.177  -0.335 0.4000000060
18982  -26.369  -56.807  3.801 0.4000000060
141504  -23.049  -52.374  -1.121 0.4000000060
139718  -24.694  -56.001  2.871 0.5000000000
22738  -22.433  -51.676  -3.090 0.4000000060
22771  -22.092  -52.101  -4.256 0.3000000119
19837  -24.075  -55.976  2.312 0.5000000000
153133  -23.100  -54.236  -2.871 0.3000000119
23541  -19.060  -51.325  1.747 0.3000000119
24407  -19.176  -51.047  1.239 0.3000000119
141422  -20.557  -51.264  1.598 0.3000000119
24398  -21.632  -50.796  1.586 0.4000000060
148972  -21.782  -51.528  1.668 0.4000000060
24399  -22.683  -50.843  1.566 0.3000000119
23543  -22.726  -51.748  1.452 0.4000000060
144020  -30.582  -56.956  4.046 0.4000000060
18985  -32.076  -56.111  2.806 0.4000000060
23544  -23.419  -51.798  1.070 0.4000000060
18055  -27.911  -57.144  4.323 0.4000000060
163246  -26.634  -56.163  3.936 0.4000000060
22718  -22.798  -51.837  -2.112 0.3000000119
19825  -25.947  -55.963  3.638 0.4000000060
160263  -22.381  -51.666  -3.611 0.3000000119
23569  -23.232  -51.416  -2.572 0.3000000119
21794  -23.427  -52.432  -3.362 0.3000000119
24395  -17.987  -50.365  0.886 0.3000000119
24397  -20.597  -50.367  1.283 0.4000000060
25175  -21.410  -49.468  1.247 0.4000000060
25176  -22.187  -49.943  1.560 0.4000000060
142276  -32.279  -56.056  2.279 0.4000000060
145344  -31.677  -56.134  3.269 0.4000000060
24400  -23.572  -50.672  1.387 0.4000000060
18970  -30.085  -56.220  4.325 0.4000000060
22704  -23.758  -51.676  -0.397 0.4000000060
18967  -27.703  -56.355  4.340 0.4000000060
152979  -29.296  -56.028  4.471 0.4000000060
22719  -23.545  -51.447  -1.534 0.3000000119
19826  -26.699  -55.519  3.769 0.4000000060
23584  -23.400  -51.427  -2.712 0.3000000119
19838  -25.498  -55.344  3.000 0.5000000000
22755  -23.087  -51.612  -3.344 0.3000000119
22739  -23.586  -51.664  -2.922 0.3000000119
19851  -24.832  -55.194  2.166 0.5000000000
20790  -24.086  -54.587  -1.233 0.3000000119
20758  -24.760  -54.816  1.074 0.4000000060
19901  -23.443  -54.884  -1.510 0.4000000060
25188  -17.995  -50.106  0.489 0.3000000119
145171  -23.057  -49.322  1.565 0.3000000119
160488  -23.680  -49.583  1.542 0.3000000119
19840  -32.542  -55.480  2.509 0.4000000060
23545  -23.865  -51.164  1.065 0.3000000119
18984  -30.948  -56.122  3.749 0.4000000060
19830  -32.230  -55.443  3.040 0.3000000119
23552  -24.368  -50.889  0.556 0.3000000119
19816  -27.936  -55.693  4.324 0.4000000060
19828  -30.473  -55.219  3.959 0.4000000060
140440  -24.539  -50.958  -1.465 0.3000000119
23571  -24.470  -51.048  -1.926 0.3000000119
20746  -26.362  -54.557  2.746 0.4000000060
21764  -24.638  -52.868  -2.074 0.3000000119
21743  -25.354  -53.331  -0.817 0.3000000119
20792  -25.224  -54.063  -0.260 0.3000000119
20759  -25.478  -54.489  1.466 0.3000000119
151343  -23.993  -50.085  1.446 0.3000000119
25178  -24.315  -49.456  1.440 0.3000000119
25191  -24.734  -49.966  1.153 0.3000000119
19829  -31.544  -55.206  3.494 0.3000000119
20721  -29.768  -54.737  4.062 0.4000000060
159153  -31.736  -54.346  3.447 0.4000000060
23572  -25.115  -50.902  -1.308 0.3000000119
20719  -28.212  -54.942  4.105 0.4000000060
20720  -29.042  -54.773  4.156 0.4000000060
22720  -24.601  -51.732  -2.175 0.3000000119
21742  -24.881  -53.369  -1.433 0.3000000119
20760  -25.971  -53.904  0.931 0.3000000119
152956  -26.504  -50.345  -0.398 0.3000000119
23561  -25.529  -51.309  -1.147 0.3000000119
20734  -29.446  -54.039  3.728 0.3000000119
21686  -30.340  -53.536  3.584 0.3000000119
22705  -25.652  -52.212  -0.982 0.3000000119
21683  -28.019  -53.775  3.173 0.3000000119
21724  -25.701  -53.672  0.056 0.3000000119
144502  -26.218  -54.180  1.786 0.3000000119
25202  -27.097  -49.882  -0.291 0.3000000119
144692  -27.407  -49.186  0.156 0.3000000119
145447  -26.073  -51.607  -0.707 0.3000000119
21684  -28.791  -53.498  3.307 0.3000000119
24419  -27.482  -50.235  -0.209 0.3000000119
25194  -27.741  -49.717  -0.075 0.3000000119
19888  -24.160  -54.850  -0.424 0.4000000060
20848  -23.320  -53.519  -3.279 0.3000000119
20815  -24.458  -53.865  -1.684 0.3000000119
6791  -41.401  -73.338  -10.587 0.6000000238
143047  -41.617  -74.171  -10.073 0.5000000000
5630  -40.590  -74.510  -10.639 0.5000000000
5141  -38.509  -74.640  -11.478 0.5000000000
5631  -41.381  -74.566  -9.956 0.5000000000
5586  -39.362  -75.108  -6.850 0.5000000000
7408  -41.253  -71.881  -12.125 0.6999999881
7406  -38.912  -71.193  -11.395 0.6999999881
7426  -41.246  -71.203  -13.873 0.6999999881
6809  -41.208  -72.751  -13.021 0.6999999881
5106  -40.249  -75.480  -7.576 0.4000000060
6821  -40.710  -72.318  -14.409 0.6999999881
155157  -38.282  -73.501  -7.821 0.5000000000
6717  -42.854  -72.568  -4.686 0.3000000119
6749  -36.987  -72.741  -6.904 0.5000000000
7364  -36.464  -71.263  -7.052 0.3000000119
9392  -38.679  -68.092  -12.254 0.6000000238
8673  -39.110  -68.849  -12.945 0.6000000238
146645  -39.053  -66.676  -11.472 0.5000000000
11656  -38.306  -65.854  -13.982 0.6000000238
8685  -40.658  -69.689  -14.758 0.6999999881
6718  -44.093  -72.799  -3.555 0.3000000119
9419  -37.902  -68.346  -15.266 0.6000000238
9421  -39.546  -68.810  -15.320 0.6000000238
8697  -40.419  -69.869  -15.202 0.6999999881
6780  -38.569  -72.548  -9.590 0.5000000000
6174  -38.691  -73.393  -8.455 0.6000000238
6176  -40.888  -74.283  -9.278 0.5000000000
8039  -38.623  -70.328  -15.631 0.6000000238
143704  -39.166  -72.309  -15.342 0.6999999881
8034  -36.133  -69.861  -15.471 0.5000000000
144370  -38.033  -72.160  -15.785 0.5000000000
7331  -42.855  -71.794  -4.679 0.3000000119
137308  -35.589  -69.937  -11.948 0.6000000238
153405  -37.111  -72.376  -16.272 0.5000000000
7919  -38.639  -69.644  -3.795 0.3000000119
7393  -37.661  -70.941  -10.219 0.5000000000
7315  -42.292  -71.652  -3.853 0.3000000119
7440  -35.676  -71.621  -16.262 0.5000000000
150592  -40.386  -66.344  -9.793 0.4000000060
7923  -45.945  -71.160  -5.117 0.3000000119
143317  -38.275  -62.025  -9.475 0.6000000238
10076  -36.206  -67.147  -8.308 0.6999999881
11567  -37.197  -65.955  -7.363 0.6000000238
11550  -37.450  -64.998  -6.251 0.6000000238
14989  -38.299  -61.320  -9.188 0.6000000238
13322  -42.814  -63.514  -8.524 0.5000000000
10101  -43.805  -67.559  -9.786 0.4000000060
15786  -39.508  -60.482  -8.215 0.6000000238
14976  -41.206  -61.476  -7.404 0.5000000000
142691  -38.250  -61.469  -7.346 0.6000000238
15737  -41.823  -60.139  -4.408 0.4000000060
9314  -33.782  -68.986  -5.870 0.6000000238
10046  -35.457  -67.583  -5.417 0.6999999881
153998  -28.426  -67.353  -2.367 0.6000000238
12480  -44.216  -64.301  -9.618 0.4000000060
13278  -43.304  -63.470  -6.582 0.4000000060
14884  -43.045  -61.091  -1.736 0.4000000060
15723  -39.599  -60.375  -4.017 0.4000000060
7936  -32.919  -69.931  -5.822 0.6000000238
10728  -29.404  -66.017  -1.981 0.6000000238
9220  -30.309  -68.558  -0.190 0.6000000238
11593  -47.211  -65.688  -9.922 0.5000000000
8533  -31.213  -70.092  -1.515 0.5000000000
9912  -34.105  -67.292  1.272 0.6000000238
7861  -30.318  -70.221  -1.721 0.4000000060
10741  -36.005  -67.117  -4.120 0.5000000000
14105  -43.869  -63.021  -5.069 0.5000000000
9962  -35.369  -67.561  -1.967 0.6000000238
10004  -34.744  -68.003  -3.406 0.5000000000
18240  -24.299  -57.403  -7.540 0.6000000238
17338  -19.135  -58.081  -4.712 0.5000000000
14863  -26.548  -61.735  -0.761 0.5000000000
16529  -25.280  -59.589  -2.870 0.6000000238
15689  -25.687  -60.213  -2.350 0.6000000238
143150  -26.216  -60.880  0.225 0.6000000238
17329  -23.731  -58.773  -3.842 0.6000000238
18211  -18.108  -56.942  -5.990 0.5000000000
14819  -28.299  -61.363  2.248 0.5000000000
17264  -22.940  -58.975  1.134 0.6000000238
19023  -21.851  -57.142  0.519 0.6000000238
19864  -21.413  -54.865  1.057 0.3000000119
16434  -26.001  -59.178  2.289 0.5000000000
19913  -21.526  -55.158  -2.666 0.3000000119
18068  -27.896  -58.005  4.067 0.4000000060
18067  -27.062  -57.578  3.840 0.4000000060
19900  -22.766  -55.193  -1.735 0.4000000060
20847  -22.599  -53.959  -3.522 0.3000000119
19850  -24.118  -55.480  1.526 0.5000000000
153560  -30.007  -57.033  4.395 0.4000000060
24406  -18.275  -50.671  0.875 0.3000000119
23570  -23.897  -50.995  -2.100 0.3000000119
19839  -26.235  -55.194  3.370 0.4000000060
20769  -24.770  -54.571  0.040 0.3000000119
23559  -24.165  -51.071  -1.105 0.3000000119
26075  -18.137  -48.571  -0.587 0.3000000119
155650  -25.007  -50.674  -0.911 0.3000000119
20732  -27.687  -54.474  3.595 0.4000000060
140633  -26.040  -50.879  -0.710 0.3000000119
5674  -30.395  -74.506  -14.607 0.5000000000
6230  -31.747  -73.734  -15.217 0.5000000000
6239  -32.377  -73.374  -15.790 0.5000000000
6824  -33.682  -72.698  -16.024 0.4000000060
5661  -29.817  -75.129  -13.161 0.5000000000
5662  -30.592  -74.684  -13.671 0.5000000000
5676  -31.975  -73.955  -14.310 0.5000000000
6231  -32.533  -73.524  -14.941 0.5000000000
6817  -33.892  -72.825  -15.422 0.5000000000
6825  -34.400  -72.335  -15.931 0.4000000060
5651  -30.190  -75.088  -12.264 0.4000000060
5653  -31.719  -74.528  -12.931 0.5000000000
6222  -32.749  -73.804  -14.047 0.5000000000
6826  -35.230  -71.836  -15.742 0.4000000060
141929  -31.608  -74.736  -12.117 0.5000000000
5665  -33.013  -74.218  -13.144 0.5000000000
5664  -32.205  -74.248  -13.461 0.5000000000
5655  -33.177  -74.428  -12.201 0.5000000000
6223  -33.625  -73.711  -13.746 0.5000000000
137211  -33.885  -74.100  -12.800 0.5000000000
6224  -34.620  -73.553  -13.388 0.5000000000
6814  -35.774  -72.544  -13.703 0.4000000060
147442  -32.316  -74.616  -11.509 0.5000000000
6214  -34.670  -73.720  -12.401 0.5000000000
6215  -35.529  -73.138  -12.965 0.5000000000
153201  -36.061  -72.261  -13.099 0.5000000000
6170  -31.648  -73.831  -8.360 0.5000000000
5626  -31.767  -74.597  -10.675 0.5000000000
5627  -32.580  -74.400  -10.575 0.5000000000
6202  -33.916  -74.005  -11.066 0.5000000000
152308  -33.772  -73.481  -9.930 0.5000000000
6203  -34.579  -73.566  -11.358 0.5000000000
140528  -34.626  -73.076  -10.643 0.5000000000
6800  -35.638  -72.515  -12.152 0.5000000000
7415  -35.899  -71.516  -12.335 0.5000000000
6183  -32.290  -74.073  -9.162 0.5000000000
6171  -32.663  -73.549  -8.476 0.5000000000
6760  -33.171  -72.397  -7.445 0.5000000000
6185  -33.835  -73.123  -9.335 0.5000000000
6769  -33.606  -72.379  -8.194 0.5000000000
7373  -33.944  -71.436  -8.469 0.5000000000
152305  -34.684  -72.292  -10.292 0.5000000000
7385  -34.522  -71.634  -9.765 0.5000000000
7374  -34.263  -71.484  -9.196 0.5000000000
7404  -35.098  -71.786  -10.771 0.5000000000
7392  -34.804  -71.260  -10.243 0.5000000000
7405  -35.457  -71.708  -11.461 0.5000000000
8016  -35.931  -70.538  -12.506 0.5000000000
7951  -32.576  -70.683  -5.760 0.5000000000
7952  -33.121  -70.211  -6.441 0.6000000238
7363  -33.488  -71.553  -7.484 0.5000000000
7973  -34.211  -70.675  -8.929 0.5000000000
8630  -33.891  -69.818  -7.824 0.5000000000
136836  -34.468  -70.069  -9.432 0.5000000000
138675  -34.518  -69.117  -8.838 0.5000000000
7994  -35.273  -69.863  -11.136 0.5000000000
8649  -35.053  -69.332  -10.371 0.5000000000
8006  -35.544  -70.731  -11.686 0.5000000000
7341  -31.402  -71.420  -4.890 0.5000000000
7328  -32.104  -70.704  -5.003 0.5000000000
8617  -33.620  -69.690  -7.031 0.6000000238
12441  -31.072  -64.083  -6.572 0.5000000000
11532  -30.358  -64.857  -5.526 0.6000000238
13274  -31.725  -63.034  -6.690 0.5000000000
12418  -30.982  -64.035  -5.793 0.5000000000
11521  -30.285  -64.968  -4.580 0.6000000238
13250  -30.847  -63.590  -5.287 0.6000000238
14102  -31.392  -62.824  -6.291 0.5000000000
14101  -30.859  -62.791  -5.673 0.6000000238
14952  -30.433  -61.934  -5.920 0.5000000000
13238  -30.474  -63.831  -4.531 0.6000000238
14085  -29.731  -62.612  -4.649 0.6000000238
15748  -29.121  -60.868  -5.967 0.5000000000
14939  -29.286  -61.937  -4.849 0.6000000238
14068  -29.055  -62.486  -4.078 0.6000000238
15758  -28.628  -60.239  -6.463 0.5000000000
14950  -28.769  -61.259  -5.260 0.5000000000
16570  -27.443  -59.255  -6.762 0.5000000000
17368  -26.036  -58.477  -6.457 0.6000000238
18252  -23.699  -57.443  -8.264 0.6000000238
18253  -24.634  -57.409  -8.335 0.5000000000
16560  -27.056  -59.749  -5.676 0.6000000238
15746  -27.697  -60.364  -5.444 0.5000000000
17367  -25.306  -57.949  -6.674 0.5000000000
18238  -22.670  -57.556  -7.186 0.6000000238
18239  -23.492  -57.473  -7.354 0.6000000238
18214  -21.518  -57.930  -6.387 0.6000000238
7314  -41.626  -71.566  -3.083 0.3000000119
8559  -42.518  -69.621  -3.337 0.3000000119
153290  -39.187  -70.618  -2.095 0.3000000119
9252  -43.818  -68.331  -2.573 0.3000000119
7901  -39.045  -70.106  -2.591 0.3000000119
7862  -39.698  -70.925  -1.849 0.3000000119
7298  -40.925  -71.479  -2.391 0.3000000119
6819  -35.634  -72.208  -14.582 0.4000000060
7984  -34.511  -70.854  -9.631 0.5000000000
139247  -34.228  -69.317  -8.211 0.5000000000
10750  -29.123  -66.132  -4.524 0.5000000000
6233  -34.322  -73.236  -14.400 0.4000000060
5628  -33.276  -74.349  -11.260 0.5000000000
5612  -31.382  -74.287  -9.240 0.5000000000
6184  -32.692  -74.145  -9.853 0.5000000000
6768  -33.019  -73.022  -7.858 0.5000000000
6777  -33.825  -72.658  -8.884 0.5000000000
7972  -33.867  -70.595  -8.117 0.5000000000
7881  -41.130  -70.760  -2.525 0.3000000119
8545  -40.378  -69.605  -2.567 0.3000000119
148193  -42.738  -68.743  -3.031 0.3000000119
141553  -40.669  -70.094  -2.390 0.3000000119
8546  -41.098  -69.447  -2.655 0.3000000119
8558  -41.868  -69.008  -2.839 0.3000000119
20736  -30.982  -54.381  3.673 0.3000000119
5098  -38.995  -75.460  -6.104 0.5000000000
5107  -40.655  -75.676  -7.990 0.4000000060
5113  -40.785  -75.487  -8.779 0.5000000000
5121  -39.662  -75.663  -9.698 0.5000000000
5130  -40.639  -75.087  -9.922 0.5000000000
5131  -41.053  -75.019  -9.470 0.5000000000
5552  -38.703  -74.308  -2.774 0.4000000060
5554  -40.432  -74.500  -2.665 0.3000000119
5570  -43.970  -74.249  -4.204 0.3000000119
5576  -37.293  -73.472  -4.250 0.4000000060
5585  -38.602  -74.797  -6.127 0.5000000000
5595  -40.493  -74.995  -8.186 0.5000000000
5614  -41.287  -74.581  -9.635 0.5000000000
5629  -39.531  -74.413  -11.224 0.5000000000
5645  -40.447  -73.979  -11.530 0.5000000000
5652  -30.992  -74.764  -12.770 0.5000000000
5654  -32.342  -74.496  -12.576 0.5000000000
5657  -39.663  -73.984  -12.652 0.6000000238
5663  -31.455  -74.396  -13.631 0.5000000000
5675  -31.196  -74.226  -14.507 0.5000000000
5688  -37.429  -74.371  -15.431 0.5000000000
5702  -36.984  -74.384  -15.817 0.5000000000
6122  -37.657  -73.538  -3.424 0.4000000060
6123  -38.130  -74.103  -3.190 0.4000000060
6124  -41.861  -73.790  -3.522 0.3000000119
6130  -43.248  -73.453  -4.655 0.3000000119
6132  -44.163  -73.285  -4.997 0.3000000119
6137  -37.453  -73.644  -5.515 0.5000000000
6158  -37.627  -73.201  -7.397 0.5000000000
6172  -33.402  -73.145  -8.637 0.5000000000
6175  -40.310  -74.476  -8.463 0.5000000000
6188  -41.538  -73.928  -9.944 0.5000000000
6193  -33.397  -73.984  -10.365 0.5000000000
6194  -34.137  -73.549  -10.547 0.5000000000
6196  -41.634  -73.191  -11.229 0.5000000000
6204  -35.238  -73.249  -12.010 0.5000000000
6213  -33.970  -74.166  -11.843 0.5000000000
6217  -41.565  -73.017  -12.231 0.6999999881
6218  -41.542  -72.475  -12.507 0.8000000119
6225  -40.094  -73.649  -13.179 0.5000000000
6226  -40.544  -73.220  -13.526 0.6000000238
6232  -33.367  -73.386  -14.698 0.5000000000
6234  -38.691  -73.756  -14.969 0.5000000000
6240  -33.123  -73.117  -15.589 0.5000000000
6248  -36.727  -74.009  -16.292 0.6000000238
6697  -39.967  -72.200  -1.749 0.3000000119
6698  -40.219  -71.476  -1.866 0.3000000119
6707  -38.667  -72.851  -2.108 0.4000000060
6709  -40.595  -72.953  -2.273 0.3000000119
6710  -41.424  -72.385  -2.912 0.3000000119
6715  -37.557  -72.825  -3.083 0.4000000060
6722  -36.588  -72.233  -5.090 0.4000000060
6733  -36.493  -72.074  -5.858 0.4000000060
6748  -36.560  -72.139  -6.548 0.4000000060
6759  -32.579  -72.753  -7.140 0.5000000000
6762  -37.128  -72.563  -7.722 0.5000000000
6770  -34.024  -72.074  -8.843 0.5000000000
6772  -38.156  -72.785  -8.884 0.5000000000
6778  -34.240  -72.351  -9.471 0.5000000000
6779  -37.675  -72.124  -9.272 0.4000000060
6782  -40.719  -73.313  -10.042 0.6000000238
6788  -34.284  -73.028  -10.006 0.5000000000
6790  -40.355  -72.682  -10.448 0.6000000238
6799  -35.123  -72.675  -11.198 0.5000000000
6813  -35.275  -72.972  -13.997 0.5000000000
6815  -40.997  -72.618  -13.748 0.6999999881
6816  -41.491  -72.217  -13.360 0.6999999881
6818  -34.829  -72.566  -15.064 0.4000000060
6820  -40.012  -72.917  -14.635 0.6000000238
6822  -41.335  -72.067  -13.953 0.6999999881
6823  -33.077  -73.115  -16.163 0.4000000060
6828  -40.006  -72.304  -14.928 0.6999999881
6831  -36.225  -72.386  -16.478 0.5000000000
7281  -39.601  -71.582  -1.728 0.3000000119
7284  -44.401  -70.947  -1.734 0.3000000119
7297  -39.024  -71.284  -1.825 0.4000000060
7316  -44.320  -72.060  -3.676 0.3000000119
7317  -44.651  -72.443  -4.865 0.3000000119
7332  -43.655  -72.168  -5.451 0.3000000119
7342  -32.039  -71.304  -5.446 0.5000000000
7343  -36.491  -71.509  -5.538 0.3000000119
7375  -36.558  -70.874  -7.914 0.4000000060
7386  -37.429  -71.340  -9.541 0.4000000060
7394  -38.510  -71.526  -10.651 0.5000000000
7409  -41.573  -72.122  -12.537 0.6999999881
7417  -41.340  -71.523  -13.000 0.6999999881
7418  -41.601  -71.902  -13.161 0.6999999881
7432  -35.960  -70.254  -15.267 0.5000000000
7433  -41.133  -71.385  -14.359 0.6999999881
7434  -35.077  -71.994  -16.075 0.4000000060
7438  -39.982  -71.460  -15.238 0.6000000238
7442  -37.179  -71.533  -16.220 0.5000000000
7860  -29.546  -70.214  -1.974 0.5000000000
7863  -44.700  -70.867  -2.525 0.3000000119
7864  -45.141  -70.698  -2.092 0.3000000119
7875  -31.031  -70.486  -2.439 0.6000000238
7877  -37.658  -71.014  -2.990 0.4000000060
7879  -39.856  -70.150  -2.235 0.3000000119
7880  -40.424  -70.761  -2.114 0.3000000119
7883  -45.326  -70.684  -2.796 0.3000000119
7898  -32.181  -70.162  -3.773 0.6000000238
7902  -41.772  -70.763  -3.091 0.3000000119
7903  -42.522  -70.764  -3.787 0.3000000119
7905  -45.588  -70.839  -3.868 0.3000000119
7916  -31.701  -70.685  -4.314 0.6000000238
7918  -36.803  -71.064  -4.404 0.3000000119
7935  -32.611  -69.973  -5.112 0.6000000238
7939  -45.185  -70.946  -6.732 0.3000000119
7953  -36.496  -70.779  -6.088 0.3000000119
7954  -36.888  -70.149  -5.637 0.3000000119
7966  -36.550  -70.283  -7.506 0.3000000119
7974  -36.702  -70.212  -8.394 0.4000000060
7985  -36.961  -69.920  -9.074 0.4000000060
7996  -38.170  -70.654  -10.950 0.4000000060
8005  -35.184  -70.889  -10.892 0.5000000000
8007  -38.069  -69.883  -11.191 0.4000000060
8019  -40.801  -70.705  -13.545 0.6999999881
8028  -40.514  -69.831  -14.082 0.6999999881
8029  -40.862  -70.373  -14.315 0.6999999881
8037  -36.157  -70.124  -15.957 0.5000000000
8040  -39.835  -70.534  -15.406 0.6999999881
8041  -40.688  -70.641  -15.021 0.6999999881
8042  -36.625  -70.741  -16.185 0.5000000000
8517  -31.777  -69.037  0.100 0.6000000238
8525  -31.991  -69.439  -0.479 0.6999999881
8531  -28.708  -69.163  -1.613 0.5000000000
8535  -32.971  -69.413  -1.706 0.6000000238
8540  -28.218  -69.385  -2.270 0.5000000000
8542  -31.742  -70.155  -2.045 0.6000000238
8554  -33.495  -69.071  -3.683 0.5000000000
8568  -38.029  -69.827  -4.359 0.3000000119
8583  -39.139  -69.080  -4.649 0.3000000119
8598  -33.392  -69.554  -6.236 0.6000000238
8600  -36.747  -69.699  -7.012 0.3000000119
8618  -34.064  -69.189  -7.549 0.6000000238
8619  -36.775  -69.590  -7.808 0.3000000119
8631  -34.222  -69.834  -8.675 0.5000000000
8638  -34.553  -69.466  -9.283 0.5000000000
8651  -37.510  -69.277  -10.112 0.4000000060
8672  -35.924  -69.659  -12.618 0.5000000000
8682  -36.332  -68.930  -13.930 0.6000000238
8692  -40.678  -69.710  -14.930 0.6999999881
8694  -37.499  -69.072  -15.477 0.6000000238
8696  -39.660  -69.648  -15.415 0.6999999881
9208  -31.596  -68.458  0.506 0.5000000000
9209  -32.604  -68.932  0.002 0.6000000238
9211  -34.129  -68.085  0.278 0.6000000238
9221  -31.021  -68.870  0.103 0.6000000238
9223  -34.048  -68.419  -0.466 0.6000000238
9248  -33.772  -68.778  -3.028 0.6000000238
9300  -33.746  -68.909  -5.018 0.6000000238
9332  -37.836  -68.706  -7.303 0.3000000119
9351  -34.909  -68.589  -8.946 0.6000000238
9354  -38.590  -68.051  -7.930 0.4000000060
9356  -40.502  -68.118  -7.731 0.4000000060
9366  -34.856  -68.947  -9.639 0.6000000238
9390  -35.745  -67.862  -11.300 0.6999999881
9418  -36.928  -68.680  -15.103 0.6000000238
9910  -32.014  -67.411  1.371 0.6000000238
9925  -33.115  -68.027  0.914 0.6000000238
9926  -34.489  -67.570  0.651 0.6000000238
9938  -29.646  -67.290  -0.537 0.6000000238
9942  -35.890  -67.245  -1.321 0.6000000238
9959  -28.457  -67.851  -1.806 0.6000000238
9960  -29.075  -67.610  -1.182 0.6000000238
9963  -36.125  -67.037  -2.262 0.6000000238
9983  -28.000  -67.971  -2.531 0.6000000238
10005  -35.377  -67.560  -3.579 0.5000000000
10025  -27.964  -67.359  -4.131 0.5000000000
10026  -34.857  -68.005  -4.958 0.6999999881
10054  -36.352  -66.940  -6.872 0.6999999881
10060  -34.847  -68.329  -7.634 0.6000000238
10062  -35.996  -67.328  -7.630 0.6999999881
10074  -35.066  -68.229  -8.326 0.6999999881
10079  -41.163  -67.871  -8.336 0.4000000060
10098  -40.397  -66.945  -9.011 0.4000000060
10102  -44.630  -67.458  -10.104 0.4000000060
10103  -45.394  -67.061  -10.358 0.4000000060
10113  -38.292  -67.635  -10.174 0.4000000060
10114  -43.377  -67.508  -9.983 0.4000000060
10115  -44.144  -67.420  -10.313 0.4000000060
10122  -36.079  -67.752  -12.084 0.6000000238
10124  -38.781  -67.190  -11.879 0.5000000000
10136  -36.386  -67.254  -12.630 0.6000000238
10142  -36.585  -67.460  -13.571 0.6999999881
10144  -37.320  -67.313  -14.486 0.6000000238
10146  -39.412  -67.480  -14.819 0.6000000238
10642  -32.978  -66.204  2.240 0.5000000000
10651  -31.653  -66.718  1.632 0.6000000238
10653  -33.468  -66.901  1.728 0.6000000238
10654  -34.551  -65.956  1.955 0.5000000000
10667  -30.375  -66.405  0.749 0.6000000238
10669  -35.649  -66.658  0.816 0.6000000238
10688  -30.117  -66.864  0.076 0.6000000238
10691  -37.402  -66.130  -0.653 0.6000000238
10713  -36.741  -66.576  -2.159 0.6000000238
10729  -36.579  -66.608  -2.915 0.6000000238
10740  -29.367  -65.916  -2.970 0.6000000238
10742  -36.503  -66.619  -3.721 0.5000000000
10743  -37.056  -66.205  -3.389 0.6000000238
10751  -36.521  -66.604  -4.529 0.6000000238
10766  -37.095  -65.943  -4.803 0.6000000238
10806  -45.872  -66.689  -9.555 0.4000000060
10808  -47.478  -66.014  -9.531 0.4000000060
10821  -39.681  -66.565  -9.769 0.4000000060
10822  -41.176  -66.610  -9.581 0.4000000060
10826  -46.991  -66.307  -9.954 0.5000000000
10839  -36.525  -66.483  -10.900 0.6000000238
10840  -39.277  -66.532  -10.637 0.4000000060
10847  -46.060  -66.462  -10.543 0.4000000060
10849  -47.244  -66.052  -9.963 0.5000000000
10865  -45.634  -66.255  -11.054 0.5000000000
10876  -39.779  -65.816  -13.190 0.5000000000
10881  -37.336  -66.101  -13.611 0.6999999881
10882  -39.619  -66.518  -13.973 0.5000000000
10884  -38.902  -66.456  -14.376 0.5000000000
11424  -30.739  -65.315  2.142 0.5000000000
11437  -30.032  -65.187  1.610 0.6999999881
11441  -36.524  -65.444  1.104 0.6000000238
11460  -30.516  -65.869  1.433 0.6999999881
11481  -38.043  -65.586  -0.766 0.6000000238
11504  -38.383  -65.349  -2.452 0.6000000238
11511  -30.214  -65.052  -3.934 0.6000000238
11531  -29.663  -65.545  -5.029 0.5000000000
11534  -37.434  -65.264  -5.320 0.5000000000
11549  -37.165  -65.858  -6.550 0.6999999881
11572  -48.705  -65.150  -8.259 0.4000000060
11587  -48.679  -65.042  -8.527 0.4000000060
11594  -47.673  -65.613  -9.406 0.5000000000
11595  -48.260  -65.239  -9.004 0.5000000000
11607  -36.900  -65.894  -10.876 0.6000000238
11608  -37.420  -65.356  -10.732 0.6000000238
11609  -40.104  -65.562  -11.435 0.5000000000
11612  -42.508  -65.733  -11.023 0.4000000060
11614  -46.759  -66.052  -10.366 0.5000000000
11631  -39.883  -65.644  -12.263 0.5000000000
11635  -44.701  -65.401  -11.437 0.4000000060
11636  -45.408  -65.634  -11.220 0.5000000000
11645  -36.806  -65.873  -12.072 0.6000000238
11647  -40.082  -65.216  -13.115 0.5000000000
11655  -40.202  -64.223  -13.188 0.5000000000
12260  -31.683  -64.803  2.455 0.5000000000
12317  -28.839  -64.053  -0.146 0.4000000060
12318  -29.391  -64.820  -0.008 0.6000000238
12319  -39.134  -64.134  -0.552 0.5000000000
12335  -29.355  -64.521  -1.382 0.6000000238
12352  -29.773  -64.707  -2.654 0.6999999881
12354  -39.398  -64.189  -2.356 0.5000000000
12369  -30.107  -64.789  -3.411 0.6999999881
12371  -38.615  -64.579  -3.723 0.6000000238
12393  -30.662  -64.307  -4.947 0.6000000238
12394  -37.757  -64.772  -4.937 0.6000000238
12419  -37.626  -64.647  -5.582 0.6000000238
12442  -31.341  -63.562  -6.348 0.5000000000
12443  -37.659  -64.079  -6.079 0.6000000238
12457  -37.453  -64.714  -7.032 0.6000000238
12462  -49.009  -64.763  -7.991 0.4000000060
12495  -38.539  -63.998  -10.054 0.6000000238
12497  -45.746  -64.874  -9.962 0.5000000000
12499  -47.767  -65.266  -9.373 0.5000000000
12510  -46.457  -65.635  -10.393 0.5000000000
12528  -38.395  -63.793  -12.079 0.5000000000
12532  -44.092  -64.637  -11.487 0.5000000000
12541  -38.391  -64.022  -12.808 0.5000000000
12542  -40.653  -63.959  -12.920 0.5000000000
12544  -41.952  -63.635  -12.043 0.5000000000
12547  -38.185  -64.565  -13.217 0.5000000000
12548  -39.100  -64.469  -13.433 0.5000000000
12550  -40.053  -63.657  -13.002 0.5000000000
13160  -28.440  -63.447  0.357 0.5000000000
13204  -29.263  -63.915  -2.591 0.6999999881
13221  -30.096  -64.054  -3.783 0.6000000238
13237  -29.849  -63.273  -4.207 0.6999999881
13239  -38.673  -63.623  -4.855 0.6000000238
13251  -31.276  -63.329  -5.981 0.5000000000
13275  -37.496  -64.020  -6.845 0.6000000238
13279  -44.761  -63.530  -6.324 0.4000000060
13306  -48.746  -64.126  -7.703 0.4000000060
13321  -37.945  -62.488  -8.954 0.6000000238
13337  -38.574  -63.046  -9.693 0.6000000238
13338  -42.910  -63.411  -9.583 0.4000000060
13382  -44.336  -64.399  -11.183 0.5000000000
14029  -27.867  -62.902  0.014 0.5000000000
14054  -39.700  -62.622  -2.425 0.5000000000
14067  -27.792  -61.982  -3.289 0.6999999881
14069  -42.835  -61.953  -3.921 0.4000000060
14086  -30.402  -63.092  -4.893 0.6000000238
14100  -30.059  -62.333  -5.247 0.6000000238
14104  -43.063  -62.627  -4.994 0.5000000000
14139  -42.207  -62.857  -7.298 0.5000000000
14156  -41.633  -62.370  -8.703 0.5000000000
14174  -39.477  -61.805  -10.308 0.6000000238
14176  -41.660  -62.422  -9.879 0.6000000238
14192  -42.201  -62.799  -10.907 0.5000000000
14200  -41.798  -62.895  -11.593 0.5000000000
14201  -40.091  -63.077  -12.398 0.5000000000
14818  -27.737  -60.707  2.236 0.5000000000
14834  -27.593  -61.321  1.621 0.5000000000
14835  -28.111  -61.985  1.650 0.5000000000
14846  -26.616  -61.606  -0.018 0.6000000238
14881  -26.270  -61.443  -1.451 0.5000000000
14882  -26.784  -62.036  -1.306 0.6000000238
14937  -27.625  -61.061  -4.319 0.6999999881
14940  -39.565  -61.121  -4.631 0.5000000000
14951  -29.593  -61.589  -5.577 0.6000000238
14954  -41.513  -60.641  -5.867 0.6000000238
14963  -38.722  -60.603  -7.361 0.6000000238
14974  -38.211  -60.775  -7.992 0.6000000238
14975  -40.397  -60.797  -7.943 0.6000000238
14983  -39.033  -60.831  -9.027 0.6000000238
14990  -39.028  -61.416  -9.710 0.6000000238
15629  -27.236  -60.075  2.300 0.5000000000
15650  -25.797  -60.054  0.398 0.6999999881
15671  -26.029  -61.123  -0.690 0.6000000238
15709  -25.856  -59.984  -3.240 0.6000000238
15721  -26.504  -60.508  -3.576 0.6000000238
15722  -27.034  -60.688  -4.115 0.6999999881
15724  -41.649  -59.458  -4.092 0.4000000060
15725  -42.143  -60.479  -3.618 0.4000000060
15747  -28.358  -60.609  -5.672 0.5000000000
15757  -27.871  -60.042  -6.143 0.5000000000
15763  -39.654  -59.861  -7.022 0.6999999881
15773  -39.205  -60.191  -7.665 0.6000000238
15775  -40.624  -60.483  -7.072 0.5000000000
15785  -38.878  -60.451  -8.289 0.6000000238
16484  -23.809  -59.517  -0.377 0.6000000238
16485  -24.799  -59.643  -0.442 0.6999999881
16505  -20.966  -59.065  -1.159 0.6000000238
16506  -21.884  -59.399  -1.289 0.6000000238
16509  -25.183  -59.830  -1.099 0.6000000238
16514  -41.782  -59.007  -0.889 0.4000000060
16528  -24.564  -59.340  -2.569 0.6000000238
16543  -25.433  -59.411  -3.704 0.6000000238
16545  -39.649  -58.514  -3.804 0.5000000000
16552  -40.225  -58.655  -5.003 0.6000000238
16562  -40.303  -59.076  -5.670 0.6000000238
16569  -26.680  -59.072  -6.306 0.6999999881
17221  -25.938  -58.185  3.204 0.5000000000
17223  -27.456  -58.430  3.597 0.4000000060
17234  -23.875  -58.097  2.314 0.6000000238
17236  -26.344  -58.773  2.898 0.5000000000
17247  -22.767  -58.318  1.408 0.5000000000
17250  -25.134  -58.900  2.131 0.6000000238
17263  -22.216  -58.630  0.789 0.6999999881
17280  -20.686  -57.978  -0.493 0.6000000238
17284  -41.545  -58.188  -0.526 0.4000000060
17307  -41.286  -58.074  -1.569 0.4000000060
17326  -20.027  -58.648  -3.414 0.5000000000
17334  -40.939  -58.059  -3.631 0.5000000000
17349  -20.869  -58.305  -5.523 0.5000000000
17350  -21.917  -58.340  -5.507 0.5000000000
17351  -22.903  -58.256  -5.501 0.6000000238
17369  -26.767  -58.472  -7.182 0.5000000000
18056  -28.575  -57.767  4.319 0.4000000060
18058  -30.218  -57.671  4.208 0.4000000060
18092  -23.254  -57.248  1.972 0.5000000000
18105  -21.586  -58.159  0.496 0.6000000238
18141  -19.935  -57.580  -1.616 0.6000000238
18163  -19.558  -57.687  -2.215 0.5000000000
18168  -40.706  -57.611  -2.147 0.5000000000
18179  -18.985  -57.735  -3.298 0.4000000060
18215  -22.416  -57.902  -6.316 0.6000000238
18217  -24.094  -57.679  -6.578 0.6000000238
18241  -25.090  -57.459  -7.556 0.5000000000
18968  -28.516  -56.360  4.468 0.4000000060
18969  -29.380  -56.715  4.476 0.4000000060
18981  -25.563  -56.820  3.480 0.4000000060
18983  -27.113  -56.665  4.136 0.4000000060
18995  -24.181  -56.716  2.639 0.5000000000
19010  -23.054  -56.638  1.547 0.5000000000
19073  -20.929  -55.907  -2.006 0.5000000000
19101  -18.424  -56.540  -4.131 0.5000000000
19817  -28.762  -55.505  4.382 0.4000000060
19818  -29.593  -55.403  4.303 0.4000000060
19827  -27.211  -55.918  4.158 0.4000000060
19865  -23.452  -55.788  1.068 0.5000000000
19866  -24.155  -55.147  0.492 0.4000000060
19911  -19.661  -56.158  -2.761 0.4000000060
19927  -20.064  -55.209  -3.413 0.4000000060
20731  -26.897  -54.794  3.456 0.4000000060
20733  -28.515  -54.219  3.709 0.3000000119
20735  -30.211  -54.376  3.820 0.4000000060
20737  -32.307  -54.680  3.155 0.3000000119
20745  -25.646  -54.703  2.288 0.5000000000
20747  -27.253  -54.129  2.962 0.3000000119
20770  -25.354  -54.281  0.495 0.3000000119
20789  -21.308  -54.321  -0.624 0.3000000119
20791  -24.753  -54.158  -0.869 0.3000000119
20813  -23.241  -54.603  -2.210 0.3000000119
20814  -23.877  -54.295  -1.946 0.3000000119
20829  -21.933  -54.540  -3.256 0.3000000119
20830  -23.615  -53.951  -2.602 0.3000000119
20831  -24.175  -53.460  -2.386 0.3000000119
21685  -29.487  -53.269  3.402 0.3000000119
21695  -21.322  -53.427  2.184 0.3000000119
21696  -26.942  -53.833  2.115 0.3000000119
21765  -25.077  -52.477  -1.595 0.3000000119
21778  -20.117  -53.225  -2.709 0.3000000119
21780  -24.104  -52.246  -2.713 0.3000000119
22668  -19.903  -52.373  2.903 0.3000000119
22693  -23.374  -52.205  0.516 0.4000000060
22703  -23.301  -52.408  -0.303 0.4000000060
22721  -25.058  -51.478  -1.615 0.3000000119
22736  -19.804  -52.526  -3.444 0.3000000119
22754  -22.759  -52.192  -3.867 0.3000000119
23534  -19.890  -52.003  2.213 0.3000000119
23542  -20.717  -51.943  1.913 0.3000000119
23551  -23.999  -51.421  0.326 0.4000000060
23553  -26.762  -51.392  -0.314 0.3000000119
23560  -24.606  -50.828  -0.511 0.3000000119
23582  -21.781  -51.707  -3.759 0.3000000119
23583  -22.870  -51.511  -3.219 0.3000000119
23585  -24.000  -51.266  -2.471 0.3000000119
23600  -22.521  -51.687  -3.696 0.3000000119
24401  -24.293  -50.581  1.118 0.3000000119
24417  -25.755  -50.488  -0.434 0.3000000119
24418  -26.938  -50.556  -0.382 0.3000000119
25177  -23.230  -50.063  1.579 0.3000000119
25187  -17.747  -49.737  0.488 0.3000000119
25195  -28.178  -49.429  0.222 0.3000000119
26064  -28.012  -48.979  0.136 0.3000000119
136967  -37.564  -65.190  -7.770 0.6000000238
137525  -35.012  -67.789  -2.789 0.6000000238
137635  -38.830  -63.434  -11.514 0.5000000000
138490  -37.097  -72.286  -3.616 0.4000000060
138591  -35.518  -68.560  -11.340 0.6000000238
138852  -25.095  -59.638  0.255 0.6999999881
139673  -41.836  -69.902  -2.931 0.3000000119
139893  -43.419  -64.070  -11.648 0.5000000000
140238  -45.977  -65.267  -10.407 0.5000000000
140428  -39.618  -59.035  -4.324 0.6000000238
140543  -41.450  -58.790  -3.734 0.4000000060
141149  -43.691  -67.086  -10.578 0.4000000060
141371  -18.117  -56.843  -4.823 0.5000000000
141454  -22.811  -59.501  -1.494 0.6000000238
141579  -34.831  -70.210  -10.213 0.5000000000
142025  -36.420  -66.777  -9.560 0.6000000238
142670  -21.966  -57.535  -7.894 0.6000000238
142793  -32.491  -69.831  -3.091 0.5000000000
142927  -38.536  -67.000  -14.705 0.6000000238
143059  -36.230  -71.270  -13.279 0.6000000238
143375  -38.358  -68.413  -7.482 0.3000000119
143578  -40.508  -69.124  -14.970 0.6999999881
144477  -37.545  -68.719  -9.628 0.4000000060
144846  -31.428  -69.723  -0.896 0.5000000000
144988  -36.635  -66.575  -0.266 0.6000000238
145305  -27.415  -55.194  3.951 0.4000000060
145335  -38.724  -61.288  -6.752 0.6000000238
145806  -21.963  -51.618  -3.973 0.3000000119
145939  -44.957  -71.344  -6.536 0.3000000119
146469  -37.712  -73.231  -15.920 0.5000000000
146547  -34.374  -68.559  -6.348 0.6000000238
146647  -37.325  -69.196  -7.065 0.3000000119
147104  -39.022  -64.783  -1.160 0.5000000000
147285  -25.589  -60.359  -0.959 0.6000000238
147664  -19.162  -57.337  -2.744 0.4000000060
147740  -42.389  -59.448  -0.538 0.4000000060
147837  -38.559  -68.691  -6.922 0.3000000119
148062  -37.340  -74.675  -14.999 0.5000000000
148359  -41.682  -67.919  -8.300 0.4000000060
148397  -21.381  -54.029  2.231 0.3000000119
148733  -37.313  -70.789  -9.679 0.4000000060
148931  -41.004  -75.080  -9.255 0.5000000000
149089  -36.143  -71.817  -14.011 0.4000000060
149472  -29.275  -65.987  -3.744 0.6000000238
149589  -30.648  -64.544  -6.246 0.5000000000
149620  -39.363  -63.525  -3.546 0.5000000000
150182  -32.751  -68.441  0.522 0.5000000000
150212  -39.369  -66.959  -14.502 0.5000000000
150265  -31.405  -62.974  2.546 0.5000000000
150528  -33.167  -73.684  -9.366 0.5000000000
151517  -35.430  -67.669  -6.180 0.6999999881
151919  -21.963  -57.628  -7.059 0.6000000238
151964  -25.237  -56.165  3.306 0.4000000060
152017  -23.296  -51.267  1.355 0.4000000060
152137  -39.836  -73.807  -8.755 0.6000000238
152476  -37.656  -64.925  0.528 0.6000000238
152709  -39.513  -65.301  -13.592 0.5000000000
153081  -36.670  -65.906  0.734 0.6000000238
153247  -42.095  -72.286  -3.752 0.3000000119
153534  -44.632  -63.296  -5.604 0.4000000060
153580  -28.563  -63.376  1.068 0.5000000000
153689  -29.208  -68.919  -1.090 0.5000000000
154943  -27.965  -62.396  1.134 0.5000000000
155330  -46.620  -70.843  -5.206 0.3000000119
155757  -35.951  -67.334  -9.754 0.6000000238
155961  -30.681  -62.856  2.587 0.5000000000
155991  -24.498  -48.700  1.443 0.3000000119
156107  -23.564  -55.164  -0.819 0.4000000060
156162  -41.295  -70.134  -2.611 0.3000000119
156391  -24.711  -57.657  -6.849 0.6000000238
156729  -24.692  -58.379  -5.276 0.6999999881
157115  -31.202  -56.924  3.494 0.4000000060
157286  -44.359  -66.023  -11.401 0.5000000000
157297  -30.574  -69.148  -0.376 0.6000000238
157877  -28.326  -62.043  -3.785 0.6999999881
157898  -33.471  -67.536  1.248 0.6000000238
158037  -42.503  -62.301  -5.400 0.4000000060
158159  -43.157  -69.394  -3.576 0.3000000119
160179  -28.286  -63.399  -1.313 0.6000000238
160611  -41.951  -63.279  -11.862 0.5000000000
161183  -43.184  -65.256  -11.515 0.4000000060
161415  -23.066  -59.466  0.034 0.6999999881
161453  -37.538  -64.807  -12.110 0.5000000000
161489  -39.862  -58.759  -4.944 0.6000000238
161831  -37.933  -71.397  -2.572 0.4000000060
162002  -34.250  -68.420  -2.121 0.6000000238
162020  -39.513  -63.387  -12.568 0.5000000000
162202  -27.268  -62.488  -1.211 0.6000000238
162204  -30.408  -74.951  -12.961 0.4000000060
162231  -31.171  -65.063  2.392 0.5000000000
162293  -35.416  -67.543  -1.240 0.6000000238
162521  -19.663  -58.120  -2.323 0.6000000238
162634  -23.802  -53.152  -2.925 0.3000000119
163370  -21.964  -59.252  -0.086 0.6999999881
