#!ascii label  , from subject sub-v1s19x0051294_ses-1 vox2ras=TkReg
858
141662  25.858  -23.321  66.460 0.0000000000
71850  46.542  -9.450  49.196 0.0000000000
73036  53.236  -7.831  46.493 0.0000000000
145970  46.006  -13.775  59.279 0.0000000000
138002  33.004  -26.837  61.022 0.0000000000
52674  29.873  -26.700  65.737 0.0000000000
77546  50.679  -4.374  48.749 0.0000000000
72962  51.209  -8.965  52.605 0.0000000000
162254  42.013  -17.556  61.471 0.0000000000
52728  38.004  -27.090  63.059 0.0000000000
76541  53.710  -5.140  39.377 0.0000000000
76499  49.976  -4.126  43.536 0.0000000000
67326  41.979  -12.710  55.055 0.0000000000
72930  45.991  -8.528  55.895 0.0000000000
56271  30.043  -24.405  63.621 0.0000000000
55041  28.112  -24.759  66.787 0.0000000000
74140  48.439  -7.191  49.121 0.0000000000
75302  50.994  -6.158  50.497 0.0000000000
74104  48.701  -7.372  51.909 0.0000000000
56386  44.452  -23.256  59.013 0.0000000000
50352  34.351  -27.718  63.821 0.0000000000
51559  35.557  -27.502  61.604 0.0000000000
49259  36.024  -29.447  62.880 0.0000000000
77657  53.427  -3.141  41.760 0.0000000000
76564  51.719  -5.654  38.994 0.0000000000
77674  51.595  -4.170  41.856 0.0000000000
77617  50.459  -2.846  45.612 0.0000000000
77631  49.320  -3.148  44.145 0.0000000000
74180  49.940  -6.210  45.273 0.0000000000
152706  49.359  -7.508  44.591 0.0000000000
70770  50.648  -10.492  45.796 0.0000000000
65259  44.273  -15.177  61.550 0.0000000000
149548  42.667  -15.603  57.968 0.0000000000
68286  43.143  -12.406  59.152 0.0000000000
70638  42.988  -10.367  56.152 0.0000000000
70604  45.513  -10.171  58.823 0.0000000000
71759  48.330  -9.637  56.360 0.0000000000
68312  46.274  -12.414  56.921 0.0000000000
53879  32.163  -25.715  63.774 0.0000000000
156435  48.360  -4.718  46.386 0.0000000000
157228  53.123  -4.559  47.725 0.0000000000
152035  53.590  -7.172  48.068 0.0000000000
70724  53.272  -10.461  49.566 0.0000000000
57567  39.536  -22.672  61.317 0.0000000000
58702  42.863  -21.361  61.260 0.0000000000
59831  44.684  -19.798  60.366 0.0000000000
63034  45.623  -17.710  58.451 0.0000000000
65320  45.592  -16.009  56.372 0.0000000000
55106  37.988  -23.871  59.938 0.0000000000
52708  39.562  -26.750  62.450 0.0000000000
73142  53.872  -8.354  36.686 0.0000000000
77646  50.369  -2.792  42.733 0.0000000000
75453  49.921  -5.918  42.332 0.0000000000
73062  48.139  -9.028  43.209 0.0000000000
71809  46.401  -9.500  52.255 0.0000000000
74058  48.973  -7.876  54.727 0.0000000000
69484  50.443  -10.445  53.607 0.0000000000
55031  26.220  -24.353  67.583 0.0000000000
56234  27.265  -23.855  66.941 0.0000000000
53833  27.287  -25.039  67.217 0.0000000000
72999  47.540  -8.500  49.212 0.0000000000
74116  48.813  -7.255  51.061 0.0000000000
72976  47.769  -8.431  50.866 0.0000000000
149805  34.873  -28.968  63.284 0.0000000000
80006  52.515  -2.434  41.987 0.0000000000
77673  52.308  -3.948  41.715 0.0000000000
77659  51.915  -3.089  42.378 0.0000000000
75374  52.371  -5.705  46.591 0.0000000000
76482  50.356  -3.801  45.153 0.0000000000
74168  51.325  -7.034  46.387 0.0000000000
73038  50.786  -7.960  46.280 0.0000000000
66296  45.290  -14.399  60.740 0.0000000000
67284  43.764  -13.439  60.914 0.0000000000
68251  44.717  -12.509  60.650 0.0000000000
70595  44.423  -10.798  59.402 0.0000000000
69412  45.959  -11.424  59.424 0.0000000000
69435  46.688  -11.272  58.015 0.0000000000
67298  46.076  -13.104  58.407 0.0000000000
157728  31.229  -24.808  63.230 0.0000000000
52673  31.174  -26.261  64.813 0.0000000000
51502  31.965  -27.398  64.601 0.0000000000
75332  48.957  -5.692  48.386 0.0000000000
75376  47.788  -6.333  46.526 0.0000000000
77562  49.754  -3.756  47.902 0.0000000000
78735  50.866  -2.596  47.104 0.0000000000
77559  51.857  -3.677  48.169 0.0000000000
140034  53.468  -5.618  47.652 0.0000000000
76432  52.302  -4.803  48.847 0.0000000000
74102  50.990  -7.538  51.467 0.0000000000
72998  52.573  -8.629  49.953 0.0000000000
71827  52.577  -9.571  50.831 0.0000000000
69543  52.650  -10.633  50.389 0.0000000000
70694  52.096  -10.196  52.066 0.0000000000
56324  41.378  -23.885  61.481 0.0000000000
57548  41.203  -22.270  61.594 0.0000000000
56322  42.762  -23.689  60.788 0.0000000000
58728  44.796  -21.432  59.536 0.0000000000
61932  45.382  -18.689  59.732 0.0000000000
51558  36.485  -27.373  62.243 0.0000000000
52729  37.293  -26.914  61.368 0.0000000000
52746  38.192  -26.242  61.234 0.0000000000
53907  39.354  -25.461  61.891 0.0000000000
52709  38.909  -27.212  62.855 0.0000000000
77670  55.204  -4.041  41.221 0.0000000000
75493  54.175  -6.284  37.503 0.0000000000
75473  50.382  -6.366  39.401 0.0000000000
77638  49.854  -3.352  43.799 0.0000000000
77648  48.773  -3.759  43.029 0.0000000000
78809  49.747  -3.066  42.987 0.0000000000
78821  49.892  -2.738  42.356 0.0000000000
77647  50.018  -3.253  43.304 0.0000000000
77661  50.407  -3.621  42.867 0.0000000000
75439  49.671  -5.662  43.016 0.0000000000
71890  49.021  -9.668  45.110 0.0000000000
154568  48.862  -8.285  43.563 0.0000000000
61923  40.979  -19.083  60.795 0.0000000000
63025  41.880  -17.691  59.279 0.0000000000
66333  42.682  -14.716  56.687 0.0000000000
65321  42.497  -15.390  56.220 0.0000000000
71772  44.483  -9.438  55.743 0.0000000000
152892  42.985  -10.544  54.521 0.0000000000
156686  44.798  -9.858  54.074 0.0000000000
71810  45.478  -10.105  52.558 0.0000000000
72953  46.196  -9.030  54.176 0.0000000000
74077  47.530  -7.817  54.266 0.0000000000
74048  47.337  -8.135  55.556 0.0000000000
69458  48.240  -10.939  55.488 0.0000000000
70637  49.430  -10.082  55.358 0.0000000000
141245  48.777  -10.768  54.036 0.0000000000
69503  50.269  -10.585  53.008 0.0000000000
55057  29.218  -24.380  65.013 0.0000000000
53843  29.015  -25.632  66.299 0.0000000000
51487  29.093  -27.336  65.598 0.0000000000
52662  28.219  -26.037  66.513 0.0000000000
76436  49.551  -5.606  49.105 0.0000000000
76424  50.946  -5.500  49.881 0.0000000000
75304  49.907  -6.371  50.631 0.0000000000
75290  49.863  -6.815  51.315 0.0000000000
74088  50.146  -7.531  52.602 0.0000000000
52711  33.832  -26.583  62.780 0.0000000000
51561  34.450  -27.398  61.509 0.0000000000
51541  35.049  -27.175  62.972 0.0000000000
51519  36.116  -27.757  63.177 0.0000000000
50365  37.184  -28.256  63.317 0.0000000000
51517  38.273  -27.875  63.195 0.0000000000
48195  37.419  -29.374  62.149 0.0000000000
77686  53.459  -4.579  40.595 0.0000000000
76563  52.610  -5.483  38.881 0.0000000000
77687  52.724  -4.558  40.876 0.0000000000
76526  51.315  -5.240  40.865 0.0000000000
76527  50.662  -5.715  41.067 0.0000000000
77620  48.671  -3.621  44.744 0.0000000000
148466  49.554  -2.948  44.630 0.0000000000
76483  50.037  -3.705  44.547 0.0000000000
75410  49.769  -5.392  44.539 0.0000000000
74190  49.442  -6.628  44.088 0.0000000000
147269  49.720  -7.331  45.363 0.0000000000
148273  49.621  -9.066  45.543 0.0000000000
64129  43.136  -16.166  61.596 0.0000000000
64148  42.548  -16.316  59.416 0.0000000000
152063  43.041  -14.701  60.597 0.0000000000
66316  42.937  -14.036  59.007 0.0000000000
151265  42.613  -12.940  56.723 0.0000000000
69460  42.313  -11.255  55.956 0.0000000000
70617  43.155  -10.667  57.327 0.0000000000
71749  43.619  -10.018  57.453 0.0000000000
71761  45.258  -9.073  57.109 0.0000000000
72915  46.705  -8.699  56.864 0.0000000000
70602  46.563  -9.889  58.008 0.0000000000
164287  47.478  -11.060  56.709 0.0000000000
154404  47.333  -11.393  56.003 0.0000000000
56313  30.253  -23.941  62.059 0.0000000000
55073  31.388  -24.562  62.402 0.0000000000
53908  32.404  -25.499  62.380 0.0000000000
52682  33.352  -26.600  63.899 0.0000000000
49226  32.741  -28.841  63.920 0.0000000000
158773  49.542  -2.754  46.145 0.0000000000
77599  52.081  -3.689  46.847 0.0000000000
75373  53.444  -5.873  46.912 0.0000000000
156607  54.343  -7.706  46.938 0.0000000000
71861  54.561  -9.485  46.734 0.0000000000
70738  54.302  -10.595  47.672 0.0000000000
150559  52.391  -6.676  49.448 0.0000000000
72997  53.119  -8.769  49.100 0.0000000000
58730  38.715  -21.919  60.030 0.0000000000
59834  39.727  -21.019  60.844 0.0000000000
59817  41.003  -20.370  61.550 0.0000000000
145460  42.428  -18.844  61.943 0.0000000000
57581  43.984  -22.821  60.271 0.0000000000
59823  43.614  -20.215  61.071 0.0000000000
61890  43.404  -18.318  61.775 0.0000000000
62997  44.480  -17.413  61.508 0.0000000000
64147  45.652  -16.805  59.713 0.0000000000
65302  45.793  -15.596  58.607 0.0000000000
66323  45.797  -14.798  57.604 0.0000000000
65310  45.652  -16.374  57.267 0.0000000000
56326  38.962  -23.704  61.050 0.0000000000
55072  40.163  -25.179  61.890 0.0000000000
52706  40.911  -26.036  61.601 0.0000000000
50388  39.444  -28.208  61.853 0.0000000000
51575  40.503  -27.363  60.886 0.0000000000
73126  55.486  -8.683  37.400 0.0000000000
78829  51.239  -2.364  41.921 0.0000000000
77660  51.034  -3.372  42.512 0.0000000000
76514  50.664  -4.676  42.171 0.0000000000
74220  49.603  -6.872  41.517 0.0000000000
74197  49.394  -6.747  43.254 0.0000000000
74206  49.062  -7.774  42.849 0.0000000000
73068  48.611  -8.263  42.302 0.0000000000
149791  42.127  -17.092  57.564 0.0000000000
70710  45.212  -10.514  50.933 0.0000000000
71817  46.525  -9.563  51.355 0.0000000000
72964  47.663  -8.229  52.530 0.0000000000
74075  48.522  -7.462  53.661 0.0000000000
74073  49.898  -8.310  54.074 0.0000000000
71770  48.547  -9.099  55.925 0.0000000000
71782  50.279  -9.483  54.371 0.0000000000
158732  51.474  -10.033  53.229 0.0000000000
69501  51.431  -10.385  52.467 0.0000000000
66341  45.722  -14.068  56.142 0.0000000000
67334  45.914  -12.852  55.144 0.0000000000
56218  25.849  -23.994  67.705 0.0000000000
55032  25.262  -24.333  67.689 0.0000000000
56235  26.414  -23.718  67.340 0.0000000000
56216  26.932  -24.100  67.459 0.0000000000
73000  47.144  -9.039  49.532 0.0000000000
72987  47.682  -8.453  50.038 0.0000000000
72988  47.234  -9.033  50.325 0.0000000000
78819  52.223  -2.611  42.177 0.0000000000
80007  51.861  -2.360  42.105 0.0000000000
148717  52.606  -6.823  46.531 0.0000000000
161285  51.802  -6.422  46.475 0.0000000000
73037  51.886  -7.872  46.434 0.0000000000
71877  51.350  -8.718  46.347 0.0000000000
71876  52.416  -8.660  46.353 0.0000000000
66307  45.763  -13.984  60.108 0.0000000000
67282  45.128  -13.324  60.662 0.0000000000
67291  45.731  -12.904  59.969 0.0000000000
68267  45.533  -11.968  59.948 0.0000000000
68266  45.962  -12.211  59.601 0.0000000000
68285  46.231  -12.130  58.965 0.0000000000
149297  30.341  -26.053  65.347 0.0000000000
53854  30.868  -25.650  64.603 0.0000000000
51485  30.680  -26.832  65.280 0.0000000000
155152  30.200  -27.393  65.452 0.0000000000
164917  49.401  -5.133  48.552 0.0000000000
76444  49.130  -4.637  47.947 0.0000000000
76443  49.891  -4.598  48.596 0.0000000000
77561  50.432  -3.624  48.144 0.0000000000
77545  51.333  -4.288  48.715 0.0000000000
77544  51.888  -4.306  48.652 0.0000000000
72975  51.366  -8.521  51.833 0.0000000000
72974  51.958  -9.095  51.392 0.0000000000
72961  51.867  -9.472  52.210 0.0000000000
71816  52.351  -9.894  51.827 0.0000000000
71807  52.091  -10.006  52.417 0.0000000000
55082  42.002  -24.409  61.068 0.0000000000
56323  42.078  -23.617  61.233 0.0000000000
55081  42.980  -24.279  60.437 0.0000000000
51557  37.391  -27.169  62.780 0.0000000000
52764  37.594  -26.273  60.225 0.0000000000
146380  38.094  -26.760  62.463 0.0000000000
52745  38.826  -26.242  62.167 0.0000000000
52727  38.601  -26.937  62.900 0.0000000000
77685  54.489  -4.615  40.409 0.0000000000
77684  55.540  -4.766  40.242 0.0000000000
76540  54.915  -5.221  39.413 0.0000000000
139701  55.171  -6.410  37.799 0.0000000000
146457  54.499  -5.707  38.463 0.0000000000
78801  49.715  -3.126  43.596 0.0000000000
76506  50.033  -4.535  42.952 0.0000000000
70772  48.987  -10.589  45.272 0.0000000000
71898  48.604  -9.420  44.505 0.0000000000
61922  41.523  -18.258  61.291 0.0000000000
140938  41.373  -18.493  59.837 0.0000000000
141844  41.838  -17.634  60.469 0.0000000000
67316  42.662  -13.797  56.372 0.0000000000
67336  42.064  -13.678  54.669 0.0000000000
72917  45.231  -8.978  56.257 0.0000000000
71784  44.501  -9.701  54.883 0.0000000000
71771  45.266  -9.102  55.401 0.0000000000
71783  45.373  -9.349  54.529 0.0000000000
72941  46.034  -8.711  55.041 0.0000000000
72940  46.831  -8.353  54.666 0.0000000000
72929  46.723  -8.311  55.436 0.0000000000
69472  48.178  -10.988  54.702 0.0000000000
69471  49.097  -10.703  54.943 0.0000000000
69504  48.561  -10.704  53.118 0.0000000000
56233  27.966  -24.192  66.472 0.0000000000
56249  28.488  -24.046  65.452 0.0000000000
164530  28.838  -24.442  65.593 0.0000000000
53856  29.346  -25.169  65.727 0.0000000000
55040  28.724  -25.014  66.320 0.0000000000
52661  28.745  -26.139  66.381 0.0000000000
53844  28.256  -25.423  66.664 0.0000000000
153866  47.873  -7.989  48.938 0.0000000000
73023  47.360  -8.297  47.845 0.0000000000
74141  47.875  -7.735  48.330 0.0000000000
161256  48.930  -6.362  48.878 0.0000000000
75318  49.203  -6.477  49.654 0.0000000000
75317  49.829  -5.894  49.977 0.0000000000
75291  49.311  -7.038  51.475 0.0000000000
75277  49.864  -7.117  51.980 0.0000000000
75278  49.346  -7.211  52.188 0.0000000000
51521  34.116  -27.019  63.767 0.0000000000
52694  34.493  -26.989  63.303 0.0000000000
51520  34.715  -27.414  63.558 0.0000000000
49242  35.807  -28.869  63.319 0.0000000000
50367  35.311  -28.056  63.555 0.0000000000
50366  36.397  -28.233  63.358 0.0000000000
151211  37.013  -27.772  63.231 0.0000000000
49241  36.643  -28.865  63.262 0.0000000000
49240  37.272  -28.765  63.168 0.0000000000
80005  53.274  -2.631  41.720 0.0000000000
78817  53.742  -2.819  41.666 0.0000000000
77671  54.041  -3.930  41.353 0.0000000000
77672  53.110  -3.887  41.522 0.0000000000
76525  52.016  -4.845  40.603 0.0000000000
77619  49.357  -2.904  45.341 0.0000000000
77618  49.849  -2.883  44.979 0.0000000000
75396  50.440  -5.439  45.610 0.0000000000
75397  50.067  -4.948  45.045 0.0000000000
159244  49.591  -6.679  44.796 0.0000000000
71889  50.423  -8.878  46.133 0.0000000000
73046  49.987  -8.094  45.839 0.0000000000
149724  50.162  -9.748  45.854 0.0000000000
145500  49.533  -9.922  45.454 0.0000000000
65260  43.697  -15.557  61.593 0.0000000000
65261  42.973  -15.523  61.136 0.0000000000
66287  43.385  -14.695  61.147 0.0000000000
68269  43.366  -12.557  59.988 0.0000000000
67292  43.089  -13.229  59.551 0.0000000000
67299  42.957  -13.224  58.552 0.0000000000
67307  42.812  -13.206  57.533 0.0000000000
68298  42.944  -12.332  58.159 0.0000000000
68313  42.710  -12.177  57.216 0.0000000000
69426  43.236  -11.606  58.736 0.0000000000
70605  44.744  -10.082  58.791 0.0000000000
70606  43.950  -10.384  58.708 0.0000000000
157415  44.809  -9.624  58.194 0.0000000000
71748  44.437  -9.520  57.515 0.0000000000
147982  45.817  -9.412  57.938 0.0000000000
71746  46.341  -9.406  57.743 0.0000000000
71732  45.963  -9.752  58.293 0.0000000000
140767  46.678  -11.654  57.463 0.0000000000
69434  47.121  -10.938  57.478 0.0000000000
69446  46.833  -11.606  56.787 0.0000000000
68324  46.359  -12.175  56.022 0.0000000000
56314  29.834  -23.880  62.548 0.0000000000
56328  30.008  -23.640  61.277 0.0000000000
56293  30.165  -24.202  62.861 0.0000000000
53880  31.830  -25.278  63.434 0.0000000000
53895  31.924  -25.000  62.842 0.0000000000
161337  31.922  -24.808  62.164 0.0000000000
53894  32.412  -25.570  63.236 0.0000000000
52696  32.914  -26.088  63.615 0.0000000000
52683  32.549  -26.222  64.052 0.0000000000
76459  48.101  -5.563  46.826 0.0000000000
77601  48.856  -3.588  46.272 0.0000000000
78719  51.982  -3.333  47.716 0.0000000000
160900  51.127  -2.583  46.906 0.0000000000
77598  52.671  -4.175  47.392 0.0000000000
76469  52.759  -4.774  46.902 0.0000000000
76468  53.204  -4.997  47.306 0.0000000000
74167  53.777  -6.908  46.739 0.0000000000
75372  54.013  -6.591  47.049 0.0000000000
75330  53.577  -6.266  47.795 0.0000000000
74152  54.091  -7.037  47.272 0.0000000000
73022  54.016  -7.915  47.527 0.0000000000
71848  54.368  -9.661  47.416 0.0000000000
71849  53.782  -8.991  48.093 0.0000000000
75316  51.596  -5.464  49.628 0.0000000000
75301  51.735  -6.310  49.989 0.0000000000
72986  52.947  -9.434  49.964 0.0000000000
71837  53.306  -9.688  49.275 0.0000000000
70739  53.766  -10.109  48.429 0.0000000000
69590  53.707  -11.073  48.659 0.0000000000
58705  39.191  -22.221  60.959 0.0000000000
58716  39.208  -21.486  60.406 0.0000000000
58704  39.695  -21.999  61.281 0.0000000000
58692  41.453  -21.362  61.640 0.0000000000
159783  41.012  -20.945  61.637 0.0000000000
59816  41.630  -20.385  61.745 0.0000000000
60815  41.492  -19.757  61.744 0.0000000000
59815  42.447  -19.977  61.744 0.0000000000
56338  44.038  -23.382  60.022 0.0000000000
56353  44.318  -23.383  59.538 0.0000000000
158395  44.833  -20.536  59.942 0.0000000000
59832  44.583  -20.654  60.211 0.0000000000
59822  44.139  -19.986  60.703 0.0000000000
61906  43.681  -18.877  61.553 0.0000000000
61905  44.126  -18.531  61.465 0.0000000000
62981  43.921  -17.869  61.723 0.0000000000
156304  44.755  -18.796  60.848 0.0000000000
63023  45.559  -17.800  59.450 0.0000000000
140275  45.650  -17.127  59.034 0.0000000000
65289  45.777  -15.882  59.929 0.0000000000
64163  45.662  -16.934  58.517 0.0000000000
64162  45.704  -16.347  58.180 0.0000000000
64180  45.645  -17.053  57.856 0.0000000000
51579  33.888  -27.511  60.608 0.0000000000
51578  34.777  -27.645  61.075 0.0000000000
155751  37.694  -25.227  59.731 0.0000000000
55107  37.293  -24.226  59.145 0.0000000000
57597  38.077  -22.909  59.836 0.0000000000
161169  38.530  -23.994  60.646 0.0000000000
53892  39.768  -25.899  62.217 0.0000000000
55083  39.789  -25.025  61.869 0.0000000000
53891  40.035  -26.065  62.179 0.0000000000
53890  40.572  -25.629  61.770 0.0000000000
52707  40.195  -26.425  62.073 0.0000000000
50378  38.598  -28.144  62.866 0.0000000000
75510  54.734  -7.159  37.101 0.0000000000
74296  54.750  -8.078  36.883 0.0000000000
71986  53.480  -9.388  37.135 0.0000000000
77632  48.537  -3.924  44.058 0.0000000000
77640  48.327  -4.291  43.407 0.0000000000
78830  49.903  -2.928  41.452 0.0000000000
137905  50.534  -2.525  42.198 0.0000000000
158131  50.537  -2.733  41.233 0.0000000000
78820  51.313  -2.613  42.264 0.0000000000
76515  50.243  -4.952  42.437 0.0000000000
76528  50.246  -5.880  41.692 0.0000000000
73061  49.193  -7.614  43.732 0.0000000000
161689  48.517  -8.745  43.519 0.0000000000
147001  48.556  -8.489  42.991 0.0000000000
74221  49.069  -7.624  41.954 0.0000000000
65290  42.709  -15.595  58.948 0.0000000000
63035  42.288  -16.996  58.848 0.0000000000
64181  42.424  -16.384  57.492 0.0000000000
70639  42.439  -10.898  55.517 0.0000000000
70667  43.091  -10.732  53.654 0.0000000000
71795  46.313  -9.336  53.232 0.0000000000
70696  45.082  -10.531  51.710 0.0000000000
71818  45.781  -10.117  51.559 0.0000000000
71829  45.930  -10.073  50.679 0.0000000000
149163  47.172  -8.971  51.994 0.0000000000
72965  47.061  -8.783  52.880 0.0000000000
146683  48.083  -7.529  54.259 0.0000000000
74076  48.047  -7.568  53.607 0.0000000000
160537  48.579  -7.529  54.260 0.0000000000
74074  49.172  -7.465  53.761 0.0000000000
158260  47.612  -9.292  56.828 0.0000000000
72914  47.882  -8.891  56.421 0.0000000000
150079  49.903  -10.158  54.815 0.0000000000
70636  49.903  -9.878  54.973 0.0000000000
70650  50.347  -10.170  54.338 0.0000000000
70649  51.019  -9.990  53.837 0.0000000000
151409  50.717  -10.324  53.724 0.0000000000
70665  51.265  -10.254  53.208 0.0000000000
70680  51.078  -10.387  53.132 0.0000000000
69522  49.774  -10.678  51.117 0.0000000000
65319  45.723  -15.436  56.992 0.0000000000
66331  45.782  -14.477  56.859 0.0000000000
66332  45.661  -15.072  56.205 0.0000000000
56250  27.638  -23.680  65.817 0.0000000000
53832  27.610  -24.983  67.138 0.0000000000
55042  27.457  -24.414  67.143 0.0000000000
55030  26.948  -24.536  67.401 0.0000000000
73011  47.450  -8.437  48.520 0.0000000000
74129  48.074  -7.847  49.682 0.0000000000
74128  48.741  -7.197  50.139 0.0000000000
74117  48.246  -7.836  50.551 0.0000000000
74105  48.278  -7.847  51.391 0.0000000000
50368  34.322  -28.506  63.601 0.0000000000
49260  35.196  -29.518  62.851 0.0000000000
78818  52.930  -2.711  41.985 0.0000000000
77658  52.662  -3.080  42.133 0.0000000000
76470  51.786  -4.579  46.416 0.0000000000
76471  50.941  -4.303  45.816 0.0000000000
75375  51.180  -5.864  46.257 0.0000000000
74179  50.356  -6.916  45.994 0.0000000000
66284  44.790  -14.846  61.292 0.0000000000
66298  43.674  -14.143  61.214 0.0000000000
67283  44.386  -13.307  60.975 0.0000000000
68252  44.177  -12.651  60.647 0.0000000000
68268  43.858  -12.146  60.245 0.0000000000
69425  43.738  -11.095  59.182 0.0000000000
69415  44.130  -11.470  59.931 0.0000000000
69413  45.361  -11.296  59.786 0.0000000000
70593  45.696  -10.731  59.212 0.0000000000
70603  46.104  -10.273  58.628 0.0000000000
69424  46.380  -11.317  58.650 0.0000000000
68297  46.415  -12.116  57.996 0.0000000000
55064  30.552  -24.519  63.254 0.0000000000
53868  30.591  -25.183  64.397 0.0000000000
53867  31.306  -25.318  63.946 0.0000000000
53866  31.702  -25.904  64.260 0.0000000000
52672  31.970  -26.531  64.502 0.0000000000
51484  31.389  -26.913  64.901 0.0000000000
75354  47.955  -6.521  47.221 0.0000000000
75353  48.474  -5.634  47.597 0.0000000000
76458  48.652  -4.593  47.051 0.0000000000
77578  49.353  -3.338  47.082 0.0000000000
77577  50.185  -2.906  47.469 0.0000000000
78720  51.386  -3.090  47.653 0.0000000000
154919  52.403  -3.763  48.001 0.0000000000
76441  53.280  -4.833  47.919 0.0000000000
76442  52.898  -4.536  48.279 0.0000000000
75331  53.127  -5.306  48.380 0.0000000000
74139  53.019  -6.397  48.664 0.0000000000
74115  51.299  -6.984  50.732 0.0000000000
146181  52.052  -7.531  50.143 0.0000000000
74114  51.549  -8.066  51.002 0.0000000000
71826  53.024  -10.020  50.340 0.0000000000
69542  52.769  -10.463  50.473 0.0000000000
70693  52.535  -10.161  51.217 0.0000000000
70709  52.313  -10.373  51.225 0.0000000000
162823  52.073  -10.444  51.424 0.0000000000
56311  40.304  -23.259  61.608 0.0000000000
57549  40.549  -22.435  61.572 0.0000000000
56310  40.915  -23.177  61.608 0.0000000000
57566  41.687  -23.002  61.454 0.0000000000
57547  42.162  -22.025  61.438 0.0000000000
57595  44.564  -22.862  59.367 0.0000000000
60839  44.991  -20.064  59.795 0.0000000000
154551  45.114  -19.274  60.126 0.0000000000
160084  45.279  -19.586  58.861 0.0000000000
61941  45.471  -18.734  58.861 0.0000000000
51577  35.288  -27.528  60.559 0.0000000000
51576  36.170  -27.370  60.880 0.0000000000
52765  36.629  -26.826  59.863 0.0000000000
153669  37.122  -26.074  59.423 0.0000000000
53922  38.148  -25.705  60.507 0.0000000000
55094  38.362  -24.892  60.494 0.0000000000
55093  38.917  -24.658  61.161 0.0000000000
53921  38.667  -25.551  61.214 0.0000000000
53893  39.271  -26.563  62.522 0.0000000000
76561  55.490  -5.842  38.657 0.0000000000
74297  54.067  -7.555  36.662 0.0000000000
75472  51.011  -5.948  39.192 0.0000000000
78790  49.690  -3.174  43.916 0.0000000000
77639  49.120  -3.201  43.650 0.0000000000
145823  49.330  -3.133  43.284 0.0000000000
78810  49.107  -3.341  42.701 0.0000000000
71897  49.011  -8.901  44.876 0.0000000000
73053  49.071  -8.251  44.352 0.0000000000
146262  40.580  -19.755  60.512 0.0000000000
153704  42.747  -14.818  57.541 0.0000000000
65311  42.607  -15.535  57.057 0.0000000000
65332  42.326  -15.244  55.459 0.0000000000
71773  43.645  -9.889  55.882 0.0000000000
147103  42.888  -10.465  55.373 0.0000000000
70652  43.646  -10.103  55.027 0.0000000000
70666  43.929  -10.244  54.079 0.0000000000
138084  43.889  -10.618  53.175 0.0000000000
70681  44.393  -10.729  52.330 0.0000000000
71797  44.682  -10.254  53.279 0.0000000000
71796  45.482  -9.676  53.632 0.0000000000
72952  46.965  -8.504  53.799 0.0000000000
74060  47.731  -7.753  54.921 0.0000000000
70626  48.306  -10.298  56.305 0.0000000000
70625  48.863  -10.182  55.755 0.0000000000
69457  48.673  -10.558  55.601 0.0000000000
163206  49.641  -10.463  54.654 0.0000000000
69485  49.763  -10.538  54.271 0.0000000000
138596  49.676  -10.608  53.522 0.0000000000
56294  29.637  -24.039  63.225 0.0000000000
56273  28.863  -23.985  64.518 0.0000000000
56272  29.434  -24.236  64.064 0.0000000000
55048  29.607  -24.828  65.076 0.0000000000
53842  29.642  -25.751  65.742 0.0000000000
52660  29.359  -26.220  66.098 0.0000000000
51473  29.187  -26.767  66.028 0.0000000000
51474  28.661  -26.692  66.135 0.0000000000
53845  27.736  -25.436  66.878 0.0000000000
75333  48.338  -6.675  48.158 0.0000000000
76435  50.265  -5.188  49.339 0.0000000000
76434  50.853  -4.968  49.349 0.0000000000
76425  50.380  -5.655  49.966 0.0000000000
75303  50.416  -6.206  50.527 0.0000000000
75305  49.400  -6.680  50.541 0.0000000000
75289  50.323  -6.735  51.145 0.0000000000
75288  50.731  -6.859  51.102 0.0000000000
74103  50.422  -7.218  51.773 0.0000000000
74087  50.794  -7.946  52.292 0.0000000000
53919  43.095  -24.620  60.119 0.0000000000
52731  33.062  -26.333  62.065 0.0000000000
52730  33.796  -26.960  61.719 0.0000000000
52710  34.496  -27.043  62.472 0.0000000000
51560  35.061  -27.417  62.064 0.0000000000
137621  35.207  -27.468  63.233 0.0000000000
51540  35.764  -27.437  62.822 0.0000000000
51539  36.737  -27.467  63.038 0.0000000000
51538  37.584  -27.427  63.101 0.0000000000
52693  38.326  -27.423  63.092 0.0000000000
50364  37.768  -28.303  63.219 0.0000000000
49257  37.657  -28.873  62.865 0.0000000000
143685  37.885  -29.350  61.461 0.0000000000
76542  52.714  -4.943  39.904 0.0000000000
154808  52.090  -5.339  39.601 0.0000000000
76543  51.501  -5.530  39.827 0.0000000000
76544  50.833  -5.895  40.018 0.0000000000
75461  50.229  -6.385  40.134 0.0000000000
154979  49.965  -6.497  40.805 0.0000000000
77630  49.799  -3.101  44.248 0.0000000000
76491  49.869  -3.977  44.070 0.0000000000
75425  49.633  -5.423  43.745 0.0000000000
73047  49.411  -8.221  45.181 0.0000000000
62998  42.581  -17.118  61.720 0.0000000000
63010  42.286  -16.960  60.978 0.0000000000
143177  42.761  -16.400  61.355 0.0000000000
65275  42.776  -15.547  60.030 0.0000000000
151924  42.854  -14.789  59.520 0.0000000000
66299  43.343  -14.005  60.815 0.0000000000
66308  43.049  -13.965  60.080 0.0000000000
151116  42.799  -14.838  58.473 0.0000000000
66324  42.867  -14.054  58.021 0.0000000000
164727  42.728  -13.531  56.946 0.0000000000
146348  42.356  -12.845  55.910 0.0000000000
68326  42.036  -11.865  55.513 0.0000000000
68325  42.359  -11.972  56.353 0.0000000000
69447  42.638  -11.279  56.799 0.0000000000
70628  42.751  -10.750  56.390 0.0000000000
69436  43.417  -10.851  58.299 0.0000000000
71735  43.626  -10.290  58.012 0.0000000000
70627  43.177  -10.319  56.787 0.0000000000
71763  43.639  -9.898  56.748 0.0000000000
71762  44.418  -9.418  56.574 0.0000000000
72916  46.018  -8.661  56.695 0.0000000000
152203  46.713  -8.398  56.167 0.0000000000
72903  46.041  -9.012  57.421 0.0000000000
72902  46.690  -9.038  57.330 0.0000000000
70614  47.725  -9.856  56.909 0.0000000000
70616  46.611  -10.583  58.211 0.0000000000
70615  47.200  -10.129  57.557 0.0000000000
160041  47.664  -10.502  56.834 0.0000000000
156297  48.051  -10.800  56.178 0.0000000000
53924  31.856  -25.708  60.680 0.0000000000
55074  30.737  -24.363  62.603 0.0000000000
53909  32.010  -25.073  61.538 0.0000000000
53923  32.320  -26.116  61.388 0.0000000000
52712  33.107  -26.036  63.022 0.0000000000
52695  33.668  -26.561  63.476 0.0000000000
51501  33.575  -27.337  64.087 0.0000000000
140454  32.789  -26.913  64.314 0.0000000000
50353  33.599  -28.238  63.984 0.0000000000
78776  50.040  -2.582  45.760 0.0000000000
78755  50.114  -2.496  46.608 0.0000000000
78754  50.726  -2.559  46.418 0.0000000000
77600  51.281  -3.222  46.220 0.0000000000
71875  53.609  -8.769  46.340 0.0000000000
73035  54.169  -8.006  46.758 0.0000000000
71873  54.554  -9.633  46.489 0.0000000000
74151  54.283  -7.120  46.944 0.0000000000
73034  54.407  -8.594  46.822 0.0000000000
76433  51.476  -4.848  49.207 0.0000000000
75315  52.387  -5.731  49.217 0.0000000000
74127  52.832  -7.618  49.076 0.0000000000
73010  53.489  -8.096  48.367 0.0000000000
58729  39.016  -21.491  59.650 0.0000000000
59833  40.152  -20.325  60.755 0.0000000000
58694  40.227  -21.808  61.459 0.0000000000
59825  40.448  -20.504  61.254 0.0000000000
60831  40.758  -19.742  61.188 0.0000000000
61908  41.303  -19.025  61.579 0.0000000000
61892  42.237  -18.354  62.003 0.0000000000
55092  43.643  -23.913  60.081 0.0000000000
149565  43.287  -23.095  60.670 0.0000000000
57565  43.243  -22.187  60.851 0.0000000000
57579  44.640  -22.044  59.679 0.0000000000
58715  44.036  -21.814  60.386 0.0000000000
59824  42.994  -20.549  61.400 0.0000000000
59814  43.087  -19.652  61.578 0.0000000000
61891  42.809  -18.262  61.942 0.0000000000
62983  42.631  -17.707  61.923 0.0000000000
64114  43.082  -17.007  61.856 0.0000000000
64128  43.647  -16.361  61.724 0.0000000000
154066  44.188  -15.871  61.666 0.0000000000
152217  45.390  -18.091  60.132 0.0000000000
63009  45.435  -17.326  60.301 0.0000000000
65258  44.861  -15.850  61.341 0.0000000000
65274  45.407  -15.379  60.690 0.0000000000
65273  45.780  -14.944  60.084 0.0000000000
66315  45.933  -14.775  58.925 0.0000000000
149979  45.925  -14.230  58.322 0.0000000000
162115  45.813  -15.026  58.245 0.0000000000
65309  45.743  -15.628  57.798 0.0000000000
146179  45.553  -17.108  57.200 0.0000000000
64199  45.481  -16.822  56.565 0.0000000000
52747  32.940  -27.217  60.049 0.0000000000
51596  35.060  -27.389  59.684 0.0000000000
57596  38.236  -22.384  59.611 0.0000000000
57582  38.662  -22.455  60.379 0.0000000000
56325  39.457  -23.441  61.389 0.0000000000
55084  39.450  -24.364  61.535 0.0000000000
56312  39.947  -24.087  61.681 0.0000000000
149238  40.582  -24.220  61.639 0.0000000000
53906  41.389  -25.317  61.298 0.0000000000
150926  41.503  -25.659  61.048 0.0000000000
51537  38.716  -27.574  62.973 0.0000000000
51536  39.252  -27.319  62.677 0.0000000000
51556  39.685  -27.575  62.228 0.0000000000
50387  39.961  -27.804  61.420 0.0000000000
51555  40.262  -27.212  61.728 0.0000000000
51554  40.516  -26.630  61.727 0.0000000000
144262  25.155  -23.324  66.643 0.0000000000
71967  55.138  -9.851  37.816 0.0000000000
77675  51.054  -4.662  41.822 0.0000000000
74205  49.479  -6.888  42.426 0.0000000000
73075  48.554  -8.094  41.573 0.0000000000
71839  46.058  -9.874  49.772 0.0000000000
63024  42.251  -16.992  59.889 0.0000000000
162227  41.950  -17.589  58.168 0.0000000000
70725  45.338  -10.400  50.090 0.0000000000
71828  46.599  -9.536  50.501 0.0000000000
72977  47.236  -9.041  51.136 0.0000000000
155980  47.745  -8.379  51.695 0.0000000000
162023  48.194  -7.817  52.184 0.0000000000
72951  47.574  -8.005  53.359 0.0000000000
74091  48.099  -7.727  52.905 0.0000000000
75279  48.892  -7.308  52.410 0.0000000000
74089  49.485  -7.371  52.826 0.0000000000
137746  49.847  -7.703  53.337 0.0000000000
72963  50.530  -8.385  53.181 0.0000000000
72928  47.385  -8.455  56.191 0.0000000000
74047  47.870  -7.958  55.482 0.0000000000
160101  48.365  -7.971  55.299 0.0000000000
71758  48.895  -9.737  55.783 0.0000000000
71769  49.225  -9.436  55.433 0.0000000000
72939  49.528  -8.926  54.857 0.0000000000
71794  50.576  -9.156  53.758 0.0000000000
71808  51.707  -9.804  52.818 0.0000000000
70678  51.788  -9.954  52.716 0.0000000000
70695  51.926  -10.365  51.968 0.0000000000
138524  51.653  -10.537  51.503 0.0000000000
69521  50.426  -10.575  52.162 0.0000000000
69545  50.773  -10.667  51.153 0.0000000000
151053  45.912  -13.839  57.551 0.0000000000
160266  46.060  -12.952  57.502 0.0000000000
66342  45.591  -14.572  55.491 0.0000000000
67315  45.888  -13.049  56.071 0.0000000000
155598  46.528  -11.908  55.296 0.0000000000
49256  38.142  -28.383  63.000 0.0000000000
50339  30.081  -28.141  65.219 0.0000000000
50377  39.142  -27.896  62.611 0.0000000000
51518  37.769  -27.797  63.261 0.0000000000
51535  39.941  -27.036  62.318 0.0000000000
51574  40.860  -26.762  61.111 0.0000000000
53920  42.765  -25.181  60.017 0.0000000000
55049  29.050  -24.718  65.690 0.0000000000
55050  28.543  -24.535  66.129 0.0000000000
55071  41.080  -24.791  61.559 0.0000000000
55104  44.019  -23.868  59.491 0.0000000000
56217  26.499  -24.114  67.611 0.0000000000
56236  25.477  -23.590  67.401 0.0000000000
56237  24.712  -23.596  67.285 0.0000000000
56339  43.558  -23.616  60.308 0.0000000000
56340  38.506  -23.223  60.493 0.0000000000
56370  44.283  -23.579  59.280 0.0000000000
56371  44.043  -23.885  58.881 0.0000000000
56387  44.040  -23.465  58.596 0.0000000000
57550  40.027  -22.531  61.523 0.0000000000
57568  39.019  -22.892  60.982 0.0000000000
57580  44.434  -22.882  59.785 0.0000000000
57594  44.759  -21.952  59.304 0.0000000000
58691  42.239  -20.935  61.614 0.0000000000
58693  40.518  -21.067  61.451 0.0000000000
58700  44.123  -20.870  60.520 0.0000000000
58701  43.518  -21.138  60.866 0.0000000000
58703  39.957  -21.320  61.210 0.0000000000
58713  44.765  -21.181  59.816 0.0000000000
58714  44.536  -21.500  60.086 0.0000000000
59839  44.893  -20.800  59.606 0.0000000000
60813  43.070  -18.871  61.757 0.0000000000
60814  42.059  -19.518  61.956 0.0000000000
60821  44.197  -19.227  61.076 0.0000000000
60822  43.653  -19.450  61.350 0.0000000000
60823  41.751  -19.044  61.933 0.0000000000
60824  41.164  -19.717  61.554 0.0000000000
60840  40.807  -19.446  59.631 0.0000000000
60849  45.239  -19.467  59.453 0.0000000000
61907  41.767  -18.493  61.860 0.0000000000
61921  45.178  -18.589  60.358 0.0000000000
62982  43.198  -17.696  61.907 0.0000000000
62996  45.026  -17.912  60.856 0.0000000000
62999  42.052  -17.876  61.932 0.0000000000
63046  42.303  -16.900  58.085 0.0000000000
63055  45.386  -17.524  56.778 0.0000000000
64113  43.709  -17.131  61.779 0.0000000000
64126  45.030  -16.900  61.134 0.0000000000
64127  44.341  -16.564  61.618 0.0000000000
64137  45.450  -16.357  60.544 0.0000000000
64138  42.582  -16.284  60.501 0.0000000000
64146  45.736  -16.311  59.064 0.0000000000
64164  42.522  -16.323  58.435 0.0000000000
65288  45.856  -15.361  59.397 0.0000000000
66285  44.244  -14.465  61.463 0.0000000000
66286  43.792  -14.695  61.480 0.0000000000
66297  44.560  -14.020  61.211 0.0000000000
66306  45.931  -14.586  59.585 0.0000000000
67268  44.081  -13.990  61.359 0.0000000000
67285  43.328  -13.305  60.366 0.0000000000
67290  46.041  -12.811  59.295 0.0000000000
67306  45.896  -13.451  56.810 0.0000000000
68250  45.186  -12.438  60.375 0.0000000000
68253  43.679  -12.802  60.459 0.0000000000
69404  44.982  -11.857  60.295 0.0000000000
69405  44.454  -11.960  60.352 0.0000000000
69414  44.740  -11.351  59.920 0.0000000000
69416  43.539  -11.819  59.637 0.0000000000
69437  42.996  -11.437  57.754 0.0000000000
69456  49.295  -10.428  55.158 0.0000000000
69502  50.723  -10.537  52.883 0.0000000000
70594  45.118  -10.706  59.394 0.0000000000
70651  50.147  -10.403  54.234 0.0000000000
70679  51.563  -10.312  52.607 0.0000000000
70751  54.714  -10.285  46.869 0.0000000000
71733  45.367  -9.680  58.334 0.0000000000
71734  44.162  -9.892  58.173 0.0000000000
71745  47.085  -9.426  57.414 0.0000000000
71747  45.306  -9.323  57.817 0.0000000000
71760  47.225  -8.885  56.931 0.0000000000
71838  46.694  -9.418  49.838 0.0000000000
71874  54.292  -9.081  46.486 0.0000000000
72926  48.794  -8.563  55.391 0.0000000000
72927  48.131  -8.365  55.856 0.0000000000
72950  51.165  -9.457  53.302 0.0000000000
73009  54.420  -8.660  47.109 0.0000000000
73021  54.377  -7.880  46.995 0.0000000000
73054  48.724  -8.797  44.106 0.0000000000
74059  48.260  -7.684  54.848 0.0000000000
74061  47.300  -8.014  55.019 0.0000000000
74090  48.534  -7.495  53.053 0.0000000000
74166  54.276  -7.269  46.950 0.0000000000
75268  48.949  -7.340  53.009 0.0000000000
75352  53.839  -6.381  47.181 0.0000000000
76457  53.505  -5.558  47.355 0.0000000000
77557  52.894  -4.188  48.030 0.0000000000
77558  52.415  -4.149  48.291 0.0000000000
77560  51.138  -3.590  48.207 0.0000000000
77576  52.536  -3.854  47.802 0.0000000000
78721  50.822  -3.039  47.714 0.0000000000
78733  52.026  -3.350  47.353 0.0000000000
78734  51.465  -2.848  47.233 0.0000000000
78753  51.447  -2.871  46.825 0.0000000000
139256  42.556  -22.962  61.118 0.0000000000
139378  30.551  -24.816  63.930 0.0000000000
141585  40.776  -21.631  61.576 0.0000000000
141963  46.110  -10.793  58.866 0.0000000000
143149  39.866  -23.171  61.547 0.0000000000
144397  39.414  -21.636  60.920 0.0000000000
146901  44.510  -18.105  61.349 0.0000000000
151620  42.418  -13.716  55.459 0.0000000000
152423  42.795  -14.044  57.165 0.0000000000
153009  45.075  -20.292  59.215 0.0000000000
153710  29.663  -23.624  61.976 0.0000000000
155436  44.436  -22.269  60.016 0.0000000000
157614  44.050  -9.779  55.386 0.0000000000
157942  52.113  -8.615  50.656 0.0000000000
159800  42.632  -19.278  61.798 0.0000000000
159925  39.027  -21.926  60.587 0.0000000000
159937  50.951  -10.551  51.954 0.0000000000
162013  34.628  -27.571  60.292 0.0000000000
162225  43.396  -15.305  61.387 0.0000000000
163651  40.556  -25.007  61.710 0.0000000000
165874  48.541  -7.507  52.533 0.0000000000
165931  29.797  -26.180  65.770 0.0000000000
