#!ascii label  , from subject sub-v1s19x0051294_ses-1 vox2ras=TkReg
1104
13282  23.357  -66.873  -12.432 0.3000000119
20044  29.591  -58.525  -9.565 0.6000000238
164143  29.900  -56.559  -6.328 0.6999999881
21996  28.926  -56.331  -5.639 0.6999999881
155798  24.032  -66.643  -12.885 0.4000000060
16514  27.793  -62.619  -13.297 0.4000000060
14103  24.727  -65.907  -11.947 0.5000000000
14104  24.099  -65.896  -11.140 0.5000000000
20043  30.482  -58.447  -9.728 0.6999999881
20028  29.200  -58.446  -8.678 0.6999999881
20027  30.171  -58.363  -8.821 0.5000000000
22043  30.864  -56.890  -6.986 0.6000000238
20997  29.952  -57.078  -6.711 0.6000000238
22018  30.472  -56.259  -6.360 0.6999999881
22925  29.404  -55.618  -5.385 0.6999999881
13279  25.554  -66.278  -14.573 0.5000000000
14116  25.239  -66.243  -13.315 0.6000000238
162185  27.840  -60.631  -12.292 0.4000000060
139202  29.273  -59.775  -12.368 0.5000000000
14914  26.432  -65.448  -13.045 0.6000000238
19095  28.298  -59.350  -11.931 0.6000000238
20061  30.276  -58.609  -11.263 0.6000000238
14102  25.578  -65.667  -12.572 0.6000000238
20060  30.713  -58.510  -10.613 0.6000000238
21048  30.714  -57.931  -8.207 0.6000000238
21022  31.203  -57.394  -7.663 0.6000000238
22968  32.636  -55.167  -6.953 0.6999999881
22017  31.359  -56.086  -6.679 0.6999999881
22945  31.821  -55.193  -6.672 0.6999999881
22946  31.008  -55.233  -6.270 0.6999999881
23905  29.902  -54.768  -5.296 0.6999999881
23918  32.241  -54.404  -6.893 0.6999999881
23919  31.526  -54.340  -6.505 0.6999999881
24859  31.071  -53.830  -6.137 0.6999999881
24857  31.950  -53.827  -6.914 0.6999999881
14125  26.218  -65.797  -14.720 0.5000000000
14942  26.544  -64.844  -14.599 0.5000000000
15722  26.106  -64.168  -14.030 0.5000000000
17340  28.668  -61.230  -12.841 0.4000000060
144888  26.900  -65.551  -13.955 0.5000000000
19107  30.247  -59.849  -12.537 0.5000000000
20074  29.989  -58.830  -11.876 0.6000000238
14903  26.713  -64.769  -12.400 0.6000000238
14902  27.623  -64.559  -12.938 0.5000000000
15704  29.188  -63.513  -13.479 0.5000000000
20042  31.393  -58.400  -10.059 0.6999999881
21047  31.507  -57.785  -8.397 0.6000000238
20026  31.057  -58.243  -9.030 0.6999999881
22040  32.999  -55.975  -7.221 0.6000000238
21021  32.043  -57.313  -7.874 0.6000000238
22967  33.471  -55.108  -7.176 0.6000000238
22969  32.156  -55.975  -6.947 0.6000000238
23942  34.000  -54.386  -7.431 0.6000000238
23943  33.022  -54.404  -7.218 0.6999999881
24843  30.093  -53.868  -5.068 0.6999999881
24876  34.039  -53.789  -7.816 0.6000000238
24858  31.559  -53.528  -6.661 0.6999999881
157474  31.141  -52.967  -6.264 0.6999999881
24877  32.487  -53.689  -7.353 0.6999999881
17351  28.723  -62.347  -13.440 0.4000000060
14136  27.481  -65.072  -14.314 0.5000000000
16525  28.634  -63.492  -13.920 0.4000000060
18221  30.013  -60.706  -12.904 0.5000000000
20083  30.565  -59.189  -12.270 0.6000000238
15720  28.541  -64.204  -14.081 0.4000000060
166118  31.321  -58.531  -10.935 0.6000000238
14911  28.362  -64.427  -14.067 0.4000000060
145716  29.065  -63.681  -13.818 0.4000000060
15703  29.465  -63.168  -13.587 0.4000000060
16511  30.496  -62.314  -13.185 0.4000000060
20041  32.325  -58.366  -10.166 0.6999999881
153884  31.961  -58.112  -9.155 0.6000000238
21020  32.871  -56.954  -7.720 0.6000000238
154445  34.302  -55.223  -7.317 0.6000000238
22060  33.665  -56.475  -7.577 0.6000000238
24875  34.719  -54.025  -7.777 0.6000000238
25793  30.635  -52.593  -5.578 0.6999999881
25808  31.587  -52.928  -6.958 0.6999999881
25839  33.115  -52.836  -8.887 0.6000000238
25822  32.220  -53.108  -7.824 0.6000000238
17349  29.886  -62.171  -13.482 0.4000000060
18224  30.360  -61.578  -13.264 0.4000000060
20072  31.635  -58.783  -11.773 0.6999999881
17348  30.550  -62.112  -13.278 0.4000000060
20040  33.167  -58.409  -10.292 0.8000000119
16498  30.072  -62.625  -12.739 0.5000000000
21063  32.713  -58.161  -9.478 0.6999999881
21045  33.534  -57.322  -8.242 0.6000000238
22966  35.148  -55.580  -7.427 0.5000000000
144675  34.399  -56.043  -7.417 0.6000000238
25778  30.233  -52.164  -4.929 0.6999999881
24909  35.903  -53.428  -9.494 0.6000000238
24894  34.390  -53.541  -8.411 0.6000000238
26772  31.354  -52.195  -6.926 0.8000000119
24910  34.782  -53.247  -9.275 0.6000000238
24911  33.905  -53.056  -9.123 0.6000000238
19105  31.898  -59.938  -12.469 0.5000000000
20082  31.416  -59.248  -12.267 0.6000000238
18220  31.691  -60.817  -12.690 0.5000000000
18207  33.895  -60.219  -11.822 0.6999999881
17337  31.410  -61.367  -12.727 0.4000000060
21062  33.515  -58.021  -9.285 0.6999999881
147962  34.168  -57.626  -8.707 0.6999999881
22965  35.982  -55.610  -7.554 0.6000000238
22039  34.437  -56.965  -7.938 0.6000000238
23940  36.168  -54.888  -7.749 0.6000000238
23962  35.262  -53.749  -8.432 0.6000000238
26785  31.599  -51.776  -7.794 0.6999999881
26786  31.231  -51.425  -7.195 0.6999999881
25851  34.265  -52.708  -9.840 0.6999999881
25852  33.420  -52.494  -9.642 0.6999999881
25841  31.953  -52.081  -8.398 0.6999999881
19092  33.487  -59.976  -12.154 0.5000000000
20071  33.196  -59.301  -11.838 0.6000000238
149281  32.442  -58.894  -11.720 0.6000000238
18206  34.736  -60.132  -11.647 0.6999999881
18208  32.924  -60.461  -12.092 0.6000000238
20058  32.802  -58.659  -11.109 0.6999999881
18194  34.406  -60.450  -11.198 0.6999999881
18195  33.083  -60.646  -11.662 0.6999999881
21061  34.510  -58.153  -9.513 0.6999999881
21044  34.982  -57.632  -8.699 0.6999999881
22964  36.731  -55.626  -7.816 0.5000000000
21019  35.404  -56.995  -7.958 0.6000000238
26728  29.181  -51.252  -3.756 0.5000000000
23977  37.434  -54.235  -9.154 0.6000000238
22990  36.962  -54.718  -8.391 0.6000000238
27804  30.333  -50.841  -5.638 0.6000000238
27795  29.630  -50.808  -4.495 0.5000000000
23961  36.131  -54.127  -8.416 0.6000000238
26801  31.824  -51.326  -8.664 0.6000000238
165304  30.593  -50.381  -6.565 0.5000000000
148101  30.603  -49.920  -6.956 0.5000000000
25861  36.284  -52.548  -10.898 0.6999999881
24924  35.655  -52.792  -10.431 0.6999999881
26821  34.124  -51.833  -10.773 0.6999999881
25864  32.930  -51.977  -10.059 0.6999999881
27843  31.807  -50.634  -9.376 0.5000000000
25876  35.479  -52.253  -10.954 0.6999999881
26822  33.359  -51.596  -10.482 0.6000000238
20056  34.566  -59.127  -11.251 0.6000000238
19091  34.465  -60.034  -11.832 0.6999999881
20070  34.090  -59.608  -11.741 0.6000000238
18192  36.189  -60.329  -10.866 0.6999999881
20038  35.003  -58.677  -10.519 0.6999999881
21018  36.324  -57.010  -7.969 0.6999999881
21060  35.632  -58.347  -9.673 0.6999999881
22037  36.543  -56.348  -7.763 0.6000000238
27780  29.207  -50.290  -3.882 0.4000000060
22989  37.565  -55.560  -8.231 0.5000000000
28944  29.921  -49.000  -5.925 0.4000000060
25860  37.147  -52.789  -10.845 0.6000000238
24908  36.988  -53.643  -9.747 0.6000000238
27832  31.399  -50.393  -8.543 0.5000000000
27833  30.962  -50.150  -7.716 0.5000000000
26823  32.677  -51.245  -10.201 0.5000000000
27856  31.699  -49.985  -10.033 0.4000000060
25875  36.077  -52.008  -11.233 0.6000000238
26830  35.447  -51.503  -11.254 0.6999999881
26831  34.557  -51.323  -11.087 0.6000000238
27865  34.222  -50.591  -11.153 0.5000000000
19082  36.594  -59.999  -11.140 0.6000000238
140151  36.263  -59.599  -11.059 0.6999999881
159212  35.830  -58.974  -10.730 0.6999999881
18155  37.602  -60.186  -10.114 0.6999999881
19071  37.964  -59.967  -10.088 0.6999999881
21059  36.758  -58.369  -9.458 0.6000000238
21042  36.876  -57.721  -8.580 0.6000000238
23976  38.230  -54.565  -9.244 0.6000000238
23959  38.474  -55.486  -8.676 0.5000000000
25859  38.100  -52.997  -10.831 0.6000000238
24907  37.847  -53.869  -9.824 0.6000000238
150205  31.365  -49.777  -9.211 0.4000000060
28955  30.660  -49.287  -7.631 0.5000000000
28943  30.298  -48.960  -6.781 0.4000000060
25874  36.937  -52.052  -11.253 0.6000000238
28970  30.970  -48.995  -8.957 0.4000000060
26829  36.381  -51.348  -11.422 0.6000000238
27864  35.032  -50.647  -11.319 0.5000000000
142613  37.491  -59.198  -10.148 0.6999999881
20037  36.581  -59.002  -10.467 0.6000000238
20024  38.772  -59.194  -8.927 0.6999999881
156793  38.625  -58.788  -9.124 0.6000000238
20025  37.873  -58.426  -9.230 0.6000000238
19053  38.476  -59.621  -8.659 0.6999999881
22058  38.334  -57.024  -8.306 0.5000000000
23992  39.448  -54.240  -10.080 0.6000000238
23005  39.241  -54.931  -9.393 0.6000000238
24906  38.642  -54.144  -9.903 0.6000000238
24921  38.846  -53.388  -10.680 0.5000000000
154703  37.681  -52.448  -11.145 0.6000000238
151961  37.283  -51.172  -11.558 0.6000000238
27863  35.892  -50.635  -11.492 0.5000000000
162702  39.641  -58.318  -8.109 0.6999999881
21040  39.199  -58.346  -8.478 0.6999999881
22988  39.627  -55.919  -8.854 0.6000000238
23004  40.289  -55.493  -9.299 0.5000000000
23991  40.417  -54.059  -10.341 0.6000000238
23975  40.353  -54.779  -9.785 0.6000000238
24931  40.009  -52.918  -11.148 0.6000000238
26828  38.901  -51.658  -11.567 0.6000000238
27862  36.763  -50.529  -11.624 0.5000000000
16481  28.566  -62.513  -11.160 0.5000000000
17307  30.914  -61.530  -11.424 0.5000000000
17309  28.930  -61.803  -10.481 0.5000000000
17308  29.903  -61.609  -10.935 0.5000000000
17305  32.316  -60.898  -11.287 0.6999999881
18159  32.730  -60.187  -9.141 0.6999999881
160340  31.884  -60.685  -10.189 0.5000000000
18181  31.046  -60.624  -9.510 0.5000000000
18178  33.784  -60.461  -10.165 0.6999999881
162573  33.171  -60.334  -9.646 0.6999999881
18176  36.155  -60.460  -10.027 0.6999999881
13269  23.038  -66.797  -11.329 0.3000000119
158003  29.759  -56.160  -5.908 0.6999999881
21049  29.818  -58.122  -8.005 0.6000000238
152096  30.554  -54.854  -5.798 0.6999999881
24829  29.579  -53.476  -4.434 0.6999999881
17324  31.226  -61.691  -12.587 0.6000000238
159667  35.483  -54.379  -7.801 0.6000000238
25853  32.720  -52.229  -9.338 0.6999999881
26759  30.556  -51.646  -5.711 0.6000000238
27823  30.900  -50.739  -6.989 0.6000000238
27805  29.969  -50.400  -5.228 0.5000000000
28923  29.597  -49.898  -4.705 0.5000000000
165934  33.575  -50.516  -10.939 0.5000000000
151935  38.098  -56.219  -8.267 0.5000000000
139474  38.930  -56.526  -8.508 0.5000000000
25873  38.468  -52.405  -11.255 0.6000000238
151765  37.894  -51.784  -11.443 0.6000000238
22057  39.323  -57.445  -8.445 0.6000000238
160422  39.508  -53.706  -10.532 0.6000000238
22056  40.045  -56.935  -8.580 0.5000000000
19059  33.005  -59.712  -8.433 0.6000000238
156592  32.472  -58.036  -5.826 0.6000000238
20974  32.900  -57.563  -5.347 0.4000000060
19021  33.030  -58.996  -7.108 0.5000000000
19058  33.876  -59.684  -8.553 0.6000000238
20076  27.164  -58.938  -11.326 0.5000000000
145256  32.093  -57.588  -5.323 0.4000000060
144220  29.349  -58.646  -11.190 0.5000000000
20046  27.635  -58.578  -10.051 0.5000000000
19022  32.273  -59.116  -7.059 0.5000000000
20932  34.013  -56.867  -3.589 0.4000000060
152126  28.478  -58.633  -10.648 0.5000000000
147342  27.554  -58.499  -9.105 0.5000000000
19980  33.886  -58.055  -5.993 0.6000000238
20045  28.524  -58.590  -9.525 0.5000000000
19041  33.455  -59.364  -7.757 0.5000000000
19057  34.832  -59.774  -8.746 0.6000000238
21938  34.926  -56.909  -1.474 0.4000000060
21940  32.734  -56.522  -2.196 0.4000000060
20972  34.380  -57.613  -5.259 0.4000000060
22071  25.887  -56.984  -9.124 0.5000000000
20000  34.234  -58.464  -6.516 0.5000000000
20030  27.308  -58.322  -8.303 0.5000000000
21027  26.434  -57.454  -7.557 0.5000000000
19040  34.404  -59.372  -7.869 0.6000000238
19039  35.558  -59.495  -8.028 0.6000000238
19072  35.223  -60.302  -9.652 0.6000000238
21024  29.412  -57.673  -7.330 0.5000000000
21000  26.860  -57.472  -6.795 0.5000000000
22044  26.054  -56.790  -7.267 0.4000000060
144802  36.035  -59.013  -6.974 0.5000000000
163822  34.529  -58.688  -6.853 0.5000000000
19020  37.078  -59.382  -7.113 0.6000000238
19038  36.671  -59.606  -7.889 0.6000000238
148038  36.448  -59.867  -8.633 0.6000000238
19037  37.828  -59.768  -8.008 0.6000000238
18156  36.988  -60.300  -9.537 0.6000000238
20948  34.668  -57.279  -4.186 0.4000000060
21959  34.499  -56.960  -2.394 0.4000000060
22021  27.377  -57.077  -6.016 0.5000000000
21999  26.338  -56.663  -6.203 0.5000000000
22970  25.848  -55.769  -7.135 0.4000000060
20999  27.925  -57.507  -6.599 0.6000000238
149452  26.037  -55.520  -8.328 0.4000000060
19978  36.137  -58.446  -5.838 0.6000000238
19998  37.024  -58.957  -6.177 0.6000000238
19019  38.031  -59.430  -6.525 0.6000000238
19017  39.559  -59.005  -6.322 0.6000000238
21920  35.186  -56.561  -1.130 0.4000000060
21998  27.021  -56.543  -5.487 0.5000000000
22947  25.850  -55.815  -6.204 0.4000000060
23922  25.634  -54.261  -6.453 0.4000000060
20946  36.837  -57.958  -3.380 0.6000000238
20947  35.875  -57.640  -3.515 0.4000000060
19977  37.207  -58.592  -5.031 0.6000000238
144871  35.276  -57.966  -5.529 0.6000000238
20970  39.215  -58.047  -5.571 0.6000000238
151913  38.558  -58.774  -5.101 0.5000000000
19035  39.336  -59.217  -7.225 0.6000000238
21903  34.526  -56.170  -0.677 0.4000000060
20931  35.096  -57.266  -3.031 0.4000000060
22927  27.340  -56.003  -4.874 0.6000000238
22929  26.011  -55.198  -4.901 0.5000000000
23906  25.610  -54.466  -5.383 0.5000000000
138615  25.377  -53.264  -6.883 0.5000000000
19933  37.040  -57.736  -3.270 0.4000000060
20930  36.550  -57.513  -2.675 0.4000000060
148885  37.200  -57.595  -3.505 0.5000000000
166258  38.429  -57.930  -4.800 0.5000000000
21995  38.747  -57.114  -5.625 0.5000000000
20969  39.801  -58.096  -6.137 0.6000000238
19996  39.963  -58.376  -6.546 0.6000000238
20023  39.472  -58.850  -8.038 0.6000000238
22885  35.972  -55.904  -1.916 0.4000000060
21919  35.820  -56.573  -1.361 0.4000000060
23852  35.239  -55.164  -1.908 0.4000000060
22870  35.107  -55.533  -0.860 0.4000000060
23889  29.364  -54.324  -4.579 0.6000000238
22899  36.010  -55.842  -2.770 0.4000000060
22868  36.207  -56.591  -1.628 0.4000000060
23891  26.590  -54.959  -4.215 0.6000000238
24831  25.669  -53.806  -3.993 0.5000000000
24844  25.401  -53.645  -4.964 0.4000000060
21958  36.768  -57.195  -2.664 0.4000000060
20945  37.670  -58.002  -3.988 0.5000000000
21994  39.577  -57.332  -6.144 0.5000000000
161350  40.083  -56.666  -6.612 0.6000000238
19995  40.469  -57.857  -7.305 0.6000000238
21016  41.339  -57.036  -7.927 0.6000000238
24782  34.923  -54.317  -2.643 0.4000000060
24830  28.861  -53.900  -3.930 0.6000000238
23890  27.516  -54.919  -4.002 0.6000000238
23871  26.286  -54.237  -3.761 0.5000000000
25795  24.739  -51.947  -5.591 0.5000000000
23867  35.830  -55.205  -3.689 0.4000000060
21977  36.986  -56.671  -3.937 0.4000000060
22908  37.456  -56.301  -5.000 0.5000000000
158671  38.218  -56.004  -5.705 0.5000000000
22942  40.937  -56.801  -7.271 0.5000000000
24783  34.445  -53.492  -2.359 0.4000000060
155781  28.420  -53.489  -3.498 0.6000000238
24784  26.463  -53.043  -2.818 0.5000000000
25780  25.152  -52.600  -3.815 0.5000000000
21975  38.032  -56.948  -5.172 0.5000000000
22944  38.799  -55.356  -6.298 0.4000000060
23916  40.366  -55.346  -7.126 0.4000000060
148734  41.539  -56.435  -7.766 0.4000000060
22054  41.792  -56.235  -8.053 0.6000000238
23974  41.480  -55.319  -9.245 0.4000000060
151768  34.538  -52.780  -3.135 0.4000000060
23888  35.331  -54.133  -3.570 0.4000000060
24805  29.073  -53.097  -3.786 0.6000000238
24827  35.646  -53.578  -4.389 0.4000000060
26744  29.680  -51.722  -4.375 0.5000000000
150943  27.807  -53.459  -3.207 0.5000000000
25744  26.142  -52.438  -2.631 0.5000000000
26745  24.861  -51.720  -3.821 0.4000000060
25743  26.898  -52.328  -2.519 0.4000000060
156720  38.101  -55.008  -6.003 0.5000000000
162267  38.899  -54.232  -6.746 0.5000000000
24855  39.406  -53.998  -7.134 0.6000000238
24872  41.917  -54.472  -8.141 0.4000000060
23937  42.239  -54.914  -8.198 0.4000000060
151180  42.599  -54.596  -9.343 0.4000000060
141128  40.729  -54.060  -7.773 0.5000000000
26730  27.780  -52.139  -2.741 0.6000000238
26707  28.005  -51.371  -2.750 0.4000000060
158489  43.392  -53.741  -9.521 0.5000000000
23990  41.580  -54.445  -9.966 0.5000000000
24893  40.640  -53.249  -8.337 0.5000000000
23939  40.205  -54.592  -7.282 0.5000000000
24892  42.008  -53.798  -8.438 0.5000000000
24905  43.069  -53.620  -9.112 0.5000000000
25777  35.031  -52.339  -4.513 0.4000000060
26827  40.066  -51.618  -11.646 0.5000000000
24919  41.771  -53.618  -10.600 0.4000000060
23989  42.842  -53.873  -10.036 0.5000000000
25835  41.946  -53.037  -8.942 0.5000000000
25836  40.438  -52.521  -8.914 0.5000000000
27781  28.517  -50.715  -3.136 0.4000000060
25871  40.768  -52.318  -11.478 0.4000000060
25870  42.467  -52.211  -11.365 0.4000000060
24930  41.366  -52.956  -11.156 0.5000000000
24929  42.687  -52.912  -10.908 0.5000000000
25846  43.435  -53.104  -9.907 0.5000000000
24918  43.156  -53.214  -10.400 0.5000000000
25847  43.008  -52.752  -9.682 0.5000000000
26807  42.437  -51.947  -10.158 0.5000000000
26818  43.328  -51.830  -10.930 0.4000000060
20998  28.950  -57.338  -6.672 0.5000000000
21997  27.938  -56.526  -5.453 0.6000000238
20015  28.825  -58.232  -7.860 0.6000000238
22910  28.990  -55.157  -4.744 0.6000000238
19096  27.545  -59.294  -11.636 0.5000000000
153592  40.936  -57.154  -8.229 0.6000000238
22986  41.783  -55.859  -8.460 0.4000000060
21050  26.446  -57.811  -8.346 0.5000000000
20016  27.859  -58.235  -7.716 0.5000000000
154977  27.584  -57.832  -7.151 0.5000000000
23921  25.788  -54.904  -6.849 0.4000000060
19952  37.371  -58.206  -4.007 0.6000000238
22928  26.311  -55.945  -5.374 0.6000000238
22948  25.747  -55.191  -5.780 0.4000000060
21937  36.561  -57.017  -1.928 0.4000000060
22911  28.028  -55.411  -4.448 0.6000000238
22912  27.207  -55.406  -4.410 0.6000000238
141232  25.860  -54.459  -4.475 0.5000000000
25809  25.119  -52.852  -6.077 0.5000000000
25824  25.143  -52.961  -7.041 0.5000000000
25794  25.085  -52.728  -4.855 0.5000000000
23870  27.007  -54.487  -3.662 0.5000000000
159083  25.331  -53.259  -4.197 0.5000000000
24809  25.546  -53.241  -3.632 0.5000000000
22943  39.689  -55.727  -6.625 0.5000000000
25781  24.868  -52.089  -4.547 0.5000000000
22923  37.480  -55.235  -5.487 0.5000000000
25764  28.352  -52.748  -3.217 0.6000000238
23002  42.530  -54.931  -8.623 0.3000000119
25869  43.220  -51.636  -11.064 0.4000000060
6064  24.780  -74.964  -10.025 0.3000000119
5419  25.574  -76.499  -11.621 0.3000000119
139793  25.909  -75.766  -11.305 0.3000000119
6111  25.667  -75.465  -13.398 0.3000000119
6101  26.021  -75.663  -12.538 0.3000000119
6100  26.211  -74.967  -13.145 0.3000000119
6859  25.268  -74.139  -15.373 0.3000000119
6848  25.873  -74.674  -14.110 0.3000000119
7598  27.956  -72.792  -13.544 0.3000000119
142405  26.643  -74.433  -12.964 0.3000000119
7615  26.388  -72.841  -15.526 0.3000000119
7616  25.675  -73.204  -15.884 0.3000000119
158810  27.447  -73.354  -13.368 0.3000000119
8355  28.280  -71.352  -15.032 0.3000000119
8356  27.647  -71.964  -15.272 0.3000000119
7614  27.027  -72.375  -15.452 0.4000000060
9077  26.289  -71.950  -15.994 0.4000000060
8345  25.650  -71.874  -14.800 0.4000000060
8346  24.606  -72.508  -14.470 0.3000000119
161806  27.688  -70.787  -13.518 0.3000000119
9025  27.230  -71.196  -13.967 0.4000000060
9043  26.510  -71.488  -14.692 0.4000000060
9061  26.161  -71.795  -15.685 0.4000000060
9832  28.501  -70.421  -13.574 0.3000000119
8329  25.214  -72.080  -13.306 0.4000000060
10685  28.811  -69.767  -11.653 0.4000000060
9813  28.272  -70.324  -12.111 0.4000000060
8330  24.430  -72.432  -12.798 0.4000000060
8317  24.145  -72.361  -11.734 0.3000000119
9833  27.620  -70.708  -12.493 0.4000000060
9026  27.013  -71.104  -12.786 0.3000000119
138861  26.339  -71.403  -12.108 0.4000000060
9799  27.959  -70.100  -11.044 0.4000000060
139979  25.074  -71.618  -10.998 0.5000000000
9027  25.715  -71.699  -12.571 0.4000000060
14093  25.192  -65.336  -11.593 0.5000000000
10668  28.466  -69.575  -10.607 0.4000000060
9012  24.970  -72.001  -11.968 0.4000000060
13257  22.739  -66.745  -10.292 0.3000000119
13245  23.209  -66.143  -9.700 0.4000000060
8976  21.882  -71.379  -8.626 0.3000000119
162894  26.959  -59.950  -11.699 0.4000000060
146738  26.843  -59.446  -11.495 0.4000000060
16499  29.199  -63.035  -12.452 0.4000000060
16480  29.547  -62.296  -11.643 0.4000000060
15690  28.669  -63.623  -12.733 0.4000000060
9800  27.183  -70.392  -10.618 0.4000000060
9815  26.926  -71.037  -11.781 0.3000000119
9011  25.665  -71.554  -11.574 0.5000000000
16500  28.207  -63.217  -11.749 0.4000000060
14893  26.170  -64.366  -11.392 0.4000000060
10669  27.641  -69.871  -10.191 0.4000000060
13256  23.489  -66.268  -10.760 0.4000000060
9000  24.446  -71.655  -10.458 0.4000000060
14083  24.232  -65.238  -10.115 0.5000000000
140540  23.804  -71.757  -10.074 0.5000000000
13246  22.469  -66.717  -9.317 0.4000000060
12366  22.034  -67.253  -9.838 0.4000000060
8975  22.787  -71.360  -8.583 0.3000000119
150098  21.393  -68.020  -8.716 0.4000000060
20077  26.318  -58.901  -11.172 0.4000000060
17306  31.826  -61.349  -11.923 0.4000000060
9783  26.966  -70.187  -9.944 0.4000000060
9801  26.284  -70.732  -10.307 0.4000000060
15677  27.327  -63.440  -11.285 0.4000000060
14894  25.279  -64.728  -10.932 0.5000000000
9784  26.472  -70.221  -9.392 0.4000000060
152633  25.711  -71.289  -10.820 0.4000000060
15679  25.709  -63.981  -10.515 0.5000000000
9764  26.578  -69.743  -8.613 0.4000000060
10632  25.820  -69.950  -8.202 0.4000000060
9785  25.700  -70.611  -9.434 0.4000000060
9766  24.518  -70.905  -8.691 0.5000000000
8974  23.708  -71.211  -8.650 0.5000000000
16483  26.845  -63.022  -10.422 0.4000000060
14886  24.285  -64.761  -9.511 0.5000000000
10612  26.300  -69.533  -7.922 0.4000000060
9767  23.149  -70.933  -7.923 0.5000000000
14084  23.738  -65.457  -9.548 0.4000000060
9768  22.143  -70.837  -7.958 0.4000000060
11481  21.509  -68.618  -7.575 0.4000000060
11495  21.211  -68.623  -8.289 0.4000000060
154541  22.360  -66.742  -8.503 0.4000000060
16469  27.988  -62.072  -10.144 0.4000000060
17291  28.395  -61.427  -9.371 0.3000000119
9748  25.118  -70.172  -7.794 0.4000000060
9749  24.359  -70.379  -7.485 0.4000000060
15664  26.098  -63.310  -10.100 0.4000000060
24880  25.568  -53.490  -7.640 0.4000000060
11463  25.445  -68.777  -6.100 0.4000000060
10589  25.135  -69.367  -6.556 0.4000000060
9750  23.541  -70.507  -7.337 0.5000000000
9751  22.659  -70.431  -7.333 0.5000000000
15666  24.687  -63.970  -9.196 0.5000000000
14887  23.627  -65.091  -8.763 0.4000000060
11464  24.609  -69.071  -5.848 0.4000000060
10616  21.689  -69.319  -7.309 0.4000000060
14066  23.247  -65.751  -8.894 0.4000000060
12340  22.128  -67.181  -7.663 0.4000000060
13226  22.616  -66.262  -7.971 0.4000000060
17290  30.034  -60.752  -9.209 0.4000000060
16470  27.185  -62.422  -9.902 0.3000000119
10590  24.292  -69.604  -6.321 0.4000000060
10591  23.516  -69.637  -6.279 0.4000000060
16455  26.809  -62.229  -9.241 0.3000000119
11447  24.127  -68.671  -5.273 0.4000000060
11448  23.259  -68.556  -5.444 0.4000000060
10592  22.786  -69.453  -6.374 0.4000000060
11465  22.170  -68.324  -6.473 0.5000000000
12288  24.344  -67.627  -4.540 0.4000000060
12289  23.643  -67.357  -4.545 0.4000000060
156729  22.293  -67.393  -6.453 0.4000000060
13208  22.506  -66.489  -6.962 0.4000000060
14873  23.496  -64.738  -7.923 0.4000000060
18180  31.955  -60.382  -9.282 0.4000000060
150734  22.543  -67.996  -5.742 0.4000000060
6836  19.821  -74.471  -12.617 0.3000000119
8343  28.660  -72.213  -13.718 0.3000000119
9845  28.984  -70.640  -14.654 0.3000000119
10708  29.183  -69.910  -13.004 0.4000000060
11508  27.916  -69.115  -8.948 0.4000000060
10631  27.282  -69.336  -8.609 0.4000000060
11494  27.664  -68.767  -8.228 0.4000000060
162098  26.594  -68.633  -6.923 0.4000000060
17292  27.431  -61.834  -9.300 0.3000000119
12308  25.194  -67.816  -4.904 0.4000000060
17275  29.148  -60.890  -8.870 0.4000000060
17276  27.651  -61.399  -8.657 0.4000000060
15650  25.552  -62.681  -8.490 0.4000000060
13980  23.575  -65.757  -4.143 0.4000000060
13168  22.841  -66.469  -5.159 0.4000000060
13188  22.576  -66.527  -5.991 0.4000000060
14025  22.830  -65.736  -6.506 0.4000000060
14860  23.923  -64.038  -7.741 0.3000000119
15651  24.487  -63.666  -8.310 0.4000000060
14001  23.123  -65.651  -4.891 0.4000000060
14094  24.555  -65.356  -10.902 0.4000000060
18160  31.301  -60.217  -8.597 0.4000000060
4854  25.085  -77.178  -11.762 0.3000000119
6094  26.075  -75.954  -11.960 0.3000000119
6120  25.192  -75.150  -14.451 0.3000000119
6851  20.407  -74.984  -13.407 0.3000000119
6850  21.228  -74.960  -13.630 0.3000000119
6847  26.425  -74.209  -13.793 0.3000000119
8344  28.233  -72.059  -14.589 0.3000000119
144997  26.920  -73.017  -14.783 0.4000000060
8357  25.436  -72.242  -15.932 0.4000000060
9059  27.586  -71.531  -15.331 0.3000000119
9846  28.112  -70.788  -14.584 0.3000000119
9060  26.844  -71.713  -15.566 0.4000000060
161620  25.869  -71.676  -13.697 0.4000000060
9831  29.593  -70.167  -14.158 0.3000000119
11524  28.929  -69.058  -10.160 0.4000000060
8999  25.220  -71.179  -10.115 0.4000000060
8987  23.366  -71.606  -9.375 0.5000000000
9769  21.449  -70.378  -7.980 0.3000000119
8986  24.313  -71.352  -9.513 0.5000000000
10611  26.939  -69.196  -8.017 0.4000000060
12341  21.821  -68.006  -7.155 0.4000000060
14046  23.135  -65.205  -7.243 0.4000000060
19024  30.759  -59.326  -6.887 0.4000000060
19043  30.075  -59.727  -7.335 0.4000000060
139830  30.165  -58.585  -5.914 0.4000000060
19982  31.661  -58.285  -5.931 0.3000000119
19023  31.624  -58.937  -6.682 0.5000000000
162658  31.637  -59.489  -7.440 0.4000000060
147020  32.565  -59.436  -7.662 0.4000000060
16360  28.064  -62.147  -2.302 0.3000000119
141076  27.628  -61.551  -2.145 0.3000000119
21925  29.819  -56.723  -1.827 0.3000000119
21963  30.049  -56.516  -3.259 0.3000000119
142247  31.914  -56.434  -2.603 0.3000000119
21978  33.007  -56.652  -3.902 0.3000000119
18079  27.785  -60.147  -1.837 0.3000000119
158520  27.894  -58.808  -1.908 0.3000000119
20900  29.557  -57.309  -1.216 0.3000000119
144609  28.854  -62.274  -2.464 0.3000000119
18078  28.678  -60.205  -1.490 0.3000000119
21941  31.125  -56.419  -2.488 0.3000000119
21922  33.025  -56.679  -0.994 0.3000000119
19909  28.524  -58.485  -1.540 0.3000000119
20884  30.466  -56.970  -0.819 0.3000000119
21924  30.756  -56.545  -1.703 0.3000000119
19881  29.310  -58.985  0.168 0.3000000119
19896  29.175  -58.518  -0.804 0.3000000119
21883  30.818  -56.879  0.379 0.3000000119
20869  29.942  -57.621  0.477 0.3000000119
21864  30.317  -56.264  1.041 0.3000000119
18067  29.053  -59.697  -1.065 0.3000000119
160810  31.834  -56.591  -0.348 0.3000000119
22852  33.066  -55.785  -0.083 0.3000000119
22850  34.602  -55.506  -0.556 0.3000000119
20852  29.471  -57.589  1.380 0.3000000119
21882  31.703  -56.455  0.068 0.3000000119
23810  33.441  -54.076  0.165 0.3000000119
21865  29.520  -56.646  1.566 0.3000000119
22835  30.802  -55.468  0.879 0.3000000119
22834  31.681  -55.604  0.456 0.3000000119
23813  31.344  -54.161  0.883 0.3000000119
24759  34.207  -53.779  -1.318 0.3000000119
23826  34.053  -54.784  -0.166 0.3000000119
24741  33.910  -53.949  -0.368 0.3000000119
25742  34.172  -52.546  -2.415 0.3000000119
148733  34.599  -52.169  -3.786 0.3000000119
153565  34.043  -51.506  -3.709 0.3000000119
26743  33.704  -51.151  -4.329 0.3000000119
26742  34.373  -51.650  -4.553 0.3000000119
20975  31.239  -57.678  -5.276 0.3000000119
20003  30.870  -58.704  -6.287 0.4000000060
21961  32.437  -56.487  -3.208 0.3000000119
164990  33.578  -56.276  -0.528 0.3000000119
19025  29.852  -59.373  -6.687 0.5000000000
17184  28.159  -60.840  -1.842 0.3000000119
21943  29.385  -56.726  -2.704 0.3000000119
21981  30.709  -56.575  -3.761 0.3000000119
149226  30.767  -57.140  -4.598 0.3000000119
20901  28.976  -57.849  -1.372 0.3000000119
19897  28.850  -59.006  -1.108 0.3000000119
21904  32.149  -56.620  -0.790 0.3000000119
20885  29.921  -57.545  -0.427 0.3000000119
22817  29.975  -55.312  1.404 0.3000000119
24717  30.787  -53.605  1.277 0.3000000119
163810  32.346  -55.979  0.085 0.3000000119
23811  32.711  -54.368  0.419 0.3000000119
161824  24.878  -62.967  -8.020 0.3000000119
16440  24.680  -62.766  -7.194 0.4000000060
150278  24.253  -62.722  -5.595 0.4000000060
16421  24.443  -62.686  -6.354 0.4000000060
16456  25.991  -62.199  -8.238 0.3000000119
17240  25.842  -60.992  -5.806 0.4000000060
17241  25.203  -61.398  -5.352 0.3000000119
16439  25.426  -62.337  -7.640 0.4000000060
17251  26.209  -61.231  -6.641 0.4000000060
18125  26.217  -60.404  -5.352 0.3000000119
17264  27.477  -61.111  -7.836 0.3000000119
18145  27.015  -60.896  -6.997 0.4000000060
18133  26.602  -60.633  -6.209 0.4000000060
154021  28.910  -60.327  -7.527 0.3000000119
18131  28.371  -60.271  -7.096 0.4000000060
146673  29.061  -59.333  -6.344 0.4000000060
18143  28.320  -60.640  -7.715 0.3000000119
18142  29.556  -60.216  -7.699 0.3000000119
18140  30.864  -60.069  -8.131 0.3000000119
17263  28.333  -60.978  -8.426 0.3000000119
18132  27.526  -60.304  -6.549 0.4000000060
140351  25.059  -62.177  -6.727 0.4000000060
155613  29.704  -69.439  -12.421 0.3000000119
14843  23.354  -64.491  -6.122 0.3000000119
9811  32.448  -69.563  -11.541 0.3000000119
9812  31.991  -69.437  -12.532 0.3000000119
10683  31.087  -68.733  -12.670 0.3000000119
10667  29.445  -69.207  -11.195 0.3000000119
15630  24.133  -63.255  -6.781 0.3000000119
14024  23.065  -65.233  -5.830 0.3000000119
12392  33.098  -67.683  -12.016 0.3000000119
11541  31.618  -68.096  -12.180 0.3000000119
12393  32.566  -67.697  -12.143 0.3000000119
11523  29.716  -68.589  -10.557 0.3000000119
11507  28.630  -68.769  -9.379 0.3000000119
15616  23.910  -63.216  -5.990 0.3000000119
12361  34.231  -66.324  -11.201 0.3000000119
12379  32.952  -67.240  -11.877 0.3000000119
12378  33.573  -67.021  -11.586 0.3000000119
11522  30.661  -68.014  -10.975 0.3000000119
12380  31.806  -67.446  -11.531 0.3000000119
158716  29.263  -68.515  -9.800 0.3000000119
14081  33.724  -65.823  -10.761 0.3000000119
13243  32.146  -66.295  -10.274 0.3000000119
12364  30.833  -67.333  -10.258 0.3000000119
13244  31.255  -66.733  -9.936 0.3000000119
11493  28.423  -68.401  -8.609 0.3000000119
11461  27.002  -68.049  -6.658 0.3000000119
11445  25.783  -68.152  -5.668 0.3000000119
14092  34.586  -65.948  -11.067 0.3000000119
12353  28.935  -67.617  -8.262 0.3000000119
12352  29.686  -67.285  -8.704 0.3000000119
12339  27.865  -67.512  -6.957 0.3000000119
14820  23.349  -64.725  -5.174 0.3000000119
14063  33.126  -65.479  -9.514 0.3000000119
14062  34.173  -65.410  -9.566 0.3000000119
157259  31.738  -65.921  -9.324 0.3000000119
13224  31.019  -66.358  -9.096 0.3000000119
159261  28.680  -67.178  -7.505 0.3000000119
12327  26.608  -67.750  -6.017 0.3000000119
13144  24.272  -66.844  -4.105 0.3000000119
14800  23.493  -65.056  -4.215 0.3000000119
16405  24.379  -62.501  -4.728 0.3000000119
14861  23.497  -64.420  -7.029 0.3000000119
14065  31.192  -65.850  -8.486 0.3000000119
12338  29.404  -66.912  -7.969 0.3000000119
12326  27.309  -67.402  -6.336 0.3000000119
13143  25.181  -66.681  -4.072 0.3000000119
10684  30.403  -68.616  -11.576 0.3000000119
11539  32.818  -68.283  -12.142 0.3000000119
11556  31.825  -68.709  -12.719 0.3000000119
5428  25.632  -76.423  -12.189 0.3000000119
6858  26.082  -73.787  -14.833 0.3000000119
7576  27.722  -73.422  -12.691 0.3000000119
7599  27.479  -72.754  -14.415 0.3000000119
7600  26.962  -73.642  -13.735 0.3000000119
7629  25.644  -72.460  -16.017 0.4000000060
8305  23.802  -72.165  -10.824 0.5000000000
8367  26.498  -72.146  -15.883 0.4000000060
8988  22.448  -71.788  -9.305 0.3000000119
9010  26.292  -71.181  -11.229 0.5000000000
9042  27.532  -71.300  -15.078 0.4000000060
9058  28.982  -70.811  -14.778 0.3000000119
9076  26.980  -71.908  -15.737 0.4000000060
9730  23.926  -70.130  -6.765 0.4000000060
9731  23.131  -70.091  -6.745 0.5000000000
9752  21.823  -70.109  -7.484 0.4000000060
9765  25.278  -70.486  -8.617 0.4000000060
9814  27.451  -70.581  -11.454 0.4000000060
9858  28.327  -71.001  -15.143 0.3000000119
10572  23.815  -69.204  -5.747 0.4000000060
10573  23.171  -69.181  -5.903 0.4000000060
10593  22.182  -69.071  -6.635 0.5000000000
10613  25.665  -69.599  -7.381 0.4000000060
10614  24.760  -69.897  -7.038 0.4000000060
10615  22.338  -69.768  -6.934 0.5000000000
10633  21.234  -69.810  -7.907 0.3000000119
10651  28.145  -69.388  -9.729 0.4000000060
10682  32.543  -68.890  -12.147 0.3000000119
10704  32.232  -68.709  -12.502 0.3000000119
10705  31.592  -69.232  -13.072 0.3000000119
10706  31.343  -69.176  -13.181 0.3000000119
10707  30.119  -69.658  -13.672 0.3000000119
11425  23.786  -68.090  -4.833 0.4000000060
11446  24.937  -68.489  -5.410 0.4000000060
11449  22.613  -68.794  -6.024 0.4000000060
11462  26.244  -68.424  -6.352 0.4000000060
11466  21.822  -68.672  -6.994 0.4000000060
11477  28.154  -67.969  -7.817 0.3000000119
11478  27.255  -68.474  -7.423 0.3000000119
11479  26.468  -69.111  -7.397 0.4000000060
11480  25.956  -69.038  -6.763 0.4000000060
11492  29.263  -68.021  -9.120 0.3000000119
11506  29.934  -68.000  -9.958 0.3000000119
11509  21.019  -68.488  -9.108 0.4000000060
11540  32.491  -68.160  -12.332 0.3000000119
12287  25.677  -67.111  -4.672 0.3000000119
12290  23.036  -67.059  -4.844 0.4000000060
12307  26.151  -67.454  -5.342 0.3000000119
12309  24.436  -68.194  -4.893 0.4000000060
12310  23.089  -67.716  -5.079 0.4000000060
12311  22.645  -67.182  -5.484 0.4000000060
12325  27.818  -66.837  -6.311 0.3000000119
12351  30.458  -66.978  -9.256 0.3000000119
12354  21.883  -67.364  -8.774 0.4000000060
12355  21.577  -67.943  -7.998 0.4000000060
12363  32.061  -66.843  -11.037 0.3000000119
12365  30.009  -67.516  -9.408 0.3000000119
12367  21.456  -67.801  -9.456 0.4000000060
12394  22.186  -67.294  -10.918 0.3000000119
13145  23.452  -66.491  -4.414 0.4000000060
13241  34.745  -66.233  -11.003 0.3000000119
13242  33.309  -66.162  -10.913 0.3000000119
13253  34.806  -66.006  -11.070 0.3000000119
13254  34.146  -66.301  -11.273 0.3000000119
13255  33.250  -66.652  -11.416 0.3000000119
13267  24.518  -66.389  -12.753 0.5000000000
13268  23.897  -66.381  -11.834 0.5000000000
13281  23.777  -67.025  -13.689 0.4000000060
13290  25.645  -66.086  -15.093 0.5000000000
14002  22.851  -65.919  -5.666 0.4000000060
14043  31.466  -65.509  -7.942 0.3000000119
14047  22.793  -65.829  -7.349 0.4000000060
14067  23.098  -65.531  -8.099 0.4000000060
14080  34.825  -65.788  -10.562 0.3000000119
14082  32.631  -65.809  -9.990 0.3000000119
14095  23.874  -65.701  -10.369 0.5000000000
14114  27.503  -65.191  -14.161 0.5000000000
14115  26.095  -65.986  -13.875 0.5000000000
14124  26.902  -65.387  -14.363 0.5000000000
14137  26.591  -65.399  -14.551 0.5000000000
14138  25.966  -65.938  -14.986 0.5000000000
14872  24.071  -64.377  -8.566 0.4000000060
14885  24.961  -64.284  -10.050 0.5000000000
14895  24.633  -64.843  -10.313 0.5000000000
14904  25.850  -64.995  -11.957 0.6000000238
14912  27.981  -64.830  -13.888 0.4000000060
14913  27.269  -65.157  -13.496 0.5000000000
14925  28.177  -64.556  -14.159 0.4000000060
14926  28.136  -65.120  -14.050 0.4000000060
14941  27.903  -64.750  -14.238 0.5000000000
15607  23.674  -64.083  -4.429 0.3000000119
15617  23.579  -63.891  -5.557 0.3000000119
15631  23.674  -63.805  -6.452 0.3000000119
15640  24.330  -63.405  -7.516 0.4000000060
15641  23.860  -63.752  -7.112 0.3000000119
15665  25.802  -62.997  -9.303 0.3000000119
15678  26.519  -63.705  -10.903 0.4000000060
15691  27.863  -63.834  -12.326 0.4000000060
15692  27.019  -64.111  -11.836 0.4000000060
15705  28.503  -64.157  -13.543 0.5000000000
15721  26.840  -63.983  -14.283 0.5000000000
15732  28.066  -64.508  -14.241 0.4000000060
15733  27.982  -64.005  -14.298 0.4000000060
16404  24.726  -62.073  -5.720 0.4000000060
16438  26.079  -61.878  -7.769 0.4000000060
16471  26.479  -62.713  -9.660 0.3000000119
16472  26.233  -62.431  -8.903 0.4000000060
16482  27.646  -62.741  -10.745 0.4000000060
16497  30.741  -62.276  -12.926 0.5000000000
16512  30.106  -62.643  -13.263 0.4000000060
16513  29.731  -63.052  -13.292 0.5000000000
16523  30.029  -62.585  -13.378 0.4000000060
16524  29.476  -62.920  -13.686 0.4000000060
16526  27.500  -63.456  -13.744 0.4000000060
17183  29.134  -60.992  -1.742 0.3000000119
17196  28.676  -61.508  -2.108 0.3000000119
17197  27.252  -60.891  -2.112 0.3000000119
17242  24.762  -61.788  -4.845 0.3000000119
17252  25.442  -61.581  -6.251 0.4000000060
17265  26.549  -61.444  -7.453 0.4000000060
17266  25.773  -61.748  -7.097 0.4000000060
17277  26.754  -61.784  -8.423 0.4000000060
17289  30.437  -61.144  -10.217 0.5000000000
17322  32.439  -60.955  -12.174 0.6000000238
17323  31.826  -61.226  -12.460 0.6000000238
17325  30.500  -62.073  -12.149 0.4000000060
17336  32.164  -60.937  -12.421 0.4000000060
17338  30.969  -61.977  -13.087 0.4000000060
17339  29.621  -61.395  -13.217 0.4000000060
17341  27.024  -62.131  -12.488 0.4000000060
17347  31.002  -61.542  -13.057 0.4000000060
17350  29.392  -62.060  -13.461 0.4000000060
18141  30.285  -60.133  -7.932 0.3000000119
18144  27.733  -60.638  -7.249 0.4000000060
18157  34.295  -60.150  -9.409 0.6000000238
18158  33.456  -60.089  -9.189 0.6999999881
18161  30.546  -60.395  -8.584 0.4000000060
18162  29.761  -60.501  -8.374 0.3000000119
18163  29.016  -60.606  -8.088 0.3000000119
18174  37.303  -60.059  -10.595 0.6999999881
18175  36.898  -60.298  -10.405 0.6999999881
18177  34.765  -60.460  -10.363 0.6999999881
18179  32.805  -60.553  -10.289 0.6999999881
18191  36.683  -60.094  -10.971 0.6999999881
18193  35.361  -60.301  -11.244 0.6999999881
18196  31.417  -61.063  -10.743 0.5000000000
18205  36.071  -60.070  -11.319 0.6000000238
18219  32.509  -60.323  -12.346 0.5000000000
18222  28.415  -60.167  -12.346 0.4000000060
18223  27.550  -59.854  -11.917 0.4000000060
18942  29.141  -59.184  -0.608 0.3000000119
18953  28.338  -59.345  -1.547 0.3000000119
19005  39.097  -59.057  -5.559 0.6000000238
19006  38.543  -59.105  -5.478 0.6000000238
19007  29.638  -58.928  -6.156 0.4000000060
19018  38.991  -59.370  -6.304 0.6000000238
19026  28.355  -59.774  -6.490 0.4000000060
19027  27.653  -59.751  -5.994 0.4000000060
19036  38.675  -59.562  -7.483 0.6000000238
19042  30.826  -59.740  -7.627 0.4000000060
19052  39.044  -59.363  -8.173 0.6999999881
19054  37.918  -60.016  -9.371 0.6999999881
19055  37.275  -59.979  -8.742 0.6000000238
19056  35.849  -60.030  -9.080 0.6000000238
19060  31.338  -59.862  -8.014 0.3000000119
19070  38.190  -59.615  -9.470 0.6999999881
19083  35.851  -59.936  -11.424 0.6999999881
19090  35.284  -60.049  -11.569 0.6999999881
19093  32.438  -59.492  -12.191 0.6000000238
19094  29.179  -59.009  -11.921 0.6000000238
19106  31.127  -59.913  -12.569 0.6000000238
19950  38.153  -58.387  -4.632 0.6000000238
19951  37.648  -58.159  -4.080 0.5000000000
19953  36.341  -58.057  -4.545 0.6000000238
19974  39.458  -58.638  -5.827 0.6000000238
19975  38.809  -58.578  -5.225 0.6000000238
19976  38.031  -58.643  -4.694 0.6000000238
19979  34.559  -58.108  -5.978 0.6000000238
19981  33.141  -58.075  -5.963 0.6000000238
19983  30.748  -58.226  -5.654 0.3000000119
19997  37.849  -59.054  -5.461 0.6000000238
19999  35.078  -58.491  -6.449 0.5000000000
20001  33.457  -58.521  -6.552 0.5000000000
20002  32.524  -58.570  -6.472 0.5000000000
20004  30.266  -58.984  -6.404 0.4000000060
20012  39.893  -58.666  -7.151 0.6000000238
20013  34.907  -58.947  -7.238 0.5000000000
20014  33.979  -58.895  -7.141 0.5000000000
20029  28.187  -58.483  -8.492 0.5000000000
20036  38.153  -59.443  -9.711 0.6999999881
20039  34.056  -58.472  -10.392 0.6999999881
20053  37.694  -59.813  -10.301 0.6999999881
20054  37.025  -59.715  -10.685 0.6000000238
20055  35.457  -59.403  -11.205 0.6000000238
20057  33.673  -58.855  -11.256 0.6000000238
20059  31.977  -58.557  -10.967 0.6999999881
20062  27.718  -58.691  -11.028 0.5000000000
20069  34.996  -59.816  -11.585 0.6999999881
20073  30.801  -58.769  -11.927 0.6000000238
20075  28.466  -58.825  -11.443 0.5000000000
20868  30.588  -57.328  0.135 0.3000000119
20898  36.334  -57.039  -1.703 0.4000000060
20899  35.810  -57.036  -1.479 0.4000000060
20911  36.239  -57.340  -1.960 0.4000000060
20912  35.519  -57.292  -1.974 0.4000000060
20913  28.977  -57.233  -2.009 0.3000000119
20929  36.591  -57.272  -2.267 0.4000000060
20949  33.574  -57.192  -4.662 0.4000000060
20950  32.562  -57.068  -4.688 0.4000000060
20971  35.258  -57.616  -4.686 0.6000000238
20973  33.573  -57.657  -5.459 0.4000000060
20995  40.848  -57.310  -7.415 0.6000000238
20996  40.376  -57.602  -6.753 0.6000000238
21017  40.982  -57.307  -7.685 0.6000000238
21023  30.352  -57.530  -7.466 0.6000000238
21025  28.431  -57.818  -7.216 0.5000000000
21026  27.037  -57.937  -7.577 0.5000000000
21039  40.733  -57.550  -7.845 0.6000000238
21041  38.519  -57.883  -8.632 0.6000000238
21043  35.962  -57.666  -8.649 0.6999999881
21046  32.655  -57.675  -8.578 0.6000000238
21881  32.539  -56.343  -0.337 0.3000000119
21884  30.123  -57.078  0.893 0.3000000119
21902  35.269  -56.068  -0.880 0.4000000060
21905  31.244  -56.940  -0.072 0.3000000119
21921  34.247  -56.653  -0.936 0.4000000060
21923  31.852  -56.511  -1.669 0.3000000119
21939  33.836  -56.739  -1.692 0.4000000060
21942  30.237  -56.478  -2.484 0.3000000119
21960  33.398  -56.611  -2.898 0.4000000060
21962  31.473  -56.463  -3.349 0.3000000119
21964  29.490  -56.788  -3.497 0.3000000119
21976  37.651  -57.345  -4.355 0.5000000000
21979  32.091  -56.599  -4.047 0.3000000119
21980  31.349  -56.645  -4.129 0.3000000119
21982  30.008  -56.818  -4.050 0.3000000119
22016  39.137  -56.342  -6.190 0.4000000060
22019  29.346  -56.722  -6.256 0.6999999881
22020  28.436  -56.950  -6.097 0.6000000238
22035  41.326  -56.932  -7.760 0.4000000060
22036  37.381  -56.379  -7.998 0.6000000238
22038  35.745  -56.291  -7.604 0.5000000000
22041  32.337  -56.603  -7.373 0.6000000238
22042  31.663  -56.730  -7.235 0.6000000238
22055  41.508  -56.631  -8.151 0.6000000238
22059  37.408  -57.192  -8.204 0.6000000238
22832  33.382  -54.953  0.139 0.3000000119
22833  32.539  -55.254  0.294 0.3000000119
22851  33.906  -55.603  -0.272 0.3000000119
22869  35.662  -55.923  -1.178 0.4000000060
22884  36.445  -56.585  -2.149 0.4000000060
22898  36.414  -56.261  -3.212 0.4000000060
22913  26.637  -55.545  -4.716 0.5000000000
22924  30.225  -55.493  -5.793 0.6999999881
22926  28.471  -55.871  -5.047 0.6000000238
22963  42.204  -55.266  -8.385 0.4000000060
22985  42.118  -55.398  -8.387 0.6000000238
22987  40.880  -56.267  -8.753 0.5000000000
23003  42.334  -55.146  -8.876 0.4000000060
23801  30.509  -54.543  1.234 0.3000000119
23812  31.918  -54.693  0.577 0.3000000119
23825  34.589  -54.752  -0.711 0.3000000119
23841  35.138  -55.206  -1.077 0.4000000060
23853  34.690  -54.461  -1.686 0.4000000060
23868  35.423  -55.116  -2.837 0.4000000060
23869  28.473  -54.679  -4.166 0.6000000238
23901  38.509  -54.514  -6.422 0.5000000000
23902  37.603  -54.160  -5.998 0.5000000000
23904  30.562  -54.208  -5.651 0.6999999881
23917  39.384  -54.763  -6.765 0.6000000238
23920  30.957  -54.485  -6.094 0.6999999881
23938  41.337  -55.029  -7.623 0.4000000060
23941  34.900  -54.724  -7.456 0.6000000238
23945  25.860  -53.970  -7.436 0.4000000060
23958  42.747  -54.694  -8.746 0.3000000119
23960  37.749  -54.884  -8.680 0.5000000000
23973  43.018  -54.535  -8.870 0.3000000119
23988  43.374  -53.977  -9.308 0.5000000000
24716  31.646  -53.391  0.853 0.3000000119
24760  33.744  -53.068  -1.041 0.3000000119
24804  34.824  -53.546  -3.152 0.4000000060
24806  27.864  -54.178  -3.554 0.6000000238
24807  26.943  -53.764  -3.234 0.5000000000
24808  26.029  -53.534  -3.357 0.5000000000
24828  30.235  -53.022  -4.933 0.6999999881
24842  30.645  -53.421  -5.596 0.6999999881
24860  25.440  -53.625  -6.168 0.5000000000
24878  31.907  -53.298  -7.257 0.6999999881
24891  42.760  -54.350  -8.658 0.5000000000
24895  33.587  -53.388  -8.306 0.6000000238
24896  32.806  -53.242  -8.095 0.6000000238
24917  43.436  -53.336  -9.872 0.5000000000
24920  40.342  -53.443  -10.803 0.6000000238
24922  37.464  -53.350  -10.390 0.6000000238
24923  36.556  -53.137  -10.391 0.6999999881
24932  39.013  -52.934  -11.059 0.5000000000
25762  35.115  -53.001  -3.854 0.3000000119
25763  29.145  -52.215  -3.722 0.6000000238
25765  27.387  -52.983  -2.803 0.5000000000
25766  25.674  -52.778  -3.050 0.5000000000
25779  29.674  -52.623  -4.356 0.5000000000
25823  31.823  -52.614  -7.721 0.6999999881
25840  32.385  -52.590  -8.523 0.6000000238
25850  35.058  -52.902  -9.961 0.6999999881
25858  43.260  -52.504  -10.538 0.5000000000
25862  34.718  -52.378  -10.513 0.6999999881
25863  33.737  -52.195  -10.297 0.6999999881
25872  39.479  -52.338  -11.374 0.6000000238
26726  34.240  -51.974  -3.043 0.3000000119
26729  28.537  -51.739  -3.199 0.6000000238
26760  30.113  -51.276  -5.023 0.6000000238
26773  30.911  -51.511  -6.544 0.6999999881
26800  32.250  -51.953  -8.948 0.6999999881
26806  43.195  -52.343  -10.545 0.4000000060
26811  32.320  -51.491  -9.571 0.6999999881
26820  34.832  -51.927  -10.981 0.6999999881
26826  41.403  -51.564  -11.690 0.4000000060
26832  33.805  -51.149  -10.851 0.6000000238
27813  30.606  -50.854  -6.245 0.5000000000
27822  31.328  -50.961  -7.804 0.6000000238
27842  32.162  -50.783  -9.947 0.5000000000
27854  33.111  -50.855  -10.613 0.5000000000
28933  29.859  -49.616  -5.426 0.4000000060
28962  31.013  -49.568  -8.397 0.4000000060
138086  40.069  -57.763  -8.203 0.6999999881
139587  24.008  -70.772  -8.021 0.5000000000
140026  29.164  -60.626  -12.706 0.4000000060
140028  25.280  -76.357  -10.953 0.3000000119
140815  21.238  -69.188  -7.892 0.4000000060
140889  26.606  -73.547  -14.502 0.4000000060
141121  30.395  -57.234  0.464 0.3000000119
141159  41.920  -55.756  -7.952 0.4000000060
141848  23.160  -65.008  -6.556 0.3000000119
142373  25.135  -63.320  -8.848 0.4000000060
142758  30.621  -69.267  -13.078 0.3000000119
142894  31.103  -56.200  0.530 0.3000000119
142916  30.834  -60.703  -12.867 0.5000000000
143184  31.415  -56.691  -0.852 0.3000000119
143522  33.640  -60.570  -11.134 0.6999999881
143534  29.183  -59.840  -7.046 0.4000000060
143752  30.694  -56.425  -3.067 0.3000000119
143910  38.282  -53.579  -10.356 0.6000000238
144131  29.504  -58.307  0.767 0.3000000119
144917  38.408  -53.805  -6.713 0.5000000000
145484  24.492  -71.968  -11.173 0.4000000060
146080  25.377  -75.515  -10.563 0.3000000119
146388  32.065  -59.870  -8.345 0.4000000060
147719  35.555  -60.455  -10.470 0.6999999881
147767  34.117  -65.645  -10.463 0.3000000119
148274  29.590  -58.180  -0.105 0.3000000119
148643  27.470  -64.752  -14.386 0.5000000000
148821  26.410  -71.427  -13.212 0.4000000060
149945  28.921  -63.898  -13.926 0.4000000060
151222  31.236  -54.876  0.774 0.3000000119
151230  32.061  -53.981  0.656 0.3000000119
151829  29.454  -61.272  -9.797 0.5000000000
152306  40.065  -58.198  -7.748 0.6000000238
153824  25.386  -63.627  -9.688 0.4000000060
154056  29.931  -58.542  -10.445 0.6999999881
154486  25.613  -53.630  -6.981 0.4000000060
154637  23.883  -63.234  -5.067 0.3000000119
155415  21.472  -70.856  -8.310 0.3000000119
155754  35.940  -57.539  -2.484 0.4000000060
156035  27.829  -58.988  -11.519 0.5000000000
156230  24.929  -67.249  -4.395 0.3000000119
156241  25.011  -70.911  -9.283 0.5000000000
156431  30.938  -58.592  -11.321 0.6000000238
156654  25.987  -70.227  -8.837 0.4000000060
156659  33.344  -53.783  -7.624 0.6000000238
156930  26.809  -70.786  -11.038 0.4000000060
157417  30.905  -52.195  -6.200 0.8000000119
158204  41.213  -55.977  -7.436 0.5000000000
158980  35.029  -56.357  -7.575 0.6000000238
158983  29.408  -57.851  -0.792 0.3000000119
159055  27.274  -69.698  -9.334 0.4000000060
159079  26.413  -75.042  -12.550 0.3000000119
159163  30.312  -49.985  -6.076 0.5000000000
159554  30.227  -69.052  -12.142 0.3000000119
159844  35.038  -65.994  -10.978 0.3000000119
160020  28.493  -57.837  -1.879 0.3000000119
160148  22.788  -66.246  -8.809 0.4000000060
160684  29.835  -59.231  -12.210 0.5000000000
160760  26.899  -58.294  -8.868 0.5000000000
161520  43.214  -54.209  -9.139 0.5000000000
162128  24.678  -70.554  -8.114 0.4000000060
162173  35.787  -54.374  -4.239 0.4000000060
162320  38.901  -57.640  -8.514 0.6000000238
162966  38.909  -53.810  -10.342 0.6000000238
162969  40.494  -56.107  -6.962 0.6000000238
163227  30.612  -61.191  -13.096 0.4000000060
164206  29.179  -58.584  -10.287 0.6999999881
164858  39.482  -53.285  -10.855 0.6000000238
164892  22.934  -65.940  -8.454 0.4000000060
164996  32.031  -57.708  -8.493 0.6000000238
165266  33.770  -55.726  -7.305 0.6000000238
165447  35.561  -55.005  -7.503 0.6000000238
165580  36.725  -53.952  -9.029 0.6000000238
