#!ascii label  , from subject sub-v1s19x0051297_ses-1 vox2ras=TkReg
1365
110099  -38.589  -16.132  86.042 0.0000000000
43874  -30.760  -28.516  91.625 0.0000000000
48701  -51.624  -23.889  81.893 0.0000000000
53340  -37.968  -18.528  73.302 0.0000000000
53217  -44.133  -18.039  82.180 0.0000000000
114559  -38.010  -23.923  89.432 0.0000000000
43978  -32.589  -28.521  83.078 0.0000000000
48750  -35.578  -23.699  76.938 0.0000000000
107982  -23.364  -26.409  92.312 0.0000000000
123832  -54.883  -16.389  76.749 0.0000000000
106104  -28.074  -29.331  81.280 0.0000000000
54151  -37.884  -17.822  80.062 0.0000000000
54176  -41.398  -17.484  77.525 0.0000000000
56074  -41.331  -15.742  82.819 0.0000000000
111387  -39.063  -20.510  88.127 0.0000000000
47641  -38.783  -24.518  83.373 0.0000000000
50532  -38.292  -22.389  80.876 0.0000000000
49736  -37.454  -22.413  74.398 0.0000000000
121219  -54.838  -16.631  72.033 0.0000000000
43885  -26.885  -28.263  91.417 0.0000000000
119896  -25.695  -27.173  85.909 0.0000000000
42995  -30.064  -28.853  86.725 0.0000000000
50522  -47.129  -21.781  81.684 0.0000000000
44801  -34.833  -27.350  90.715 0.0000000000
41162  -33.958  -31.198  87.663 0.0000000000
45814  -35.547  -26.716  86.940 0.0000000000
46759  -32.709  -24.833  81.531 0.0000000000
45722  -19.079  -26.296  93.638 0.0000000000
54990  -47.554  -15.893  84.521 0.0000000000
126522  -49.797  -18.574  82.845 0.0000000000
57108  -53.567  -14.931  78.546 0.0000000000
108574  -48.272  -17.588  78.892 0.0000000000
126534  -47.716  -17.197  74.517 0.0000000000
45824  -20.521  -26.632  85.869 0.0000000000
41214  -32.409  -31.865  83.532 0.0000000000
54096  -38.099  -17.257  83.096 0.0000000000
118402  -39.387  -16.313  81.769 0.0000000000
107798  -39.531  -14.858  84.858 0.0000000000
53165  -38.456  -18.462  87.203 0.0000000000
50482  -38.424  -21.291  85.146 0.0000000000
52284  -37.524  -19.508  83.667 0.0000000000
52327  -37.291  -19.594  80.572 0.0000000000
48732  -51.793  -23.673  79.231 0.0000000000
49650  -52.517  -23.095  80.569 0.0000000000
108379  -29.152  -28.629  91.267 0.0000000000
43910  -28.585  -28.290  88.895 0.0000000000
112183  -30.705  -29.556  89.145 0.0000000000
120995  -40.298  -18.363  72.661 0.0000000000
54155  -43.300  -17.701  79.810 0.0000000000
53290  -42.876  -18.495  76.936 0.0000000000
53261  -44.420  -18.709  79.576 0.0000000000
51440  -45.794  -20.427  79.193 0.0000000000
52317  -45.651  -19.825  81.866 0.0000000000
46650  -36.810  -25.741  89.838 0.0000000000
43901  -36.186  -27.986  88.737 0.0000000000
45791  -38.236  -26.130  87.701 0.0000000000
47696  -37.256  -24.493  80.245 0.0000000000
47657  -36.233  -24.476  82.733 0.0000000000
47706  -33.957  -24.041  79.284 0.0000000000
51474  -37.194  -20.351  74.695 0.0000000000
54099  -48.549  -18.009  84.090 0.0000000000
55047  -50.993  -16.324  79.654 0.0000000000
55096  -51.611  -15.831  77.634 0.0000000000
54189  -47.685  -17.606  76.646 0.0000000000
55112  -50.659  -16.226  75.457 0.0000000000
105813  -51.308  -16.395  71.156 0.0000000000
126031  -21.297  -25.574  92.407 0.0000000000
46674  -19.869  -25.893  89.672 0.0000000000
45775  -22.199  -25.787  89.133 0.0000000000
43968  -26.611  -27.686  83.443 0.0000000000
44937  -24.543  -27.507  82.508 0.0000000000
121262  -26.018  -28.463  80.343 0.0000000000
105635  -33.769  -30.270  85.171 0.0000000000
110172  -32.804  -31.613  85.055 0.0000000000
42147  -33.367  -31.254  83.076 0.0000000000
53300  -38.082  -18.152  76.655 0.0000000000
54196  -39.502  -17.624  75.998 0.0000000000
55057  -39.748  -16.683  79.114 0.0000000000
55018  -41.428  -16.512  81.027 0.0000000000
55008  -42.519  -16.576  82.717 0.0000000000
50457  -39.289  -21.614  88.542 0.0000000000
46698  -39.381  -24.670  86.577 0.0000000000
49580  -39.329  -22.895  85.818 0.0000000000
49616  -39.115  -23.650  81.916 0.0000000000
106156  -38.597  -23.368  78.142 0.0000000000
48800  -36.888  -23.215  75.581 0.0000000000
50557  -38.353  -22.452  77.916 0.0000000000
52371  -37.334  -19.913  77.434 0.0000000000
55158  -54.895  -16.586  74.086 0.0000000000
54214  -58.040  -16.907  73.537 0.0000000000
44796  -24.763  -27.274  91.620 0.0000000000
45790  -24.500  -26.577  88.895 0.0000000000
44836  -25.920  -27.277  89.018 0.0000000000
44885  -27.396  -27.616  85.464 0.0000000000
124111  -28.597  -28.556  83.732 0.0000000000
53328  -41.525  -18.442  74.733 0.0000000000
50559  -47.405  -21.921  78.947 0.0000000000
49630  -49.026  -23.605  81.913 0.0000000000
43876  -32.682  -28.513  91.241 0.0000000000
42060  -32.991  -30.308  89.854 0.0000000000
42964  -34.775  -30.192  89.374 0.0000000000
43923  -34.797  -29.569  87.964 0.0000000000
44887  -33.253  -27.225  86.030 0.0000000000
46719  -37.175  -25.323  85.569 0.0000000000
46730  -34.338  -25.058  84.607 0.0000000000
45858  -31.841  -26.089  82.996 0.0000000000
57014  -39.893  -14.075  87.289 0.0000000000
121300  -31.269  -26.476  93.185 0.0000000000
46614  -34.749  -24.714  92.254 0.0000000000
126566  -36.764  -22.828  91.409 0.0000000000
114197  -41.498  -13.469  86.303 0.0000000000
56036  -43.496  -14.945  85.482 0.0000000000
54976  -44.232  -16.239  85.312 0.0000000000
57037  -45.714  -14.718  85.413 0.0000000000
53187  -45.354  -18.467  84.527 0.0000000000
51367  -46.852  -20.359  84.241 0.0000000000
109622  -48.376  -22.075  83.620 0.0000000000
51410  -49.660  -21.977  82.655 0.0000000000
122450  -51.815  -16.335  80.707 0.0000000000
53247  -49.046  -18.811  81.100 0.0000000000
51432  -49.471  -21.008  80.073 0.0000000000
51456  -49.562  -20.831  77.815 0.0000000000
105822  -51.002  -16.347  73.200 0.0000000000
44810  -18.855  -27.821  90.396 0.0000000000
44917  -19.389  -27.779  83.743 0.0000000000
44882  -23.310  -26.828  85.479 0.0000000000
107009  -21.729  -27.351  82.819 0.0000000000
124819  -31.886  -30.725  86.979 0.0000000000
125491  -30.712  -30.048  84.608 0.0000000000
42145  -29.888  -30.525  82.345 0.0000000000
40445  -31.813  -32.817  81.199 0.0000000000
54083  -38.165  -17.251  84.589 0.0000000000
118785  -38.478  -16.602  83.326 0.0000000000
56034  -38.832  -15.468  85.390 0.0000000000
54064  -38.358  -17.579  86.696 0.0000000000
52258  -37.980  -18.795  85.509 0.0000000000
124170  -37.906  -17.972  84.369 0.0000000000
53201  -37.686  -18.544  83.740 0.0000000000
48715  -50.827  -24.072  80.864 0.0000000000
117887  -51.273  -23.805  80.021 0.0000000000
107107  -52.397  -23.206  80.355 0.0000000000
49633  -51.706  -23.373  81.451 0.0000000000
43872  -29.754  -28.657  91.504 0.0000000000
42949  -29.948  -28.900  90.636 0.0000000000
42934  -30.574  -29.007  90.847 0.0000000000
53355  -38.052  -18.544  72.347 0.0000000000
53356  -38.786  -18.360  72.766 0.0000000000
54141  -43.443  -17.609  80.702 0.0000000000
53260  -43.734  -18.255  79.258 0.0000000000
114770  -44.671  -18.780  80.631 0.0000000000
52340  -44.977  -19.201  79.853 0.0000000000
52316  -45.098  -19.232  81.442 0.0000000000
112525  -37.416  -24.537  89.657 0.0000000000
45768  -37.698  -26.337  88.883 0.0000000000
45780  -38.777  -25.502  88.111 0.0000000000
47723  -36.630  -24.282  78.601 0.0000000000
112265  -35.451  -24.294  80.054 0.0000000000
47721  -34.626  -23.966  78.566 0.0000000000
47731  -33.583  -23.660  77.832 0.0000000000
53324  -37.514  -18.843  74.070 0.0000000000
117814  -37.154  -20.510  72.460 0.0000000000
53354  -37.467  -18.871  72.624 0.0000000000
55079  -53.261  -15.940  77.917 0.0000000000
55097  -52.984  -16.078  77.149 0.0000000000
125129  -51.061  -16.047  76.173 0.0000000000
55114  -52.823  -16.292  76.026 0.0000000000
45738  -22.094  -25.753  92.305 0.0000000000
46641  -21.418  -25.650  90.819 0.0000000000
46642  -22.372  -25.824  90.602 0.0000000000
124735  -27.444  -28.594  81.767 0.0000000000
43982  -26.122  -28.149  81.101 0.0000000000
125716  -27.271  -29.030  80.688 0.0000000000
43073  -26.525  -29.659  79.449 0.0000000000
42165  -28.051  -30.271  80.248 0.0000000000
119910  -33.562  -30.110  84.231 0.0000000000
107591  -33.618  -30.779  84.153 0.0000000000
43030  -33.460  -30.571  83.419 0.0000000000
53276  -37.966  -18.072  78.481 0.0000000000
54173  -38.624  -17.593  78.015 0.0000000000
54152  -38.461  -17.315  79.605 0.0000000000
56073  -40.463  -15.772  82.553 0.0000000000
55016  -39.905  -16.357  81.187 0.0000000000
55006  -41.018  -16.037  82.113 0.0000000000
55019  -42.182  -16.614  81.700 0.0000000000
54996  -42.153  -16.012  83.186 0.0000000000
50463  -39.290  -21.105  87.939 0.0000000000
49566  -39.497  -22.504  86.984 0.0000000000
117161  -39.212  -21.660  86.897 0.0000000000
50496  -37.882  -21.610  83.297 0.0000000000
49604  -38.932  -23.062  83.220 0.0000000000
49627  -38.797  -23.042  81.406 0.0000000000
48697  -38.781  -23.526  80.234 0.0000000000
49660  -38.764  -22.960  79.452 0.0000000000
111420  -38.732  -22.949  78.426 0.0000000000
118959  -38.355  -22.410  78.876 0.0000000000
53244  -37.505  -18.621  80.500 0.0000000000
52356  -37.385  -19.615  78.945 0.0000000000
117297  -37.610  -18.688  79.040 0.0000000000
53288  -37.558  -18.975  77.037 0.0000000000
44798  -26.089  -27.905  91.521 0.0000000000
44823  -25.405  -27.244  89.886 0.0000000000
44824  -26.274  -27.562  89.868 0.0000000000
43922  -29.396  -28.379  87.282 0.0000000000
44852  -27.591  -27.613  87.640 0.0000000000
43932  -28.808  -27.976  86.735 0.0000000000
43945  -28.334  -28.054  85.252 0.0000000000
43946  -29.208  -28.584  85.092 0.0000000000
121689  -40.929  -17.583  76.809 0.0000000000
53313  -40.595  -18.120  75.069 0.0000000000
54187  -41.631  -17.824  76.709 0.0000000000
52372  -43.776  -19.159  76.774 0.0000000000
53316  -43.104  -18.902  75.661 0.0000000000
52395  -44.332  -19.695  75.508 0.0000000000
51431  -46.376  -20.984  79.723 0.0000000000
50558  -46.845  -21.496  78.474 0.0000000000
50545  -47.480  -22.070  80.063 0.0000000000
49661  -48.141  -22.523  79.709 0.0000000000
49629  -48.369  -23.082  82.210 0.0000000000
44800  -34.078  -27.721  90.942 0.0000000000
42954  -34.496  -29.903  89.965 0.0000000000
43888  -35.113  -29.102  89.855 0.0000000000
44856  -36.570  -27.382  87.898 0.0000000000
43924  -35.280  -28.901  88.354 0.0000000000
44854  -35.062  -28.519  87.748 0.0000000000
44870  -33.759  -28.181  86.528 0.0000000000
45813  -34.091  -26.705  86.504 0.0000000000
46722  -39.099  -24.621  85.380 0.0000000000
46721  -38.704  -25.055  85.933 0.0000000000
123207  -38.404  -24.708  84.085 0.0000000000
105495  -34.144  -24.526  82.105 0.0000000000
47637  -34.700  -24.694  83.708 0.0000000000
47636  -33.840  -24.796  83.051 0.0000000000
46728  -32.578  -25.830  84.185 0.0000000000
49714  -37.628  -22.569  75.486 0.0000000000
47504  -35.747  -23.812  91.799 0.0000000000
52183  -38.045  -19.349  90.506 0.0000000000
57015  -40.759  -13.514  86.842 0.0000000000
57017  -42.780  -13.162  86.440 0.0000000000
57018  -43.356  -13.666  86.116 0.0000000000
56052  -43.783  -15.847  85.124 0.0000000000
56038  -44.355  -14.959  85.815 0.0000000000
114317  -46.709  -15.738  84.880 0.0000000000
54073  -45.479  -16.953  85.275 0.0000000000
112130  -46.249  -17.225  85.056 0.0000000000
52271  -45.883  -19.340  84.319 0.0000000000
53189  -46.884  -18.990  84.625 0.0000000000
114059  -49.317  -18.292  83.606 0.0000000000
120387  -48.012  -20.193  84.120 0.0000000000
52289  -49.254  -20.185  83.218 0.0000000000
50513  -49.598  -22.912  83.168 0.0000000000
52304  -49.563  -20.374  82.553 0.0000000000
56093  -52.789  -15.073  79.801 0.0000000000
55046  -49.948  -16.647  79.429 0.0000000000
55033  -50.403  -16.990  80.190 0.0000000000
53246  -48.583  -18.623  80.169 0.0000000000
52329  -48.824  -19.458  80.639 0.0000000000
52342  -48.495  -19.408  79.661 0.0000000000
51443  -49.348  -20.809  78.928 0.0000000000
52359  -48.179  -19.205  78.820 0.0000000000
54199  -47.600  -17.557  75.814 0.0000000000
53305  -47.874  -18.913  76.571 0.0000000000
53318  -47.738  -18.693  75.651 0.0000000000
55177  -54.811  -16.577  73.058 0.0000000000
125220  -53.265  -16.507  73.540 0.0000000000
105815  -52.157  -16.473  72.277 0.0000000000
106265  -19.797  -26.127  88.313 0.0000000000
126390  -19.324  -26.524  88.496 0.0000000000
45796  -19.572  -26.580  86.965 0.0000000000
44897  -19.229  -27.590  84.745 0.0000000000
45823  -19.750  -27.102  84.991 0.0000000000
45801  -24.458  -26.582  87.405 0.0000000000
115587  -23.794  -26.460  87.446 0.0000000000
45827  -24.155  -26.773  86.069 0.0000000000
106382  -23.059  -27.423  82.041 0.0000000000
42201  -23.067  -30.355  78.642 0.0000000000
106208  -33.647  -31.040  88.569 0.0000000000
42089  -32.083  -30.620  88.864 0.0000000000
41174  -33.361  -31.330  87.265 0.0000000000
41205  -32.641  -31.730  84.298 0.0000000000
42132  -31.894  -31.422  84.682 0.0000000000
42140  -31.685  -31.525  83.929 0.0000000000
42138  -30.111  -30.269  83.080 0.0000000000
42146  -30.577  -31.002  82.749 0.0000000000
40444  -30.899  -32.337  80.910 0.0000000000
54138  -37.812  -17.860  80.943 0.0000000000
54139  -38.436  -17.106  80.465 0.0000000000
114600  -38.472  -16.698  82.599 0.0000000000
54995  -38.966  -16.088  82.799 0.0000000000
111148  -39.892  -15.093  83.902 0.0000000000
52236  -38.655  -19.530  87.353 0.0000000000
51348  -38.884  -21.029  86.726 0.0000000000
125227  -38.390  -19.879  86.207 0.0000000000
51378  -37.602  -20.631  83.752 0.0000000000
51394  -37.421  -20.799  82.788 0.0000000000
51420  -37.272  -20.685  80.902 0.0000000000
52301  -37.323  -19.868  82.296 0.0000000000
115287  -37.576  -18.521  82.129 0.0000000000
50562  -51.921  -22.083  78.738 0.0000000000
113126  -27.675  -28.450  91.426 0.0000000000
43897  -27.839  -28.329  90.373 0.0000000000
43886  -28.484  -28.544  90.865 0.0000000000
43899  -29.289  -28.668  89.344 0.0000000000
42984  -30.033  -28.892  87.730 0.0000000000
54165  -42.364  -17.465  78.764 0.0000000000
54177  -42.237  -17.894  77.221 0.0000000000
126489  -42.828  -17.859  78.345 0.0000000000
125068  -43.989  -18.901  78.032 0.0000000000
52373  -44.320  -19.366  77.450 0.0000000000
52374  -45.043  -20.003  77.193 0.0000000000
113624  -45.343  -19.910  78.828 0.0000000000
51430  -45.969  -20.365  80.201 0.0000000000
51409  -46.656  -21.230  82.085 0.0000000000
44802  -35.591  -26.851  90.473 0.0000000000
43878  -35.464  -28.014  89.990 0.0000000000
44814  -36.729  -27.123  89.469 0.0000000000
44839  -37.147  -27.045  88.149 0.0000000000
44873  -37.139  -26.727  87.489 0.0000000000
47679  -38.503  -24.433  81.640 0.0000000000
47658  -37.346  -24.556  82.639 0.0000000000
47678  -36.921  -24.479  81.187 0.0000000000
47694  -35.174  -24.341  80.884 0.0000000000
111050  -33.492  -24.493  80.862 0.0000000000
47691  -32.133  -24.576  79.931 0.0000000000
47705  -32.894  -24.198  79.002 0.0000000000
51492  -37.191  -21.174  73.927 0.0000000000
111015  -37.034  -21.372  72.588 0.0000000000
56054  -48.180  -15.154  84.035 0.0000000000
117073  -48.014  -17.201  84.363 0.0000000000
54998  -49.187  -16.276  83.570 0.0000000000
54999  -49.952  -16.365  83.134 0.0000000000
54101  -50.201  -17.128  82.939 0.0000000000
56109  -54.113  -15.425  78.128 0.0000000000
107114  -52.950  -15.537  78.757 0.0000000000
55064  -52.877  -15.706  78.402 0.0000000000
55078  -51.498  -15.805  78.487 0.0000000000
55061  -49.535  -16.444  78.479 0.0000000000
118716  -48.071  -17.456  78.004 0.0000000000
55076  -48.907  -16.564  76.968 0.0000000000
55093  -49.228  -16.428  76.184 0.0000000000
121897  -48.738  -16.561  74.865 0.0000000000
54234  -55.271  -16.979  71.052 0.0000000000
105708  -53.322  -16.545  71.140 0.0000000000
55214  -52.798  -16.533  70.457 0.0000000000
46606  -19.673  -25.778  93.171 0.0000000000
45750  -19.182  -26.574  91.890 0.0000000000
46640  -20.437  -25.690  91.102 0.0000000000
122937  -20.593  -25.691  89.523 0.0000000000
45798  -21.268  -26.011  87.292 0.0000000000
44904  -26.450  -27.553  84.321 0.0000000000
44902  -25.030  -27.368  84.342 0.0000000000
106400  -25.960  -27.635  82.859 0.0000000000
44949  -25.372  -27.768  81.366 0.0000000000
44008  -24.467  -28.556  79.327 0.0000000000
43093  -24.366  -29.828  78.528 0.0000000000
43094  -25.196  -29.979  78.526 0.0000000000
42112  -33.950  -31.140  86.383 0.0000000000
41186  -33.772  -31.273  86.106 0.0000000000
120934  -33.709  -31.205  85.164 0.0000000000
41207  -33.361  -31.448  84.336 0.0000000000
40423  -33.071  -31.744  83.072 0.0000000000
53311  -38.219  -18.078  75.787 0.0000000000
53326  -38.999  -17.993  74.464 0.0000000000
54195  -38.783  -17.682  76.317 0.0000000000
124265  -39.863  -17.412  77.062 0.0000000000
105276  -40.774  -17.148  78.108 0.0000000000
55029  -39.559  -16.537  80.492 0.0000000000
55043  -40.579  -16.613  79.594 0.0000000000
55059  -41.218  -16.791  79.273 0.0000000000
54154  -42.163  -17.031  80.016 0.0000000000
54140  -42.831  -17.136  81.214 0.0000000000
54113  -43.611  -17.533  82.637 0.0000000000
125179  -39.119  -23.017  88.786 0.0000000000
47542  -39.396  -24.485  88.085 0.0000000000
48590  -39.656  -23.547  87.281 0.0000000000
47602  -39.476  -24.109  85.905 0.0000000000
109040  -39.407  -24.147  84.187 0.0000000000
50483  -38.930  -22.301  85.341 0.0000000000
49594  -39.314  -23.692  83.631 0.0000000000
47642  -39.154  -24.234  82.708 0.0000000000
47680  -39.021  -24.092  81.453 0.0000000000
47710  -38.007  -24.381  79.452 0.0000000000
47735  -37.321  -24.090  77.884 0.0000000000
48774  -36.129  -23.477  76.250 0.0000000000
48776  -37.929  -23.330  76.665 0.0000000000
49689  -38.016  -22.942  76.386 0.0000000000
50585  -37.954  -22.053  76.570 0.0000000000
118873  -37.692  -21.551  79.353 0.0000000000
109679  -37.383  -20.792  77.885 0.0000000000
51464  -37.437  -21.249  75.964 0.0000000000
52386  -37.276  -19.996  76.343 0.0000000000
53299  -37.630  -18.851  76.050 0.0000000000
55136  -54.449  -16.539  74.956 0.0000000000
55137  -56.248  -16.534  74.717 0.0000000000
121508  -56.794  -16.679  73.736 0.0000000000
54226  -56.734  -17.175  72.400 0.0000000000
54235  -56.278  -17.288  71.460 0.0000000000
110183  -56.510  -17.529  70.127 0.0000000000
45752  -23.833  -26.641  91.683 0.0000000000
45765  -23.741  -26.498  90.778 0.0000000000
44822  -24.746  -26.808  89.703 0.0000000000
117582  -25.198  -26.880  88.937 0.0000000000
117290  -25.793  -27.052  86.976 0.0000000000
44838  -27.401  -27.758  89.088 0.0000000000
44851  -26.572  -27.366  87.508 0.0000000000
112838  -26.621  -27.403  85.924 0.0000000000
105460  -27.074  -27.623  84.702 0.0000000000
43969  -27.449  -28.135  83.119 0.0000000000
43037  -28.589  -28.981  82.507 0.0000000000
53327  -39.829  -18.122  74.317 0.0000000000
117218  -40.810  -18.325  74.117 0.0000000000
53302  -42.622  -18.551  76.194 0.0000000000
49648  -49.836  -23.682  80.593 0.0000000000
111464  -50.471  -24.173  81.552 0.0000000000
43875  -31.378  -28.570  91.482 0.0000000000
42952  -32.098  -29.761  90.434 0.0000000000
42953  -32.961  -29.840  90.324 0.0000000000
42061  -33.843  -30.352  89.722 0.0000000000
42092  -34.359  -30.660  88.415 0.0000000000
42966  -35.281  -29.410  89.075 0.0000000000
42987  -34.857  -29.852  88.490 0.0000000000
42113  -34.128  -30.814  87.003 0.0000000000
43934  -34.050  -29.667  86.621 0.0000000000
43947  -33.593  -29.291  85.826 0.0000000000
44906  -32.730  -27.890  84.710 0.0000000000
45804  -38.651  -25.592  87.154 0.0000000000
45817  -37.874  -25.975  86.905 0.0000000000
45830  -36.409  -25.846  86.258 0.0000000000
47619  -36.418  -24.669  84.187 0.0000000000
119090  -36.025  -24.919  84.778 0.0000000000
45829  -35.073  -25.750  86.038 0.0000000000
45828  -33.291  -26.300  85.768 0.0000000000
45841  -32.480  -26.738  84.495 0.0000000000
48799  -35.912  -23.219  75.587 0.0000000000
56023  -38.821  -15.742  87.085 0.0000000000
112523  -38.925  -15.412  86.211 0.0000000000
46575  -20.692  -24.951  94.547 0.0000000000
45740  -23.551  -26.485  93.375 0.0000000000
44764  -24.281  -26.934  93.395 0.0000000000
44784  -25.418  -27.731  92.980 0.0000000000
122474  -28.353  -28.260  92.783 0.0000000000
43856  -28.971  -28.215  92.665 0.0000000000
43857  -30.112  -28.254  92.318 0.0000000000
43858  -30.832  -27.980  92.247 0.0000000000
43859  -31.750  -28.072  91.761 0.0000000000
43860  -32.436  -27.302  91.944 0.0000000000
45743  -33.820  -26.256  91.888 0.0000000000
46613  -34.081  -25.038  93.114 0.0000000000
45754  -34.729  -26.215  91.189 0.0000000000
46632  -35.703  -24.892  90.885 0.0000000000
47516  -36.555  -23.819  90.623 0.0000000000
47517  -37.235  -23.579  90.039 0.0000000000
49550  -38.219  -22.247  90.066 0.0000000000
50449  -38.694  -21.076  90.144 0.0000000000
51322  -39.059  -20.357  89.011 0.0000000000
54056  -38.519  -17.473  87.549 0.0000000000
56035  -39.388  -14.829  85.809 0.0000000000
57046  -40.207  -14.327  85.368 0.0000000000
56049  -41.129  -14.762  84.188 0.0000000000
106968  -42.236  -12.637  86.765 0.0000000000
57032  -41.913  -13.923  85.622 0.0000000000
56050  -42.235  -15.020  84.403 0.0000000000
56062  -42.570  -15.845  84.052 0.0000000000
54097  -43.562  -17.188  84.202 0.0000000000
54098  -44.136  -17.864  84.027 0.0000000000
56039  -45.022  -15.537  85.584 0.0000000000
54988  -44.416  -17.079  85.153 0.0000000000
53203  -44.659  -18.511  83.688 0.0000000000
52285  -45.193  -19.244  83.341 0.0000000000
51395  -46.451  -20.583  83.406 0.0000000000
51396  -46.879  -21.293  83.109 0.0000000000
53190  -47.849  -19.111  84.533 0.0000000000
51381  -47.717  -21.541  83.841 0.0000000000
50512  -47.996  -22.526  83.195 0.0000000000
49606  -49.173  -23.424  83.277 0.0000000000
48666  -49.757  -23.676  83.051 0.0000000000
49620  -50.881  -23.861  82.471 0.0000000000
56076  -51.490  -15.792  81.626 0.0000000000
54130  -50.500  -17.510  81.745 0.0000000000
55034  -51.363  -16.610  80.316 0.0000000000
54143  -50.780  -17.238  80.995 0.0000000000
53233  -49.774  -19.118  81.992 0.0000000000
52330  -49.349  -19.772  81.543 0.0000000000
105509  -50.114  -22.113  81.973 0.0000000000
115640  -51.217  -22.504  81.019 0.0000000000
50547  -51.634  -22.491  80.344 0.0000000000
50561  -51.037  -21.784  79.007 0.0000000000
50576  -51.001  -21.585  77.886 0.0000000000
53293  -47.832  -18.810  77.486 0.0000000000
109185  -49.449  -20.647  76.891 0.0000000000
50590  -50.563  -21.294  76.360 0.0000000000
55134  -52.163  -16.344  74.833 0.0000000000
106794  -50.638  -16.329  73.951 0.0000000000
121112  -48.874  -16.473  74.105 0.0000000000
55194  -50.831  -16.360  71.817 0.0000000000
55175  -49.550  -16.366  72.564 0.0000000000
54213  -47.442  -17.558  73.311 0.0000000000
45762  -18.904  -26.956  90.085 0.0000000000
45776  -23.068  -26.035  89.438 0.0000000000
45799  -22.439  -26.111  87.594 0.0000000000
119790  -21.963  -26.628  86.103 0.0000000000
44901  -23.505  -27.066  84.504 0.0000000000
44900  -22.520  -26.987  84.666 0.0000000000
45840  -21.502  -26.934  84.750 0.0000000000
44933  -20.238  -27.772  82.530 0.0000000000
42074  -31.772  -30.190  89.714 0.0000000000
117970  -31.405  -30.088  88.458 0.0000000000
42985  -30.682  -29.462  87.143 0.0000000000
41194  -32.851  -31.531  85.848 0.0000000000
42121  -31.312  -30.412  85.788 0.0000000000
43006  -30.669  -29.772  85.317 0.0000000000
125588  -29.857  -29.407  84.002 0.0000000000
43038  -29.352  -29.711  82.593 0.0000000000
43044  -29.351  -30.205  81.904 0.0000000000
41220  -33.188  -31.604  82.740 0.0000000000
40435  -32.865  -32.136  82.381 0.0000000000
114919  -32.323  -32.505  81.831 0.0000000000
41228  -30.366  -31.585  81.467 0.0000000000
42167  -29.460  -31.140  80.958 0.0000000000
42166  -28.741  -30.691  80.581 0.0000000000
54975  -38.409  -16.318  85.061 0.0000000000
54072  -38.256  -17.127  85.771 0.0000000000
53176  -37.970  -17.925  85.153 0.0000000000
48716  -51.786  -23.984  81.121 0.0000000000
122819  -51.857  -23.378  81.065 0.0000000000
43873  -30.293  -28.596  91.605 0.0000000000
53231  -44.096  -18.083  81.164 0.0000000000
53232  -44.620  -18.664  81.737 0.0000000000
46652  -38.233  -24.896  89.141 0.0000000000
46669  -38.926  -25.091  88.414 0.0000000000
47734  -36.308  -24.091  77.975 0.0000000000
47722  -35.597  -24.134  78.596 0.0000000000
53339  -37.309  -18.982  73.359 0.0000000000
53363  -37.577  -18.793  71.784 0.0000000000
55098  -53.946  -16.330  77.016 0.0000000000
55115  -54.106  -16.471  75.923 0.0000000000
122254  -22.764  -26.058  92.051 0.0000000000
46624  -22.237  -25.811  91.460 0.0000000000
45751  -23.095  -26.214  91.309 0.0000000000
43036  -27.983  -28.845  81.886 0.0000000000
43984  -27.482  -28.852  81.221 0.0000000000
43055  -27.691  -29.495  80.639 0.0000000000
119684  -33.194  -29.569  83.440 0.0000000000
53259  -37.960  -17.928  79.281 0.0000000000
54161  -38.517  -17.476  78.841 0.0000000000
55007  -41.792  -16.181  82.360 0.0000000000
50470  -39.333  -21.789  87.242 0.0000000000
107903  -39.152  -21.081  87.468 0.0000000000
50509  -37.764  -21.658  82.336 0.0000000000
50521  -38.348  -22.392  81.831 0.0000000000
49645  -38.763  -22.991  80.476 0.0000000000
50543  -38.265  -22.374  79.884 0.0000000000
124924  -37.633  -18.444  79.712 0.0000000000
52339  -37.398  -19.193  79.744 0.0000000000
44812  -25.820  -27.572  90.619 0.0000000000
110105  -26.599  -27.890  90.688 0.0000000000
43933  -29.415  -28.454  86.342 0.0000000000
113897  -28.900  -28.189  85.872 0.0000000000
123678  -29.362  -28.529  85.750 0.0000000000
52387  -44.491  -19.688  76.460 0.0000000000
52394  -43.764  -19.292  75.983 0.0000000000
50533  -46.976  -21.589  80.456 0.0000000000
50534  -47.605  -22.309  81.294 0.0000000000
43877  -34.811  -28.472  90.464 0.0000000000
44872  -36.169  -27.158  87.470 0.0000000000
44855  -35.910  -28.028  87.960 0.0000000000
116263  -35.524  -27.659  87.527 0.0000000000
44871  -34.643  -27.755  87.160 0.0000000000
121069  -38.861  -24.556  84.035 0.0000000000
122963  -38.695  -24.746  84.916 0.0000000000
123625  -33.561  -24.584  81.604 0.0000000000
46760  -33.215  -24.810  82.307 0.0000000000
46749  -32.946  -25.196  82.981 0.0000000000
57034  -43.890  -14.309  85.947 0.0000000000
56053  -47.382  -14.979  84.445 0.0000000000
54979  -46.092  -16.439  85.233 0.0000000000
54989  -46.878  -16.551  84.853 0.0000000000
115083  -46.504  -18.058  84.726 0.0000000000
54087  -47.130  -17.304  84.677 0.0000000000
53206  -49.409  -18.984  83.310 0.0000000000
110686  -49.627  -19.207  82.694 0.0000000000
57123  -53.046  -14.503  78.441 0.0000000000
57107  -52.931  -14.532  78.797 0.0000000000
55050  -53.146  -15.213  79.030 0.0000000000
55045  -48.933  -17.001  79.235 0.0000000000
54156  -48.603  -17.798  79.719 0.0000000000
53262  -48.123  -18.459  79.197 0.0000000000
108246  -47.501  -17.614  75.011 0.0000000000
53317  -47.403  -18.083  75.505 0.0000000000
54204  -47.434  -17.675  74.195 0.0000000000
55176  -53.900  -16.539  72.489 0.0000000000
105814  -53.034  -16.529  71.996 0.0000000000
45737  -19.133  -26.475  92.791 0.0000000000
45808  -20.407  -26.342  86.680 0.0000000000
45797  -20.118  -26.133  87.513 0.0000000000
126685  -19.939  -26.842  85.485 0.0000000000
44866  -25.296  -26.885  86.583 0.0000000000
44865  -24.689  -26.710  86.689 0.0000000000
44883  -24.914  -26.883  86.071 0.0000000000
43091  -22.691  -29.548  78.774 0.0000000000
41161  -33.727  -31.173  87.894 0.0000000000
41175  -33.915  -31.193  86.857 0.0000000000
41213  -31.429  -31.567  83.133 0.0000000000
54125  -37.809  -17.926  81.824 0.0000000000
54111  -38.093  -17.307  82.264 0.0000000000
56058  -39.014  -15.826  83.526 0.0000000000
56059  -39.770  -15.620  83.014 0.0000000000
52245  -38.323  -19.211  86.409 0.0000000000
124335  -37.639  -19.173  84.292 0.0000000000
123912  -37.810  -19.381  84.984 0.0000000000
52270  -37.676  -19.964  84.446 0.0000000000
119142  -37.414  -19.915  83.052 0.0000000000
54110  -37.768  -18.039  82.794 0.0000000000
53230  -37.537  -18.514  81.399 0.0000000000
48731  -50.756  -23.483  78.589 0.0000000000
48702  -52.103  -23.027  80.804 0.0000000000
49663  -52.942  -22.684  79.682 0.0000000000
43871  -28.404  -28.549  91.891 0.0000000000
42963  -30.013  -29.063  89.756 0.0000000000
43887  -29.249  -28.722  90.315 0.0000000000
42975  -30.034  -28.964  88.776 0.0000000000
106798  -39.477  -18.331  72.269 0.0000000000
110968  -42.596  -17.391  79.543 0.0000000000
54166  -43.085  -17.795  78.990 0.0000000000
53279  -44.170  -18.775  78.718 0.0000000000
126376  -44.459  -19.238  78.246 0.0000000000
52358  -45.054  -19.768  78.101 0.0000000000
52357  -44.838  -19.322  78.965 0.0000000000
52328  -45.427  -19.629  80.670 0.0000000000
51421  -46.106  -20.426  81.350 0.0000000000
44803  -36.340  -26.377  90.046 0.0000000000
45767  -37.131  -26.386  89.496 0.0000000000
45779  -38.168  -26.256  88.139 0.0000000000
44827  -37.403  -26.859  88.507 0.0000000000
44840  -37.509  -26.764  88.084 0.0000000000
44857  -37.211  -26.816  87.742 0.0000000000
44858  -37.623  -26.617  87.862 0.0000000000
112633  -37.946  -24.568  81.016 0.0000000000
105885  -37.682  -24.561  81.823 0.0000000000
47707  -34.964  -24.125  79.351 0.0000000000
47693  -34.363  -24.281  80.232 0.0000000000
111952  -34.288  -24.417  81.229 0.0000000000
105634  -33.266  -24.354  79.985 0.0000000000
51507  -37.139  -20.800  73.135 0.0000000000
57060  -48.780  -14.292  83.559 0.0000000000
56063  -48.925  -15.319  83.606 0.0000000000
56065  -50.294  -15.503  82.679 0.0000000000
56064  -49.649  -15.413  83.187 0.0000000000
55000  -50.538  -16.440  82.555 0.0000000000
56122  -55.158  -15.694  77.396 0.0000000000
57140  -54.936  -15.286  77.045 0.0000000000
56110  -54.595  -15.441  77.667 0.0000000000
55066  -54.344  -15.874  77.967 0.0000000000
55065  -53.716  -15.713  78.152 0.0000000000
114872  -53.812  -15.930  78.003 0.0000000000
105824  -52.363  -15.764  78.201 0.0000000000
123106  -50.511  -15.972  77.849 0.0000000000
55077  -49.502  -16.323  77.587 0.0000000000
55094  -49.870  -16.166  76.932 0.0000000000
117563  -50.230  -16.164  76.157 0.0000000000
55111  -49.604  -16.366  75.345 0.0000000000
54200  -48.691  -16.604  75.568 0.0000000000
55216  -54.462  -16.927  70.234 0.0000000000
55215  -53.684  -16.660  70.303 0.0000000000
46607  -20.582  -25.499  92.794 0.0000000000
46622  -20.438  -25.647  91.948 0.0000000000
46660  -21.562  -25.660  89.868 0.0000000000
46676  -21.166  -25.686  88.961 0.0000000000
45787  -21.785  -25.810  88.249 0.0000000000
106733  -25.679  -27.505  83.818 0.0000000000
43994  -25.418  -28.097  80.509 0.0000000000
43993  -24.817  -28.144  79.973 0.0000000000
44009  -25.379  -28.635  79.643 0.0000000000
43071  -24.845  -29.201  78.850 0.0000000000
43072  -25.690  -29.423  79.119 0.0000000000
42185  -26.871  -30.313  79.061 0.0000000000
42205  -26.450  -30.805  78.498 0.0000000000
43007  -33.943  -31.003  85.626 0.0000000000
42123  -33.737  -31.237  85.623 0.0000000000
42141  -33.479  -31.279  83.918 0.0000000000
42133  -33.581  -31.259  84.628 0.0000000000
41216  -33.225  -31.512  83.560 0.0000000000
41215  -33.070  -31.739  83.847 0.0000000000
54184  -38.697  -17.653  77.152 0.0000000000
54162  -39.209  -17.127  78.485 0.0000000000
54174  -39.462  -17.355  77.586 0.0000000000
54163  -40.028  -16.952  78.233 0.0000000000
55015  -38.983  -16.599  81.079 0.0000000000
124541  -38.989  -16.672  80.455 0.0000000000
55030  -40.509  -16.476  80.520 0.0000000000
55031  -41.439  -16.705  80.074 0.0000000000
55044  -41.886  -17.083  79.371 0.0000000000
54127  -43.006  -17.021  82.170 0.0000000000
49556  -39.286  -22.386  88.638 0.0000000000
48578  -39.539  -23.153  88.136 0.0000000000
123295  -39.527  -22.421  87.835 0.0000000000
49574  -39.407  -22.509  86.579 0.0000000000
107885  -39.559  -23.229  86.620 0.0000000000
123157  -39.463  -23.739  85.464 0.0000000000
124231  -39.420  -24.192  85.449 0.0000000000
124498  -39.445  -23.753  84.975 0.0000000000
51358  -38.791  -21.410  85.937 0.0000000000
50488  -38.579  -22.104  84.568 0.0000000000
49605  -39.236  -23.701  82.718 0.0000000000
48651  -39.371  -24.069  83.161 0.0000000000
48665  -39.320  -24.020  82.334 0.0000000000
47661  -39.235  -24.098  82.042 0.0000000000
48681  -39.164  -23.965  81.694 0.0000000000
114700  -38.711  -23.411  79.112 0.0000000000
47711  -38.606  -24.002  79.731 0.0000000000
48730  -38.382  -23.953  78.796 0.0000000000
47724  -37.703  -24.281  78.614 0.0000000000
48729  -38.154  -23.856  77.956 0.0000000000
48751  -37.856  -23.730  77.327 0.0000000000
48752  -38.379  -23.330  77.337 0.0000000000
49673  -38.622  -22.978  77.436 0.0000000000
50572  -38.325  -22.528  77.177 0.0000000000
127410  -37.912  -22.592  76.224 0.0000000000
119926  -37.300  -20.421  79.800 0.0000000000
117233  -37.336  -19.958  78.236 0.0000000000
51439  -37.398  -20.651  78.776 0.0000000000
51453  -37.359  -20.939  76.947 0.0000000000
119458  -37.261  -20.565  75.455 0.0000000000
53310  -37.741  -18.624  75.029 0.0000000000
112913  -57.553  -16.441  74.235 0.0000000000
55179  -57.185  -16.918  73.282 0.0000000000
55178  -56.360  -16.785  73.008 0.0000000000
54236  -57.209  -17.449  71.791 0.0000000000
54247  -57.773  -17.625  71.142 0.0000000000
54246  -56.820  -17.501  70.886 0.0000000000
44795  -24.316  -27.015  91.947 0.0000000000
45766  -24.305  -26.853  91.169 0.0000000000
44811  -24.850  -27.098  90.630 0.0000000000
44850  -25.708  -27.017  88.031 0.0000000000
43909  -27.925  -28.119  89.459 0.0000000000
44825  -27.176  -27.880  89.911 0.0000000000
43920  -27.895  -27.842  88.567 0.0000000000
44853  -28.119  -27.662  86.980 0.0000000000
44868  -27.256  -27.505  86.580 0.0000000000
44867  -26.352  -27.298  86.577 0.0000000000
44884  -26.462  -27.472  85.180 0.0000000000
43956  -28.507  -28.372  84.427 0.0000000000
109545  -27.953  -28.208  83.839 0.0000000000
43970  -28.253  -28.536  83.159 0.0000000000
43977  -27.928  -28.569  82.589 0.0000000000
53312  -39.486  -17.816  75.161 0.0000000000
53314  -41.444  -18.261  75.442 0.0000000000
54188  -42.258  -18.208  76.632 0.0000000000
52408  -43.074  -19.187  74.354 0.0000000000
117775  -45.596  -20.309  78.449 0.0000000000
51441  -46.216  -20.952  78.507 0.0000000000
49674  -48.055  -22.382  78.553 0.0000000000
49647  -48.943  -23.298  80.680 0.0000000000
49631  -49.782  -23.993  81.671 0.0000000000
115374  -32.081  -28.763  91.208 0.0000000000
42936  -31.936  -29.138  90.858 0.0000000000
42937  -32.870  -29.283  90.728 0.0000000000
126831  -34.417  -30.248  89.670 0.0000000000
42077  -34.466  -30.596  89.080 0.0000000000
42078  -34.730  -30.360  88.955 0.0000000000
43889  -36.097  -27.964  89.312 0.0000000000
120777  -35.503  -28.783  89.426 0.0000000000
43900  -35.626  -28.789  89.078 0.0000000000
42986  -34.460  -30.453  87.896 0.0000000000
42998  -34.504  -29.833  87.025 0.0000000000
115453  -33.086  -28.094  85.612 0.0000000000
43959  -33.302  -29.084  84.900 0.0000000000
46685  -39.492  -24.831  87.061 0.0000000000
46697  -39.287  -25.129  87.015 0.0000000000
46707  -39.040  -25.189  86.676 0.0000000000
46720  -38.091  -25.256  85.670 0.0000000000
45833  -38.410  -25.500  86.564 0.0000000000
45832  -38.012  -25.726  86.554 0.0000000000
45831  -37.476  -25.771  86.359 0.0000000000
47639  -36.898  -24.559  83.435 0.0000000000
47638  -35.785  -24.566  83.528 0.0000000000
47618  -35.412  -24.762  84.334 0.0000000000
46731  -35.237  -25.152  85.102 0.0000000000
46717  -34.448  -25.456  85.364 0.0000000000
123932  -34.019  -25.842  85.889 0.0000000000
46716  -33.631  -25.607  85.224 0.0000000000
46739  -32.391  -25.683  83.397 0.0000000000
45848  -32.185  -26.414  83.735 0.0000000000
44923  -32.431  -27.575  83.864 0.0000000000
44941  -31.967  -27.149  83.155 0.0000000000
48775  -37.148  -23.410  76.231 0.0000000000
46574  -19.687  -25.226  94.906 0.0000000000
43870  -27.681  -28.422  92.448 0.0000000000
44787  -30.662  -26.921  92.771 0.0000000000
114043  -31.453  -27.165  92.475 0.0000000000
44788  -33.452  -27.123  91.688 0.0000000000
47503  -34.529  -24.261  93.011 0.0000000000
45744  -34.306  -25.489  92.055 0.0000000000
46631  -35.052  -25.225  91.430 0.0000000000
46615  -35.413  -24.446  91.669 0.0000000000
48548  -36.306  -23.340  91.433 0.0000000000
47515  -35.947  -24.122  91.088 0.0000000000
48549  -36.926  -23.108  90.845 0.0000000000
49542  -38.176  -22.097  90.982 0.0000000000
126133  -38.465  -21.680  90.422 0.0000000000
111993  -38.758  -21.670  89.745 0.0000000000
51317  -38.845  -20.506  89.674 0.0000000000
52201  -38.692  -19.815  89.577 0.0000000000
52215  -38.955  -20.046  88.945 0.0000000000
54972  -38.505  -16.739  86.819 0.0000000000
56024  -39.287  -14.846  86.741 0.0000000000
117492  -41.463  -13.138  86.799 0.0000000000
57031  -40.923  -13.836  85.867 0.0000000000
57047  -41.074  -14.271  85.053 0.0000000000
57033  -42.929  -13.944  85.838 0.0000000000
57049  -42.659  -14.588  85.168 0.0000000000
56051  -43.093  -15.424  84.782 0.0000000000
54986  -43.316  -16.332  84.498 0.0000000000
54987  -43.906  -16.825  84.975 0.0000000000
57050  -46.388  -13.793  84.994 0.0000000000
57036  -44.953  -14.602  85.709 0.0000000000
54086  -45.567  -17.803  84.929 0.0000000000
125289  -44.943  -17.258  85.176 0.0000000000
54085  -44.830  -17.745  84.882 0.0000000000
53186  -44.726  -18.200  84.376 0.0000000000
53204  -45.230  -19.005  84.096 0.0000000000
52287  -46.378  -19.976  84.158 0.0000000000
52286  -45.934  -19.839  83.800 0.0000000000
51380  -46.635  -20.533  83.958 0.0000000000
116161  -47.066  -21.191  83.764 0.0000000000
125103  -48.728  -16.998  83.926 0.0000000000
54088  -47.477  -18.097  84.497 0.0000000000
51383  -48.649  -21.162  83.735 0.0000000000
51382  -47.980  -21.273  84.018 0.0000000000
50499  -48.324  -22.394  83.461 0.0000000000
49617  -48.600  -23.115  83.098 0.0000000000
50500  -48.932  -23.056  83.385 0.0000000000
49607  -49.470  -23.549  83.131 0.0000000000
49619  -50.069  -23.679  82.872 0.0000000000
48682  -50.472  -23.889  82.657 0.0000000000
50524  -50.280  -23.225  82.646 0.0000000000
56083  -51.984  -15.341  81.034 0.0000000000
55020  -51.697  -16.316  81.195 0.0000000000
55009  -51.125  -16.460  81.929 0.0000000000
54131  -51.070  -16.942  81.509 0.0000000000
55048  -51.867  -15.902  79.639 0.0000000000
55049  -52.339  -15.654  79.494 0.0000000000
54142  -49.087  -18.025  80.553 0.0000000000
126346  -49.892  -17.499  80.693 0.0000000000
54129  -49.856  -18.041  81.471 0.0000000000
51423  -48.965  -20.211  80.313 0.0000000000
115917  -49.563  -21.023  81.053 0.0000000000
50535  -50.338  -21.849  81.029 0.0000000000
50525  -50.859  -23.014  82.059 0.0000000000
50546  -50.419  -21.682  79.823 0.0000000000
50560  -50.064  -21.359  78.659 0.0000000000
50575  -50.332  -21.364  78.051 0.0000000000
122214  -47.733  -17.709  77.339 0.0000000000
53280  -47.673  -18.138  77.807 0.0000000000
53292  -47.600  -18.204  77.024 0.0000000000
52396  -48.317  -19.490  75.850 0.0000000000
118592  -48.434  -19.667  76.571 0.0000000000
51468  -48.961  -20.265  76.173 0.0000000000
55135  -53.277  -16.463  74.912 0.0000000000
106791  -53.691  -16.536  74.083 0.0000000000
105821  -51.926  -16.435  73.110 0.0000000000
106793  -51.578  -16.373  73.940 0.0000000000
106795  -49.752  -16.359  73.975 0.0000000000
105823  -50.108  -16.331  73.252 0.0000000000
105812  -52.275  -16.475  71.342 0.0000000000
125557  -51.566  -16.434  71.814 0.0000000000
123396  -49.140  -16.383  71.912 0.0000000000
55173  -47.779  -16.881  72.909 0.0000000000
46658  -19.737  -26.021  90.506 0.0000000000
45763  -19.183  -26.610  90.855 0.0000000000
45774  -19.356  -26.414  89.867 0.0000000000
44834  -18.935  -26.934  88.246 0.0000000000
43931  -18.642  -27.892  86.433 0.0000000000
43955  -18.858  -28.260  84.071 0.0000000000
43967  -19.145  -28.295  83.333 0.0000000000
43973  -19.356  -28.574  82.641 0.0000000000
118596  -24.206  -26.541  89.553 0.0000000000
45777  -23.712  -26.367  89.892 0.0000000000
45789  -23.704  -26.302  88.915 0.0000000000
120739  -23.432  -26.645  86.290 0.0000000000
45811  -23.107  -26.424  86.975 0.0000000000
115702  -22.700  -26.632  86.187 0.0000000000
45810  -22.151  -26.376  86.746 0.0000000000
105835  -24.271  -27.409  83.229 0.0000000000
105688  -24.325  -27.257  84.114 0.0000000000
44935  -22.448  -27.388  82.426 0.0000000000
44920  -22.607  -27.267  83.250 0.0000000000
105511  -21.813  -27.161  83.804 0.0000000000
44899  -20.727  -27.139  84.031 0.0000000000
44934  -21.009  -27.580  82.279 0.0000000000
42203  -24.742  -30.619  78.353 0.0000000000
42202  -23.896  -30.503  78.500 0.0000000000
42059  -32.218  -30.189  90.005 0.0000000000
42951  -31.448  -29.622  90.369 0.0000000000
42101  -32.239  -30.887  87.753 0.0000000000
42100  -31.365  -30.081  87.514 0.0000000000
42110  -31.298  -30.197  86.633 0.0000000000
41195  -33.468  -31.466  85.481 0.0000000000
41185  -33.524  -31.419  86.314 0.0000000000
42131  -31.318  -30.580  84.997 0.0000000000
42122  -31.998  -31.299  85.446 0.0000000000
43016  -30.043  -29.310  84.655 0.0000000000
41229  -33.285  -31.873  81.782 0.0000000000
40424  -33.106  -31.849  82.392 0.0000000000
40436  -33.132  -32.244  81.714 0.0000000000
39657  -32.575  -32.965  81.183 0.0000000000
40433  -31.414  -32.217  81.759 0.0000000000
41241  -29.941  -31.879  80.501 0.0000000000
41240  -29.104  -31.416  80.125 0.0000000000
118615  -38.246  -17.121  83.807 0.0000000000
54985  -38.488  -16.486  84.120 0.0000000000
56047  -38.899  -15.595  84.432 0.0000000000
53177  -38.166  -18.154  86.129 0.0000000000
54082  -37.796  -18.598  84.653 0.0000000000
54095  -37.975  -17.706  83.748 0.0000000000
123419  -50.051  -23.418  79.351 0.0000000000
107275  -51.804  -23.602  80.377 0.0000000000
105403  -29.031  -28.515  92.162 0.0000000000
42950  -30.821  -29.532  90.030 0.0000000000
53357  -39.540  -18.319  72.966 0.0000000000
53245  -43.982  -18.138  80.165 0.0000000000
46634  -36.829  -25.007  89.938 0.0000000000
46651  -37.526  -25.538  89.422 0.0000000000
46668  -38.267  -25.684  88.686 0.0000000000
47709  -36.989  -24.434  79.323 0.0000000000
114361  -36.318  -24.406  79.902 0.0000000000
47708  -35.949  -24.286  79.308 0.0000000000
47720  -33.693  -23.816  78.478 0.0000000000
47732  -34.303  -23.768  77.891 0.0000000000
119716  -34.031  -23.653  77.527 0.0000000000
52421  -37.149  -19.816  73.838 0.0000000000
120358  -37.230  -19.689  72.901 0.0000000000
55080  -54.211  -16.088  77.840 0.0000000000
124633  -53.617  -16.151  77.546 0.0000000000
120004  -52.438  -15.874  77.560 0.0000000000
121931  -51.907  -15.971  76.723 0.0000000000
55095  -50.874  -15.993  76.904 0.0000000000
55113  -51.616  -16.194  75.656 0.0000000000
46623  -21.336  -25.620  91.671 0.0000000000
46661  -22.518  -25.823  89.864 0.0000000000
43975  -26.758  -27.946  82.559 0.0000000000
43983  -26.880  -28.333  81.670 0.0000000000
43995  -26.755  -28.678  80.711 0.0000000000
44010  -26.254  -28.955  79.840 0.0000000000
43054  -27.000  -29.265  80.196 0.0000000000
43074  -27.329  -29.916  79.857 0.0000000000
42186  -27.647  -30.604  79.464 0.0000000000
43018  -33.723  -30.932  84.851 0.0000000000
53289  -37.993  -18.161  77.584 0.0000000000
54153  -38.963  -16.959  79.163 0.0000000000
122608  -39.617  -15.993  82.353 0.0000000000
107769  -40.207  -16.104  81.890 0.0000000000
55017  -40.767  -16.282  81.410 0.0000000000
122284  -41.448  -16.311  81.723 0.0000000000
50464  -39.393  -21.526  88.029 0.0000000000
50471  -39.432  -22.009  87.482 0.0000000000
51379  -38.124  -21.492  84.220 0.0000000000
50497  -38.501  -22.288  83.732 0.0000000000
50510  -38.401  -22.372  82.779 0.0000000000
49615  -38.876  -23.075  82.287 0.0000000000
49628  -38.879  -23.558  81.151 0.0000000000
53275  -37.517  -19.005  78.110 0.0000000000
106370  -25.338  -27.477  91.187 0.0000000000
125573  -25.321  -27.344  90.567 0.0000000000
43921  -28.552  -27.998  87.806 0.0000000000
44869  -28.177  -27.735  86.136 0.0000000000
43957  -29.322  -28.882  84.056 0.0000000000
54186  -40.204  -17.545  76.507 0.0000000000
54197  -40.177  -17.734  75.721 0.0000000000
54198  -40.994  -17.829  76.028 0.0000000000
124708  -43.374  -18.821  76.891 0.0000000000
53303  -43.279  -18.854  76.406 0.0000000000
108763  -43.606  -19.356  75.071 0.0000000000
50544  -46.847  -21.493  79.320 0.0000000000
49646  -48.243  -22.759  80.950 0.0000000000
44799  -33.375  -28.113  91.188 0.0000000000
42938  -33.775  -29.214  90.662 0.0000000000
121143  -34.178  -28.641  90.741 0.0000000000
122546  -34.668  -29.326  90.283 0.0000000000
42955  -34.920  -29.751  89.628 0.0000000000
43925  -35.900  -28.151  88.335 0.0000000000
43913  -35.685  -28.560  88.734 0.0000000000
43935  -34.353  -28.939  87.345 0.0000000000
47601  -39.287  -24.459  85.785 0.0000000000
47583  -39.056  -24.819  86.053 0.0000000000
115789  -38.917  -24.871  85.866 0.0000000000
46733  -37.875  -24.977  84.845 0.0000000000
47656  -35.052  -24.494  82.709 0.0000000000
46741  -33.827  -24.958  83.919 0.0000000000
46729  -33.312  -25.414  84.457 0.0000000000
46740  -33.098  -25.286  83.670 0.0000000000
48801  -37.567  -23.021  75.873 0.0000000000
115018  -31.566  -26.161  93.996 0.0000000000
115323  -35.116  -23.837  92.404 0.0000000000
48535  -35.018  -22.995  92.653 0.0000000000
51311  -38.376  -20.442  90.586 0.0000000000
57005  -40.424  -13.392  87.824 0.0000000000
58116  -41.054  -12.959  87.412 0.0000000000
120990  -43.634  -14.454  85.798 0.0000000000
56037  -44.021  -15.268  85.661 0.0000000000
57051  -47.280  -13.959  84.531 0.0000000000
111569  -46.540  -14.822  84.923 0.0000000000
56040  -45.910  -15.618  85.322 0.0000000000
53188  -46.042  -18.769  84.619 0.0000000000
52272  -46.514  -19.625  84.413 0.0000000000
53205  -48.730  -19.088  84.052 0.0000000000
52288  -48.789  -19.884  83.655 0.0000000000
50501  -49.027  -22.274  83.397 0.0000000000
51397  -49.252  -21.575  83.202 0.0000000000
57092  -52.568  -14.719  79.904 0.0000000000
56084  -52.449  -15.233  80.240 0.0000000000
55021  -52.065  -15.895  80.515 0.0000000000
54157  -49.374  -17.286  80.003 0.0000000000
117783  -48.867  -20.273  79.556 0.0000000000
51442  -48.609  -19.925  78.822 0.0000000000
107458  -48.867  -20.296  78.109 0.0000000000
53304  -47.493  -18.162  76.215 0.0000000000
105819  -53.916  -16.550  73.306 0.0000000000
105820  -52.948  -16.500  72.937 0.0000000000
105816  -51.316  -16.405  72.456 0.0000000000
55212  -50.393  -16.311  71.100 0.0000000000
45749  -18.850  -27.190  91.568 0.0000000000
114112  -19.537  -26.230  89.053 0.0000000000
109127  -19.405  -26.526  87.810 0.0000000000
44864  -19.094  -27.160  86.455 0.0000000000
44881  -19.445  -27.160  85.568 0.0000000000
44898  -19.864  -27.276  84.282 0.0000000000
110282  -24.124  -26.469  88.121 0.0000000000
45812  -23.941  -26.583  86.795 0.0000000000
44936  -23.860  -27.482  82.056 0.0000000000
44945  -21.282  -27.778  81.567 0.0000000000
43069  -21.404  -29.234  79.707 0.0000000000
43070  -21.998  -29.414  79.243 0.0000000000
42184  -22.343  -30.195  78.964 0.0000000000
41269  -23.501  -31.076  78.655 0.0000000000
42075  -32.819  -30.692  89.273 0.0000000000
42090  -33.035  -31.149  88.303 0.0000000000
41184  -32.683  -31.280  86.723 0.0000000000
41206  -33.164  -31.645  84.760 0.0000000000
116624  -31.125  -30.756  84.261 0.0000000000
43017  -30.366  -29.985  83.909 0.0000000000
42139  -30.854  -30.873  83.507 0.0000000000
54126  -38.238  -17.201  81.397 0.0000000000
55005  -38.638  -16.684  81.881 0.0000000000
127219  -38.968  -16.311  82.260 0.0000000000
56060  -40.729  -15.344  83.300 0.0000000000
51337  -38.888  -20.394  87.483 0.0000000000
51347  -38.617  -20.097  86.700 0.0000000000
51357  -38.469  -20.523  85.976 0.0000000000
119831  -38.142  -19.673  85.735 0.0000000000
52259  -38.022  -20.282  85.208 0.0000000000
51366  -37.927  -20.783  84.603 0.0000000000
50520  -37.694  -21.645  81.369 0.0000000000
51407  -37.335  -20.797  81.867 0.0000000000
52315  -37.269  -19.813  81.436 0.0000000000
53216  -37.487  -19.038  82.780 0.0000000000
114522  -37.388  -19.104  81.860 0.0000000000
114297  -37.362  -19.091  81.145 0.0000000000
48733  -52.535  -23.458  79.590 0.0000000000
43869  -27.152  -28.432  92.083 0.0000000000
122956  -27.237  -28.206  90.750 0.0000000000
43898  -28.549  -28.491  89.872 0.0000000000
43911  -29.311  -28.510  88.319 0.0000000000
54164  -41.496  -17.183  78.552 0.0000000000
106077  -42.225  -17.602  77.979 0.0000000000
53277  -42.858  -18.172  77.698 0.0000000000
53278  -43.463  -18.366  78.348 0.0000000000
53291  -43.528  -18.756  77.436 0.0000000000
52341  -45.402  -19.785  79.586 0.0000000000
51422  -46.531  -21.051  80.890 0.0000000000
44813  -36.102  -27.281  89.884 0.0000000000
121675  -37.281  -26.926  89.068 0.0000000000
108782  -36.878  -27.384  89.159 0.0000000000
43914  -36.313  -27.728  88.343 0.0000000000
121466  -36.550  -27.419  88.010 0.0000000000
47659  -38.453  -24.531  82.499 0.0000000000
47640  -37.999  -24.689  83.336 0.0000000000
106801  -36.625  -24.477  81.990 0.0000000000
47695  -36.136  -24.395  80.623 0.0000000000
47677  -35.911  -24.404  81.426 0.0000000000
122179  -35.746  -24.439  82.114 0.0000000000
47676  -35.030  -24.400  81.740 0.0000000000
47692  -32.726  -24.636  80.645 0.0000000000
122512  -32.319  -24.085  78.397 0.0000000000
108749  -32.917  -23.776  78.194 0.0000000000
50626  -37.608  -21.733  74.829 0.0000000000
50640  -37.514  -22.068  73.886 0.0000000000
109410  -37.255  -21.834  73.234 0.0000000000
50652  -36.954  -21.916  72.785 0.0000000000
57052  -48.061  -14.113  84.064 0.0000000000
124748  -47.607  -16.634  84.532 0.0000000000
54991  -48.324  -16.215  84.080 0.0000000000
54100  -49.492  -17.313  83.495 0.0000000000
54114  -49.958  -18.000  83.007 0.0000000000
56100  -53.563  -15.429  78.356 0.0000000000
107717  -52.368  -15.655  78.874 0.0000000000
55063  -52.149  -15.722  78.873 0.0000000000
110210  -51.464  -15.876  79.183 0.0000000000
55062  -50.645  -16.033  78.892 0.0000000000
121559  -48.644  -16.970  78.488 0.0000000000
54167  -47.840  -18.057  78.491 0.0000000000
54178  -48.200  -17.163  77.155 0.0000000000
54190  -48.226  -16.918  76.228 0.0000000000
55130  -47.969  -16.954  75.210 0.0000000000
105611  -54.272  -16.653  71.055 0.0000000000
55195  -53.864  -16.553  71.733 0.0000000000
55213  -51.882  -16.467  70.468 0.0000000000
46621  -19.685  -26.011  92.327 0.0000000000
46639  -19.698  -26.098  91.424 0.0000000000
46659  -20.510  -25.683  90.238 0.0000000000
46675  -20.186  -25.819  88.931 0.0000000000
45786  -20.672  -25.827  88.180 0.0000000000
44903  -25.636  -27.378  84.797 0.0000000000
44922  -25.124  -27.517  83.094 0.0000000000
44939  -26.101  -27.814  81.966 0.0000000000
44938  -25.299  -27.604  82.244 0.0000000000
44948  -24.616  -27.586  81.697 0.0000000000
44957  -24.572  -27.790  80.733 0.0000000000
43095  -26.039  -30.141  78.730 0.0000000000
120507  -33.968  -31.092  87.075 0.0000000000
41196  -33.536  -31.353  85.011 0.0000000000
40418  -32.824  -31.952  83.137 0.0000000000
53325  -38.269  -18.335  74.258 0.0000000000
108932  -38.525  -17.981  75.055 0.0000000000
112561  -38.864  -17.726  75.652 0.0000000000
54185  -39.417  -17.511  76.771 0.0000000000
54175  -40.379  -17.354  77.398 0.0000000000
55028  -39.113  -16.728  79.857 0.0000000000
113137  -39.888  -16.567  79.899 0.0000000000
55058  -40.633  -16.783  78.789 0.0000000000
55032  -42.139  -16.837  80.726 0.0000000000
108072  -42.745  -17.282  80.329 0.0000000000
54128  -43.537  -17.538  81.660 0.0000000000
48564  -38.665  -23.407  89.152 0.0000000000
47529  -38.732  -24.246  88.821 0.0000000000
48577  -39.229  -23.703  88.511 0.0000000000
47556  -39.606  -24.410  87.308 0.0000000000
106442  -39.577  -24.167  86.643 0.0000000000
107224  -39.607  -22.932  87.080 0.0000000000
48615  -39.557  -23.842  86.297 0.0000000000
47584  -39.389  -24.399  86.231 0.0000000000
105362  -39.315  -24.332  85.062 0.0000000000
106029  -39.174  -24.311  83.650 0.0000000000
50477  -39.149  -21.956  86.256 0.0000000000
112937  -39.297  -23.278  85.060 0.0000000000
49587  -39.009  -22.974  84.292 0.0000000000
119595  -39.392  -23.702  84.494 0.0000000000
47660  -39.008  -24.290  82.056 0.0000000000
111061  -38.564  -24.303  81.008 0.0000000000
47698  -38.811  -24.022  80.630 0.0000000000
47697  -38.299  -24.355  80.318 0.0000000000
111623  -36.735  -23.772  77.089 0.0000000000
49690  -38.411  -23.060  76.897 0.0000000000
50605  -37.790  -22.137  75.765 0.0000000000
50531  -37.632  -21.568  80.362 0.0000000000
50542  -37.777  -21.617  78.386 0.0000000000
50556  -37.859  -21.738  77.455 0.0000000000
52393  -37.308  -19.594  75.391 0.0000000000
52407  -37.296  -19.380  74.627 0.0000000000
120235  -55.482  -16.539  75.073 0.0000000000
107856  -56.846  -16.545  74.359 0.0000000000
105818  -55.970  -16.637  73.689 0.0000000000
120948  -55.591  -16.673  72.799 0.0000000000
55196  -55.868  -16.844  72.125 0.0000000000
54227  -57.648  -17.347  72.760 0.0000000000
54245  -55.950  -17.396  70.547 0.0000000000
54244  -55.177  -17.313  70.039 0.0000000000
54258  -55.854  -17.504  69.671 0.0000000000
54257  -55.085  -17.446  69.217 0.0000000000
45778  -24.269  -26.687  90.294 0.0000000000
44835  -24.894  -26.651  88.109 0.0000000000
44849  -25.182  -26.766  87.288 0.0000000000
44837  -26.713  -27.539  89.096 0.0000000000
105351  -27.095  -27.562  88.374 0.0000000000
109726  -26.386  -27.350  88.392 0.0000000000
44905  -27.239  -27.765  83.994 0.0000000000
43944  -27.770  -27.908  84.609 0.0000000000
43976  -27.401  -28.405  82.276 0.0000000000
43029  -33.044  -29.688  82.698 0.0000000000
53341  -39.054  -18.223  73.643 0.0000000000
53342  -40.110  -18.283  73.481 0.0000000000
53343  -41.117  -18.455  73.192 0.0000000000
53301  -41.870  -18.237  76.075 0.0000000000
53315  -42.267  -18.564  75.363 0.0000000000
53329  -42.342  -18.734  74.507 0.0000000000
49662  -48.956  -22.958  79.481 0.0000000000
107205  -51.153  -24.105  81.856 0.0000000000
119736  -31.231  -28.810  91.215 0.0000000000
42935  -31.150  -29.046  90.976 0.0000000000
122045  -33.813  -29.935  90.239 0.0000000000
42076  -33.765  -30.781  89.173 0.0000000000
42091  -34.170  -30.915  88.322 0.0000000000
122063  -35.232  -29.422  89.304 0.0000000000
42965  -34.991  -29.938  89.195 0.0000000000
43912  -35.281  -29.186  88.753 0.0000000000
42977  -34.948  -29.971  88.920 0.0000000000
42093  -34.532  -30.426  88.468 0.0000000000
42102  -34.162  -30.828  87.763 0.0000000000
42997  -34.131  -30.791  86.449 0.0000000000
126354  -33.965  -30.378  85.898 0.0000000000
43958  -32.960  -28.825  84.000 0.0000000000
46684  -39.290  -25.113  87.522 0.0000000000
45792  -38.824  -25.512  87.536 0.0000000000
45803  -38.166  -26.048  87.369 0.0000000000
46706  -38.801  -25.164  86.328 0.0000000000
45818  -38.464  -25.642  86.948 0.0000000000
45802  -37.816  -26.239  87.305 0.0000000000
44874  -37.532  -26.345  87.233 0.0000000000
45815  -36.851  -26.431  86.954 0.0000000000
47620  -37.462  -24.716  84.131 0.0000000000
46732  -36.873  -24.916  84.834 0.0000000000
46718  -36.141  -25.303  85.426 0.0000000000
44886  -32.795  -27.002  85.322 0.0000000000
45842  -32.817  -26.015  85.005 0.0000000000
49757  -37.185  -22.246  73.496 0.0000000000
56012  -39.380  -14.926  87.752 0.0000000000
57004  -39.832  -14.050  88.296 0.0000000000
46586  -19.708  -25.467  94.015 0.0000000000
46587  -20.731  -25.263  93.653 0.0000000000
46576  -21.769  -25.224  94.343 0.0000000000
46588  -21.900  -25.606  93.329 0.0000000000
45739  -22.813  -26.045  92.883 0.0000000000
45723  -22.962  -26.026  93.753 0.0000000000
44782  -24.040  -26.804  92.574 0.0000000000
44783  -24.687  -27.299  92.604 0.0000000000
44797  -25.368  -27.660  92.096 0.0000000000
43853  -26.054  -28.086  92.485 0.0000000000
127392  -26.582  -28.282  92.054 0.0000000000
43854  -26.871  -28.319  92.801 0.0000000000
119573  -29.566  -28.396  92.254 0.0000000000
45741  -31.990  -26.487  93.090 0.0000000000
45753  -34.159  -26.900  91.271 0.0000000000
45755  -35.586  -25.793  90.711 0.0000000000
46633  -36.269  -25.400  90.322 0.0000000000
112981  -36.331  -24.583  90.477 0.0000000000
121094  -36.819  -24.286  90.102 0.0000000000
49541  -37.270  -22.377  91.285 0.0000000000
48550  -37.666  -22.718  90.538 0.0000000000
48563  -38.024  -23.028  89.742 0.0000000000
49555  -38.792  -22.501  89.370 0.0000000000
49551  -39.109  -21.793  89.114 0.0000000000
50450  -39.080  -21.035  89.229 0.0000000000
50456  -39.201  -20.907  88.531 0.0000000000
51329  -39.033  -20.451  88.589 0.0000000000
52227  -38.899  -20.029  88.649 0.0000000000
52214  -38.704  -19.343  89.082 0.0000000000
52226  -38.743  -19.383  88.584 0.0000000000
52237  -38.840  -19.883  88.113 0.0000000000
53153  -38.684  -19.060  88.029 0.0000000000
57030  -40.015  -14.126  86.286 0.0000000000
56048  -40.373  -14.594  84.631 0.0000000000
58117  -41.642  -12.694  86.999 0.0000000000
57016  -42.132  -13.302  86.430 0.0000000000
125811  -42.653  -12.564  86.630 0.0000000000
57048  -41.814  -14.466  84.866 0.0000000000
56061  -41.721  -15.376  83.604 0.0000000000
54997  -42.884  -16.536  83.679 0.0000000000
54112  -43.194  -17.075  83.172 0.0000000000
123333  -43.698  -17.554  83.482 0.0000000000
53202  -44.164  -17.997  83.150 0.0000000000
57035  -44.463  -13.806  85.889 0.0000000000
119942  -44.404  -15.733  85.550 0.0000000000
54977  -44.778  -16.478  85.372 0.0000000000
54084  -44.235  -17.523  84.716 0.0000000000
53218  -44.635  -18.629  82.759 0.0000000000
52302  -45.135  -19.276  82.362 0.0000000000
52303  -45.767  -19.917  82.924 0.0000000000
51408  -46.275  -20.550  82.485 0.0000000000
50511  -47.356  -21.911  82.779 0.0000000000
52273  -47.201  -19.920  84.462 0.0000000000
51368  -47.415  -20.772  84.153 0.0000000000
125601  -47.104  -20.941  84.027 0.0000000000
50498  -47.595  -21.861  83.508 0.0000000000
50523  -47.817  -22.522  82.486 0.0000000000
49618  -49.147  -23.614  82.821 0.0000000000
48699  -49.859  -23.989  82.580 0.0000000000
48683  -51.162  -23.937  82.257 0.0000000000
54115  -50.510  -17.256  82.271 0.0000000000
53219  -50.030  -18.238  82.350 0.0000000000
55036  -52.561  -15.526  79.711 0.0000000000
55035  -51.932  -16.083  80.249 0.0000000000
54144  -51.528  -16.691  80.843 0.0000000000
51424  -49.654  -20.869  81.888 0.0000000000
125632  -49.231  -20.225  81.042 0.0000000000
49632  -51.555  -23.850  81.944 0.0000000000
49649  -51.986  -23.300  81.435 0.0000000000
50548  -52.080  -22.447  79.741 0.0000000000
53281  -47.870  -18.684  78.334 0.0000000000
52375  -48.325  -19.515  77.967 0.0000000000
51455  -48.788  -20.159  77.211 0.0000000000
50589  -50.184  -21.186  77.149 0.0000000000
106792  -52.663  -16.458  73.889 0.0000000000
55133  -51.144  -16.306  74.736 0.0000000000
55131  -49.449  -16.405  74.587 0.0000000000
55155  -48.155  -16.781  74.339 0.0000000000
55193  -49.957  -16.283  71.832 0.0000000000
105817  -50.467  -16.338  72.520 0.0000000000
55157  -49.159  -16.424  73.318 0.0000000000
55156  -48.290  -16.661  73.504 0.0000000000
118925  -47.729  -17.056  73.799 0.0000000000
114918  -18.861  -27.225  90.817 0.0000000000
45773  -19.046  -26.796  89.137 0.0000000000
43003  -18.588  -29.058  85.589 0.0000000000
44880  -18.913  -27.631  85.662 0.0000000000
43954  -18.683  -28.225  85.068 0.0000000000
45764  -23.133  -26.122  90.318 0.0000000000
45788  -22.801  -26.008  88.526 0.0000000000
45800  -23.335  -26.284  87.927 0.0000000000
45809  -21.297  -26.416  86.379 0.0000000000
105346  -24.585  -27.061  85.152 0.0000000000
44921  -23.487  -27.258  83.649 0.0000000000
120237  -22.781  -27.178  83.986 0.0000000000
45826  -22.221  -26.788  85.467 0.0000000000
45825  -21.330  -26.712  85.589 0.0000000000
45839  -20.484  -26.900  84.984 0.0000000000
44918  -20.025  -27.510  83.370 0.0000000000
43974  -19.851  -28.317  82.123 0.0000000000
43092  -23.509  -29.692  78.585 0.0000000000
42073  -31.344  -30.043  89.317 0.0000000000
42976  -30.739  -29.426  88.117 0.0000000000
42111  -31.971  -31.081  86.238 0.0000000000
42996  -30.646  -29.586  86.207 0.0000000000
43005  -29.947  -28.942  85.714 0.0000000000
43028  -29.677  -29.527  83.460 0.0000000000
43027  -29.036  -28.942  83.215 0.0000000000
43043  -28.697  -29.623  81.756 0.0000000000
43046  -33.310  -30.619  82.448 0.0000000000
42156  -33.322  -31.325  82.178 0.0000000000
125241  -32.860  -32.548  81.660 0.0000000000
40434  -32.120  -32.105  82.636 0.0000000000
41219  -30.993  -31.663  82.339 0.0000000000
42154  -30.282  -31.126  82.119 0.0000000000
42153  -29.705  -30.838  81.678 0.0000000000
42152  -29.059  -30.410  81.299 0.0000000000
43056  -28.400  -29.962  80.963 0.0000000000
42187  -28.372  -30.982  79.825 0.0000000000
44826  -36.855  -27.327  88.338 0.0000000000
44848  -18.949  -26.999  87.401 0.0000000000
44919  -20.887  -27.391  83.111 0.0000000000
44932  -19.602  -27.981  82.897 0.0000000000
45807  -19.775  -26.716  86.144 0.0000000000
45816  -37.643  -26.070  86.843 0.0000000000
47543  -39.601  -23.885  87.821 0.0000000000
47568  -39.646  -24.093  87.144 0.0000000000
47621  -39.136  -24.442  84.532 0.0000000000
48601  -39.623  -23.737  86.715 0.0000000000
48628  -39.488  -23.965  84.965 0.0000000000
48698  -38.893  -23.861  81.075 0.0000000000
48700  -50.565  -24.166  82.239 0.0000000000
48748  -33.653  -23.604  77.167 0.0000000000
49575  -39.443  -23.378  85.965 0.0000000000
49595  -48.729  -22.986  83.346 0.0000000000
50586  -38.329  -22.823  76.787 0.0000000000
52388  -48.248  -19.430  77.143 0.0000000000
54978  -45.425  -16.238  85.386 0.0000000000
55060  -48.742  -16.737  77.776 0.0000000000
55081  -54.925  -15.961  77.756 0.0000000000
55132  -50.219  -16.321  74.666 0.0000000000
57093  -52.999  -14.790  79.246 0.0000000000
58106  -41.728  -12.133  87.197 0.0000000000
105836  -23.404  -27.376  82.766 0.0000000000
110031  -21.717  -27.507  82.108 0.0000000000
121849  -39.559  -24.473  86.902 0.0000000000
122130  -24.901  -27.441  83.746 0.0000000000
122724  -34.105  -31.039  88.132 0.0000000000
125487  -24.032  -27.454  82.651 0.0000000000
