#!ascii label  , from subject sub-v1s19x0051297_ses-1 vox2ras=TkReg
705
127206  -18.140  -29.875  94.615 0.0000000000
125072  -35.188  -14.465  87.591 0.0000000000
61882  -42.179  -9.707  83.125 0.0000000000
58178  -49.606  -13.681  80.968 0.0000000000
115545  -33.468  -18.940  88.106 0.0000000000
59148  -45.761  -12.230  82.376 0.0000000000
57224  -54.077  -14.699  73.352 0.0000000000
56200  -58.707  -15.769  72.854 0.0000000000
56971  -38.445  -13.843  90.270 0.0000000000
59062  -40.569  -11.335  88.223 0.0000000000
59099  -38.069  -12.011  85.543 0.0000000000
46556  -16.479  -24.866  96.902 0.0000000000
49499  -20.596  -22.776  95.825 0.0000000000
110375  -24.535  -24.917  93.778 0.0000000000
46610  -28.098  -26.452  92.613 0.0000000000
47488  -31.476  -24.932  94.025 0.0000000000
50434  -33.865  -21.541  92.724 0.0000000000
53094  -36.124  -17.704  91.167 0.0000000000
58131  -44.252  -12.672  86.027 0.0000000000
55199  -60.525  -16.921  71.568 0.0000000000
58079  -36.319  -13.777  89.922 0.0000000000
59061  -37.734  -11.836  89.243 0.0000000000
108890  -36.650  -13.194  86.057 0.0000000000
47475  -16.630  -24.558  94.360 0.0000000000
48496  -18.478  -23.032  96.964 0.0000000000
47514  -32.141  -24.064  91.544 0.0000000000
48522  -33.148  -23.473  93.178 0.0000000000
50439  -32.630  -21.614  91.729 0.0000000000
54961  -33.796  -16.613  87.931 0.0000000000
53110  -34.514  -18.146  90.850 0.0000000000
55986  -34.930  -15.462  89.923 0.0000000000
54922  -37.133  -15.867  90.690 0.0000000000
61851  -41.673  -9.470  86.025 0.0000000000
59087  -42.666  -11.564  86.682 0.0000000000
61854  -44.018  -10.003  85.156 0.0000000000
58163  -48.297  -13.038  81.848 0.0000000000
59116  -47.744  -12.294  83.931 0.0000000000
57061  -49.293  -13.469  82.802 0.0000000000
57071  -50.651  -14.638  82.118 0.0000000000
57172  -55.736  -15.325  75.524 0.0000000000
105807  -54.166  -14.628  76.419 0.0000000000
51335  -33.386  -20.924  88.127 0.0000000000
108111  -47.156  -14.792  79.025 0.0000000000
56198  -55.736  -15.143  72.569 0.0000000000
55119  -57.279  -15.959  75.373 0.0000000000
54247  -57.773  -17.625  71.142 0.0000000000
56011  -39.068  -15.690  88.289 0.0000000000
58082  -39.547  -12.549  89.205 0.0000000000
60855  -39.306  -10.406  87.651 0.0000000000
44739  -17.009  -27.227  96.684 0.0000000000
118240  -22.582  -25.225  94.758 0.0000000000
48513  -23.071  -24.062  94.571 0.0000000000
45725  -23.962  -26.614  94.061 0.0000000000
44766  -25.577  -27.533  93.651 0.0000000000
43841  -27.413  -27.663  93.470 0.0000000000
44770  -29.004  -27.221  93.088 0.0000000000
46594  -29.728  -26.298  93.102 0.0000000000
45742  -33.046  -26.422  92.853 0.0000000000
106476  -33.605  -20.026  91.293 0.0000000000
51301  -35.312  -20.075  92.004 0.0000000000
50443  -38.388  -21.412  91.001 0.0000000000
107459  -38.343  -18.825  89.877 0.0000000000
54039  -38.564  -17.979  89.047 0.0000000000
60890  -45.897  -10.812  84.048 0.0000000000
105809  -51.811  -14.457  77.537 0.0000000000
57106  -51.866  -14.354  79.483 0.0000000000
114362  -16.855  -29.339  95.829 0.0000000000
58090  -36.026  -13.815  89.009 0.0000000000
58103  -36.551  -12.975  87.968 0.0000000000
121441  -35.540  -14.105  87.341 0.0000000000
114115  -32.923  -24.099  89.976 0.0000000000
48562  -32.403  -23.106  91.692 0.0000000000
49554  -32.844  -22.376  90.166 0.0000000000
56010  -34.372  -15.408  87.760 0.0000000000
55985  -34.365  -15.997  89.257 0.0000000000
56991  -34.738  -15.281  88.803 0.0000000000
118333  -35.677  -14.820  90.200 0.0000000000
105678  -42.892  -9.569  85.382 0.0000000000
61883  -42.812  -9.566  83.581 0.0000000000
58177  -48.703  -13.684  81.191 0.0000000000
59138  -48.794  -12.848  82.413 0.0000000000
121513  -49.466  -13.275  81.971 0.0000000000
57062  -49.917  -14.500  82.653 0.0000000000
122325  -50.143  -13.680  81.387 0.0000000000
55100  -56.030  -15.970  76.920 0.0000000000
56123  -55.619  -15.727  77.077 0.0000000000
106797  -54.970  -16.184  77.451 0.0000000000
56236  -55.591  -15.351  70.820 0.0000000000
120139  -57.021  -15.305  72.764 0.0000000000
56178  -57.094  -15.463  74.534 0.0000000000
56180  -58.484  -15.885  73.676 0.0000000000
112913  -57.553  -16.441  74.235 0.0000000000
55180  -59.138  -16.266  73.231 0.0000000000
54249  -59.843  -17.588  71.598 0.0000000000
55987  -39.154  -14.430  89.710 0.0000000000
56993  -39.614  -13.847  89.139 0.0000000000
58073  -38.827  -13.053  89.920 0.0000000000
59971  -37.725  -11.559  87.625 0.0000000000
59955  -38.438  -10.945  88.163 0.0000000000
59991  -38.553  -11.278  86.032 0.0000000000
60872  -39.861  -10.079  86.056 0.0000000000
60009  -39.341  -11.181  84.519 0.0000000000
45693  -17.467  -26.808  96.722 0.0000000000
46550  -17.427  -24.955  97.297 0.0000000000
49493  -19.975  -22.832  96.425 0.0000000000
47484  -24.019  -24.469  93.806 0.0000000000
48514  -23.590  -24.504  94.423 0.0000000000
46566  -23.611  -25.240  94.779 0.0000000000
46578  -24.030  -25.372  94.598 0.0000000000
121046  -24.473  -26.987  93.982 0.0000000000
45713  -25.135  -26.557  94.294 0.0000000000
44768  -27.847  -27.200  93.357 0.0000000000
43842  -28.097  -27.808  93.308 0.0000000000
44769  -28.479  -27.255  93.215 0.0000000000
47500  -30.764  -25.094  92.816 0.0000000000
46629  -30.186  -25.576  92.157 0.0000000000
47487  -30.784  -25.344  93.661 0.0000000000
117538  -30.195  -26.228  93.370 0.0000000000
115018  -31.566  -26.161  93.996 0.0000000000
45741  -31.990  -26.487  93.090 0.0000000000
45730  -32.432  -26.064  93.964 0.0000000000
115125  -33.711  -22.788  93.070 0.0000000000
47491  -33.718  -24.108  93.274 0.0000000000
48535  -35.018  -22.995  92.653 0.0000000000
49531  -35.392  -22.187  92.525 0.0000000000
51321  -33.018  -20.143  90.074 0.0000000000
52213  -33.285  -19.417  89.733 0.0000000000
54020  -35.060  -18.162  91.176 0.0000000000
53092  -34.616  -18.817  91.187 0.0000000000
53081  -35.766  -18.618  91.654 0.0000000000
50441  -36.821  -20.798  92.022 0.0000000000
51310  -37.243  -19.949  91.241 0.0000000000
124591  -37.225  -18.039  90.893 0.0000000000
55975  -38.098  -15.306  90.624 0.0000000000
54934  -38.335  -16.148  90.369 0.0000000000
110539  -38.725  -15.250  90.218 0.0000000000
54951  -38.825  -16.409  88.903 0.0000000000
47467  -15.692  -24.801  96.003 0.0000000000
46555  -15.708  -25.313  96.478 0.0000000000
45687  -15.904  -26.718  96.910 0.0000000000
58104  -40.619  -12.693  88.131 0.0000000000
58105  -41.154  -12.312  87.627 0.0000000000
59088  -43.287  -11.672  86.396 0.0000000000
59134  -45.195  -11.296  82.659 0.0000000000
60905  -44.914  -10.286  83.566 0.0000000000
60038  -45.895  -11.059  83.057 0.0000000000
56053  -47.382  -14.979  84.445 0.0000000000
58140  -47.145  -12.914  84.503 0.0000000000
106073  -53.683  -14.605  77.936 0.0000000000
57155  -52.809  -14.478  77.120 0.0000000000
57123  -53.046  -14.503  78.441 0.0000000000
107068  -51.615  -14.397  78.498 0.0000000000
114822  -52.411  -14.487  79.372 0.0000000000
57081  -52.163  -14.723  80.485 0.0000000000
56238  -58.272  -15.874  70.878 0.0000000000
112813  -59.573  -16.256  71.477 0.0000000000
55217  -59.664  -16.256  70.720 0.0000000000
55257  -60.355  -16.444  69.296 0.0000000000
58071  -37.773  -13.305  90.269 0.0000000000
59033  -38.159  -12.655  89.972 0.0000000000
59047  -37.178  -12.567  89.423 0.0000000000
59072  -37.027  -12.461  87.567 0.0000000000
59098  -37.362  -12.540  85.981 0.0000000000
47468  -16.386  -24.221  96.201 0.0000000000
47456  -17.435  -23.765  97.076 0.0000000000
49507  -20.023  -22.555  95.033 0.0000000000
48533  -31.932  -24.092  93.093 0.0000000000
47489  -32.075  -24.521  94.013 0.0000000000
48534  -32.496  -23.661  92.995 0.0000000000
49529  -33.114  -22.448  92.698 0.0000000000
50433  -33.292  -21.669  92.556 0.0000000000
54047  -33.703  -17.443  88.473 0.0000000000
113069  -33.801  -17.845  89.374 0.0000000000
54941  -33.873  -17.143  89.300 0.0000000000
120898  -34.434  -17.012  90.323 0.0000000000
54021  -35.917  -16.994  90.865 0.0000000000
126827  -36.631  -17.041  90.890 0.0000000000
54933  -36.571  -15.528  90.639 0.0000000000
56959  -37.128  -14.737  90.659 0.0000000000
46573  -16.139  -25.132  94.442 0.0000000000
60840  -41.005  -10.473  87.661 0.0000000000
59957  -41.786  -11.081  87.317 0.0000000000
60858  -42.162  -10.447  86.887 0.0000000000
60860  -43.436  -10.692  85.987 0.0000000000
60875  -44.110  -10.540  85.426 0.0000000000
59149  -46.942  -12.244  82.407 0.0000000000
59136  -47.281  -11.776  82.810 0.0000000000
114910  -47.935  -12.200  82.674 0.0000000000
58148  -48.547  -13.265  83.535 0.0000000000
124187  -55.099  -14.903  74.645 0.0000000000
57184  -53.833  -14.563  74.946 0.0000000000
105588  -54.853  -14.953  76.272 0.0000000000
57157  -54.584  -14.869  76.917 0.0000000000
117050  -34.199  -15.312  86.273 0.0000000000
54971  -33.627  -15.922  86.033 0.0000000000
60919  -42.861  -10.192  82.338 0.0000000000
58174  -45.592  -13.954  81.274 0.0000000000
58175  -46.727  -13.868  81.347 0.0000000000
57089  -48.032  -14.261  80.471 0.0000000000
117428  -48.956  -14.163  80.323 0.0000000000
108513  -54.659  -14.898  72.757 0.0000000000
125430  -56.211  -15.208  74.256 0.0000000000
56144  -56.748  -15.923  75.825 0.0000000000
110609  -56.435  -16.281  75.687 0.0000000000
54229  -59.498  -17.098  73.082 0.0000000000
54237  -58.224  -17.551  72.125 0.0000000000
56012  -39.380  -14.926  87.752 0.0000000000
56994  -40.063  -13.221  88.623 0.0000000000
125034  -40.147  -11.716  88.556 0.0000000000
117417  -39.056  -11.867  89.304 0.0000000000
60816  -39.477  -11.049  88.731 0.0000000000
60839  -40.448  -10.446  87.898 0.0000000000
60857  -40.409  -9.744  86.607 0.0000000000
123434  -40.787  -9.788  84.850 0.0000000000
57029  -36.031  -14.078  85.170 0.0000000000
106576  -36.668  -13.691  84.796 0.0000000000
59122  -38.670  -12.493  83.517 0.0000000000
42894  -17.083  -28.940  96.177 0.0000000000
43828  -17.909  -28.305  95.879 0.0000000000
45723  -22.962  -26.026  93.753 0.0000000000
105286  -19.763  -22.859  93.121 0.0000000000
49508  -21.026  -22.696  94.845 0.0000000000
49501  -22.045  -23.501  95.316 0.0000000000
45710  -23.267  -25.614  94.652 0.0000000000
43853  -26.054  -28.086  92.485 0.0000000000
43854  -26.871  -28.319  92.801 0.0000000000
46627  -28.596  -26.328  92.192 0.0000000000
46628  -29.446  -26.123  92.299 0.0000000000
46611  -29.052  -26.423  92.778 0.0000000000
110623  -29.495  -26.633  93.040 0.0000000000
44786  -30.023  -27.503  92.717 0.0000000000
46598  -33.288  -24.849  93.524 0.0000000000
50455  -32.791  -21.496  89.804 0.0000000000
51307  -32.872  -20.900  91.377 0.0000000000
51299  -33.595  -20.835  92.207 0.0000000000
53109  -34.080  -18.836  90.769 0.0000000000
51300  -34.472  -20.239  91.973 0.0000000000
112446  -34.978  -20.844  92.472 0.0000000000
50436  -36.224  -21.504  92.285 0.0000000000
49541  -37.270  -22.377  91.285 0.0000000000
52227  -38.899  -20.029  88.649 0.0000000000
53096  -37.594  -17.504  90.709 0.0000000000
53126  -38.463  -18.332  89.495 0.0000000000
52226  -38.743  -19.383  88.584 0.0000000000
117907  -38.554  -18.188  88.180 0.0000000000
43818  -16.194  -28.074  96.786 0.0000000000
61900  -44.127  -9.947  83.472 0.0000000000
60889  -45.230  -10.501  84.352 0.0000000000
59995  -45.421  -11.323  84.941 0.0000000000
60012  -46.847  -11.529  84.026 0.0000000000
58133  -46.166  -12.650  84.925 0.0000000000
58132  -45.158  -12.751  85.580 0.0000000000
57119  -48.507  -14.594  78.495 0.0000000000
57104  -50.144  -14.300  79.375 0.0000000000
126482  -52.916  -14.480  75.463 0.0000000000
57168  -51.146  -14.543  75.538 0.0000000000
121206  -50.662  -14.556  77.090 0.0000000000
57121  -50.969  -14.343  78.886 0.0000000000
58188  -50.383  -14.026  80.299 0.0000000000
57080  -51.602  -14.425  80.933 0.0000000000
42910  -17.678  -29.956  94.658 0.0000000000
57003  -35.509  -14.203  88.113 0.0000000000
48576  -33.234  -23.282  89.656 0.0000000000
57012  -34.754  -14.812  87.027 0.0000000000
57002  -34.916  -14.771  88.004 0.0000000000
56992  -35.382  -14.552  88.844 0.0000000000
60904  -41.558  -9.745  83.542 0.0000000000
61866  -42.116  -9.390  84.188 0.0000000000
58164  -49.011  -13.192  81.712 0.0000000000
58165  -49.533  -13.469  81.524 0.0000000000
55099  -55.735  -16.142  77.042 0.0000000000
56220  -57.660  -15.618  71.424 0.0000000000
118687  -57.950  -15.538  72.383 0.0000000000
56199  -57.995  -15.556  73.341 0.0000000000
56983  -38.753  -14.340  90.225 0.0000000000
56972  -38.988  -13.674  89.961 0.0000000000
59085  -37.868  -11.733  86.508 0.0000000000
59972  -38.479  -10.936  87.218 0.0000000000
59992  -39.234  -10.827  85.484 0.0000000000
60008  -38.717  -11.597  85.054 0.0000000000
46549  -16.844  -25.267  97.105 0.0000000000
47447  -17.127  -24.461  97.184 0.0000000000
108850  -19.862  -23.000  96.692 0.0000000000
47477  -24.099  -24.917  94.322 0.0000000000
46579  -24.500  -25.933  94.456 0.0000000000
46590  -24.803  -25.428  94.103 0.0000000000
46593  -27.608  -26.490  92.976 0.0000000000
45727  -27.430  -26.717  93.276 0.0000000000
45728  -28.240  -26.749  93.039 0.0000000000
47501  -31.392  -24.645  93.469 0.0000000000
46595  -30.988  -25.787  93.881 0.0000000000
46596  -31.839  -25.488  94.163 0.0000000000
49520  -34.015  -22.044  93.137 0.0000000000
49530  -34.478  -22.418  93.069 0.0000000000
50435  -34.634  -21.579  92.927 0.0000000000
107277  -33.337  -19.235  88.816 0.0000000000
53093  -35.503  -18.160  91.358 0.0000000000
52181  -36.443  -19.096  91.689 0.0000000000
117366  -36.568  -18.237  91.244 0.0000000000
52182  -37.228  -18.830  91.033 0.0000000000
117066  -38.385  -14.629  90.470 0.0000000000
47454  -16.200  -24.652  96.558 0.0000000000
46548  -16.180  -25.715  96.852 0.0000000000
59073  -40.651  -11.979  88.212 0.0000000000
59074  -41.245  -11.606  87.697 0.0000000000
58120  -43.509  -12.440  86.395 0.0000000000
58130  -43.733  -13.325  86.248 0.0000000000
57035  -44.463  -13.806  85.889 0.0000000000
59135  -46.400  -11.538  82.776 0.0000000000
57223  -53.130  -14.562  73.127 0.0000000000
105298  -53.477  -14.651  78.270 0.0000000000
57107  -52.931  -14.532  78.797 0.0000000000
58070  -36.961  -13.599  90.337 0.0000000000
59032  -37.473  -12.917  90.020 0.0000000000
58080  -36.680  -13.214  89.716 0.0000000000
58115  -36.270  -13.388  86.982 0.0000000000
59083  -36.912  -12.771  86.677 0.0000000000
59084  -37.349  -12.218  86.863 0.0000000000
123727  -16.865  -23.825  95.274 0.0000000000
49515  -19.392  -22.733  94.106 0.0000000000
47528  -32.394  -24.479  90.581 0.0000000000
47513  -31.527  -24.400  92.365 0.0000000000
48547  -32.127  -23.603  92.452 0.0000000000
49549  -32.648  -22.334  91.215 0.0000000000
49540  -32.428  -22.260  91.997 0.0000000000
50432  -32.770  -21.935  92.303 0.0000000000
54055  -33.613  -17.344  87.450 0.0000000000
54949  -33.947  -16.615  88.831 0.0000000000
124474  -34.542  -16.055  89.878 0.0000000000
54942  -34.203  -16.607  89.740 0.0000000000
54931  -34.908  -16.286  90.346 0.0000000000
121010  -35.088  -17.324  90.757 0.0000000000
54932  -35.859  -16.368  90.667 0.0000000000
55973  -35.719  -15.521  90.462 0.0000000000
56968  -36.346  -14.245  90.269 0.0000000000
105232  -36.435  -14.839  90.528 0.0000000000
56969  -36.904  -14.266  90.560 0.0000000000
111824  -37.463  -14.021  90.505 0.0000000000
47474  -16.171  -24.617  95.264 0.0000000000
61838  -41.709  -9.775  86.771 0.0000000000
61824  -41.617  -10.162  87.192 0.0000000000
61839  -42.140  -9.940  86.706 0.0000000000
61853  -43.393  -9.855  85.473 0.0000000000
61840  -42.794  -9.967  86.185 0.0000000000
60874  -43.442  -10.268  85.776 0.0000000000
58162  -47.406  -12.993  81.906 0.0000000000
59150  -47.820  -12.443  82.389 0.0000000000
59126  -48.574  -12.588  83.054 0.0000000000
109661  -49.404  -14.537  83.216 0.0000000000
57186  -55.436  -15.088  75.036 0.0000000000
107281  -55.148  -15.026  75.614 0.0000000000
105301  -55.354  -15.243  76.092 0.0000000000
56110  -54.595  -15.441  77.667 0.0000000000
117676  -47.380  -14.519  79.796 0.0000000000
57102  -48.130  -14.495  79.418 0.0000000000
56219  -56.233  -15.342  71.789 0.0000000000
126666  -54.852  -15.061  71.975 0.0000000000
113420  -55.597  -15.044  73.561 0.0000000000
56158  -57.687  -15.899  74.972 0.0000000000
56157  -57.044  -15.741  75.308 0.0000000000
55118  -56.734  -16.038  75.862 0.0000000000
55138  -57.249  -16.209  75.215 0.0000000000
54214  -58.040  -16.907  73.537 0.0000000000
55198  -60.124  -16.756  72.035 0.0000000000
54230  -59.745  -16.831  72.880 0.0000000000
54239  -60.175  -17.114  72.113 0.0000000000
54248  -58.857  -17.754  71.443 0.0000000000
54238  -59.350  -17.446  72.398 0.0000000000
56023  -38.821  -15.742  87.085 0.0000000000
55999  -39.415  -14.787  88.814 0.0000000000
58092  -39.680  -13.077  89.238 0.0000000000
58093  -40.049  -12.418  88.713 0.0000000000
59928  -39.611  -11.881  88.974 0.0000000000
59925  -38.473  -11.975  89.560 0.0000000000
120451  -38.461  -11.493  89.178 0.0000000000
60837  -39.135  -10.721  88.376 0.0000000000
60838  -39.822  -10.610  88.281 0.0000000000
60826  -39.993  -10.885  88.466 0.0000000000
123945  -40.036  -10.206  87.715 0.0000000000
61822  -40.532  -9.909  87.303 0.0000000000
60856  -39.842  -9.953  87.035 0.0000000000
60886  -40.012  -10.326  84.935 0.0000000000
43819  -16.850  -28.038  96.582 0.0000000000
43831  -17.806  -28.979  95.726 0.0000000000
43827  -17.454  -28.293  96.221 0.0000000000
45694  -18.010  -26.256  96.688 0.0000000000
48487  -17.989  -23.445  97.118 0.0000000000
48488  -18.381  -23.505  97.112 0.0000000000
46563  -21.715  -24.744  95.078 0.0000000000
46589  -22.769  -25.672  94.278 0.0000000000
49525  -20.600  -22.912  93.109 0.0000000000
49516  -20.296  -22.729  93.991 0.0000000000
48512  -22.616  -23.934  94.980 0.0000000000
48505  -22.239  -23.805  95.274 0.0000000000
46577  -23.811  -25.719  94.624 0.0000000000
46565  -23.273  -25.223  94.868 0.0000000000
45711  -23.777  -26.145  94.479 0.0000000000
45724  -23.420  -26.171  94.221 0.0000000000
44782  -24.040  -26.804  92.574 0.0000000000
44752  -25.018  -27.135  94.139 0.0000000000
44765  -24.876  -27.320  93.492 0.0000000000
44784  -25.418  -27.731  92.980 0.0000000000
43839  -26.135  -27.994  93.223 0.0000000000
44754  -27.118  -27.065  93.542 0.0000000000
44767  -26.669  -27.404  93.686 0.0000000000
43840  -26.827  -27.981  93.397 0.0000000000
43855  -27.563  -28.167  93.162 0.0000000000
43843  -28.701  -27.800  93.070 0.0000000000
43856  -28.971  -28.215  92.665 0.0000000000
119573  -29.566  -28.396  92.254 0.0000000000
44785  -29.368  -27.855  92.795 0.0000000000
46612  -30.022  -25.797  93.124 0.0000000000
45729  -28.967  -26.736  93.035 0.0000000000
44772  -30.745  -26.284  93.543 0.0000000000
44771  -30.026  -26.667  93.050 0.0000000000
44787  -30.662  -26.921  92.771 0.0000000000
43860  -32.436  -27.302  91.944 0.0000000000
48521  -32.613  -23.745  93.276 0.0000000000
47490  -32.767  -24.264  93.584 0.0000000000
111142  -33.113  -21.251  88.979 0.0000000000
50448  -32.810  -20.829  90.407 0.0000000000
51316  -33.187  -20.302  91.002 0.0000000000
51308  -33.255  -20.510  91.740 0.0000000000
54031  -33.979  -18.159  90.233 0.0000000000
113893  -33.655  -18.893  90.244 0.0000000000
52158  -35.125  -19.322  91.819 0.0000000000
52157  -34.550  -19.445  91.522 0.0000000000
122444  -35.389  -21.315  92.612 0.0000000000
111013  -35.835  -20.742  92.329 0.0000000000
50442  -37.722  -20.996  91.459 0.0000000000
106274  -37.787  -21.721  91.370 0.0000000000
52201  -38.692  -19.815  89.577 0.0000000000
52215  -38.955  -20.046  88.945 0.0000000000
117520  -36.874  -16.468  90.766 0.0000000000
54023  -37.244  -16.834  90.784 0.0000000000
113783  -38.419  -17.202  89.915 0.0000000000
127196  -38.632  -18.805  88.947 0.0000000000
53142  -38.633  -18.745  88.601 0.0000000000
54963  -38.727  -16.559  87.860 0.0000000000
44738  -16.509  -27.194  96.829 0.0000000000
44737  -15.960  -27.542  96.906 0.0000000000
59086  -42.178  -11.468  86.975 0.0000000000
59075  -41.825  -11.656  87.223 0.0000000000
58118  -42.284  -12.022  86.858 0.0000000000
60937  -42.935  -10.523  81.939 0.0000000000
61899  -43.302  -9.896  83.102 0.0000000000
60906  -45.495  -10.536  83.817 0.0000000000
61869  -44.931  -10.157  84.098 0.0000000000
60010  -45.392  -10.870  84.673 0.0000000000
60040  -47.646  -11.816  83.095 0.0000000000
60026  -47.128  -11.569  83.497 0.0000000000
59124  -47.476  -11.840  83.676 0.0000000000
109097  -45.476  -13.735  85.503 0.0000000000
108265  -49.352  -14.460  78.645 0.0000000000
106304  -53.553  -14.526  75.564 0.0000000000
105805  -52.828  -14.483  74.672 0.0000000000
105808  -52.014  -14.505  76.403 0.0000000000
57154  -50.977  -14.537  76.456 0.0000000000
57153  -50.020  -14.668  76.370 0.0000000000
57122  -51.804  -14.358  79.101 0.0000000000
57105  -51.099  -14.233  79.638 0.0000000000
58189  -51.053  -14.138  80.211 0.0000000000
58180  -50.923  -14.034  80.774 0.0000000000
57091  -51.816  -14.325  80.153 0.0000000000
58102  -36.075  -13.600  88.013 0.0000000000
122565  -32.582  -23.863  90.843 0.0000000000
48575  -32.818  -23.247  90.589 0.0000000000
54962  -33.900  -15.966  87.585 0.0000000000
54950  -34.124  -15.962  88.345 0.0000000000
125281  -35.257  -14.860  89.547 0.0000000000
56982  -35.791  -14.319  89.671 0.0000000000
115707  -41.525  -9.473  85.083 0.0000000000
61852  -42.275  -9.612  86.105 0.0000000000
107067  -42.274  -9.389  85.243 0.0000000000
109470  -42.900  -9.417  84.503 0.0000000000
61867  -43.653  -9.652  84.691 0.0000000000
59151  -48.485  -12.718  82.307 0.0000000000
59152  -49.049  -13.023  81.964 0.0000000000
57070  -50.121  -13.771  82.030 0.0000000000
56143  -56.021  -15.662  76.104 0.0000000000
57141  -55.495  -15.460  76.594 0.0000000000
56133  -56.030  -15.819  76.728 0.0000000000
55082  -55.519  -15.972  77.373 0.0000000000
110234  -56.533  -15.200  73.582 0.0000000000
106420  -57.375  -15.392  73.744 0.0000000000
56179  -57.902  -15.705  74.230 0.0000000000
55139  -57.818  -16.017  74.910 0.0000000000
55140  -58.151  -16.015  74.382 0.0000000000
55159  -58.190  -16.288  74.037 0.0000000000
54215  -58.796  -16.843  73.533 0.0000000000
55219  -60.683  -16.863  70.743 0.0000000000
53370  -60.385  -17.429  71.408 0.0000000000
53382  -60.208  -17.790  71.086 0.0000000000
53381  -58.394  -17.964  70.385 0.0000000000
55998  -39.076  -15.506  89.375 0.0000000000
122407  -39.349  -13.569  89.604 0.0000000000
59049  -39.154  -12.442  89.458 0.0000000000
59954  -38.037  -11.339  88.653 0.0000000000
59973  -39.139  -10.503  86.555 0.0000000000
44742  -17.294  -27.592  96.520 0.0000000000
45688  -17.078  -26.474  96.857 0.0000000000
45689  -17.656  -25.771  97.101 0.0000000000
47469  -21.801  -24.433  95.407 0.0000000000
48506  -23.143  -24.491  94.792 0.0000000000
47471  -23.642  -24.945  94.742 0.0000000000
45712  -24.369  -26.454  94.356 0.0000000000
46630  -30.921  -25.048  91.712 0.0000000000
118884  -30.328  -25.916  93.461 0.0000000000
121300  -31.269  -26.476  93.185 0.0000000000
49518  -33.207  -22.978  92.839 0.0000000000
126459  -33.690  -23.394  93.193 0.0000000000
48523  -34.356  -23.399  93.074 0.0000000000
48536  -35.695  -23.123  92.145 0.0000000000
49532  -36.474  -22.448  91.971 0.0000000000
51328  -33.099  -20.222  88.999 0.0000000000
120627  -32.864  -20.781  89.618 0.0000000000
52200  -33.543  -19.559  90.665 0.0000000000
52180  -35.092  -18.719  91.509 0.0000000000
52159  -35.747  -19.328  91.929 0.0000000000
51302  -36.176  -20.020  91.819 0.0000000000
51311  -38.376  -20.442  90.586 0.0000000000
52183  -38.045  -19.349  90.506 0.0000000000
117071  -37.821  -18.366  90.551 0.0000000000
55964  -37.549  -15.389  90.667 0.0000000000
54923  -37.580  -16.070  90.654 0.0000000000
54943  -38.769  -16.283  89.839 0.0000000000
115846  -38.620  -17.053  89.319 0.0000000000
46561  -15.088  -25.414  95.884 0.0000000000
46554  -14.871  -25.812  96.259 0.0000000000
115673  -16.617  -26.166  96.922 0.0000000000
58119  -42.873  -12.187  86.592 0.0000000000
125811  -42.653  -12.564  86.630 0.0000000000
123921  -43.133  -12.890  86.502 0.0000000000
117215  -44.304  -10.731  82.722 0.0000000000
60921  -44.424  -10.368  83.136 0.0000000000
111377  -45.095  -10.676  83.068 0.0000000000
60922  -45.541  -10.713  83.399 0.0000000000
60907  -46.153  -11.044  83.441 0.0000000000
58141  -47.890  -13.094  84.060 0.0000000000
57156  -53.803  -14.565  77.287 0.0000000000
57170  -53.112  -14.485  76.274 0.0000000000
57138  -52.950  -14.447  77.873 0.0000000000
57137  -52.398  -14.420  78.544 0.0000000000
111924  -52.454  -14.444  78.962 0.0000000000
56221  -58.703  -15.832  71.770 0.0000000000
56239  -59.075  -15.994  71.045 0.0000000000
55218  -60.264  -16.559  71.182 0.0000000000
55240  -60.236  -16.489  70.332 0.0000000000
126729  -60.530  -16.606  69.908 0.0000000000
56970  -37.989  -13.747  90.385 0.0000000000
58072  -38.333  -13.121  90.145 0.0000000000
59048  -37.860  -12.339  89.782 0.0000000000
58091  -36.490  -13.024  88.814 0.0000000000
59060  -36.999  -12.394  88.577 0.0000000000
118581  -37.442  -11.841  88.361 0.0000000000
47455  -16.728  -24.186  96.894 0.0000000000
48494  -17.169  -23.558  96.395 0.0000000000
49491  -18.453  -22.835  96.622 0.0000000000
49497  -18.779  -22.614  96.066 0.0000000000
49498  -19.639  -22.578  96.023 0.0000000000
122480  -27.853  -26.284  92.161 0.0000000000
47502  -32.002  -24.233  93.723 0.0000000000
108876  -32.917  -23.172  92.784 0.0000000000
106327  -32.637  -22.841  92.411 0.0000000000
49519  -33.533  -22.232  92.893 0.0000000000
53152  -33.546  -18.208  87.811 0.0000000000
53141  -33.559  -18.391  88.677 0.0000000000
54038  -34.030  -17.344  89.974 0.0000000000
54032  -34.368  -17.603  90.468 0.0000000000
108766  -35.650  -17.614  91.051 0.0000000000
53095  -36.863  -17.484  90.932 0.0000000000
54022  -36.265  -17.022  90.894 0.0000000000
54921  -36.562  -16.255  90.706 0.0000000000
55963  -37.160  -15.360  90.691 0.0000000000
55974  -37.797  -14.589  90.581 0.0000000000
59956  -41.087  -10.939  87.822 0.0000000000
60841  -41.501  -10.583  87.402 0.0000000000
59974  -42.466  -11.018  86.811 0.0000000000
60859  -42.904  -10.558  86.379 0.0000000000
59975  -43.090  -11.073  86.425 0.0000000000
59993  -43.718  -11.114  85.922 0.0000000000
59100  -43.986  -11.784  85.946 0.0000000000
59125  -48.033  -12.129  83.321 0.0000000000
59137  -48.256  -12.318  82.782 0.0000000000
116049  -48.206  -12.530  83.565 0.0000000000
57052  -48.061  -14.113  84.064 0.0000000000
57204  -54.670  -14.766  74.173 0.0000000000
107529  -53.694  -14.575  74.095 0.0000000000
57185  -54.686  -14.754  74.893 0.0000000000
57171  -54.448  -14.697  75.654 0.0000000000
57158  -55.006  -15.158  76.571 0.0000000000
57139  -54.326  -14.834  77.473 0.0000000000
57124  -54.056  -14.849  77.985 0.0000000000
57027  -34.717  -14.798  85.953 0.0000000000
52235  -33.638  -19.001  87.358 0.0000000000
107811  -33.664  -16.448  86.965 0.0000000000
56022  -34.005  -15.624  86.941 0.0000000000
60935  -41.996  -10.421  81.337 0.0000000000
111974  -42.222  -10.121  82.153 0.0000000000
60936  -42.361  -10.479  81.601 0.0000000000
59147  -44.539  -12.155  82.098 0.0000000000
58160  -45.057  -13.126  81.806 0.0000000000
58161  -46.285  -13.095  81.955 0.0000000000
57088  -47.102  -14.335  80.554 0.0000000000
58176  -47.772  -13.744  81.286 0.0000000000
57242  -54.076  -14.839  71.825 0.0000000000
122771  -54.895  -14.857  73.652 0.0000000000
57205  -55.468  -15.023  74.371 0.0000000000
57187  -56.132  -15.287  74.844 0.0000000000
57173  -56.383  -15.597  75.544 0.0000000000
55101  -56.370  -15.991  76.389 0.0000000000
55117  -56.327  -16.046  76.503 0.0000000000
55116  -55.442  -16.417  76.030 0.0000000000
107856  -56.846  -16.545  74.359 0.0000000000
55197  -59.404  -16.250  72.386 0.0000000000
54216  -59.282  -16.753  73.394 0.0000000000
54228  -58.679  -17.323  73.072 0.0000000000
57004  -39.832  -14.050  88.296 0.0000000000
59034  -38.654  -12.491  89.713 0.0000000000
59939  -38.797  -11.123  88.814 0.0000000000
59926  -39.011  -11.462  89.125 0.0000000000
59927  -39.425  -11.384  88.850 0.0000000000
59940  -39.954  -11.241  88.577 0.0000000000
59941  -40.461  -10.855  88.157 0.0000000000
61823  -41.140  -9.999  87.386 0.0000000000
61837  -41.083  -9.636  86.733 0.0000000000
60873  -40.753  -9.632  85.773 0.0000000000
111961  -41.370  -10.129  82.698 0.0000000000
57013  -35.451  -14.213  86.455 0.0000000000
119784  -36.459  -13.566  85.468 0.0000000000
58129  -37.073  -13.172  85.322 0.0000000000
59111  -37.693  -12.622  85.023 0.0000000000
125688  -38.324  -12.210  84.769 0.0000000000
59113  -38.830  -11.975  84.146 0.0000000000
60918  -41.481  -10.366  81.694 0.0000000000
42902  -17.546  -29.502  95.316 0.0000000000
42903  -18.226  -29.456  94.938 0.0000000000
43832  -18.296  -28.724  95.317 0.0000000000
46551  -18.092  -24.754  97.286 0.0000000000
126398  -21.258  -22.899  95.496 0.0000000000
49500  -21.353  -23.134  95.747 0.0000000000
114976  -22.648  -24.757  95.078 0.0000000000
47470  -23.188  -25.044  95.090 0.0000000000
46564  -22.652  -24.999  95.019 0.0000000000
46580  -25.275  -26.026  94.230 0.0000000000
44753  -25.898  -27.196  94.155 0.0000000000
116532  -26.216  -27.643  93.647 0.0000000000
122474  -28.353  -28.260  92.783 0.0000000000
123758  -29.746  -26.043  91.613 0.0000000000
122061  -29.478  -27.128  92.951 0.0000000000
46597  -32.582  -25.165  94.017 0.0000000000
45731  -33.243  -25.625  93.524 0.0000000000
46613  -34.081  -25.038  93.114 0.0000000000
121166  -33.774  -25.801  92.860 0.0000000000
120427  -33.313  -22.351  89.157 0.0000000000
50447  -32.736  -21.561  90.771 0.0000000000
50440  -32.912  -21.112  92.158 0.0000000000
53125  -33.555  -18.645  89.525 0.0000000000
52179  -34.063  -19.469  91.217 0.0000000000
51309  -33.883  -20.118  91.633 0.0000000000
109910  -34.297  -21.017  92.456 0.0000000000
49533  -37.111  -21.619  91.852 0.0000000000
54024  -37.952  -16.885  90.544 0.0000000000
53111  -38.130  -17.811  90.231 0.0000000000
53165  -38.456  -18.462  87.203 0.0000000000
54048  -38.623  -17.290  88.503 0.0000000000
54056  -38.519  -17.473  87.549 0.0000000000
43826  -16.469  -28.616  96.526 0.0000000000
120292  -42.694  -9.895  82.819 0.0000000000
61884  -43.537  -9.592  83.880 0.0000000000
106378  -44.131  -9.699  84.045 0.0000000000
61885  -44.570  -9.928  83.885 0.0000000000
60888  -44.624  -10.247  84.726 0.0000000000
60876  -44.837  -10.612  84.938 0.0000000000
59994  -44.651  -11.089  85.398 0.0000000000
59101  -44.846  -11.870  85.529 0.0000000000
115548  -46.608  -11.340  83.052 0.0000000000
60025  -46.542  -11.256  83.728 0.0000000000
59114  -46.298  -11.707  84.539 0.0000000000
127013  -45.844  -11.456  84.669 0.0000000000
59102  -45.609  -11.896  85.007 0.0000000000
57118  -47.722  -14.772  78.493 0.0000000000
57103  -49.143  -14.358  79.392 0.0000000000
57090  -49.731  -14.093  80.146 0.0000000000
119849  -52.772  -14.495  73.725 0.0000000000
106789  -52.073  -14.448  73.812 0.0000000000
57169  -52.271  -14.493  75.468 0.0000000000
105806  -51.714  -14.486  74.615 0.0000000000
105589  -49.913  -14.608  77.326 0.0000000000
57136  -50.832  -14.456  77.958 0.0000000000
57120  -50.038  -14.452  78.326 0.0000000000
58179  -50.261  -13.767  80.869 0.0000000000
58166  -50.824  -14.136  81.426 0.0000000000
57072  -51.337  -14.939  81.617 0.0000000000
56075  -50.949  -15.649  82.156 0.0000000000
42893  -16.387  -29.104  96.324 0.0000000000
54240  -60.597  -17.226  71.326 0.0000000000
55160  -58.647  -16.309  73.703 0.0000000000
58081  -39.282  -13.033  89.625 0.0000000000
60011  -46.075  -11.203  84.349 0.0000000000
60039  -46.932  -11.453  83.208 0.0000000000
61868  -44.379  -9.906  84.411 0.0000000000
123133  -52.345  -14.441  79.130 0.0000000000
124704  -38.787  -10.652  87.911 0.0000000000
124724  -39.696  -11.118  88.643 0.0000000000
