#!ascii label  , from subject sub-v1s19x0051297_ses-1 vox2ras=TkReg
454
11627  -25.080  -70.359  24.538 0.6999999881
11642  -26.039  -69.421  23.290 0.6000000238
108656  -24.981  -69.956  21.888 0.4000000060
13143  -26.049  -67.734  29.838 0.6999999881
13882  -27.030  -66.406  29.518 0.6999999881
12338  -26.827  -67.829  29.120 0.6999999881
13145  -27.151  -67.082  29.221 0.6000000238
109674  -26.197  -68.425  29.245 0.6999999881
13157  -27.429  -67.376  28.641 0.6000000238
12348  -26.505  -68.643  28.601 0.6000000238
116172  -27.677  -67.617  27.980 0.6000000238
12375  -26.984  -68.903  26.888 0.6000000238
12365  -27.530  -68.220  27.325 0.6000000238
13185  -28.444  -66.982  26.143 0.5000000000
12376  -27.442  -68.545  26.346 0.5000000000
109881  -28.302  -67.518  25.676 0.5000000000
107889  -27.828  -68.245  24.663 0.6000000238
12392  -27.341  -68.633  23.972 0.6000000238
13205  -28.116  -67.771  23.967 0.6000000238
12405  -26.900  -68.799  23.146 0.6000000238
13875  -26.447  -66.305  30.014 0.6000000238
15255  -28.048  -65.039  27.933 0.6000000238
14603  -28.113  -66.007  27.859 0.6000000238
14604  -28.333  -65.704  27.211 0.6000000238
14614  -28.496  -65.482  26.376 0.6000000238
13913  -28.269  -66.584  27.374 0.6000000238
13174  -28.362  -67.060  26.838 0.6000000238
117076  -28.547  -66.016  25.187 0.6000000238
13947  -28.584  -66.248  24.574 0.6000000238
13192  -28.269  -67.641  24.907 0.6000000238
13206  -28.482  -67.015  24.328 0.6000000238
13223  -28.409  -67.016  23.463 0.6000000238
12419  -27.128  -68.385  22.360 0.5000000000
11658  -26.069  -69.219  22.302 0.5000000000
14574  -26.767  -65.634  29.796 0.6000000238
15240  -27.528  -64.935  28.796 0.6000000238
15968  -28.113  -64.035  27.595 0.6000000238
15256  -28.388  -64.757  26.996 0.6000000238
15268  -28.744  -64.543  26.042 0.6000000238
15997  -29.045  -63.639  26.191 0.6000000238
15289  -29.022  -64.786  25.073 0.6000000238
14619  -28.645  -65.404  25.546 0.6000000238
14627  -29.134  -65.050  24.113 0.6999999881
13222  -28.067  -67.479  23.154 0.6000000238
13236  -28.302  -67.017  22.545 0.6000000238
12429  -26.570  -68.616  21.422 0.4000000060
15226  -27.192  -64.104  29.123 0.6000000238
107984  -27.010  -64.900  29.492 0.6000000238
113761  -28.538  -63.884  26.843 0.6000000238
15998  -29.507  -63.312  25.704 0.5000000000
108436  -29.767  -63.315  25.068 0.6000000238
15290  -29.465  -64.189  24.528 0.6999999881
14634  -29.360  -65.027  23.039 0.6000000238
116424  -28.775  -65.767  24.146 0.6000000238
14633  -28.913  -65.704  23.425 0.6000000238
14640  -29.011  -65.680  22.395 0.6000000238
13972  -28.639  -66.362  22.894 0.6000000238
120653  -28.152  -66.132  20.812 0.6000000238
13245  -27.982  -67.194  21.567 0.6000000238
13257  -27.357  -67.529  20.607 0.4000000060
13244  -27.364  -67.893  21.553 0.5000000000
15225  -26.631  -64.149  29.787 0.5000000000
15933  -27.383  -63.294  28.764 0.6000000238
15949  -27.900  -63.306  28.086 0.6000000238
15969  -28.379  -63.276  27.449 0.6000000238
16713  -28.827  -63.129  26.835 0.5000000000
120240  -29.776  -62.363  26.264 0.5000000000
15981  -29.402  -62.942  26.286 0.5000000000
16747  -30.178  -62.866  24.837 0.6000000238
110726  -31.008  -62.048  23.801 0.6000000238
16748  -30.585  -62.561  24.238 0.6999999881
16026  -30.366  -63.062  23.105 0.6999999881
15301  -29.628  -64.289  23.636 0.6999999881
16039  -30.257  -62.799  22.095 0.6000000238
15310  -29.703  -64.297  22.642 0.6000000238
15319  -29.475  -64.126  21.708 0.6000000238
14641  -29.358  -64.951  22.011 0.6000000238
14648  -28.747  -65.565  21.437 0.6000000238
13994  -27.721  -66.805  20.654 0.5000000000
15932  -26.823  -63.341  29.444 0.6000000238
15950  -28.307  -62.612  27.930 0.6000000238
16696  -29.278  -62.369  26.939 0.6000000238
16714  -30.318  -61.996  25.857 0.5000000000
17497  -30.986  -61.427  25.337 0.5000000000
16733  -30.535  -62.258  25.073 0.6000000238
17521  -31.436  -61.042  24.458 0.5000000000
17520  -31.043  -61.828  24.457 0.5000000000
17541  -31.001  -61.807  23.144 0.5000000000
16765  -30.707  -62.458  23.457 0.6000000238
18360  -30.698  -60.561  22.307 0.5000000000
17563  -30.675  -61.488  22.336 0.5000000000
16780  -30.641  -62.308  22.671 0.6000000238
107975  -30.058  -60.137  21.780 0.4000000060
18376  -30.138  -60.962  21.756 0.4000000060
16794  -29.700  -62.235  21.507 0.5000000000
16050  -29.483  -63.189  21.462 0.6000000238
16793  -29.020  -62.574  21.066 0.5000000000
17596  -28.191  -62.512  20.661 0.5000000000
15318  -28.742  -64.745  21.168 0.6000000238
14657  -26.852  -66.255  19.748 0.5000000000
16049  -28.710  -63.849  20.963 0.6000000238
114390  -27.555  -64.526  20.350 0.6000000238
16678  -27.755  -62.546  28.518 0.5000000000
17448  -28.853  -62.054  27.710 0.5000000000
17472  -29.910  -61.760  26.594 0.5000000000
17473  -30.552  -61.287  26.221 0.4000000060
18348  -31.503  -60.587  23.660 0.5000000000
17542  -31.271  -61.402  23.738 0.5000000000
19159  -31.256  -60.039  22.884 0.5000000000
110525  -29.127  -58.965  21.441 0.4000000060
18375  -29.319  -60.586  21.378 0.5000000000
17583  -29.458  -61.399  21.395 0.5000000000
18374  -28.384  -60.223  20.937 0.5000000000
17582  -28.576  -61.084  20.970 0.5000000000
109171  -28.814  -61.900  21.000 0.5000000000
110365  -26.729  -64.006  19.721 0.5000000000
120183  -26.782  -65.370  19.754 0.5000000000
16057  -27.664  -63.417  20.389 0.6000000238
116810  -31.415  -59.292  23.066 0.5000000000
19158  -30.859  -59.269  22.524 0.5000000000
19965  -30.521  -58.559  22.308 0.5000000000
19176  -29.202  -59.727  21.389 0.4000000060
16056  -26.571  -63.388  19.678 0.5000000000
15334  -25.863  -64.000  18.968 0.3000000119
120102  -27.712  -61.642  20.570 0.5000000000
16802  -26.909  -62.525  20.082 0.5000000000
19177  -30.048  -59.236  21.877 0.4000000060
20750  -30.403  -57.791  22.254 0.4000000060
20767  -28.670  -57.560  21.451 0.4000000060
19987  -29.626  -58.248  21.736 0.4000000060
19986  -28.448  -58.380  21.259 0.4000000060
19985  -27.421  -58.476  20.825 0.5000000000
16801  -26.004  -62.115  19.379 0.4000000060
16065  -25.987  -63.005  19.219 0.4000000060
18390  -27.604  -60.771  20.623 0.5000000000
19197  -27.245  -59.936  20.584 0.5000000000
124949  -27.069  -61.145  20.425 0.5000000000
17595  -26.594  -61.540  20.071 0.5000000000
21563  -27.597  -56.953  21.327 0.4000000060
20766  -27.467  -57.749  21.059 0.4000000060
17594  -25.960  -61.278  19.414 0.4000000060
19196  -26.685  -59.003  20.422 0.5000000000
114797  -26.402  -59.752  20.176 0.5000000000
19195  -26.177  -60.043  19.623 0.4000000060
113556  -25.909  -60.417  19.049 0.3000000119
20004  -26.537  -57.985  20.531 0.5000000000
18389  -26.467  -60.622  20.148 0.5000000000
21562  -26.556  -56.279  21.275 0.4000000060
113314  -26.207  -59.293  20.089 0.3000000119
19210  -26.200  -59.664  19.411 0.3000000119
20765  -26.346  -57.007  20.839 0.4000000060
20003  -26.179  -58.353  20.087 0.5000000000
22396  -25.723  -55.607  20.976 0.4000000060
20016  -26.254  -58.823  19.726 0.3000000119
20017  -26.520  -58.505  19.495 0.3000000119
21561  -25.708  -56.183  20.717 0.4000000060
21583  -25.865  -57.042  20.062 0.4000000060
20780  -26.062  -57.393  20.195 0.4000000060
109202  -25.633  -53.774  20.511 0.5000000000
20789  -26.119  -57.938  19.902 0.3000000119
20790  -26.360  -57.638  19.677 0.4000000060
119561  -27.294  -57.280  19.432 0.4000000060
22395  -25.463  -55.720  20.410 0.4000000060
21573  -25.704  -56.401  20.314 0.5000000000
119627  -26.131  -56.684  19.899 0.4000000060
20764  -25.748  -56.580  20.375 0.5000000000
21574  -25.613  -55.975  20.383 0.5000000000
22422  -26.357  -55.856  20.031 0.4000000060
117184  -27.467  -56.422  19.586 0.4000000060
23223  -25.585  -54.786  20.351 0.5000000000
23235  -27.101  -54.344  20.191 0.4000000060
23243  -28.256  -54.899  19.996 0.3000000119
117996  -25.314  -52.742  20.633 0.5000000000
22411  -26.547  -55.115  20.060 0.4000000060
22423  -27.777  -55.637  19.786 0.4000000060
121359  -28.970  -55.473  19.666 0.3000000119
22410  -25.519  -55.361  20.252 0.5000000000
107967  -25.651  -53.826  20.456 0.5000000000
24071  -27.488  -53.568  20.287 0.4000000060
23236  -28.801  -53.965  20.175 0.4000000060
24815  -25.283  -52.575  20.744 0.5000000000
116584  -25.493  -53.156  20.479 0.5000000000
119434  -26.463  -53.261  20.316 0.5000000000
23234  -25.626  -54.608  20.232 0.5000000000
123877  -28.616  -53.150  20.292 0.4000000060
25622  -25.191  -52.061  20.814 0.5000000000
25630  -26.286  -51.749  20.424 0.5000000000
110502  -25.374  -51.524  20.720 0.5000000000
12391  -26.322  -69.447  24.187 0.6000000238
11657  -24.917  -70.068  22.692 0.5000000000
13184  -28.102  -67.747  26.490 0.6000000238
120592  -29.649  -63.696  24.775 0.6999999881
13983  -28.500  -66.403  21.701 0.6000000238
16012  -30.051  -63.422  24.149 0.6999999881
14658  -27.938  -65.485  20.611 0.6000000238
16025  -30.008  -63.748  23.181 0.6999999881
17584  -30.147  -61.644  21.745 0.5000000000
18347  -31.130  -60.983  22.990 0.5000000000
110973  -30.612  -59.832  22.262 0.5000000000
16795  -30.405  -62.115  21.987 0.4000000060
19175  -28.093  -59.245  20.961 0.5000000000
25629  -25.365  -52.481  20.660 0.5000000000
24822  -26.380  -52.620  20.380 0.5000000000
117924  -22.968  -76.440  27.117 0.5000000000
6898  -24.334  -76.400  27.131 0.5000000000
6897  -23.750  -76.319  27.530 0.5000000000
7496  -27.886  -74.887  27.548 0.5000000000
124466  -26.897  -75.672  27.045 0.5000000000
6900  -26.244  -75.841  27.253 0.4000000060
7471  -23.719  -75.662  28.878 0.5000000000
7494  -25.444  -75.779  28.035 0.6000000238
7472  -24.563  -75.741  28.491 0.6000000238
8094  -27.387  -74.569  28.130 0.5000000000
115701  -26.298  -75.406  28.052 0.5000000000
9419  -29.061  -72.779  27.185 0.4000000060
8052  -21.069  -74.583  29.670 0.6999999881
126837  -22.338  -74.748  29.762 0.6999999881
119073  -23.839  -74.906  29.519 0.6999999881
7454  -25.334  -74.744  29.096 0.5000000000
7453  -24.576  -75.222  29.107 0.6999999881
8725  -27.740  -73.090  28.187 0.5000000000
8072  -27.081  -73.842  28.537 0.5000000000
7473  -25.895  -75.105  28.637 0.5000000000
10168  -28.408  -71.600  26.309 0.5000000000
8726  -28.519  -73.386  27.660 0.5000000000
8684  -18.364  -73.448  29.452 0.5000000000
8685  -19.980  -73.778  30.004 0.6999999881
117609  -21.180  -73.040  30.380 0.6999999881
117153  -20.393  -74.335  29.695 0.6999999881
8670  -21.720  -73.666  30.254 0.6999999881
114044  -23.133  -75.322  29.341 0.6000000238
8704  -25.424  -73.368  29.142 0.6999999881
8056  -24.669  -74.472  29.430 0.6000000238
9417  -27.231  -72.303  27.893 0.5000000000
8706  -26.832  -72.897  28.501 0.6000000238
8705  -26.341  -73.420  28.838 0.6000000238
10148  -27.654  -71.743  27.074 0.5000000000
10186  -27.919  -71.442  25.552 0.5000000000
9366  -19.697  -72.319  30.537 0.5000000000
113381  -20.311  -73.101  30.345 0.6999999881
8054  -22.262  -74.236  30.068 0.6999999881
8686  -22.795  -73.030  30.077 0.6999999881
118666  -22.019  -72.943  30.290 0.6999999881
123822  -24.094  -74.143  29.683 0.8000000119
9379  -23.870  -72.831  29.453 0.6999999881
9397  -25.817  -72.801  28.691 0.6000000238
9415  -25.000  -72.352  28.273 0.6999999881
118649  -26.403  -71.698  26.498 0.6999999881
9416  -26.070  -72.336  28.146 0.6000000238
10167  -27.506  -71.519  26.251 0.6000000238
115774  -26.625  -71.559  25.572 0.6000000238
108174  -26.508  -71.525  23.872 0.6000000238
118560  -18.614  -71.159  30.858 0.5000000000
10813  -20.597  -71.069  31.045 0.6000000238
9365  -18.690  -72.036  30.468 0.5000000000
10088  -21.037  -71.575  30.735 0.6000000238
10089  -21.857  -71.419  30.524 0.6000000238
118450  -21.533  -72.238  30.447 0.6999999881
9368  -22.965  -71.778  29.800 0.6999999881
10836  -23.411  -71.196  29.517 0.6000000238
8687  -23.606  -73.494  29.784 0.6999999881
10110  -23.443  -72.039  29.327 0.6999999881
126494  -24.544  -72.936  29.194 0.6999999881
10185  -24.793  -71.721  25.728 0.6999999881
10203  -25.621  -71.524  24.688 0.6999999881
108887  -19.806  -70.190  31.370 0.5000000000
11534  -22.637  -69.898  30.921 0.6000000238
111700  -22.992  -70.433  30.443 0.6000000238
10090  -22.598  -71.210  30.247 0.6000000238
119960  -23.881  -71.634  27.736 0.8000000119
11589  -24.441  -70.623  27.255 0.5000000000
10837  -23.874  -70.671  29.284 0.6000000238
10129  -24.188  -72.013  27.796 0.6999999881
10879  -23.587  -71.831  26.214 0.6999999881
10202  -24.313  -71.311  24.735 0.6999999881
10184  -23.996  -71.613  25.904 0.6999999881
110297  -24.976  -71.460  23.690 0.5000000000
106257  -24.233  -71.249  23.030 0.5000000000
11511  -19.369  -69.560  31.344 0.5000000000
11513  -21.318  -69.395  31.425 0.5000000000
12302  -23.511  -68.788  31.005 0.6000000238
10798  -21.843  -70.023  31.176 0.6000000238
11536  -24.070  -69.340  30.397 0.6000000238
12336  -24.817  -68.958  30.098 0.6000000238
11556  -24.401  -69.799  29.740 0.6000000238
120410  -25.052  -69.350  29.489 0.6000000238
11601  -25.027  -70.339  26.657 0.6000000238
11557  -25.671  -69.224  28.924 0.5000000000
121075  -25.032  -70.465  25.298 0.6000000238
11610  -24.286  -70.903  25.811 0.6000000238
10911  -24.153  -70.933  23.979 0.6000000238
10895  -24.150  -71.178  24.943 0.6000000238
10926  -24.108  -70.821  23.094 0.5000000000
12299  -20.731  -68.682  31.501 0.5000000000
12301  -22.638  -68.677  31.320 0.6000000238
12322  -25.167  -68.084  30.350 0.6000000238
11590  -25.628  -69.725  27.493 0.5000000000
12364  -26.672  -68.933  27.694 0.5000000000
11611  -26.242  -69.603  25.244 0.4000000060
11603  -26.696  -69.256  26.163 0.5000000000
11602  -26.182  -69.501  26.831 0.5000000000
11641  -24.988  -70.206  23.623 0.6000000238
112024  -21.204  -67.961  31.504 0.5000000000
112541  -22.142  -67.982  31.510 0.6000000238
13129  -24.483  -67.426  30.964 0.6000000238
12303  -23.866  -68.030  31.158 0.6000000238
11612  -27.237  -68.889  24.879 0.5000000000
125945  -27.176  -68.920  25.635 0.4000000060
13109  -20.719  -67.310  31.292 0.5000000000
13111  -22.444  -67.364  31.519 0.5000000000
13113  -23.678  -67.401  31.316 0.6000000238
13131  -26.110  -66.895  30.130 0.6000000238
13128  -20.151  -67.103  30.784 0.5000000000
106824  -22.237  -66.580  31.468 0.5000000000
13862  -23.789  -66.516  31.359 0.6000000238
13874  -25.762  -66.254  30.465 0.6000000238
13871  -20.486  -66.420  30.348 0.5000000000
14550  -21.818  -65.939  31.222 0.5000000000
14552  -23.302  -65.671  31.431 0.5000000000
14563  -25.406  -65.436  30.699 0.6000000238
13873  -24.817  -66.226  30.976 0.6000000238
13872  -21.163  -66.166  30.856 0.5000000000
14551  -22.545  -65.742  31.379 0.5000000000
14560  -21.500  -65.493  30.733 0.5000000000
116244  -26.426  -64.902  30.063 0.5000000000
14561  -22.170  -65.213  31.110 0.5000000000
14562  -24.548  -65.170  31.091 0.5000000000
14573  -21.183  -65.263  29.848 0.5000000000
15215  -22.487  -64.484  30.914 0.5000000000
15207  -23.649  -64.980  31.305 0.5000000000
115616  -25.861  -64.924  30.469 0.4000000060
15921  -22.085  -64.051  30.297 0.5000000000
15216  -23.211  -64.286  31.079 0.5000000000
15925  -25.483  -63.596  30.497 0.4000000060
15218  -25.176  -64.465  30.757 0.4000000060
15923  -23.590  -63.384  30.757 0.4000000060
109854  -24.614  -63.574  30.752 0.4000000060
10936  -24.079  -70.774  22.046 0.4000000060
108349  -26.016  -69.292  28.219 0.6000000238
15926  -26.210  -63.454  30.090 0.4000000060
16667  -27.143  -62.444  29.209 0.4000000060
8055  -23.531  -74.221  29.833 0.6999999881
114083  -24.012  -72.170  28.821 0.6999999881
10166  -24.973  -72.033  26.590 0.6999999881
10146  -24.557  -72.141  27.210 0.6999999881
122507  -23.860  -71.022  28.486 0.6000000238
11573  -24.604  -70.163  28.902 0.6000000238
10863  -23.791  -71.581  26.839 0.6999999881
10164  -23.621  -71.813  26.284 0.6999999881
111546  -24.060  -71.086  23.551 0.6000000238
10218  -24.083  -71.118  23.678 0.6000000238
6879  -23.098  -76.123  28.098 0.5000000000
6880  -23.934  -76.051  28.206 0.6000000238
6899  -25.214  -76.299  27.041 0.4000000060
7451  -21.427  -75.188  29.229 0.6999999881
7452  -22.338  -75.236  29.393 0.6000000238
7474  -26.692  -74.756  28.429 0.5000000000
7495  -27.045  -75.293  27.682 0.5000000000
8041  -20.878  -73.865  30.137 0.6999999881
8042  -21.546  -74.244  30.023 0.6999999881
8051  -19.675  -74.325  29.432 0.6999999881
8053  -21.822  -74.741  29.721 0.6999999881
8057  -25.304  -74.082  29.333 0.6999999881
8070  -20.412  -74.920  29.106 0.6999999881
8071  -26.090  -74.194  28.961 0.5000000000
8095  -27.926  -74.010  28.008 0.5000000000
8669  -19.514  -73.080  30.211 0.5000000000
8671  -22.384  -73.552  30.209 0.6999999881
8688  -24.557  -73.613  29.476 0.8000000119
9367  -20.654  -72.322  30.551 0.6000000238
9378  -23.237  -72.617  29.723 0.6999999881
9418  -28.217  -72.401  27.555 0.5000000000
9437  -28.731  -71.964  26.871 0.4000000060
10075  -19.906  -70.901  31.223 0.6000000238
10086  -19.354  -71.435  30.909 0.5000000000
10087  -20.206  -71.613  30.849 0.6000000238
10145  -23.760  -71.850  26.639 0.6999999881
10147  -26.249  -71.939  27.387 0.6000000238
10165  -23.915  -72.288  26.247 0.6999999881
10183  -23.903  -71.594  25.978 0.6999999881
10201  -24.160  -71.108  24.306 0.6000000238
10204  -27.197  -71.489  24.717 0.6000000238
10796  -20.498  -70.432  31.299 0.5000000000
10797  -21.069  -70.052  31.361 0.6000000238
10814  -21.313  -70.746  30.978 0.6000000238
10815  -22.220  -70.617  30.696 0.6000000238
10816  -23.663  -70.289  30.032 0.6000000238
10850  -24.010  -70.898  27.863 0.6000000238
10880  -23.869  -71.073  26.437 0.6000000238
10925  -23.914  -71.062  22.770 0.6000000238
11512  -20.320  -69.553  31.472 0.5000000000
11514  -22.221  -69.335  31.261 0.6000000238
11515  -22.908  -69.278  31.054 0.6000000238
11535  -23.346  -69.672  30.657 0.6000000238
11574  -25.079  -69.965  28.154 0.5000000000
12300  -21.732  -68.676  31.457 0.5000000000
12321  -24.356  -68.460  30.699 0.6000000238
12337  -25.556  -68.635  29.673 0.6000000238
12349  -27.210  -68.161  28.280 0.6000000238
12383  -27.840  -68.238  25.525 0.6000000238
12406  -27.587  -68.084  23.200 0.6000000238
13110  -21.632  -67.257  31.478 0.5000000000
13112  -23.092  -67.924  31.418 0.6000000238
13130  -25.442  -67.112  30.494 0.6000000238
13144  -26.635  -67.054  29.657 0.6999999881
13173  -28.052  -67.375  27.387 0.6000000238
13193  -28.503  -66.821  25.240 0.6000000238
13235  -27.772  -67.640  22.435 0.6000000238
13859  -20.736  -66.689  31.012 0.5000000000
13860  -21.360  -66.639  31.265 0.5000000000
13861  -23.058  -67.021  31.500 0.5000000000
13883  -27.494  -66.558  28.917 0.6999999881
13897  -27.919  -66.802  28.141 0.6000000238
13914  -28.433  -66.353  26.644 0.6000000238
13935  -28.519  -66.174  25.856 0.6000000238
13960  -28.625  -66.357  23.809 0.6000000238
14553  -24.034  -65.692  31.311 0.6000000238
14564  -26.150  -65.575  30.293 0.5000000000
14575  -27.338  -65.717  29.230 0.6000000238
14589  -27.773  -65.845  28.504 0.6000000238
14626  -28.739  -65.530  24.772 0.6999999881
15206  -22.868  -65.014  31.317 0.5000000000
15214  -21.807  -64.790  30.531 0.5000000000
15217  -24.114  -64.284  31.049 0.5000000000
15219  -26.010  -64.242  30.353 0.4000000060
15279  -29.310  -63.923  25.343 0.6000000238
15922  -22.744  -63.695  30.651 0.4000000060
16038  -29.976  -63.561  22.332 0.6000000238
16732  -29.929  -62.725  25.590 0.6000000238
18388  -25.972  -60.654  19.355 0.4000000060
21560  -25.540  -56.126  20.437 0.5000000000
24059  -25.532  -53.172  20.492 0.5000000000
24070  -25.913  -53.848  20.228 0.5000000000
106448  -23.770  -71.505  28.892 0.6999999881
107328  -27.651  -64.096  28.354 0.6000000238
108044  -22.936  -74.683  29.781 0.6999999881
109317  -25.583  -69.983  25.997 0.4000000060
110102  -22.985  -66.275  31.503 0.5000000000
110280  -28.694  -63.091  20.854 0.6000000238
110432  -25.166  -75.360  28.715 0.5000000000
110496  -20.391  -68.031  31.392 0.5000000000
113183  -22.975  -73.877  30.080 0.6999999881
113293  -28.741  -56.161  19.521 0.3000000119
113362  -24.540  -76.161  27.789 0.5000000000
113999  -23.140  -70.952  29.993 0.6000000238
116670  -22.369  -72.145  30.171 0.6999999881
120395  -28.703  -62.685  27.371 0.5000000000
120580  -26.752  -69.080  23.663 0.6000000238
123237  -19.174  -73.647  29.739 0.6999999881
123503  -24.759  -72.599  28.804 0.6999999881
125493  -22.837  -72.386  29.947 0.6999999881
125679  -30.442  -62.894  23.764 0.6999999881
127224  -19.164  -72.591  30.342 0.5000000000
127316  -24.226  -71.225  25.281 0.6999999881
