#!ascii label  , from subject sub-v1s19x0051297_ses-1 vox2ras=TkReg
1363
2504  29.371  -75.087  18.459 0.5000000000
7817  22.120  -63.284  30.446 0.6000000238
8328  20.559  -62.703  30.514 0.6000000238
8329  19.732  -62.764  30.347 0.6000000238
8913  19.416  -61.953  30.166 0.6999999881
8914  18.686  -61.861  29.561 0.6000000238
9480  19.994  -60.301  29.973 0.6999999881
9482  18.651  -60.764  29.358 0.6000000238
4129  26.885  -71.783  22.341 0.5000000000
4158  28.631  -71.927  19.548 0.6000000238
113088  28.385  -71.958  20.373 0.6000000238
122420  27.101  -72.064  21.563 0.5000000000
4164  28.893  -71.652  18.024 0.5000000000
4157  29.143  -71.642  19.072 0.4000000060
126779  27.567  -72.236  20.316 0.5000000000
4150  27.702  -72.078  21.053 0.6000000238
5498  23.240  -68.398  29.723 0.5000000000
3350  30.659  -73.117  16.614 0.4000000060
5972  22.852  -67.613  30.115 0.5000000000
5481  22.459  -68.464  30.382 0.5000000000
118336  23.253  -66.831  29.783 0.6000000238
6911  22.817  -65.229  30.191 0.6000000238
107087  22.599  -63.792  30.307 0.6000000238
7816  22.914  -63.194  30.254 0.6999999881
112641  21.994  -64.087  30.449 0.6000000238
8327  21.505  -62.563  30.501 0.6999999881
124282  22.796  -61.470  30.143 0.6000000238
8888  21.868  -61.650  30.401 0.6999999881
9495  23.691  -60.096  29.205 0.6000000238
9478  22.009  -60.073  29.996 0.6000000238
9459  21.417  -60.829  30.314 0.6999999881
10083  22.339  -59.439  29.264 0.6999999881
8935  18.089  -61.445  28.895 0.6000000238
127535  26.306  -71.375  23.589 0.5000000000
4141  27.749  -71.831  21.839 0.6000000238
107255  27.133  -71.490  23.020 0.5000000000
4585  29.965  -71.268  19.545 0.6000000238
4139  29.152  -71.583  20.853 0.6999999881
4140  28.443  -71.753  21.306 0.6000000238
4174  28.904  -71.589  16.790 0.4000000060
5983  24.176  -67.371  28.867 0.5000000000
111308  23.837  -68.012  29.009 0.5000000000
2910  30.001  -74.106  17.103 0.5000000000
5971  23.551  -67.496  29.424 0.5000000000
6932  24.773  -65.321  29.224 0.6999999881
6423  23.854  -66.861  29.283 0.6000000238
7373  24.698  -64.392  29.367 0.6999999881
113591  24.045  -64.929  29.518 0.6000000238
115278  23.734  -66.194  29.543 0.6000000238
108835  23.889  -64.100  29.655 0.6999999881
7351  22.692  -64.436  30.253 0.6000000238
7835  23.681  -63.239  29.891 0.6999999881
116309  23.603  -61.600  29.822 0.6000000238
8340  24.238  -62.318  29.650 0.6000000238
9476  24.244  -61.068  29.408 0.6000000238
8341  23.300  -62.380  30.053 0.6000000238
9494  24.484  -60.137  28.785 0.6000000238
10096  23.861  -59.564  28.487 0.6999999881
10101  19.010  -59.236  28.395 0.6999999881
124462  17.251  -60.987  27.633 0.5000000000
10084  21.396  -59.424  29.471 0.6999999881
10085  20.416  -59.490  29.504 0.6999999881
9498  18.129  -60.507  28.706 0.6000000238
4545  28.627  -70.917  23.770 0.5000000000
4113  27.797  -71.309  23.383 0.5000000000
4537  26.796  -70.782  24.595 0.5000000000
4126  29.415  -71.167  22.353 0.6999999881
4128  27.776  -71.557  22.603 0.6000000238
4572  29.791  -71.371  20.459 0.6999999881
4564  29.931  -71.200  21.363 0.6999999881
124022  29.111  -71.473  21.600 0.6000000238
113883  28.527  -71.543  22.105 0.6000000238
4613  30.222  -70.450  16.743 0.4000000060
121962  29.971  -70.758  17.655 0.4000000060
4599  29.619  -71.220  18.430 0.5000000000
5993  25.208  -68.059  27.850 0.5000000000
5981  25.642  -66.596  28.488 0.5000000000
5992  25.866  -67.393  28.097 0.5000000000
5982  24.945  -67.324  28.427 0.5000000000
107605  26.116  -65.287  28.606 0.6000000238
6422  24.563  -66.376  28.965 0.5000000000
115120  25.583  -64.759  28.959 0.6999999881
7844  26.749  -63.383  28.520 0.6000000238
7833  25.358  -63.735  29.173 0.6999999881
8354  27.293  -62.718  28.346 0.6000000238
116727  25.953  -63.105  28.939 0.6000000238
7834  24.504  -63.418  29.509 0.6999999881
9491  27.053  -60.718  28.146 0.6999999881
8356  25.738  -62.238  28.976 0.6000000238
8339  25.153  -62.759  29.293 0.6000000238
10093  26.199  -59.762  27.737 0.6000000238
9492  26.400  -60.339  28.156 0.6999999881
8934  25.070  -60.930  28.875 0.6999999881
10156  25.992  -59.801  26.175 0.6000000238
10132  25.504  -59.575  26.748 0.6000000238
10094  25.456  -59.642  27.843 0.6999999881
10139  17.570  -59.628  26.607 0.6000000238
10095  24.662  -59.570  28.111 0.6999999881
10100  19.787  -59.114  28.798 0.6999999881
10119  17.914  -59.661  27.469 0.6000000238
9533  24.784  -60.812  25.784 0.6999999881
113082  24.854  -59.649  26.721 0.6000000238
113914  23.916  -59.380  27.803 0.8000000119
10113  23.009  -59.241  27.922 0.6999999881
10098  21.794  -59.043  28.714 0.6999999881
10099  20.836  -58.977  28.803 0.6999999881
4546  27.709  -70.963  24.173 0.6000000238
4563  30.721  -70.506  21.416 0.6999999881
4555  30.306  -70.618  22.212 0.6999999881
4584  30.711  -70.738  19.579 0.5000000000
4571  30.562  -70.922  20.492 0.6999999881
108394  30.725  -70.113  17.757 0.4000000060
4598  30.386  -70.741  18.677 0.5000000000
5524  26.284  -68.638  27.013 0.5000000000
113469  25.743  -69.184  26.712 0.5000000000
5512  26.908  -68.095  27.377 0.5000000000
120223  26.614  -66.763  28.094 0.6000000238
6946  27.531  -65.607  27.843 0.6000000238
6947  26.973  -66.018  28.131 0.6999999881
126046  25.488  -65.715  28.771 0.6999999881
7395  27.886  -64.231  27.834 0.6999999881
7389  26.347  -64.738  28.573 0.6999999881
115361  27.944  -62.902  28.075 0.6000000238
7843  27.549  -63.521  28.172 0.6000000238
7388  27.024  -64.311  28.323 0.6999999881
9506  28.742  -60.350  27.523 0.6999999881
8950  27.642  -61.224  28.102 0.6999999881
8372  27.844  -62.106  28.098 0.6999999881
10788  18.730  -58.484  24.167 0.6000000238
10130  27.598  -59.431  26.812 0.6000000238
9507  27.781  -60.350  27.745 0.6999999881
8932  27.008  -61.711  28.386 0.6999999881
8986  26.720  -61.781  24.654 0.6000000238
9548  27.010  -60.741  24.950 0.6000000238
119792  27.362  -59.887  25.432 0.6000000238
10155  26.890  -59.588  26.267 0.6000000238
10110  26.933  -59.973  27.727 0.6999999881
10773  18.906  -58.580  25.515 0.6000000238
8969  26.197  -61.141  25.160 0.6000000238
117657  26.198  -59.529  26.763 0.6000000238
118131  20.707  -58.943  27.416 0.6999999881
10751  20.099  -58.724  27.100 0.6000000238
10117  19.543  -58.856  27.860 0.6999999881
10138  18.328  -59.077  26.835 0.6000000238
8420  26.443  -62.914  24.527 0.5000000000
8987  25.896  -62.192  24.876 0.6000000238
8971  24.275  -61.935  25.451 0.8000000119
9534  23.817  -60.996  26.014 0.8000000119
9519  22.449  -60.116  26.791 0.8000000119
10114  22.208  -59.086  27.990 0.8000000119
10115  21.281  -58.948  27.955 0.6999999881
10116  20.385  -58.840  28.020 0.6999999881
9517  24.404  -60.123  26.369 0.8000000119
10134  23.308  -59.540  27.325 0.8000000119
4556  29.874  -70.543  22.999 0.6999999881
4534  29.021  -70.418  24.328 0.6999999881
4535  28.375  -70.524  24.590 0.6999999881
4536  27.659  -70.539  24.817 0.6000000238
5061  31.193  -69.914  21.366 0.6999999881
4525  28.135  -70.061  25.312 0.6000000238
5096  31.210  -70.311  20.103 0.6000000238
5008  26.770  -69.787  25.836 0.5000000000
120153  27.126  -68.712  26.796 0.5000000000
12168  20.246  -57.431  17.166 0.6000000238
6006  27.856  -68.125  27.092 0.5000000000
10878  19.867  -59.217  16.011 0.5000000000
5990  27.271  -67.333  27.561 0.5000000000
10241  20.558  -60.954  17.632 0.6000000238
6956  28.821  -66.311  26.966 0.6999999881
6448  27.458  -66.450  27.722 0.6000000238
6945  28.246  -65.054  27.530 0.6999999881
10220  19.764  -59.471  20.603 0.6000000238
7853  28.885  -63.305  27.433 0.6999999881
7394  28.765  -64.123  27.356 0.6000000238
9505  29.560  -60.266  27.352 0.6999999881
8389  29.903  -61.916  27.192 0.6999999881
8371  28.566  -62.575  27.698 0.6999999881
10801  19.719  -58.574  23.772 0.6000000238
10198  20.084  -59.195  22.448 0.6000000238
10108  29.064  -59.644  27.137 0.6000000238
8949  28.448  -61.385  27.769 0.6999999881
10786  20.191  -58.789  24.439 0.6000000238
126017  18.886  -58.435  23.449 0.6000000238
9546  28.623  -60.073  24.472 0.6000000238
106891  27.843  -59.367  26.033 0.6000000238
115689  20.437  -59.307  25.045 0.6999999881
10771  20.142  -58.751  25.322 0.6000000238
10787  19.544  -58.536  24.812 0.6000000238
8985  27.533  -61.387  24.390 0.6000000238
114993  21.807  -62.052  25.669 0.6000000238
8961  21.344  -61.220  26.008 0.6000000238
9521  20.958  -60.099  26.303 0.6999999881
114979  20.470  -59.197  25.893 0.6000000238
10772  19.664  -58.607  25.720 0.6000000238
8405  23.500  -62.901  25.415 0.6000000238
8960  21.937  -61.211  26.261 0.8000000119
8973  22.379  -61.859  25.906 0.6999999881
9520  21.565  -60.282  26.563 0.8000000119
5047  30.508  -69.964  22.863 0.6999999881
5031  30.144  -69.875  23.637 0.6999999881
5018  29.556  -69.928  24.400 0.6999999881
5060  31.498  -69.303  21.621 0.6999999881
5046  31.008  -69.847  22.121 0.6999999881
5007  28.769  -69.555  25.464 0.6000000238
5531  28.179  -69.311  25.954 0.6000000238
12147  20.671  -56.551  19.079 0.6000000238
12860  19.907  -56.126  18.607 0.6000000238
12157  20.940  -57.182  18.628 0.6000000238
12158  20.453  -56.902  18.193 0.6000000238
5523  28.515  -68.565  26.434 0.6000000238
11492  21.163  -58.551  17.576 0.5000000000
6465  29.462  -66.615  26.503 0.6999999881
6447  28.192  -67.016  27.230 0.6999999881
9631  21.227  -61.264  17.708 0.4000000060
10252  20.929  -60.188  17.004 0.5000000000
7404  29.131  -64.963  27.125 0.6999999881
6955  29.454  -65.695  26.679 0.8000000119
9621  21.015  -61.546  18.245 0.5000000000
7403  29.542  -64.307  26.853 0.6000000238
124364  28.778  -65.600  27.182 0.6999999881
10219  20.327  -60.497  20.134 0.6000000238
8370  29.361  -62.742  27.295 0.6999999881
7852  29.451  -63.554  27.059 0.6999999881
113949  20.480  -60.165  22.380 0.6999999881
10210  20.254  -59.961  21.365 0.6000000238
118047  30.646  -59.884  26.894 0.6999999881
9515  30.661  -60.658  27.058 0.6999999881
9018  20.842  -61.363  22.407 0.5000000000
10185  20.323  -59.412  23.199 0.6000000238
10169  29.846  -59.005  24.984 0.6000000238
10128  29.402  -59.202  26.395 0.6000000238
10107  29.889  -59.689  26.997 0.6999999881
9565  20.585  -60.426  23.308 0.6999999881
10170  29.020  -59.374  25.079 0.6000000238
10154  28.689  -59.184  25.843 0.6000000238
8989  20.926  -61.705  24.640 0.5000000000
111808  20.630  -60.782  24.255 0.6000000238
9547  27.826  -60.390  24.720 0.6000000238
7883  22.370  -63.526  24.976 0.6000000238
8407  21.737  -62.985  25.051 0.5000000000
8975  20.819  -61.042  25.546 0.6999999881
7881  23.819  -63.811  25.021 0.6000000238
120807  30.641  -69.182  23.699 0.6999999881
5017  30.117  -69.255  24.415 0.6999999881
5006  29.469  -69.316  25.149 0.6000000238
5530  29.023  -68.986  25.879 0.6000000238
12851  20.330  -55.806  19.611 0.4000000060
12852  19.601  -55.202  19.311 0.5000000000
5522  29.257  -68.277  26.209 0.6000000238
11465  21.660  -57.772  19.468 0.5000000000
13539  18.931  -54.559  18.967 0.6000000238
6021  29.935  -67.946  25.719 0.6999999881
6477  30.078  -67.060  26.036 0.6999999881
120210  28.713  -67.771  26.716 0.6000000238
110866  21.672  -59.639  18.327 0.5000000000
6954  30.251  -65.322  26.229 0.6999999881
120627  21.563  -61.538  18.488 0.4000000060
8387  31.742  -62.092  26.316 0.6999999881
7864  31.084  -62.910  26.392 0.6999999881
128102  31.290  -63.387  26.139 0.6999999881
9610  21.072  -61.744  19.436 0.6000000238
126907  32.188  -59.493  26.062 0.6999999881
8956  32.028  -61.010  26.443 0.6999999881
7866  30.171  -62.984  26.783 0.6999999881
112283  30.015  -63.812  26.658 0.6999999881
9033  21.246  -62.107  20.455 0.5000000000
9598  20.660  -61.120  20.581 0.5000000000
10152  30.916  -58.879  25.857 0.6000000238
109762  31.358  -59.499  26.381 0.6999999881
9514  31.349  -60.369  26.725 0.6999999881
8958  30.516  -61.404  27.052 0.6999999881
115484  21.299  -62.334  21.357 0.5000000000
10180  30.196  -59.315  23.991 0.5000000000
10168  30.592  -58.748  25.203 0.6000000238
107840  30.065  -58.891  25.831 0.6000000238
5558  31.119  -68.529  23.512 0.6999999881
5544  30.646  -68.479  24.365 0.6999999881
12840  20.145  -54.944  20.113 0.4000000060
6043  31.193  -67.978  24.027 0.6999999881
5529  29.569  -68.641  25.633 0.6999999881
13527  19.425  -54.129  19.831 0.4000000060
126777  30.424  -68.037  25.058 0.6999999881
14252  18.750  -53.615  19.264 0.6000000238
120005  30.611  -65.857  25.765 0.8000000119
6476  30.637  -66.592  25.601 0.6999999881
7417  31.505  -64.671  25.420 0.6000000238
6964  30.933  -65.220  25.685 0.6000000238
106174  16.725  -49.965  18.428 0.6000000238
8403  31.768  -63.024  25.978 0.6999999881
7880  31.536  -63.840  25.764 0.6999999881
7418  30.931  -64.472  25.959 0.6000000238
9529  32.779  -60.667  25.924 0.6000000238
118812  32.638  -59.165  25.625 0.6000000238
14238  14.794  -52.204  19.729 0.5000000000
10770  31.464  -58.571  25.152 0.6000000238
10151  31.818  -58.964  25.794 0.6999999881
10795  30.898  -58.669  24.401 0.5000000000
6484  31.187  -66.981  25.005 0.6999999881
13511  19.657  -53.315  20.243 0.4000000060
6976  31.216  -66.037  25.202 0.8000000119
14237  18.675  -52.707  19.246 0.5000000000
7430  31.965  -64.955  24.800 0.8000000119
16351  17.927  -50.472  19.148 0.4000000060
14929  18.984  -51.926  19.523 0.4000000060
6963  31.504  -65.324  25.166 0.6999999881
16353  16.909  -50.194  19.120 0.4000000060
15649  18.029  -50.958  18.754 0.5000000000
9528  33.457  -60.292  25.394 0.6000000238
8968  32.647  -61.592  25.868 0.6000000238
8402  32.485  -62.493  25.646 0.6999999881
14919  16.326  -51.759  19.996 0.4000000060
10768  33.112  -58.707  25.213 0.6000000238
10150  32.805  -59.837  25.833 0.6000000238
14222  15.213  -53.225  20.183 0.4000000060
16354  16.052  -49.929  18.563 0.6000000238
118921  32.100  -58.266  24.824 0.6000000238
10783  31.661  -58.189  24.406 0.5000000000
10815  30.961  -58.443  22.866 0.5000000000
14918  19.581  -52.341  20.232 0.4000000060
6483  31.657  -66.520  24.445 0.8000000119
16350  18.583  -50.627  19.743 0.4000000060
6975  31.849  -65.725  24.637 0.6999999881
16345  17.591  -50.505  20.021 0.4000000060
8417  32.948  -62.840  24.966 0.6000000238
7416  32.155  -64.202  25.114 0.6999999881
8967  33.318  -61.166  25.378 0.6000000238
8401  33.169  -62.022  25.253 0.6000000238
14911  16.861  -52.313  20.814 0.4000000060
112119  16.079  -52.895  20.343 0.4000000060
10782  32.736  -58.217  24.814 0.6000000238
13512  15.934  -53.900  20.656 0.4000000060
11422  31.892  -57.566  23.826 0.4000000060
122118  19.817  -51.637  20.666 0.4000000060
7429  32.502  -64.516  24.345 0.6999999881
16343  18.883  -50.605  20.358 0.4000000060
7893  33.270  -63.156  24.208 0.6999999881
7894  32.723  -63.691  24.660 0.6000000238
15629  17.190  -51.245  20.453 0.4000000060
9544  34.164  -59.874  24.751 0.6000000238
123160  34.051  -61.243  24.359 0.6000000238
14210  16.659  -53.414  21.045 0.4000000060
10781  33.443  -58.316  24.665 0.6000000238
12825  16.242  -55.260  21.532 0.3000000119
11421  32.625  -57.244  23.832 0.4000000060
12092  32.142  -56.792  23.149 0.4000000060
12091  32.928  -56.586  23.262 0.4000000060
14910  17.536  -51.748  21.286 0.4000000060
14209  17.368  -52.844  21.576 0.4000000060
10166  34.460  -59.115  24.260 0.6000000238
122147  33.745  -57.908  24.159 0.6000000238
10780  34.380  -58.385  23.859 0.6000000238
12108  33.292  -56.008  22.512 0.4000000060
12107  34.104  -56.403  22.340 0.5000000000
12800  32.780  -55.619  22.123 0.4000000060
113136  16.113  -56.766  25.885 0.3000000119
12819  33.282  -55.354  21.795 0.4000000060
16322  18.599  -50.445  23.074 0.4000000060
12065  18.053  -56.379  25.410 0.3000000119
12032  15.725  -56.585  28.955 0.4000000060
17030  18.853  -49.849  22.994 0.4000000060
14896  19.058  -52.165  23.711 0.4000000060
124886  18.794  -55.975  25.408 0.3000000119
13451  19.129  -54.847  24.075 0.3000000119
12053  16.443  -56.709  26.653 0.3000000119
111895  16.848  -56.676  25.893 0.3000000119
107703  15.952  -56.735  27.425 0.3000000119
15615  18.890  -50.981  23.716 0.4000000060
14891  19.602  -52.592  24.421 0.4000000060
14182  19.404  -53.260  24.131 0.4000000060
124963  18.398  -56.339  26.002 0.3000000119
112975  17.962  -56.508  27.500 0.3000000119
14115  13.931  -53.428  32.171 0.4000000060
14815  12.240  -52.393  31.711 0.3000000119
15515  11.787  -51.851  31.228 0.3000000119
12043  17.311  -56.468  28.465 0.3000000119
120763  16.414  -56.412  29.477 0.3000000119
14884  20.117  -52.462  25.062 0.4000000060
13450  19.816  -54.263  24.608 0.4000000060
13438  20.084  -54.696  25.544 0.3000000119
12753  19.552  -55.459  25.989 0.3000000119
12746  18.787  -56.128  27.486 0.3000000119
13391  14.976  -54.764  31.803 0.3000000119
12042  17.755  -56.462  28.128 0.3000000119
14116  13.087  -52.855  32.039 0.3000000119
12031  17.184  -56.319  29.167 0.3000000119
14832  13.412  -52.025  30.932 0.4000000060
14833  12.497  -51.787  30.921 0.3000000119
15530  13.086  -51.573  30.238 0.3000000119
15548  12.247  -51.366  30.020 0.3000000119
111979  20.362  -54.006  25.342 0.4000000060
13429  19.969  -54.770  26.622 0.4000000060
12745  19.408  -55.528  26.997 0.3000000119
12739  18.624  -55.849  28.329 0.3000000119
13390  15.466  -54.505  31.411 0.3000000119
14814  13.727  -52.591  31.582 0.4000000060
14813  14.424  -52.964  31.628 0.4000000060
107016  12.885  -51.257  29.373 0.3000000119
14165  20.516  -53.493  26.650 0.4000000060
13428  19.906  -54.352  27.435 0.4000000060
13421  19.456  -54.727  27.902 0.4000000060
13423  18.187  -54.692  29.116 0.4000000060
12734  17.559  -55.878  29.436 0.3000000119
14131  16.857  -54.232  30.258 0.3000000119
14113  15.414  -53.673  31.245 0.3000000119
126022  14.979  -52.657  30.800 0.3000000119
14849  14.396  -51.818  29.991 0.5000000000
14831  14.351  -52.358  30.888 0.4000000060
14850  13.793  -51.788  30.376 0.4000000060
106879  12.034  -51.009  29.146 0.3000000119
14162  19.426  -53.823  28.127 0.4000000060
14156  18.493  -53.948  28.749 0.4000000060
119413  17.925  -53.893  29.155 0.3000000119
14847  16.448  -52.623  29.486 0.3000000119
114174  15.827  -51.971  29.056 0.3000000119
15579  15.575  -51.387  28.404 0.3000000119
13412  17.774  -55.242  29.489 0.3000000119
14146  16.995  -53.405  29.674 0.3000000119
14848  15.745  -52.468  29.872 0.3000000119
14865  15.081  -51.935  29.443 0.3000000119
15567  14.980  -51.544  28.610 0.3000000119
14147  16.342  -53.254  30.191 0.3000000119
15546  14.338  -51.520  29.053 0.3000000119
15547  13.674  -51.504  29.643 0.3000000119
15570  11.896  -50.772  28.221 0.3000000119
114915  20.815  -51.479  26.459 0.3000000119
14867  20.410  -52.044  27.560 0.3000000119
14868  19.983  -52.860  27.771 0.3000000119
114591  18.656  -52.296  28.668 0.3000000119
15565  17.209  -51.250  28.693 0.3000000119
14861  19.354  -52.732  28.311 0.3000000119
14862  17.867  -52.518  28.919 0.3000000119
14864  16.572  -52.185  29.007 0.3000000119
15566  16.413  -51.636  28.679 0.3000000119
15580  14.750  -51.174  27.952 0.3000000119
116275  14.186  -51.284  28.094 0.3000000119
15568  13.556  -51.274  28.682 0.3000000119
106551  13.415  -51.114  27.684 0.3000000119
15569  12.738  -51.051  28.413 0.3000000119
16284  21.221  -50.300  26.838 0.3000000119
15561  20.237  -51.552  28.001 0.3000000119
112289  19.344  -52.013  28.443 0.3000000119
15564  17.973  -51.758  28.804 0.3000000119
16251  16.328  -50.791  28.380 0.3000000119
16267  14.650  -50.546  27.569 0.3000000119
15581  13.938  -50.983  27.326 0.3000000119
15591  13.124  -50.882  26.927 0.3000000119
16269  11.790  -50.640  27.317 0.3000000119
16266  15.390  -50.741  27.991 0.3000000119
16286  14.029  -50.226  27.051 0.3000000119
16287  13.382  -50.501  26.665 0.3000000119
15582  12.613  -50.914  27.445 0.3000000119
16288  12.778  -50.508  26.309 0.3000000119
122209  15.847  -49.143  28.045 0.3000000119
16984  15.253  -49.868  27.821 0.3000000119
16985  14.635  -49.610  27.421 0.3000000119
16969  16.629  -49.629  28.426 0.3000000119
17730  15.416  -48.370  27.777 0.3000000119
16994  14.103  -49.309  27.049 0.3000000119
16995  13.529  -49.644  26.467 0.3000000119
16301  13.048  -50.141  26.121 0.3000000119
16302  12.525  -50.101  25.781 0.3000000119
123783  29.761  -74.794  18.061 0.5000000000
2915  30.036  -73.980  17.016 0.5000000000
3343  30.659  -73.381  16.820 0.4000000060
8889  20.851  -61.695  30.466 0.6999999881
9481  19.264  -60.261  29.587 0.6999999881
4182  29.201  -71.260  16.173 0.4000000060
2914  30.555  -73.474  16.802 0.5000000000
8909  25.036  -61.803  29.260 0.6000000238
5991  26.553  -67.510  27.743 0.5000000000
8933  26.191  -61.657  28.654 0.6000000238
6965  30.112  -66.196  26.180 0.8000000119
6005  29.420  -67.466  26.362 0.6999999881
7402  30.253  -64.492  26.393 0.6000000238
10179  30.675  -58.992  23.450 0.5000000000
8957  31.175  -61.305  26.745 0.6999999881
14920  15.500  -52.130  19.790 0.4000000060
10167  33.846  -58.969  24.844 0.6000000238
10814  31.433  -57.542  23.092 0.4000000060
8999  33.914  -61.867  24.082 0.6000000238
8982  34.382  -60.662  24.228 0.6000000238
13494  17.131  -53.932  21.656 0.3000000119
11420  33.337  -57.236  23.763 0.4000000060
11436  33.677  -56.747  23.072 0.4000000060
14161  20.205  -53.601  27.405 0.3000000119
15577  20.889  -50.556  27.359 0.3000000119
7927  34.239  -62.843  22.261 0.5000000000
7444  33.279  -64.222  22.995 0.5000000000
110539  32.774  -64.877  23.457 0.6999999881
7003  32.806  -65.568  22.779 0.6999999881
6492  31.879  -66.887  23.609 0.6000000238
7911  33.515  -63.420  23.361 0.5000000000
7912  33.035  -64.000  23.854 0.6000000238
6988  32.496  -65.651  23.460 0.6000000238
5577  31.774  -68.561  21.968 0.6000000238
5030  31.015  -69.268  22.939 0.6000000238
7002  33.253  -65.312  22.113 0.6999999881
6053  32.459  -67.128  22.237 0.6000000238
6054  31.950  -67.838  22.452 0.6000000238
6502  32.379  -66.390  22.975 0.6999999881
6503  32.062  -67.205  22.916 0.6000000238
5557  31.469  -68.489  22.731 0.6000000238
127584  34.237  -62.477  22.724 0.5000000000
123214  33.164  -66.402  21.199 0.6999999881
108985  32.808  -67.036  21.401 0.6999999881
5576  32.329  -67.898  21.548 0.6000000238
5586  31.978  -68.793  21.179 0.6000000238
7017  33.349  -65.689  21.372 0.6000000238
6511  32.883  -66.221  22.010 0.6999999881
7475  33.597  -64.890  21.479 0.6000000238
117110  34.847  -61.358  22.239 0.5000000000
8437  33.733  -62.623  23.743 0.5000000000
7028  33.685  -65.259  20.745 0.6999999881
6074  32.756  -67.599  20.845 0.6000000238
5079  31.583  -69.643  20.781 0.6000000238
10206  35.219  -59.894  22.055 0.5000000000
9012  34.613  -61.389  23.017 0.5000000000
10205  35.305  -59.124  21.530 0.5000000000
126522  34.975  -60.573  22.759 0.5000000000
112055  34.961  -57.646  21.751 0.4000000060
8343  18.587  -62.789  29.353 0.4000000060
7818  21.160  -63.559  30.540 0.4000000060
7820  19.425  -63.559  30.138 0.4000000060
115400  20.539  -64.193  30.538 0.5000000000
106244  22.041  -64.917  30.460 0.5000000000
7353  20.475  -64.927  30.558 0.5000000000
126976  35.079  -59.702  22.952 0.5000000000
6891  22.089  -65.891  30.467 0.5000000000
5973  20.314  -67.979  30.302 0.6000000238
10826  34.992  -58.257  22.062 0.4000000060
6424  23.023  -66.057  30.095 0.5000000000
6409  22.473  -66.808  30.343 0.5000000000
5960  20.952  -67.415  30.637 0.5000000000
7836  18.818  -63.611  29.487 0.5000000000
7354  19.794  -64.406  30.349 0.5000000000
7376  18.764  -64.529  29.295 0.5000000000
112319  19.849  -65.233  30.390 0.5000000000
6913  18.629  -65.387  29.027 0.5000000000
6893  20.386  -65.824  30.554 0.5000000000
6894  19.566  -65.876  30.198 0.5000000000
5961  20.262  -67.190  30.433 0.5000000000
10813  34.699  -58.243  23.000 0.5000000000
6411  20.696  -66.651  30.588 0.5000000000
11446  35.362  -57.344  21.279 0.4000000060
11435  34.494  -57.343  22.515 0.4000000060
11447  34.722  -56.919  21.798 0.4000000060
9522  17.009  -60.405  26.380 0.5000000000
6933  18.262  -64.749  28.583 0.5000000000
10178  34.833  -59.065  23.441 0.5000000000
10789  17.698  -58.662  24.403 0.5000000000
10804  16.966  -58.710  23.855 0.5000000000
114644  16.415  -58.739  23.204 0.5000000000
9535  17.189  -59.688  25.744 0.5000000000
10803  17.968  -58.502  23.654 0.5000000000
10821  17.308  -58.479  23.058 0.5000000000
109579  17.800  -58.350  22.269 0.5000000000
10830  17.325  -58.293  21.464 0.5000000000
10831  16.242  -58.402  21.323 0.5000000000
10200  15.714  -58.984  22.536 0.4000000060
108434  18.055  -58.360  20.687 0.5000000000
10844  16.829  -58.256  20.498 0.6000000238
10832  15.643  -58.701  21.073 0.6000000238
10199  19.521  -58.870  21.667 0.5000000000
121194  18.548  -58.741  19.824 0.5000000000
125475  17.736  -58.368  19.936 0.5000000000
10857  17.042  -58.244  19.401 0.6000000238
117790  16.059  -58.342  19.767 0.6000000238
10846  15.568  -58.720  20.060 0.6000000238
10233  15.239  -59.448  19.873 0.5000000000
9633  15.129  -60.326  18.177 0.5000000000
9644  14.445  -60.353  17.691 0.5000000000
117021  19.346  -59.341  19.713 0.5000000000
10242  19.865  -60.217  17.168 0.5000000000
10243  19.159  -59.668  16.838 0.5000000000
10856  18.031  -58.590  18.955 0.5000000000
10880  17.835  -58.705  16.679 0.6000000238
10871  15.962  -58.268  17.884 0.6000000238
10858  15.758  -58.548  18.863 0.6000000238
10244  15.349  -59.202  18.754 0.6000000238
10257  14.650  -59.774  17.571 0.5000000000
13543  11.496  -54.187  18.803 0.5000000000
10873  12.764  -58.694  18.667 0.5000000000
123549  19.959  -59.994  19.640 0.5000000000
10254  19.754  -59.786  16.326 0.5000000000
10879  19.236  -59.162  15.831 0.6000000238
11507  18.380  -57.848  15.906 0.6000000238
119432  17.924  -57.131  16.203 0.6000000238
10881  16.885  -57.661  16.907 0.6000000238
11509  16.773  -57.081  16.865 0.6000000238
111439  15.523  -58.042  17.522 0.6000000238
11510  15.975  -57.072  17.258 0.6000000238
10883  14.933  -58.862  17.516 0.6000000238
10884  14.558  -58.447  17.501 0.5000000000
10886  13.597  -59.307  17.963 0.5000000000
11499  13.456  -58.342  18.105 0.5000000000
12161  12.839  -56.927  18.776 0.5000000000
11487  12.784  -57.841  18.633 0.5000000000
12162  12.079  -56.520  19.171 0.5000000000
11494  19.733  -58.133  16.113 0.6000000238
12180  18.465  -56.854  16.343 0.6000000238
12871  17.656  -55.334  17.276 0.6000000238
112429  16.110  -54.110  17.361 0.6000000238
12883  16.332  -55.697  17.264 0.6000000238
12872  15.518  -55.945  17.433 0.6000000238
13551  15.642  -54.815  17.423 0.6000000238
118396  14.792  -56.348  17.603 0.5000000000
12873  14.788  -55.323  17.684 0.5000000000
12172  14.232  -56.963  17.794 0.5000000000
12874  13.847  -54.652  17.988 0.5000000000
13541  13.009  -53.659  17.911 0.6000000238
119095  12.683  -55.932  18.759 0.5000000000
12864  12.431  -54.888  18.612 0.5000000000
13542  12.247  -53.837  18.306 0.5000000000
14240  10.470  -52.578  19.639 0.5000000000
13549  17.417  -54.207  17.635 0.6000000238
14270  16.230  -53.153  17.383 0.6000000238
14271  15.392  -53.467  17.380 0.6000000238
13552  14.693  -54.175  17.589 0.6000000238
14255  13.090  -52.726  17.585 0.6000000238
14257  11.373  -52.331  18.584 0.5000000000
14269  17.279  -52.979  17.862 0.6000000238
123278  14.517  -53.128  17.424 0.6000000238
110010  12.044  -51.157  17.914 0.6000000238
14934  11.610  -51.183  19.107 0.5000000000
15659  16.999  -50.570  17.684 0.6000000238
14944  17.146  -51.686  17.735 0.6000000238
15660  15.736  -49.900  17.141 0.6000000238
14946  15.370  -51.062  17.114 0.6000000238
14948  13.356  -50.939  17.343 0.6000000238
14933  12.309  -50.807  19.169 0.5000000000
16362  16.036  -49.628  17.689 0.6000000238
15652  14.285  -49.607  17.748 0.6000000238
15642  14.927  -50.060  18.448 0.6000000238
15662  13.687  -50.095  17.483 0.6000000238
14932  13.959  -51.317  19.550 0.6000000238
14224  13.449  -52.937  20.342 0.5000000000
14223  14.204  -52.626  19.990 0.4000000060
6042  31.561  -67.730  23.314 0.6000000238
8998  34.335  -61.346  23.781 0.5000000000
9558  34.656  -60.791  23.555 0.5000000000
6426  18.996  -65.992  29.542 0.6000000238
10870  16.859  -58.073  17.391 0.6000000238
11508  17.642  -57.581  16.304 0.6000000238
11497  14.776  -57.580  17.462 0.6000000238
111609  14.104  -55.869  18.025 0.5000000000
14945  16.096  -51.937  17.227 0.6000000238
109696  14.812  -52.200  17.223 0.6000000238
119531  13.081  -50.705  19.177 0.6000000238
14921  13.062  -51.606  19.863 0.6000000238
2890  29.585  -74.630  19.052 0.4000000060
3270  31.651  -72.811  21.631 0.5000000000
3285  31.834  -72.888  21.072 0.5000000000
3296  30.816  -73.542  20.193 0.4000000060
3306  30.694  -73.845  19.264 0.4000000060
3305  31.602  -73.412  19.113 0.4000000060
2889  30.156  -74.349  18.530 0.4000000060
3708  32.813  -72.281  21.259 0.5000000000
3269  32.465  -72.494  21.355 0.5000000000
3304  32.300  -72.873  19.667 0.5000000000
2888  30.913  -73.876  18.638 0.4000000060
121581  33.067  -72.140  21.035 0.5000000000
3721  32.895  -72.432  19.891 0.5000000000
3731  32.681  -72.535  19.327 0.5000000000
3315  32.114  -72.925  18.880 0.5000000000
2901  31.321  -73.482  18.210 0.4000000060
3329  31.269  -73.153  17.210 0.4000000060
4148  33.432  -71.897  20.358 0.5000000000
3720  33.302  -72.108  19.965 0.5000000000
3730  33.299  -72.029  19.245 0.5000000000
3742  32.668  -72.427  18.582 0.5000000000
3758  32.524  -72.282  17.606 0.5000000000
114179  31.218  -72.957  16.781 0.4000000060
5095  31.770  -69.698  19.815 0.5000000000
5111  31.196  -70.136  19.025 0.4000000060
108257  31.202  -69.566  17.259 0.4000000060
5122  30.851  -69.958  16.655 0.4000000060
4623  30.500  -70.345  16.019 0.4000000060
3741  33.158  -71.952  18.199 0.5000000000
4632  31.470  -70.769  15.714 0.4000000060
4192  30.848  -71.289  15.731 0.4000000060
121971  30.407  -72.182  16.082 0.4000000060
4172  33.495  -71.495  17.641 0.4000000060
3757  32.904  -71.902  17.407 0.5000000000
3341  31.713  -72.462  16.697 0.4000000060
3328  31.832  -72.559  17.006 0.4000000060
117087  31.850  -69.551  19.037 0.4000000060
112449  31.479  -69.563  16.576 0.4000000060
5130  31.260  -70.115  15.912 0.4000000060
4163  34.093  -70.971  18.176 0.4000000060
4191  31.560  -71.274  15.882 0.4000000060
106364  31.662  -71.757  16.207 0.4000000060
4171  33.978  -70.953  17.442 0.4000000060
3768  32.896  -71.664  17.004 0.4000000060
4181  32.621  -71.605  16.580 0.4000000060
3769  32.361  -72.076  16.873 0.4000000060
114693  32.206  -69.090  20.352 0.5000000000
5596  32.302  -69.125  19.517 0.4000000060
5606  32.267  -69.078  18.640 0.4000000060
5109  32.192  -69.048  17.868 0.4000000060
5128  32.634  -69.475  16.133 0.4000000060
5142  32.177  -70.181  15.805 0.4000000060
114637  32.730  -70.313  15.921 0.4000000060
4631  32.168  -70.810  15.797 0.4000000060
4612  34.505  -70.402  17.726 0.4000000060
4622  33.512  -70.583  16.437 0.4000000060
4189  32.873  -70.950  16.135 0.4000000060
5585  32.482  -68.304  20.670 0.5000000000
120396  32.600  -68.598  19.960 0.5000000000
5595  32.791  -68.435  19.114 0.5000000000
5627  33.105  -68.708  16.618 0.4000000060
5626  33.948  -68.500  16.533 0.4000000060
5632  34.477  -68.461  16.476 0.4000000060
5139  34.576  -68.628  16.915 0.4000000060
112369  33.260  -67.743  19.177 0.4000000060
6520  33.216  -66.939  20.524 0.5000000000
114516  33.874  -67.469  17.834 0.4000000060
6108  33.906  -68.131  16.822 0.4000000060
6094  33.638  -67.279  18.709 0.5000000000
6541  34.194  -66.838  18.255 0.4000000060
6549  34.365  -67.065  17.693 0.4000000060
6552  34.890  -67.671  16.797 0.4000000060
110408  33.641  -66.373  19.863 0.6000000238
6519  33.484  -66.056  20.633 0.6000000238
7052  34.297  -66.105  18.581 0.5000000000
6540  34.767  -66.420  17.809 0.4000000060
7461  33.140  -64.909  22.720 0.5000000000
12169  19.614  -57.057  16.765 0.5000000000
13540  18.500  -54.783  18.156 0.5000000000
14254  17.713  -52.420  18.261 0.5000000000
115818  19.173  -55.429  18.351 0.5000000000
14268  17.889  -53.786  18.136 0.5000000000
12862  18.770  -55.671  17.513 0.5000000000
3294  32.536  -72.637  20.331 0.5000000000
121983  31.708  -73.262  19.784 0.5000000000
5110  31.568  -69.505  18.123 0.4000000060
5121  31.781  -69.206  17.249 0.4000000060
4180  33.369  -71.165  16.846 0.4000000060
5605  32.766  -68.591  18.069 0.4000000060
6104  33.309  -68.080  17.306 0.4000000060
5634  33.481  -69.183  16.313 0.4000000060
4629  33.881  -69.829  16.397 0.4000000060
6085  32.987  -67.845  20.016 0.5000000000
6107  34.586  -68.000  16.445 0.4000000060
6530  33.449  -67.135  19.573 0.5000000000
7039  33.977  -65.879  19.317 0.6000000238
6548  35.001  -66.929  17.418 0.5000000000
127536  34.157  -65.287  19.562 0.5000000000
10850  37.540  -58.407  18.805 0.3000000119
10238  37.352  -59.139  18.330 0.3000000119
110722  36.670  -58.794  19.332 0.3000000119
11469  37.722  -57.630  19.183 0.3000000119
12153  39.659  -57.233  18.579 0.3000000119
11468  38.642  -57.163  18.832 0.3000000119
9615  37.066  -59.987  18.314 0.3000000119
9627  36.899  -60.877  18.008 0.4000000060
9616  36.139  -60.436  19.028 0.4000000060
10863  38.255  -58.874  17.647 0.3000000119
9605  35.642  -60.138  19.970 0.4000000060
10226  36.202  -59.533  19.451 0.4000000060
9594  35.152  -60.863  21.550 0.4000000060
8456  34.531  -62.096  22.358 0.4000000060
10851  36.036  -58.841  19.936 0.3000000119
9593  35.428  -60.011  21.002 0.4000000060
12143  37.103  -57.168  19.846 0.3000000119
10838  36.213  -58.229  20.022 0.3000000119
9063  35.995  -61.801  18.577 0.4000000060
8494  35.612  -62.407  18.799 0.4000000060
7489  34.289  -64.104  20.109 0.4000000060
7960  34.244  -63.735  20.882 0.4000000060
9628  36.058  -61.204  18.740 0.4000000060
9053  35.298  -62.173  19.611 0.4000000060
8484  34.626  -63.315  20.232 0.4000000060
107039  34.543  -63.085  20.966 0.4000000060
10237  38.088  -59.656  16.991 0.3000000119
9042  35.614  -60.954  19.560 0.4000000060
9043  34.956  -62.383  20.537 0.4000000060
7928  33.808  -63.618  22.422 0.4000000060
127251  38.706  -59.233  16.796 0.3000000119
125432  35.156  -61.498  20.805 0.4000000060
7946  34.237  -63.343  21.610 0.4000000060
10862  39.162  -58.852  17.167 0.3000000119
10825  35.433  -58.270  21.200 0.4000000060
7520  35.755  -64.174  18.176 0.4000000060
7504  34.460  -64.643  19.323 0.4000000060
120351  36.142  -62.907  18.194 0.4000000060
7980  35.464  -63.404  18.638 0.4000000060
7505  34.068  -64.898  20.117 0.4000000060
9637  38.093  -60.965  15.938 0.3000000119
9638  37.724  -61.202  17.003 0.4000000060
10247  39.330  -59.832  16.876 0.3000000119
10248  39.019  -59.676  16.140 0.3000000119
7947  33.880  -64.094  21.572 0.4000000060
10861  39.797  -59.237  17.152 0.3000000119
7038  34.388  -65.408  18.915 0.4000000060
119954  35.085  -64.295  18.649 0.4000000060
113424  35.875  -56.967  20.789 0.3000000119
11459  35.825  -57.788  20.656 0.3000000119
7460  33.511  -64.516  22.225 0.4000000060
7490  33.933  -64.483  20.813 0.4000000060
119644  33.846  -65.623  20.055 0.4000000060
7051  34.866  -65.652  18.198 0.4000000060
125130  36.769  -59.357  18.906 0.3000000119
11470  36.924  -57.983  19.620 0.3000000119
121206  37.747  -56.889  19.443 0.3000000119
9062  36.719  -61.540  18.013 0.4000000060
121508  35.312  -61.575  20.018 0.4000000060
9606  35.366  -60.830  20.461 0.4000000060
8473  34.571  -62.604  21.537 0.4000000060
10215  35.644  -59.196  20.483 0.4000000060
8502  36.444  -62.225  18.108 0.4000000060
7969  34.756  -63.738  19.399 0.4000000060
117251  35.108  -62.895  19.541 0.4000000060
9626  37.752  -60.595  16.751 0.3000000119
10249  38.309  -60.321  15.962 0.3000000119
9073  37.385  -61.826  17.493 0.4000000060
9072  38.092  -61.303  16.541 0.3000000119
9635  39.211  -60.333  16.061 0.3000000119
2830  30.531  -74.612  25.625 0.3000000119
2453  31.093  -75.955  25.095 0.3000000119
3239  30.951  -73.503  26.249 0.3000000119
110575  31.160  -75.823  26.050 0.3000000119
2831  29.890  -74.013  24.843 0.3000000119
2840  30.158  -75.006  24.547 0.3000000119
3651  31.740  -72.709  26.332 0.3000000119
3230  31.772  -73.568  26.961 0.3000000119
2819  31.267  -74.618  26.604 0.3000000119
3664  31.973  -72.143  25.456 0.3000000119
3665  31.001  -72.670  25.584 0.3000000119
2841  29.497  -74.131  23.921 0.3000000119
2866  29.628  -73.792  21.050 0.3000000119
3228  34.157  -72.748  27.731 0.3000000119
3229  32.706  -73.445  27.574 0.3000000119
3650  32.762  -72.217  26.150 0.3000000119
124906  32.498  -72.849  26.866 0.3000000119
2818  31.867  -74.697  27.473 0.3000000119
3687  30.537  -72.754  23.948 0.3000000119
3698  32.189  -72.465  22.272 0.3000000119
3271  30.246  -73.250  21.964 0.3000000119
3663  33.668  -71.734  25.824 0.3000000119
3666  30.497  -72.807  24.843 0.3000000119
3675  32.365  -72.043  24.269 0.3000000119
3686  31.670  -72.372  23.468 0.3000000119
3257  30.903  -72.739  22.740 0.3000000119
3685  32.566  -72.017  23.008 0.3000000119
4138  33.805  -71.472  20.402 0.4000000060
3696  32.944  -72.088  21.742 0.4000000060
1704  31.883  -77.557  29.151 0.3000000119
117789  31.181  -78.375  29.348 0.3000000119
118414  31.523  -75.609  26.813 0.3000000119
117406  31.140  -76.203  25.820 0.3000000119
2794  33.816  -73.935  29.418 0.3000000119
2409  32.547  -75.584  28.661 0.3000000119
2067  32.325  -76.453  28.609 0.3000000119
107300  32.089  -77.251  28.312 0.3000000119
1430  31.552  -78.519  28.618 0.3000000119
3198  34.344  -73.316  28.867 0.3000000119
2807  32.840  -74.567  28.634 0.3000000119
1736  31.612  -77.909  27.468 0.3000000119
1721  31.889  -77.965  28.223 0.3000000119
3217  32.521  -74.291  28.112 0.3000000119
2808  32.189  -75.399  27.997 0.3000000119
2431  31.804  -76.373  27.391 0.3000000119
2085  31.615  -76.855  26.983 0.3000000119
118286  31.752  -75.835  27.256 0.3000000119
2086  31.275  -76.748  26.268 0.3000000119
3247  30.027  -73.390  24.391 0.3000000119
3259  29.345  -74.104  23.018 0.3000000119
3215  34.093  -73.244  28.402 0.3000000119
3676  31.249  -72.364  24.664 0.3000000119
1693  31.821  -76.972  29.588 0.3000000119
1754  31.165  -76.900  26.063 0.3000000119
2806  33.621  -73.889  28.860 0.3000000119
2408  32.692  -75.771  29.180 0.3000000119
2080  31.988  -76.771  27.753 0.3000000119
1747  31.049  -77.661  26.449 0.3000000119
3697  32.711  -72.220  21.998 0.3000000119
6063  38.045  -67.052  20.649 0.3000000119
5572  37.400  -67.586  20.566 0.3000000119
5573  36.544  -68.299  20.575 0.3000000119
5584  35.870  -69.062  20.204 0.4000000060
4582  34.908  -70.318  19.604 0.4000000060
4583  34.513  -70.755  19.393 0.3000000119
3740  33.756  -71.498  18.634 0.3000000119
6073  37.658  -67.221  19.993 0.3000000119
5594  36.346  -68.240  19.415 0.4000000060
5093  35.769  -68.905  18.998 0.4000000060
120889  35.717  -68.850  18.482 0.4000000060
4597  34.584  -70.480  18.401 0.3000000119
5616  35.509  -68.330  17.544 0.4000000060
5127  35.272  -68.985  17.542 0.4000000060
4611  34.830  -69.684  17.362 0.3000000119
5631  34.767  -68.022  16.579 0.3000000119
6488  38.184  -66.198  22.800 0.3000000119
116269  38.293  -66.611  22.113 0.3000000119
6064  37.093  -67.764  21.218 0.4000000060
5574  35.661  -68.957  20.871 0.4000000060
5057  35.237  -69.734  20.461 0.3000000119
107276  34.864  -70.427  20.144 0.3000000119
4570  34.378  -70.984  19.876 0.3000000119
112936  38.589  -66.289  21.628 0.3000000119
119056  38.460  -66.342  20.890 0.3000000119
6062  38.183  -66.670  20.242 0.3000000119
6083  37.885  -66.532  19.688 0.3000000119
6084  37.195  -66.981  19.327 0.3000000119
5604  36.068  -68.271  18.513 0.4000000060
119437  37.870  -65.763  19.460 0.3000000119
6529  37.274  -66.290  18.934 0.3000000119
5603  36.356  -67.530  18.284 0.4000000060
5107  35.648  -68.807  17.990 0.4000000060
126086  37.198  -66.085  18.273 0.3000000119
6100  36.389  -67.043  17.904 0.4000000060
6101  35.624  -67.350  17.514 0.4000000060
110100  36.049  -65.449  17.586 0.3000000119
7059  36.082  -66.121  17.513 0.4000000060
6546  36.149  -66.693  17.632 0.4000000060
6551  34.997  -67.588  16.714 0.4000000060
114520  36.384  -64.582  17.772 0.3000000119
7060  35.463  -66.096  17.589 0.4000000060
7529  35.526  -65.029  17.991 0.3000000119
7401  36.333  -64.361  25.997 0.3000000119
7415  35.967  -64.863  24.788 0.3000000119
6962  35.438  -65.634  25.179 0.3000000119
6481  35.139  -66.060  24.204 0.3000000119
6985  37.762  -65.543  23.349 0.3000000119
7443  37.501  -64.753  23.787 0.3000000119
116082  36.109  -66.272  22.819 0.3000000119
6040  34.759  -67.135  22.966 0.3000000119
6983  39.553  -65.382  23.033 0.3000000119
6984  38.768  -65.668  23.209 0.3000000119
6489  37.018  -66.031  22.930 0.3000000119
6500  36.752  -66.733  22.418 0.3000000119
6051  35.340  -67.654  22.076 0.3000000119
106553  34.870  -68.504  21.631 0.3000000119
5575  34.585  -69.444  21.238 0.3000000119
5058  34.479  -70.323  20.842 0.3000000119
5059  33.737  -70.826  21.348 0.3000000119
4554  33.340  -71.345  21.812 0.3000000119
7001  39.404  -65.267  22.275 0.3000000119
7050  37.224  -65.665  17.969 0.3000000119
7527  37.161  -65.087  17.789 0.3000000119
7058  36.736  -65.943  17.647 0.3000000119
7989  37.055  -63.755  17.770 0.3000000119
7979  36.354  -63.639  17.990 0.3000000119
7863  36.725  -63.577  26.261 0.3000000119
7878  36.748  -63.624  25.310 0.3000000119
7428  36.638  -64.504  24.210 0.3000000119
6973  35.871  -65.214  24.111 0.3000000119
7426  38.455  -64.695  24.137 0.3000000119
6986  36.751  -65.189  23.516 0.3000000119
4125  33.057  -71.725  22.248 0.3000000119
7850  37.401  -63.212  27.695 0.3000000119
7877  37.287  -62.966  25.599 0.3000000119
7891  37.438  -63.407  24.879 0.3000000119
7427  37.488  -64.051  24.323 0.3000000119
118331  39.226  -65.216  23.727 0.3000000119
7862  37.194  -62.883  26.593 0.3000000119
8386  37.910  -62.380  26.033 0.3000000119
110462  38.054  -62.907  25.244 0.3000000119
7890  38.512  -63.792  24.667 0.3000000119
111513  33.284  -71.813  21.228 0.3000000119
124469  33.903  -71.470  19.901 0.3000000119
4147  34.120  -71.212  19.504 0.3000000119
4596  34.853  -70.187  18.932 0.3000000119
111480  35.121  -69.755  18.030 0.4000000060
6547  35.372  -66.993  17.456 0.4000000060
8510  37.061  -62.799  17.697 0.3000000119
6510  38.209  -66.863  21.358 0.3000000119
5583  36.938  -67.903  20.035 0.3000000119
6049  37.558  -67.152  21.830 0.3000000119
122229  36.349  -68.521  19.984 0.4000000060
5094  35.352  -69.618  19.303 0.4000000060
5108  35.415  -69.368  18.603 0.4000000060
109561  35.904  -67.901  17.788 0.4000000060
6499  38.944  -65.944  22.385 0.3000000119
113589  37.651  -66.620  22.442 0.3000000119
6065  36.100  -68.166  21.329 0.3000000119
6050  36.503  -67.439  21.870 0.3000000119
6498  38.839  -65.736  21.589 0.3000000119
6517  38.609  -65.675  20.918 0.3000000119
6518  38.426  -65.997  20.154 0.3000000119
6539  36.903  -66.531  18.245 0.4000000060
7528  37.017  -64.587  17.719 0.3000000119
6987  35.959  -65.738  23.344 0.3000000119
6501  35.737  -66.846  22.486 0.3000000119
7988  37.417  -63.932  17.906 0.3000000119
5959  21.888  -67.693  30.553 0.4000000060
1145  30.701  -78.868  29.258 0.3000000119
1418  31.865  -78.064  28.823 0.3000000119
1419  31.605  -78.263  29.085 0.3000000119
1431  31.170  -78.892  29.029 0.3000000119
1444  31.448  -78.496  27.833 0.3000000119
1720  32.016  -77.652  28.734 0.3000000119
1735  31.821  -77.345  27.551 0.3000000119
1746  31.424  -77.355  26.783 0.3000000119
2394  32.930  -75.393  29.780 0.3000000119
2432  31.461  -76.388  26.579 0.3000000119
2795  33.090  -74.822  29.289 0.3000000119
2902  30.346  -74.171  17.921 0.5000000000
2909  30.651  -73.656  17.319 0.5000000000
2917  29.993  -73.697  16.751 0.4000000060
3216  33.363  -73.575  28.205 0.3000000119
3240  30.353  -73.413  25.315 0.3000000119
3284  32.413  -72.619  20.770 0.5000000000
3286  31.150  -73.196  20.975 0.5000000000
3295  31.960  -72.997  20.423 0.5000000000
3342  31.204  -72.851  16.675 0.4000000060
3709  32.669  -72.431  20.861 0.5000000000
3719  33.679  -71.689  19.695 0.3000000119
3729  33.869  -71.467  19.246 0.5000000000
3782  32.038  -71.992  16.480 0.4000000060
3783  31.484  -72.292  16.422 0.4000000060
3784  30.865  -72.517  16.350 0.4000000060
3795  31.019  -71.824  16.050 0.4000000060
4114  26.887  -71.260  23.705 0.5000000000
4127  28.576  -71.269  22.894 0.6000000238
4149  29.194  -71.657  19.988 0.6999999881
4156  34.296  -70.980  18.951 0.3000000119
4173  29.581  -70.974  16.716 0.4000000060
4190  32.164  -71.401  16.157 0.4000000060
4526  27.215  -70.253  25.306 0.6000000238
4544  29.446  -70.472  23.724 0.6999999881
4557  29.211  -70.904  23.146 0.6999999881
4562  34.213  -70.984  20.514 0.3000000119
4621  34.403  -69.401  16.974 0.3000000119
4624  29.807  -70.775  15.965 0.4000000060
4630  33.250  -70.312  16.124 0.4000000060
4633  30.635  -70.751  15.747 0.4000000060
4995  27.519  -69.732  25.708 0.6000000238
4996  26.489  -69.247  26.425 0.5000000000
5019  28.943  -70.058  24.961 0.6000000238
5045  31.387  -69.103  22.281 0.6000000238
5077  35.832  -69.022  19.651 0.4000000060
5078  35.397  -69.749  19.885 0.4000000060
5080  31.067  -70.269  20.843 0.6000000238
5129  31.923  -69.668  16.074 0.4000000060
5140  33.920  -69.107  16.415 0.4000000060
5141  32.889  -69.849  15.982 0.4000000060
5513  26.055  -68.033  27.556 0.5000000000
5593  36.565  -67.532  18.969 0.3000000119
5617  32.539  -68.787  17.217 0.4000000060
5618  32.215  -69.231  16.608 0.4000000060
5625  35.004  -68.217  17.193 0.4000000060
5633  34.283  -68.485  16.514 0.4000000060
6020  30.551  -67.401  25.376 0.6999999881
6034  31.421  -67.309  24.177 0.6999999881
6035  30.908  -67.703  24.676 0.6999999881
6036  30.053  -68.627  25.081 0.6999999881
6093  36.768  -66.946  18.581 0.4000000060
6095  33.315  -67.953  18.365 0.4000000060
6102  35.306  -67.923  17.338 0.4000000060
6103  33.739  -67.727  17.254 0.4000000060
6105  35.089  -67.544  16.657 0.3000000119
6106  35.050  -67.659  16.244 0.4000000060
6109  34.878  -67.836  16.080 0.4000000060
6410  21.573  -66.763  30.604 0.4000000060
6412  19.922  -66.569  30.367 0.5000000000
6425  19.405  -66.497  29.882 0.6000000238
6466  28.906  -67.017  26.743 0.6999999881
6490  35.334  -66.418  23.255 0.3000000119
6545  36.812  -66.345  17.857 0.3000000119
6550  35.069  -67.503  16.846 0.4000000060
6892  21.244  -65.363  30.596 0.5000000000
6909  24.130  -65.652  29.403 0.6999999881
6910  23.528  -65.442  29.760 0.6000000238
6912  19.222  -65.100  29.875 0.5000000000
6930  26.849  -65.269  28.307 0.6999999881
6931  26.294  -65.946  28.421 0.6999999881
6974  32.327  -65.317  24.121 0.6000000238
6989  32.195  -66.118  23.932 0.8000000119
7350  23.198  -63.914  30.060 0.6000000238
7352  21.245  -64.509  30.559 0.5000000000
7374  23.367  -64.670  29.900 0.6000000238
7375  19.205  -64.245  29.858 0.5000000000
7414  36.363  -64.291  25.018 0.3000000119
7819  20.156  -63.537  30.487 0.4000000060
7851  36.936  -63.658  27.088 0.3000000119
7854  28.274  -63.457  27.765 0.6999999881
7865  30.752  -63.713  26.313 0.6999999881
7879  32.323  -63.352  25.381 0.6999999881
7882  23.003  -63.683  25.113 0.6000000238
7892  36.899  -63.874  24.664 0.3000000119
8326  22.432  -62.440  30.350 0.6999999881
8342  19.063  -62.751  29.916 0.4000000060
8355  26.485  -62.490  28.644 0.6000000238
8369  37.689  -62.326  27.066 0.3000000119
8388  30.761  -62.134  26.751 0.6999999881
8406  22.502  -62.765  25.476 0.6000000238
8416  33.474  -62.346  24.529 0.6000000238
8436  34.212  -62.101  23.259 0.5000000000
8457  33.961  -62.844  22.968 0.5000000000
8890  20.074  -62.072  30.435 0.6999999881
8910  23.340  -60.782  29.732 0.6000000238
8911  22.654  -60.619  29.969 0.6000000238
8912  20.000  -61.283  30.308 0.6999999881
8936  17.598  -61.211  28.232 0.5000000000
8947  30.047  -60.905  27.322 0.6999999881
8948  29.321  -61.120  27.511 0.6999999881
8959  22.799  -61.113  26.293 0.6999999881
8970  25.321  -61.517  25.296 0.6000000238
8972  23.194  -61.951  25.784 0.6999999881
8974  21.298  -62.008  25.346 0.6000000238
8983  33.659  -61.573  24.767 0.6000000238
9026  34.885  -61.815  21.505 0.4000000060
9048  21.818  -62.586  19.712 0.5000000000
9052  35.594  -61.667  19.205 0.4000000060
9057  21.588  -61.960  18.895 0.4000000060
9066  21.237  -61.510  18.106 0.4000000060
9076  14.609  -60.889  17.939 0.5000000000
9458  22.162  -60.891  30.249 0.6000000238
9460  20.627  -60.803  30.282 0.6999999881
9477  22.873  -60.034  29.537 0.6000000238
9479  20.973  -60.058  30.057 0.6999999881
9493  25.236  -60.105  28.407 0.6999999881
9496  18.895  -59.762  29.046 0.6999999881
9497  18.320  -59.725  28.280 0.6999999881
9508  17.700  -60.385  27.972 0.5000000000
9513  32.147  -60.087  26.393 0.6999999881
9516  25.192  -59.966  26.184 0.6000000238
9518  23.502  -60.151  26.617 0.8000000119
9530  28.208  -59.629  25.253 0.6000000238
9531  26.511  -60.187  25.563 0.6000000238
9532  25.673  -60.513  25.669 0.6000000238
9549  20.573  -60.304  24.939 0.6999999881
9582  20.729  -61.170  21.446 0.5000000000
9611  15.286  -60.006  20.605 0.5000000000
9619  22.092  -61.242  18.937 0.4000000060
9620  21.708  -60.957  18.271 0.4000000060
9622  15.261  -60.147  18.956 0.5000000000
9632  20.980  -61.250  17.419 0.4000000060
9636  38.785  -60.629  15.879 0.3000000119
9641  20.869  -60.824  17.103 0.4000000060
9642  20.536  -60.554  16.974 0.6000000238
9643  14.873  -60.343  17.808 0.5000000000
10082  23.144  -59.493  28.906 0.6999999881
10086  19.636  -59.704  29.449 0.6999999881
10097  22.640  -59.215  28.495 0.6999999881
10109  28.186  -59.678  27.265 0.6999999881
10111  25.841  -59.541  27.281 0.6000000238
10112  24.935  -59.524  27.382 0.6999999881
10118  18.671  -59.151  27.680 0.6999999881
10127  30.373  -59.284  26.448 0.6999999881
10129  28.456  -59.340  26.597 0.6000000238
10131  26.737  -59.528  27.164 0.6000000238
10133  24.185  -59.571  27.030 0.8000000119
10135  21.831  -59.448  27.280 0.8000000119
10136  21.177  -59.408  27.062 0.6999999881
10137  20.591  -59.064  26.719 0.6999999881
10149  33.402  -59.447  25.349 0.6000000238
10153  29.387  -59.045  25.666 0.6000000238
10157  18.018  -58.919  25.886 0.6000000238
10158  17.398  -59.007  25.121 0.5000000000
10171  20.454  -59.588  24.117 0.6999999881
10172  16.962  -58.979  24.542 0.5000000000
10186  16.030  -59.404  23.476 0.5000000000
10193  35.088  -59.036  22.503 0.5000000000
10201  15.464  -58.991  21.635 0.4000000060
10231  20.462  -60.893  18.899 0.5000000000
10232  19.850  -60.159  18.535 0.5000000000
10240  21.412  -60.480  17.660 0.4000000060
10253  20.368  -60.120  16.704 0.5000000000
10255  18.821  -59.277  16.185 0.5000000000
10256  15.091  -59.551  17.736 0.6000000238
10258  14.345  -59.245  17.567 0.5000000000
10752  19.218  -58.765  27.024 0.6999999881
10760  20.135  -58.770  26.194 0.6000000238
10761  19.692  -58.661  26.426 0.6000000238
10762  18.959  -58.676  26.231 0.6000000238
10769  32.312  -58.595  25.302 0.6000000238
10774  18.366  -58.619  24.981 0.6000000238
10794  31.262  -58.248  23.704 0.5000000000
10800  20.216  -58.898  23.732 0.6000000238
10802  18.366  -58.421  22.915 0.6000000238
10819  20.043  -58.827  23.197 0.6000000238
10820  19.449  -58.611  22.797 0.6000000238
10822  15.798  -58.685  21.809 0.5000000000
10829  18.474  -58.407  21.520 0.5000000000
10843  19.024  -58.752  20.713 0.5000000000
10845  15.931  -58.410  20.591 0.6000000238
10868  21.326  -59.496  17.543 0.5000000000
10869  18.296  -59.057  17.471 0.5000000000
10872  15.448  -58.712  17.839 0.6000000238
10877  20.692  -59.412  16.797 0.5000000000
10882  16.243  -57.806  17.453 0.6000000238
10885  14.012  -58.692  17.670 0.5000000000
10891  18.468  -58.614  15.876 0.6000000238
11411  33.036  -57.683  24.369 0.6000000238
11412  32.339  -57.815  24.382 0.4000000060
11419  34.089  -57.589  23.452 0.4000000060
11474  21.343  -57.778  18.536 0.6000000238
11485  20.837  -57.670  17.806 0.6000000238
11486  13.493  -57.425  18.223 0.5000000000
11488  12.078  -58.025  19.120 0.5000000000
11493  20.474  -58.432  16.765 0.6000000238
11495  16.158  -57.464  17.306 0.6000000238
11496  15.437  -57.522  17.414 0.6000000238
11498  14.087  -57.939  17.700 0.5000000000
11506  19.157  -58.531  15.731 0.6000000238
12020  15.564  -56.489  29.681 0.4000000060
12030  17.915  -56.186  28.715 0.3000000119
12041  18.285  -56.297  28.098 0.3000000119
12051  18.248  -56.441  26.708 0.3000000119
12052  17.355  -56.603  26.721 0.3000000119
12067  16.337  -56.668  25.197 0.3000000119
12081  18.069  -56.225  24.708 0.3000000119
12109  32.567  -56.150  22.594 0.4000000060
12146  21.253  -57.072  19.329 0.5000000000
12159  19.985  -56.673  17.642 0.6000000238
12160  13.469  -56.429  18.356 0.5000000000
12170  19.017  -56.513  16.750 0.6000000238
12171  15.331  -56.868  17.383 0.6000000238
12179  19.093  -57.517  16.118 0.6000000238
12181  17.717  -56.314  16.714 0.6000000238
12182  16.949  -56.389  16.955 0.6000000238
12183  16.166  -56.522  17.225 0.6000000238
12738  19.230  -55.434  27.842 0.3000000119
12740  18.186  -55.543  28.956 0.3000000119
12754  18.965  -56.075  26.466 0.3000000119
12764  19.496  -55.228  24.947 0.3000000119
12853  11.001  -55.033  19.305 0.5000000000
12861  19.434  -56.198  17.558 0.5000000000
12863  13.276  -55.392  18.373 0.5000000000
12870  18.366  -55.970  17.023 0.5000000000
12882  17.061  -55.590  17.146 0.6000000238
13422  18.891  -54.930  28.502 0.4000000060
13427  20.362  -54.118  26.853 0.4000000060
13437  20.482  -54.120  26.098 0.4000000060
13462  19.126  -54.010  23.779 0.4000000060
13478  17.007  -54.892  21.805 0.3000000119
13495  16.483  -54.419  21.233 0.3000000119
13509  20.710  -54.811  20.664 0.4000000060
13548  18.102  -55.011  17.645 0.5000000000
13550  16.722  -54.116  17.449 0.6000000238
13553  13.835  -53.456  17.633 0.6000000238
13561  17.097  -54.824  17.327 0.6000000238
13562  16.509  -54.868  17.319 0.6000000238
14114  14.843  -53.822  31.764 0.4000000060
14132  16.099  -54.091  30.877 0.3000000119
14133  14.968  -53.027  31.240 0.4000000060
14145  17.538  -54.323  29.624 0.3000000119
14174  20.060  -53.354  24.871 0.4000000060
14236  19.173  -53.016  19.752 0.5000000000
14239  11.165  -51.987  19.196 0.5000000000
14253  18.242  -53.072  18.748 0.5000000000
14256  12.141  -52.483  18.015 0.6000000238
14272  13.754  -52.128  17.268 0.6000000238
14830  15.566  -53.001  30.715 0.3000000119
14860  19.917  -52.112  28.110 0.3000000119
14863  17.144  -52.026  28.825 0.3000000119
14930  15.686  -50.855  19.361 0.6000000238
14931  14.792  -51.089  19.327 0.5000000000
14937  18.302  -51.871  18.838 0.5000000000
14938  17.620  -51.312  18.240 0.6000000238
14939  12.770  -51.604  17.541 0.6000000238
14940  11.585  -51.465  18.468 0.5000000000
14947  14.215  -50.914  17.177 0.6000000238
15516  11.243  -51.693  31.103 0.3000000119
15531  11.651  -51.522  30.612 0.3000000119
15562  19.694  -51.453  28.354 0.3000000119
15578  20.575  -51.152  27.604 0.3000000119
15590  20.883  -50.967  26.959 0.3000000119
15640  18.574  -51.026  19.305 0.4000000060
15641  16.661  -50.592  19.589 0.4000000060
15643  13.743  -50.211  18.610 0.6000000238
15644  12.759  -50.324  18.499 0.5000000000
15645  12.062  -50.784  18.443 0.5000000000
15650  17.443  -50.512  18.363 0.6000000238
15651  16.819  -49.947  17.914 0.6000000238
15653  13.333  -49.934  17.953 0.6000000238
15654  12.749  -50.530  17.835 0.6000000238
15661  14.720  -49.985  17.293 0.6000000238
16268  12.383  -50.666  26.671 0.3000000119
16285  21.040  -50.728  26.234 0.3000000119
16299  21.352  -49.968  26.027 0.3000000119
16344  18.225  -50.463  19.995 0.4000000060
16352  17.414  -50.306  19.179 0.4000000060
16361  17.237  -50.165  18.576 0.6000000238
16363  15.259  -49.642  17.866 0.6000000238
16371  15.190  -49.646  17.475 0.6000000238
16970  15.860  -50.026  28.194 0.3000000119
17036  19.267  -49.642  22.810 0.4000000060
106778  16.457  -56.593  28.487 0.3000000119
107281  12.995  -52.308  31.447 0.3000000119
108336  17.039  -56.612  27.633 0.3000000119
108373  20.716  -51.580  27.132 0.3000000119
108509  15.025  -52.339  30.291 0.5000000000
108698  15.036  -58.129  17.402 0.6000000238
109189  28.173  -66.000  27.430 0.6999999881
109196  16.581  -58.463  22.289 0.5000000000
109625  15.139  -49.089  27.708 0.3000000119
109851  17.356  -60.347  27.189 0.5000000000
109925  31.981  -72.794  17.914 0.4000000060
110066  17.406  -56.921  16.493 0.6000000238
110170  17.679  -56.529  25.951 0.3000000119
110210  12.254  -57.360  19.099 0.5000000000
110544  34.803  -59.958  23.784 0.5000000000
110690  33.193  -72.153  20.433 0.5000000000
111120  34.119  -70.350  16.985 0.4000000060
111550  15.601  -52.398  17.242 0.6000000238
111570  27.450  -59.687  27.342 0.6999999881
111728  11.594  -53.149  18.534 0.5000000000
111850  18.610  -53.109  28.674 0.3000000119
111920  25.831  -60.807  28.525 0.6999999881
112220  12.967  -54.512  18.239 0.5000000000
112637  33.324  -69.770  16.137 0.4000000060
112711  29.126  -61.974  27.502 0.6999999881
113050  20.437  -52.845  27.165 0.3000000119
113258  18.769  -58.439  22.234 0.6000000238
113623  17.508  -53.467  29.336 0.3000000119
113783  19.294  -61.039  29.889 0.6000000238
114044  12.907  -59.631  18.595 0.5000000000
114643  36.631  -65.358  17.625 0.3000000119
115705  28.480  -72.015  18.769 0.4000000060
115776  33.880  -60.794  24.846 0.6000000238
115903  18.389  -53.996  18.661 0.5000000000
115950  27.506  -64.895  27.968 0.6999999881
116556  33.783  -66.554  19.029 0.6000000238
116824  16.699  -52.354  17.493 0.6000000238
117133  19.515  -51.728  24.345 0.4000000060
117230  16.385  -58.283  18.631 0.6000000238
117969  14.087  -60.010  17.587 0.5000000000
118078  38.358  -65.221  23.678 0.3000000119
118269  40.089  -58.626  17.843 0.3000000119
118972  16.889  -53.389  17.577 0.6000000238
118998  17.380  -58.414  18.144 0.5000000000
119360  25.838  -60.057  28.172 0.6999999881
119446  29.713  -64.943  26.640 0.6999999881
120065  19.607  -54.966  27.386 0.3000000119
120132  22.560  -59.411  27.498 0.8000000119
120378  37.754  -67.354  21.115 0.3000000119
120646  18.977  -59.377  18.399 0.5000000000
120715  33.204  -71.354  22.660 0.3000000119
121446  19.205  -51.107  20.011 0.4000000060
121457  33.660  -71.376  21.047 0.3000000119
121480  34.881  -68.979  17.218 0.4000000060
121512  26.164  -64.018  28.723 0.6999999881
122379  34.221  -69.045  16.644 0.4000000060
122456  36.936  -67.524  19.594 0.4000000060
123140  16.390  -58.901  23.724 0.5000000000
123183  27.320  -69.291  26.217 0.5000000000
123586  30.175  -60.223  27.203 0.6999999881
124054  17.674  -58.134  16.382 0.6000000238
124507  26.504  -61.029  28.421 0.6000000238
124630  16.406  -50.880  17.252 0.6000000238
125220  33.511  -73.049  27.651 0.3000000119
125270  25.575  -61.520  28.860 0.6000000238
125487  20.639  -59.975  25.590 0.6999999881
125956  34.812  -64.979  18.577 0.4000000060
126102  35.811  -58.472  20.447 0.3000000119
126136  27.817  -68.808  26.510 0.6000000238
126153  30.595  -64.874  26.083 0.6999999881
126167  16.415  -49.966  17.382 0.6000000238
126299  29.370  -71.204  17.535 0.4000000060
126610  21.201  -66.101  30.606 0.5000000000
126866  23.304  -59.334  28.278 0.6999999881
126996  14.775  -56.966  17.507 0.5000000000
127083  32.212  -72.939  20.065 0.5000000000
127164  18.042  -58.120  15.952 0.6000000238
127200  20.654  -61.025  24.914 0.6000000238
127242  34.037  -58.529  24.403 0.6000000238
127291  30.375  -58.867  24.665 0.6000000238
127295  30.590  -69.575  23.277 0.6999999881
127381  34.137  -67.970  16.846 0.4000000060
127551  32.168  -76.184  28.056 0.3000000119
