#!ascii label  , from subject sub-v1s19x0051317_ses-1 vox2ras=TkReg
1185
94304  -52.223  20.291  4.253 0.0000000000
103913  -42.351  37.476  2.360 0.0000000000
94269  -41.806  20.932  6.989 0.0000000000
98481  -49.676  27.298  -3.706 0.0000000000
103937  -45.576  38.151  1.135 0.0000000000
100205  -50.382  30.442  3.492 0.0000000000
131731  -49.402  33.087  -1.767 0.0000000000
98479  -44.830  28.144  -4.139 0.0000000000
89661  -50.474  13.342  11.093 0.0000000000
91758  -53.693  16.770  10.682 0.0000000000
106956  -38.834  44.577  2.127 0.0000000000
108218  -42.488  48.921  -0.538 0.0000000000
107024  -45.047  45.418  -4.698 0.0000000000
137299  -49.101  20.996  6.293 0.0000000000
98984  -43.899  28.551  3.799 0.0000000000
96031  -45.640  22.969  1.049 0.0000000000
126312  -51.888  22.247  -1.224 0.0000000000
95509  -46.925  22.284  -4.188 0.0000000000
95489  -41.687  22.196  -1.256 0.0000000000
94345  -50.976  20.269  0.520 0.0000000000
104399  -45.436  38.993  -1.264 0.0000000000
103492  -51.258  37.999  -1.612 0.0000000000
103035  -47.298  36.801  -1.779 0.0000000000
101478  -45.925  32.510  -1.823 0.0000000000
89650  -54.270  13.095  11.894 0.0000000000
90340  -53.159  14.631  14.653 0.0000000000
106085  -37.676  42.927  3.120 0.0000000000
106993  -42.060  45.768  -3.224 0.0000000000
92434  -47.290  17.309  8.549 0.0000000000
93704  -45.873  19.912  6.284 0.0000000000
103006  -40.217  35.721  2.010 0.0000000000
101427  -44.164  32.902  3.197 0.0000000000
99624  -47.398  29.643  -1.191 0.0000000000
99011  -45.497  28.241  0.796 0.0000000000
97257  -46.859  25.536  -1.214 0.0000000000
95466  -48.627  22.606  0.317 0.0000000000
95493  -47.884  22.954  -2.449 0.0000000000
114714  -49.432  21.206  -4.899 0.0000000000
96655  -48.306  24.174  -5.138 0.0000000000
127985  -43.712  24.927  -1.270 0.0000000000
104366  -45.259  40.204  4.108 0.0000000000
102515  -46.464  34.686  3.097 0.0000000000
102523  -49.387  34.029  0.990 0.0000000000
100867  -53.471  31.109  -1.906 0.0000000000
135431  -49.283  30.683  -2.715 0.0000000000
98492  -48.175  27.925  -6.299 0.0000000000
100270  -46.988  30.462  -3.637 0.0000000000
100257  -43.741  30.672  -3.670 0.0000000000
135542  -54.165  11.979  8.625 0.0000000000
91098  -54.527  15.252  8.478 0.0000000000
93091  -54.383  19.167  7.249 0.0000000000
103912  -35.234  37.375  2.209 0.0000000000
104827  -36.899  39.635  0.550 0.0000000000
122599  -39.689  41.125  0.533 0.0000000000
106558  -41.961  44.394  0.871 0.0000000000
106565  -43.506  43.944  0.536 0.0000000000
106106  -43.285  42.289  -1.706 0.0000000000
105703  -44.039  41.630  -3.258 0.0000000000
106605  -46.988  44.038  -5.017 0.0000000000
91075  -49.808  15.774  11.928 0.0000000000
93077  -51.130  18.300  8.476 0.0000000000
94849  -53.462  21.674  6.245 0.0000000000
96597  -40.972  24.353  4.577 0.0000000000
100202  -46.486  29.704  2.440 0.0000000000
97880  -43.768  26.120  1.803 0.0000000000
94886  -43.616  21.650  3.531 0.0000000000
94890  -48.099  21.572  3.139 0.0000000000
131381  -52.215  22.665  2.889 0.0000000000
94338  -54.580  21.541  0.515 0.0000000000
93781  -53.146  19.635  -4.164 0.0000000000
93798  -49.870  19.510  -6.138 0.0000000000
94381  -45.871  20.630  -3.654 0.0000000000
96653  -46.633  24.266  -3.853 0.0000000000
95492  -44.442  22.647  -1.994 0.0000000000
94371  -42.220  20.864  -2.720 0.0000000000
93103  -51.678  18.378  5.209 0.0000000000
93726  -50.723  19.809  3.799 0.0000000000
94324  -51.042  20.359  2.494 0.0000000000
104398  -45.391  38.812  -1.657 0.0000000000
118151  -47.921  38.667  -2.158 0.0000000000
123776  -45.395  37.503  -1.816 0.0000000000
103033  -45.389  35.590  -1.611 0.0000000000
94275  -43.559  20.171  6.327 0.0000000000
103465  -41.738  36.416  2.271 0.0000000000
99026  -48.660  29.319  -2.269 0.0000000000
98468  -46.812  27.516  -1.461 0.0000000000
97912  -47.751  26.251  -2.626 0.0000000000
96644  -47.402  24.572  -1.634 0.0000000000
97263  -48.042  25.193  -3.317 0.0000000000
117609  -48.301  23.542  -4.860 0.0000000000
97269  -48.658  24.957  -4.644 0.0000000000
104367  -46.313  39.703  4.236 0.0000000000
103007  -46.981  36.116  2.665 0.0000000000
103480  -46.969  36.337  1.004 0.0000000000
102558  -50.995  35.664  -1.709 0.0000000000
102027  -52.703  34.103  -1.299 0.0000000000
125904  -51.970  32.525  -2.297 0.0000000000
100878  -50.716  30.940  -1.929 0.0000000000
100877  -49.415  31.331  -1.755 0.0000000000
100271  -48.826  30.785  -3.256 0.0000000000
118142  -47.495  31.720  -1.853 0.0000000000
137539  -44.648  31.547  -2.777 0.0000000000
123696  -54.494  14.790  11.836 0.0000000000
90381  -55.265  13.868  10.350 0.0000000000
91769  -54.824  16.242  9.483 0.0000000000
129625  -54.352  17.461  8.244 0.0000000000
92429  -54.060  17.840  8.921 0.0000000000
106086  -38.823  43.739  3.227 0.0000000000
105687  -36.176  41.105  1.125 0.0000000000
123012  -37.479  41.314  0.739 0.0000000000
122540  -38.443  40.025  0.430 0.0000000000
106095  -38.995  42.580  0.905 0.0000000000
108196  -40.796  48.115  0.375 0.0000000000
107398  -41.243  46.094  2.186 0.0000000000
107806  -43.518  48.033  1.835 0.0000000000
106559  -43.376  44.086  0.464 0.0000000000
107424  -43.292  46.428  0.288 0.0000000000
117512  -43.164  44.926  -4.251 0.0000000000
106573  -42.734  43.856  -2.076 0.0000000000
106580  -43.643  44.215  -3.653 0.0000000000
105701  -43.731  41.595  -2.519 0.0000000000
106581  -44.641  43.643  -3.866 0.0000000000
106120  -45.786  43.322  -4.461 0.0000000000
106591  -46.900  44.715  -4.975 0.0000000000
123503  -46.611  16.381  14.504 0.0000000000
91013  -47.753  15.459  16.477 0.0000000000
134266  -47.602  15.680  13.833 0.0000000000
115774  -48.857  15.521  13.350 0.0000000000
121753  -47.524  15.831  11.741 0.0000000000
93086  -48.308  18.749  7.042 0.0000000000
120586  -49.215  17.988  7.945 0.0000000000
93685  -50.174  19.301  7.578 0.0000000000
93697  -51.898  20.513  7.266 0.0000000000
94847  -50.946  21.398  6.549 0.0000000000
98409  -43.146  27.627  5.587 0.0000000000
97194  -41.551  25.561  5.727 0.0000000000
97205  -42.379  25.812  4.449 0.0000000000
101440  -49.400  31.529  3.454 0.0000000000
101438  -46.982  32.413  2.275 0.0000000000
100203  -48.129  30.384  2.481 0.0000000000
97240  -45.190  25.752  0.429 0.0000000000
97887  -44.719  27.102  1.066 0.0000000000
96029  -44.532  24.485  1.097 0.0000000000
96021  -43.379  23.377  2.073 0.0000000000
95452  -45.039  22.493  1.661 0.0000000000
94888  -45.993  21.497  3.280 0.0000000000
94916  -46.485  21.802  1.786 0.0000000000
95480  -50.061  22.615  -0.398 0.0000000000
95456  -50.072  22.480  1.045 0.0000000000
95469  -52.545  22.615  0.179 0.0000000000
95458  -54.063  22.652  0.906 0.0000000000
95483  -54.257  22.070  -0.949 0.0000000000
115703  -53.863  20.853  -1.951 0.0000000000
94377  -53.633  20.636  -3.031 0.0000000000
94963  -47.661  21.706  -5.683 0.0000000000
134318  -50.247  20.594  -6.129 0.0000000000
94386  -47.135  21.191  -5.931 0.0000000000
94383  -47.262  20.483  -4.925 0.0000000000
94961  -46.063  21.083  -3.949 0.0000000000
98485  -46.197  28.404  -5.470 0.0000000000
97917  -46.986  25.815  -5.037 0.0000000000
97911  -45.159  26.545  -3.284 0.0000000000
96048  -42.939  23.947  -0.735 0.0000000000
96055  -44.261  23.453  -1.648 0.0000000000
132204  -43.198  22.475  -1.345 0.0000000000
131701  -43.480  21.609  -2.238 0.0000000000
94942  -42.156  21.713  -1.978 0.0000000000
94370  -41.360  20.864  -2.883 0.0000000000
91100  -51.904  15.009  6.719 0.0000000000
93765  -50.009  19.181  -1.898 0.0000000000
104394  -44.999  39.064  -0.098 0.0000000000
103487  -47.582  37.626  -0.314 0.0000000000
130598  -48.084  39.285  -1.879 0.0000000000
103037  -49.301  37.725  -2.099 0.0000000000
127408  -48.347  35.192  -1.705 0.0000000000
125504  -47.275  33.079  -1.613 0.0000000000
127571  -46.293  34.240  -1.598 0.0000000000
89648  -51.299  13.269  11.886 0.0000000000
120026  -51.958  13.220  13.577 0.0000000000
117343  -53.440  15.557  12.613 0.0000000000
106554  -36.894  44.295  1.493 0.0000000000
107433  -41.676  46.655  -2.888 0.0000000000
114798  -44.734  45.696  -5.202 0.0000000000
107469  -46.666  46.418  -5.680 0.0000000000
123059  -47.000  16.437  10.311 0.0000000000
93095  -46.844  18.794  6.801 0.0000000000
93706  -47.481  20.390  6.084 0.0000000000
100183  -43.493  30.726  2.917 0.0000000000
121299  -49.823  30.246  2.126 0.0000000000
99607  -47.347  29.597  1.789 0.0000000000
99615  -46.865  29.430  -0.227 0.0000000000
98457  -46.194  27.236  -0.588 0.0000000000
96638  -46.064  25.079  -0.136 0.0000000000
134703  -47.235  22.796  0.485 0.0000000000
96050  -47.236  23.419  -0.200 0.0000000000
95479  -48.775  22.748  -0.644 0.0000000000
133284  -49.737  22.353  -1.372 0.0000000000
94945  -51.144  21.313  -2.865 0.0000000000
95505  -48.315  22.452  -2.911 0.0000000000
95511  -48.165  22.310  -5.019 0.0000000000
96066  -47.800  22.971  -5.021 0.0000000000
97910  -44.508  26.771  -2.718 0.0000000000
95394  -41.261  22.123  7.780 0.0000000000
104365  -43.586  38.887  3.028 0.0000000000
102990  -45.148  36.085  3.968 0.0000000000
136500  -46.677  36.104  3.975 0.0000000000
116782  -48.263  34.342  2.562 0.0000000000
101450  -51.022  32.069  3.210 0.0000000000
102531  -51.526  35.394  -0.286 0.0000000000
102017  -52.231  32.668  -0.111 0.0000000000
100850  -52.745  31.056  1.685 0.0000000000
100237  -50.553  30.470  -0.469 0.0000000000
119818  -48.481  30.558  -1.848 0.0000000000
99034  -50.293  29.724  -2.759 0.0000000000
98487  -51.159  27.556  -5.624 0.0000000000
99650  -50.685  29.801  -4.394 0.0000000000
128815  -47.494  29.300  -5.414 0.0000000000
128204  -45.371  29.578  -4.579 0.0000000000
124887  -46.056  31.203  -2.507 0.0000000000
100268  -44.478  30.502  -3.853 0.0000000000
89664  -54.652  12.592  10.981 0.0000000000
89686  -54.938  12.765  8.998 0.0000000000
90399  -54.219  13.573  7.836 0.0000000000
91101  -53.005  15.778  7.269 0.0000000000
92452  -53.053  17.771  6.316 0.0000000000
93104  -53.487  18.973  5.629 0.0000000000
102985  -37.095  36.018  3.123 0.0000000000
103931  -35.681  38.194  0.979 0.0000000000
103003  -37.872  36.261  1.759 0.0000000000
103484  -38.825  37.102  1.022 0.0000000000
104387  -39.601  38.540  0.665 0.0000000000
104374  -40.974  38.283  1.251 0.0000000000
106967  -38.988  44.938  1.724 0.0000000000
106958  -40.197  44.871  2.055 0.0000000000
122598  -40.457  41.752  0.607 0.0000000000
104832  -41.839  40.346  1.331 0.0000000000
104833  -43.456  41.345  1.978 0.0000000000
125994  -44.154  42.231  1.848 0.0000000000
105278  -44.352  41.883  1.747 0.0000000000
136782  -42.503  44.946  -1.283 0.0000000000
106105  -43.025  43.193  -0.878 0.0000000000
121877  -43.896  41.377  0.317 0.0000000000
105281  -43.819  40.976  -0.960 0.0000000000
105285  -43.876  40.807  -2.047 0.0000000000
105704  -44.566  42.015  -3.727 0.0000000000
106128  -45.237  42.625  -4.570 0.0000000000
107051  -48.682  46.120  -5.815 0.0000000000
91061  -50.785  15.690  12.944 0.0000000000
91740  -51.335  16.251  11.489 0.0000000000
91764  -48.823  16.662  9.848 0.0000000000
91766  -50.672  17.009  9.858 0.0000000000
92427  -51.914  17.479  9.602 0.0000000000
93078  -52.696  18.937  8.527 0.0000000000
93698  -53.747  20.479  6.748 0.0000000000
134558  -54.076  21.111  5.287 0.0000000000
95402  -40.867  22.315  5.514 0.0000000000
101990  -45.579  33.814  2.961 0.0000000000
100836  -45.251  31.785  2.529 0.0000000000
99588  -44.973  29.373  2.643 0.0000000000
99598  -46.580  29.145  1.943 0.0000000000
98436  -45.139  27.800  2.255 0.0000000000
97863  -44.001  26.906  3.062 0.0000000000
97221  -42.307  25.141  3.189 0.0000000000
95422  -41.554  22.805  3.701 0.0000000000
94854  -42.947  20.990  4.873 0.0000000000
94300  -44.731  20.811  4.850 0.0000000000
94302  -46.631  21.035  4.807 0.0000000000
94855  -48.088  21.228  5.003 0.0000000000
94918  -48.138  21.896  1.630 0.0000000000
94905  -49.441  21.995  2.600 0.0000000000
94878  -50.859  22.133  4.971 0.0000000000
95414  -52.978  22.549  4.717 0.0000000000
94894  -54.518  22.255  3.524 0.0000000000
94316  -53.409  21.208  3.253 0.0000000000
94336  -52.768  20.754  1.239 0.0000000000
94364  -52.707  20.088  -2.009 0.0000000000
93175  -51.508  18.172  -4.510 0.0000000000
135972  -52.137  20.183  -4.948 0.0000000000
93193  -52.048  18.778  -7.933 0.0000000000
93182  -50.906  18.047  -5.003 0.0000000000
93180  -48.238  17.373  -3.986 0.0000000000
93787  -46.070  19.541  -3.261 0.0000000000
97275  -49.681  25.406  -6.105 0.0000000000
96654  -47.991  23.971  -5.210 0.0000000000
96065  -46.753  23.436  -3.896 0.0000000000
127754  -44.433  24.893  -1.859 0.0000000000
126595  -45.690  23.832  -2.860 0.0000000000
95503  -45.857  22.370  -3.189 0.0000000000
94956  -44.604  21.311  -2.854 0.0000000000
94373  -44.426  20.649  -2.840 0.0000000000
93707  -52.476  19.317  5.135 0.0000000000
93112  -51.016  18.689  4.601 0.0000000000
93716  -51.577  19.611  4.531 0.0000000000
94314  -50.931  20.217  3.306 0.0000000000
94315  -52.106  20.621  3.358 0.0000000000
103960  -44.828  38.614  -1.933 0.0000000000
117428  -45.752  38.372  -1.736 0.0000000000
94271  -43.118  19.921  7.084 0.0000000000
94274  -42.569  20.583  6.418 0.0000000000
103466  -42.657  36.599  2.852 0.0000000000
102999  -42.963  35.867  3.280 0.0000000000
98476  -48.998  28.295  -2.782 0.0000000000
98469  -47.626  27.287  -2.272 0.0000000000
127035  -48.352  27.005  -2.968 0.0000000000
97918  -48.518  26.081  -3.690 0.0000000000
97919  -49.652  26.120  -4.760 0.0000000000
104379  -46.049  39.218  2.764 0.0000000000
103479  -46.616  36.741  2.126 0.0000000000
103928  -46.130  37.472  1.535 0.0000000000
125905  -50.742  33.637  -1.913 0.0000000000
102042  -52.067  34.319  -1.924 0.0000000000
101482  -50.417  31.968  -2.023 0.0000000000
101481  -48.832  32.270  -1.717 0.0000000000
124137  -48.393  31.603  -1.754 0.0000000000
101480  -47.781  32.397  -1.661 0.0000000000
122216  -50.758  13.256  10.273 0.0000000000
91088  -54.117  16.027  11.406 0.0000000000
91089  -54.827  14.860  10.855 0.0000000000
91759  -54.635  16.175  10.407 0.0000000000
137576  -54.544  17.044  8.967 0.0000000000
91768  -54.215  17.256  9.820 0.0000000000
106545  -38.990  44.132  2.975 0.0000000000
106091  -38.256  42.934  1.935 0.0000000000
106092  -38.943  43.424  1.769 0.0000000000
105689  -38.182  42.123  0.934 0.0000000000
106546  -39.451  44.202  2.307 0.0000000000
108216  -41.217  48.629  -1.461 0.0000000000
108215  -40.416  48.157  -1.490 0.0000000000
108576  -42.039  49.853  0.245 0.0000000000
108198  -42.940  49.231  1.745 0.0000000000
108199  -43.521  49.072  1.355 0.0000000000
118944  -43.702  46.912  1.319 0.0000000000
107822  -42.834  47.736  -0.357 0.0000000000
107009  -44.294  44.804  -4.269 0.0000000000
107010  -45.393  44.348  -4.319 0.0000000000
106590  -46.219  44.026  -4.515 0.0000000000
107025  -46.199  45.076  -4.737 0.0000000000
92395  -45.763  17.314  13.375 0.0000000000
91723  -46.570  16.312  13.724 0.0000000000
91031  -47.068  15.866  14.123 0.0000000000
91043  -47.150  15.924  13.301 0.0000000000
91044  -47.945  15.655  13.258 0.0000000000
121230  -49.118  20.255  6.834 0.0000000000
93097  -49.140  19.459  7.131 0.0000000000
94278  -49.733  20.854  6.665 0.0000000000
93696  -50.229  20.208  7.228 0.0000000000
99576  -43.528  29.334  3.553 0.0000000000
98970  -43.761  28.086  4.455 0.0000000000
97850  -42.906  26.497  4.902 0.0000000000
97851  -43.582  26.860  4.444 0.0000000000
101441  -50.571  31.301  3.720 0.0000000000
100838  -48.798  30.814  3.282 0.0000000000
100204  -49.340  30.373  3.250 0.0000000000
96042  -45.305  24.361  0.616 0.0000000000
96628  -44.872  25.115  0.699 0.0000000000
96030  -44.949  23.540  1.152 0.0000000000
95451  -44.193  22.991  1.783 0.0000000000
95453  -45.982  22.311  1.363 0.0000000000
130482  -50.796  22.386  -0.961 0.0000000000
95481  -51.390  22.540  -0.332 0.0000000000
95470  -53.881  22.553  -0.014 0.0000000000
95482  -53.240  22.300  -1.004 0.0000000000
129918  -53.824  21.305  -2.312 0.0000000000
94946  -52.763  21.180  -2.616 0.0000000000
94968  -47.925  21.557  -5.933 0.0000000000
94962  -46.958  21.372  -4.973 0.0000000000
94382  -46.577  20.959  -4.893 0.0000000000
126640  -46.252  21.719  -3.777 0.0000000000
98480  -45.340  27.937  -4.891 0.0000000000
97923  -46.057  27.110  -5.265 0.0000000000
120237  -45.353  27.327  -4.106 0.0000000000
95476  -42.045  22.743  -0.674 0.0000000000
95477  -42.959  23.005  -0.834 0.0000000000
95490  -42.531  22.305  -1.234 0.0000000000
94943  -42.999  21.881  -1.802 0.0000000000
94941  -41.261  21.738  -2.221 0.0000000000
91780  -51.161  15.560  6.096 0.0000000000
94353  -50.247  19.998  0.317 0.0000000000
138982  -50.289  19.748  -0.402 0.0000000000
103942  -45.882  38.616  -0.791 0.0000000000
103944  -47.439  38.630  -1.228 0.0000000000
103943  -46.828  38.507  -1.437 0.0000000000
103498  -47.153  38.070  -1.905 0.0000000000
127940  -48.054  36.483  -1.798 0.0000000000
102557  -49.664  36.032  -1.694 0.0000000000
102041  -47.243  33.998  -1.568 0.0000000000
102556  -47.157  35.196  -1.589 0.0000000000
102554  -45.274  34.504  -1.671 0.0000000000
88882  -51.285  12.869  14.071 0.0000000000
91063  -53.508  15.064  13.375 0.0000000000
91047  -53.146  15.065  13.970 0.0000000000
128881  -36.988  44.325  2.259 0.0000000000
107037  -44.017  45.351  -4.902 0.0000000000
107049  -45.483  45.855  -5.734 0.0000000000
107048  -44.427  44.870  -6.290 0.0000000000
93692  -45.489  19.387  6.611 0.0000000000
93094  -45.971  18.734  6.946 0.0000000000
93693  -46.297  19.426  6.513 0.0000000000
93694  -47.142  19.593  6.455 0.0000000000
93705  -46.542  20.092  6.163 0.0000000000
128675  -40.355  35.248  2.503 0.0000000000
100822  -44.312  32.053  2.821 0.0000000000
100225  -49.295  30.461  0.682 0.0000000000
123150  -47.442  29.803  0.423 0.0000000000
123956  -46.393  28.119  -0.889 0.0000000000
97905  -46.463  26.426  -0.987 0.0000000000
97249  -46.258  25.610  -0.544 0.0000000000
120171  -46.623  24.731  -0.579 0.0000000000
96049  -46.572  23.918  -0.122 0.0000000000
96056  -47.636  23.636  -2.031 0.0000000000
95478  -47.817  23.347  -1.024 0.0000000000
129469  -48.126  22.833  -1.685 0.0000000000
95494  -48.675  22.516  -1.724 0.0000000000
95506  -49.025  22.062  -2.449 0.0000000000
95504  -48.215  22.769  -4.019 0.0000000000
96067  -48.127  22.992  -5.097 0.0000000000
95510  -47.848  22.223  -5.132 0.0000000000
116725  -48.160  23.493  -5.076 0.0000000000
122049  -44.531  38.685  3.661 0.0000000000
103457  -46.195  36.973  4.308 0.0000000000
103906  -46.286  38.172  4.515 0.0000000000
103009  -48.136  34.914  1.785 0.0000000000
102521  -47.595  35.047  2.555 0.0000000000
102522  -48.847  34.119  2.082 0.0000000000
102004  -49.850  33.070  2.274 0.0000000000
103021  -50.901  38.404  -0.817 0.0000000000
132616  -49.733  38.126  -0.539 0.0000000000
102542  -51.332  36.968  -0.615 0.0000000000
133552  -53.139  32.139  -1.405 0.0000000000
102026  -52.307  34.909  -0.653 0.0000000000
101452  -52.552  31.391  1.783 0.0000000000
135019  -52.767  31.044  0.262 0.0000000000
100238  -51.916  30.617  -0.101 0.0000000000
100250  -52.709  30.392  -1.717 0.0000000000
100248  -49.668  30.736  -1.501 0.0000000000
100247  -48.756  30.508  -1.433 0.0000000000
128373  -49.515  30.200  -2.344 0.0000000000
99635  -50.099  30.423  -3.021 0.0000000000
99636  -50.919  29.894  -3.504 0.0000000000
99040  -47.792  30.115  -4.413 0.0000000000
99039  -46.268  29.465  -4.937 0.0000000000
102040  -46.496  33.261  -1.644 0.0000000000
101479  -46.867  32.423  -1.725 0.0000000000
137635  -44.258  30.947  -3.616 0.0000000000
100258  -45.017  31.019  -3.131 0.0000000000
89649  -52.945  13.287  12.236 0.0000000000
126599  -53.707  12.772  11.458 0.0000000000
91093  -54.907  15.125  9.202 0.0000000000
90388  -55.267  13.805  9.630 0.0000000000
119000  -54.864  13.759  8.809 0.0000000000
91097  -53.885  15.193  7.792 0.0000000000
92447  -54.305  18.293  7.513 0.0000000000
91782  -53.787  17.415  6.937 0.0000000000
92453  -54.250  18.513  6.582 0.0000000000
93098  -53.994  18.729  5.912 0.0000000000
93099  -54.391  19.394  6.714 0.0000000000
103461  -34.859  36.967  2.977 0.0000000000
103453  -35.501  36.654  3.566 0.0000000000
103462  -35.767  36.870  2.792 0.0000000000
103454  -36.330  36.483  3.356 0.0000000000
106084  -36.337  42.437  3.112 0.0000000000
105683  -35.711  41.372  1.670 0.0000000000
105271  -36.310  40.265  0.775 0.0000000000
116428  -36.132  39.308  0.656 0.0000000000
104384  -36.667  38.811  0.609 0.0000000000
103924  -36.879  37.467  1.065 0.0000000000
117289  -37.171  38.201  0.698 0.0000000000
103475  -38.316  36.589  1.363 0.0000000000
121442  -38.014  38.360  0.611 0.0000000000
105274  -39.000  40.548  0.442 0.0000000000
120901  -39.152  39.044  0.546 0.0000000000
124335  -39.118  39.719  0.477 0.0000000000
104388  -40.405  38.812  0.858 0.0000000000
105275  -39.962  40.260  0.595 0.0000000000
107396  -39.668  45.042  1.999 0.0000000000
107397  -40.462  45.302  2.013 0.0000000000
106960  -41.689  45.601  1.739 0.0000000000
106557  -40.767  44.084  1.008 0.0000000000
106097  -41.185  43.381  0.717 0.0000000000
105276  -41.118  40.685  0.860 0.0000000000
122422  -41.630  41.717  0.883 0.0000000000
104820  -42.543  40.043  1.867 0.0000000000
105277  -42.572  41.463  1.375 0.0000000000
106973  -43.262  44.766  0.535 0.0000000000
119162  -43.967  43.220  1.316 0.0000000000
106099  -44.076  43.525  1.064 0.0000000000
105268  -44.812  41.955  2.538 0.0000000000
106100  -44.090  43.135  1.249 0.0000000000
124590  -42.085  45.733  -2.112 0.0000000000
106994  -42.371  44.831  -2.194 0.0000000000
106108  -43.047  43.000  -2.078 0.0000000000
106103  -43.438  42.494  -0.298 0.0000000000
105697  -43.678  41.899  0.102 0.0000000000
135338  -44.053  40.615  -0.613 0.0000000000
105700  -43.521  41.561  -1.329 0.0000000000
106111  -44.019  42.146  -3.045 0.0000000000
105290  -43.963  40.261  -2.244 0.0000000000
105289  -43.744  40.940  -2.695 0.0000000000
106597  -46.670  44.024  -4.764 0.0000000000
106119  -45.062  42.606  -4.023 0.0000000000
106129  -46.064  43.272  -4.827 0.0000000000
121918  -47.645  46.673  -5.867 0.0000000000
91024  -49.509  15.058  15.318 0.0000000000
91060  -49.374  15.604  12.667 0.0000000000
116525  -50.082  15.503  13.665 0.0000000000
91076  -50.984  15.976  12.068 0.0000000000
91087  -50.228  16.226  11.167 0.0000000000
92424  -47.040  16.903  9.427 0.0000000000
121940  -47.848  16.555  9.976 0.0000000000
91771  -48.168  17.033  9.047 0.0000000000
92436  -49.878  17.785  8.452 0.0000000000
92425  -49.516  17.144  9.180 0.0000000000
92426  -50.829  17.581  9.018 0.0000000000
92437  -52.194  18.102  8.978 0.0000000000
94279  -52.451  21.199  7.012 0.0000000000
93687  -52.845  20.146  7.525 0.0000000000
94280  -53.525  21.229  6.513 0.0000000000
94290  -53.989  20.661  6.114 0.0000000000
94291  -54.038  21.305  6.027 0.0000000000
96589  -40.965  24.831  5.355 0.0000000000
95398  -40.505  22.895  5.814 0.0000000000
102508  -45.814  34.942  3.559 0.0000000000
126114  -45.048  35.165  3.717 0.0000000000
101991  -46.669  33.607  2.666 0.0000000000
135757  -46.561  30.830  2.534 0.0000000000
121762  -46.256  31.575  2.399 0.0000000000
119639  -45.837  30.578  2.538 0.0000000000
100201  -45.008  30.116  2.566 0.0000000000
126884  -45.763  29.608  2.495 0.0000000000
129968  -46.518  29.378  0.911 0.0000000000
99012  -45.883  28.850  1.282 0.0000000000
97881  -44.334  26.461  1.351 0.0000000000
118805  -44.594  27.194  1.779 0.0000000000
97873  -44.011  26.745  2.143 0.0000000000
119899  -44.524  27.345  2.646 0.0000000000
97872  -43.381  26.187  2.528 0.0000000000
97215  -42.797  25.925  3.192 0.0000000000
97222  -42.857  25.257  2.524 0.0000000000
95436  -43.608  22.565  2.354 0.0000000000
95435  -42.742  22.901  2.591 0.0000000000
95423  -42.289  22.509  3.242 0.0000000000
125871  -42.020  22.147  3.851 0.0000000000
94871  -43.242  21.299  4.232 0.0000000000
94299  -43.769  20.853  4.871 0.0000000000
116171  -44.167  21.242  4.159 0.0000000000
94889  -47.061  21.544  3.071 0.0000000000
94873  -46.059  21.221  4.220 0.0000000000
94874  -46.769  21.318  4.003 0.0000000000
94303  -47.281  21.181  4.640 0.0000000000
94875  -47.656  21.361  3.978 0.0000000000
119599  -47.978  22.564  0.546 0.0000000000
95454  -47.661  22.291  1.072 0.0000000000
95455  -48.454  22.328  1.002 0.0000000000
95457  -51.125  22.547  1.553 0.0000000000
95439  -50.179  22.340  2.047 0.0000000000
95425  -50.336  22.261  2.989 0.0000000000
94892  -50.534  22.217  3.945 0.0000000000
95426  -51.360  22.493  3.382 0.0000000000
95413  -51.654  22.450  4.343 0.0000000000
95427  -52.651  22.657  3.720 0.0000000000
95459  -54.655  22.294  1.341 0.0000000000
95441  -54.357  22.474  2.119 0.0000000000
94907  -54.712  21.914  1.890 0.0000000000
94893  -54.468  21.830  2.896 0.0000000000
94906  -54.636  21.750  1.678 0.0000000000
94325  -53.670  21.193  2.125 0.0000000000
94337  -53.984  21.184  1.115 0.0000000000
94365  -53.639  20.356  -3.135 0.0000000000
93767  -53.066  19.591  -3.187 0.0000000000
93766  -51.501  19.394  -2.452 0.0000000000
93791  -52.880  18.708  -5.077 0.0000000000
114464  -50.665  20.997  -3.796 0.0000000000
114465  -50.966  20.550  -4.811 0.0000000000
94388  -49.137  20.987  -6.007 0.0000000000
93804  -50.875  19.770  -7.148 0.0000000000
93799  -51.110  19.100  -7.261 0.0000000000
93189  -51.705  18.493  -6.462 0.0000000000
93188  -50.393  18.466  -5.514 0.0000000000
93790  -49.152  18.580  -4.796 0.0000000000
118518  -46.588  20.186  -3.889 0.0000000000
93788  -47.200  18.969  -3.685 0.0000000000
93777  -45.385  18.938  -2.771 0.0000000000
94374  -45.204  20.116  -2.956 0.0000000000
98494  -50.316  27.503  -6.445 0.0000000000
97933  -50.318  26.094  -6.257 0.0000000000
97932  -49.401  25.977  -6.546 0.0000000000
97268  -46.974  25.051  -4.427 0.0000000000
97256  -43.979  25.702  -1.651 0.0000000000
96647  -44.762  24.070  -2.076 0.0000000000
96059  -45.011  23.323  -2.261 0.0000000000
96060  -45.833  23.116  -2.940 0.0000000000
119931  -45.209  22.736  -2.505 0.0000000000
95502  -44.950  22.070  -2.633 0.0000000000
94954  -42.740  21.225  -2.499 0.0000000000
94955  -43.711  21.153  -2.645 0.0000000000
127511  -43.018  20.863  -2.645 0.0000000000
94372  -43.701  20.269  -2.513 0.0000000000
92457  -52.354  18.061  5.756 0.0000000000
93725  -49.703  19.351  3.469 0.0000000000
118736  -45.947  38.619  -1.573 0.0000000000
103951  -46.542  38.429  -1.598 0.0000000000
114871  -46.398  38.003  -1.799 0.0000000000
103034  -46.302  36.647  -1.706 0.0000000000
102555  -46.240  35.398  -1.584 0.0000000000
103497  -45.406  36.610  -1.697 0.0000000000
93690  -43.895  19.591  6.895 0.0000000000
94276  -45.113  20.038  6.182 0.0000000000
103477  -40.862  36.343  1.822 0.0000000000
102987  -42.279  35.131  3.396 0.0000000000
102507  -44.087  34.441  3.532 0.0000000000
99025  -47.177  28.844  -1.546 0.0000000000
134214  -47.652  28.255  -2.094 0.0000000000
97906  -47.163  26.404  -1.691 0.0000000000
97258  -47.529  25.451  -2.074 0.0000000000
131632  -47.785  24.610  -2.767 0.0000000000
119318  -47.861  23.823  -3.101 0.0000000000
96061  -48.081  23.172  -3.723 0.0000000000
96649  -48.282  24.138  -4.191 0.0000000000
103916  -46.787  38.608  4.499 0.0000000000
103917  -46.964  37.726  3.557 0.0000000000
103008  -47.503  35.571  1.676 0.0000000000
102529  -48.920  34.976  0.592 0.0000000000
103039  -51.604  37.070  -1.562 0.0000000000
102544  -52.105  36.296  -1.236 0.0000000000
125020  -52.847  33.090  -2.089 0.0000000000
101483  -52.863  31.504  -2.397 0.0000000000
100879  -52.907  30.578  -2.335 0.0000000000
123464  -51.934  31.080  -2.448 0.0000000000
100876  -48.292  31.094  -1.890 0.0000000000
100260  -48.437  30.950  -2.609 0.0000000000
100890  -47.286  31.195  -2.391 0.0000000000
100874  -45.319  31.735  -2.271 0.0000000000
88923  -53.483  12.305  9.363 0.0000000000
90369  -54.140  14.059  12.201 0.0000000000
89651  -54.876  13.474  11.234 0.0000000000
91091  -55.166  15.032  9.976 0.0000000000
91772  -54.773  16.370  8.610 0.0000000000
92439  -54.184  18.663  8.336 0.0000000000
104364  -33.984  38.266  2.281 0.0000000000
106090  -37.645  42.700  2.338 0.0000000000
105684  -36.798  41.975  1.508 0.0000000000
105688  -36.817  41.221  0.867 0.0000000000
105272  -37.187  40.512  0.590 0.0000000000
104828  -37.724  39.872  0.467 0.0000000000
105273  -38.076  40.835  0.510 0.0000000000
105690  -38.861  41.515  0.569 0.0000000000
107812  -39.810  47.447  -0.517 0.0000000000
107798  -40.974  46.317  2.069 0.0000000000
107805  -41.510  47.655  1.658 0.0000000000
107399  -42.249  46.848  2.289 0.0000000000
107407  -42.854  46.274  1.473 0.0000000000
106098  -43.090  43.500  1.022 0.0000000000
106969  -42.895  45.155  0.981 0.0000000000
107415  -43.347  45.669  0.806 0.0000000000
115283  -43.238  45.030  0.083 0.0000000000
106579  -42.646  44.755  -3.267 0.0000000000
106574  -43.224  43.554  -2.817 0.0000000000
106109  -43.551  42.535  -2.580 0.0000000000
106112  -44.638  42.482  -3.669 0.0000000000
106113  -45.387  43.263  -4.209 0.0000000000
106598  -47.357  44.991  -5.223 0.0000000000
93043  -45.650  18.001  13.322 0.0000000000
126618  -46.273  17.140  14.896 0.0000000000
91021  -46.793  16.420  15.427 0.0000000000
131359  -47.082  15.877  14.814 0.0000000000
115882  -49.317  15.382  14.254 0.0000000000
120451  -48.310  15.518  13.948 0.0000000000
91059  -48.308  15.662  12.560 0.0000000000
91074  -48.694  15.744  11.850 0.0000000000
92445  -48.333  17.962  7.662 0.0000000000
118505  -47.980  17.435  8.232 0.0000000000
93087  -49.169  18.586  7.516 0.0000000000
92446  -50.101  18.515  8.033 0.0000000000
93088  -51.577  19.276  8.011 0.0000000000
93686  -51.258  19.907  7.571 0.0000000000
119233  -50.989  20.919  7.054 0.0000000000
94848  -52.536  21.598  6.592 0.0000000000
97842  -42.769  26.703  5.725 0.0000000000
97195  -42.274  26.022  5.308 0.0000000000
97204  -41.575  25.236  4.725 0.0000000000
101992  -47.815  33.292  2.732 0.0000000000
101439  -48.160  32.011  2.695 0.0000000000
100837  -47.348  31.098  2.569 0.0000000000
128991  -46.941  30.219  2.520 0.0000000000
98448  -45.295  27.365  0.585 0.0000000000
97888  -44.908  26.536  0.734 0.0000000000
97239  -44.657  25.838  0.854 0.0000000000
97231  -44.195  25.427  1.288 0.0000000000
96614  -43.214  24.344  2.038 0.0000000000
125500  -44.003  23.885  1.541 0.0000000000
94901  -44.105  21.962  2.812 0.0000000000
94887  -44.409  21.553  3.489 0.0000000000
131539  -44.785  21.976  2.318 0.0000000000
94902  -46.388  21.631  2.486 0.0000000000
124193  -46.950  21.619  2.199 0.0000000000
95467  -49.509  22.589  0.249 0.0000000000
115110  -49.154  22.424  0.842 0.0000000000
116571  -50.406  22.631  0.277 0.0000000000
95468  -51.213  22.611  0.655 0.0000000000
115411  -52.068  22.638  1.073 0.0000000000
130753  -53.758  22.687  1.801 0.0000000000
118015  -53.250  22.720  0.981 0.0000000000
94934  -54.600  21.740  -0.613 0.0000000000
94357  -54.461  21.401  -0.544 0.0000000000
94933  -54.305  21.391  -1.457 0.0000000000
94947  -53.977  21.181  -2.327 0.0000000000
94376  -53.354  19.964  -4.202 0.0000000000
94964  -48.304  21.655  -5.707 0.0000000000
94970  -50.081  20.668  -6.312 0.0000000000
94969  -48.940  21.253  -5.830 0.0000000000
94387  -47.686  21.178  -5.989 0.0000000000
93797  -48.394  20.017  -5.491 0.0000000000
98486  -46.994  27.503  -5.972 0.0000000000
97924  -47.346  26.384  -5.715 0.0000000000
97916  -46.059  26.283  -4.101 0.0000000000
97267  -45.806  25.458  -3.360 0.0000000000
96642  -43.449  24.314  -1.056 0.0000000000
96643  -44.034  24.210  -1.467 0.0000000000
96054  -43.552  23.625  -1.158 0.0000000000
123508  -43.694  22.898  -1.382 0.0000000000
95491  -43.684  22.208  -1.799 0.0000000000
95501  -44.159  21.803  -2.348 0.0000000000
94953  -41.713  21.191  -2.683 0.0000000000
94952  -40.896  21.231  -2.892 0.0000000000
90409  -52.522  14.051  6.429 0.0000000000
104391  -45.124  38.936  1.141 0.0000000000
103486  -46.659  37.265  0.425 0.0000000000
103938  -46.292  38.139  -0.212 0.0000000000
103491  -48.630  39.035  -1.162 0.0000000000
103500  -50.301  38.612  -1.682 0.0000000000
103952  -47.348  38.847  -1.917 0.0000000000
103499  -48.966  38.967  -1.947 0.0000000000
103038  -50.747  37.611  -1.945 0.0000000000
127407  -49.449  34.423  -1.698 0.0000000000
125906  -48.230  33.423  -1.611 0.0000000000
102039  -45.580  33.447  -1.749 0.0000000000
131027  -51.987  13.318  12.717 0.0000000000
89637  -53.148  13.659  13.351 0.0000000000
89604  -52.490  13.358  14.835 0.0000000000
89638  -53.659  13.914  12.761 0.0000000000
90358  -53.642  14.512  13.218 0.0000000000
135360  -53.927  15.592  12.134 0.0000000000
91078  -53.276  16.098  11.879 0.0000000000
106538  -39.077  44.356  3.870 0.0000000000
106544  -38.714  44.555  2.908 0.0000000000
107821  -41.825  48.119  -1.632 0.0000000000
107008  -42.370  45.066  -3.723 0.0000000000
107022  -42.956  44.993  -4.176 0.0000000000
107023  -43.965  45.164  -4.718 0.0000000000
107038  -44.882  45.756  -5.046 0.0000000000
107452  -45.913  45.929  -5.206 0.0000000000
107459  -45.783  46.040  -5.336 0.0000000000
107050  -46.206  45.937  -6.542 0.0000000000
93084  -46.575  18.161  7.540 0.0000000000
92444  -47.390  17.736  7.853 0.0000000000
93096  -47.593  18.955  6.723 0.0000000000
93695  -48.176  19.743  6.637 0.0000000000
94277  -48.615  20.638  6.320 0.0000000000
133714  -43.324  29.984  3.151 0.0000000000
138123  -43.764  29.628  3.048 0.0000000000
100216  -50.688  30.304  2.743 0.0000000000
100215  -49.641  30.301  2.867 0.0000000000
124998  -49.047  30.275  2.062 0.0000000000
124363  -46.052  28.869  0.295 0.0000000000
99017  -46.476  28.864  -0.668 0.0000000000
99016  -45.863  28.021  -0.083 0.0000000000
97248  -45.738  25.710  -0.040 0.0000000000
96043  -45.919  23.630  0.517 0.0000000000
95465  -46.365  22.862  0.752 0.0000000000
133787  -46.666  23.332  0.268 0.0000000000
116753  -47.935  22.894  -0.094 0.0000000000
96639  -47.178  23.981  -0.854 0.0000000000
95495  -51.296  21.946  -1.874 0.0000000000
94944  -50.048  21.811  -2.244 0.0000000000
114466  -49.680  21.533  -3.203 0.0000000000
94957  -48.741  21.841  -3.894 0.0000000000
97915  -44.649  27.429  -3.351 0.0000000000
98467  -44.050  27.518  -2.583 0.0000000000
97904  -44.124  26.577  -2.027 0.0000000000
97255  -43.329  25.659  -1.080 0.0000000000
127805  -42.994  24.876  -0.718 0.0000000000
96047  -42.253  23.528  -0.465 0.0000000000
120893  -41.313  22.575  -0.651 0.0000000000
103914  -43.465  37.617  3.179 0.0000000000
103467  -43.629  36.747  3.434 0.0000000000
103456  -45.143  36.983  4.092 0.0000000000
102991  -46.149  35.928  4.074 0.0000000000
102509  -46.547  35.588  3.666 0.0000000000
102992  -46.915  36.091  3.573 0.0000000000
117532  -46.952  35.282  3.041 0.0000000000
102516  -47.432  34.388  2.744 0.0000000000
102003  -48.998  33.472  2.671 0.0000000000
101994  -49.800  32.444  3.177 0.0000000000
100840  -51.571  31.196  3.449 0.0000000000
103011  -47.696  36.507  0.340 0.0000000000
103012  -48.454  36.144  0.228 0.0000000000
102530  -50.237  35.344  0.076 0.0000000000
102543  -52.103  36.328  -0.882 0.0000000000
102015  -50.347  33.735  0.668 0.0000000000
101461  -51.793  32.077  1.463 0.0000000000
101451  -51.975  31.664  2.780 0.0000000000
100206  -51.535  30.687  3.112 0.0000000000
100227  -51.824  30.424  1.986 0.0000000000
100226  -50.658  30.465  1.235 0.0000000000
100235  -48.411  30.259  -0.255 0.0000000000
100249  -50.678  30.629  -1.543 0.0000000000
100236  -49.495  30.447  -0.944 0.0000000000
99616  -47.762  30.039  -0.909 0.0000000000
99625  -48.332  29.907  -1.880 0.0000000000
99035  -50.798  28.775  -3.474 0.0000000000
98482  -50.822  27.488  -4.633 0.0000000000
99041  -51.029  28.786  -4.612 0.0000000000
99046  -51.187  28.277  -5.707 0.0000000000
99045  -50.518  29.079  -5.539 0.0000000000
99645  -49.905  30.395  -3.853 0.0000000000
99649  -49.227  29.707  -4.958 0.0000000000
99044  -48.717  29.000  -5.924 0.0000000000
99038  -45.339  28.802  -4.724 0.0000000000
100875  -46.458  31.726  -2.001 0.0000000000
100259  -46.387  30.822  -3.066 0.0000000000
100269  -45.500  30.401  -3.826 0.0000000000
89662  -51.986  13.077  11.085 0.0000000000
89663  -53.466  12.559  10.531 0.0000000000
132014  -54.612  12.343  10.041 0.0000000000
134246  -55.125  12.796  10.095 0.0000000000
88934  -54.700  12.234  9.000 0.0000000000
90398  -52.985  14.369  7.241 0.0000000000
91781  -52.307  16.382  6.596 0.0000000000
91776  -54.366  16.679  7.769 0.0000000000
93717  -53.186  20.088  5.254 0.0000000000
104372  -34.410  38.770  1.688 0.0000000000
105267  -35.592  40.473  1.165 0.0000000000
104383  -35.500  38.891  0.812 0.0000000000
103922  -35.353  37.790  1.505 0.0000000000
103472  -35.989  37.090  2.042 0.0000000000
103464  -37.278  36.389  2.008 0.0000000000
102994  -37.823  35.740  2.429 0.0000000000
102995  -38.783  35.377  2.364 0.0000000000
103005  -39.352  35.798  1.862 0.0000000000
103476  -39.089  36.446  1.423 0.0000000000
104829  -38.395  39.211  0.493 0.0000000000
103935  -39.264  37.787  0.765 0.0000000000
103485  -39.650  37.120  1.132 0.0000000000
121103  -40.653  37.231  1.391 0.0000000000
103478  -41.437  37.003  1.814 0.0000000000
103925  -41.602  37.826  1.710 0.0000000000
106957  -39.330  44.357  2.286 0.0000000000
129735  -39.573  44.393  2.177 0.0000000000
106555  -39.390  43.537  1.535 0.0000000000
106096  -39.580  42.838  0.813 0.0000000000
106959  -40.496  45.240  2.031 0.0000000000
106556  -40.051  43.615  1.139 0.0000000000
104831  -40.699  39.727  0.860 0.0000000000
104389  -41.325  39.276  1.266 0.0000000000
104375  -41.921  38.845  1.731 0.0000000000
104376  -43.140  39.666  2.475 0.0000000000
104377  -44.599  40.685  3.553 0.0000000000
105692  -42.990  42.746  1.204 0.0000000000
104821  -44.151  41.307  2.897 0.0000000000
136194  -45.219  41.029  3.908 0.0000000000
104822  -45.309  41.553  3.324 0.0000000000
104823  -45.667  41.303  2.953 0.0000000000
105269  -45.119  41.579  2.458 0.0000000000
107423  -42.131  46.728  -1.505 0.0000000000
137331  -42.518  45.613  -0.909 0.0000000000
106983  -42.723  44.161  -1.009 0.0000000000
106102  -44.030  43.467  0.788 0.0000000000
104390  -44.855  40.022  1.421 0.0000000000
104836  -44.699  39.565  -0.347 0.0000000000
105286  -44.320  40.175  -1.626 0.0000000000
104838  -44.854  39.386  -1.523 0.0000000000
104843  -44.475  39.632  -1.994 0.0000000000
107026  -47.214  45.708  -5.246 0.0000000000
107039  -48.175  45.911  -5.334 0.0000000000
106606  -47.905  45.175  -5.520 0.0000000000
91035  -52.559  14.818  14.948 0.0000000000
91034  -50.959  15.177  14.918 0.0000000000
91045  -51.608  15.390  14.102 0.0000000000
91046  -52.712  15.088  14.320 0.0000000000
117539  -52.244  15.479  13.590 0.0000000000
91077  -52.325  16.009  12.227 0.0000000000
91741  -52.258  16.374  11.359 0.0000000000
127367  -47.641  16.120  10.776 0.0000000000
91085  -48.255  15.910  11.187 0.0000000000
91086  -49.106  16.047  11.182 0.0000000000
92435  -48.819  17.506  8.361 0.0000000000
91765  -49.672  16.732  9.943 0.0000000000
116813  -50.179  16.572  10.417 0.0000000000
91756  -51.213  16.599  10.728 0.0000000000
136796  -51.801  17.019  10.206 0.0000000000
91767  -52.987  17.284  10.140 0.0000000000
92428  -53.248  17.807  9.419 0.0000000000
92438  -53.651  18.543  8.815 0.0000000000
93079  -54.054  19.353  8.407 0.0000000000
125690  -53.784  20.042  7.674 0.0000000000
93090  -54.212  19.762  7.694 0.0000000000
93699  -54.225  19.588  6.293 0.0000000000
93708  -53.757  19.938  6.029 0.0000000000
94306  -53.576  20.987  4.427 0.0000000000
95988  -40.562  23.505  7.188 0.0000000000
95399  -40.935  22.038  6.901 0.0000000000
124004  -41.130  21.798  6.099 0.0000000000
102989  -44.051  36.117  3.684 0.0000000000
101989  -44.701  33.478  3.155 0.0000000000
101437  -45.904  32.668  2.515 0.0000000000
101436  -44.948  32.787  2.802 0.0000000000
100200  -44.487  30.977  2.598 0.0000000000
99587  -44.109  29.989  2.705 0.0000000000
99577  -44.279  29.088  3.084 0.0000000000
100214  -48.391  30.292  2.366 0.0000000000
99591  -47.237  29.603  2.201 0.0000000000
99590  -46.354  29.188  2.198 0.0000000000
99004  -45.512  28.251  1.742 0.0000000000
99005  -45.924  28.763  1.993 0.0000000000
99589  -45.636  28.900  2.334 0.0000000000
98996  -45.023  28.495  2.697 0.0000000000
98985  -44.510  28.226  3.363 0.0000000000
132869  -44.203  27.937  3.941 0.0000000000
97862  -43.499  26.548  3.532 0.0000000000
134397  -42.466  25.664  3.749 0.0000000000
96605  -41.426  24.573  4.040 0.0000000000
96613  -42.389  24.324  2.695 0.0000000000
96013  -41.949  23.420  3.011 0.0000000000
96007  -41.223  23.690  3.877 0.0000000000
94869  -41.524  22.236  4.384 0.0000000000
94852  -41.510  21.737  5.245 0.0000000000
94853  -42.358  21.079  5.436 0.0000000000
94284  -43.225  20.602  5.571 0.0000000000
127853  -44.292  20.418  5.678 0.0000000000
123516  -45.172  20.490  5.527 0.0000000000
94872  -45.163  21.260  3.989 0.0000000000
94301  -45.753  20.819  4.976 0.0000000000
94286  -46.599  20.620  5.587 0.0000000000
94287  -47.330  20.925  5.361 0.0000000000
118608  -48.022  20.872  5.778 0.0000000000
94288  -48.707  21.103  5.838 0.0000000000
125124  -46.837  22.315  1.170 0.0000000000
94917  -47.281  21.825  1.653 0.0000000000
94904  -48.563  21.772  2.371 0.0000000000
95438  -49.137  22.160  1.635 0.0000000000
131444  -48.885  21.725  3.125 0.0000000000
94891  -49.592  21.933  3.531 0.0000000000
94877  -49.789  21.813  4.530 0.0000000000
94857  -50.217  21.671  5.553 0.0000000000
94879  -52.070  22.306  5.365 0.0000000000
94859  -53.400  22.207  5.647 0.0000000000
117419  -53.619  22.668  2.884 0.0000000000
95428  -53.989  22.605  4.077 0.0000000000
94861  -54.384  22.160  5.155 0.0000000000
94881  -54.578  22.114  4.685 0.0000000000
117758  -52.243  20.719  2.353 0.0000000000
94346  -52.178  20.438  0.277 0.0000000000
94356  -54.169  20.928  -1.157 0.0000000000
94355  -53.268  20.486  -1.019 0.0000000000
94354  -51.448  20.069  -0.489 0.0000000000
93758  -50.856  19.680  -1.302 0.0000000000
94375  -52.690  20.427  -3.977 0.0000000000
114462  -53.081  19.589  -5.495 0.0000000000
119139  -51.131  19.948  -7.167 0.0000000000
114460  -52.624  19.366  -7.140 0.0000000000
93184  -53.334  18.716  -6.422 0.0000000000
93183  -52.328  18.273  -5.775 0.0000000000
93174  -49.964  17.679  -4.098 0.0000000000
93181  -49.400  17.580  -4.137 0.0000000000
93789  -48.101  19.100  -4.333 0.0000000000
97926  -50.479  26.252  -5.778 0.0000000000
97270  -49.116  25.181  -5.463 0.0000000000
96656  -48.454  24.495  -5.266 0.0000000000
135073  -47.893  25.425  -5.553 0.0000000000
97273  -47.967  24.683  -5.346 0.0000000000
116393  -47.754  23.501  -4.935 0.0000000000
126365  -46.613  22.854  -3.745 0.0000000000
96648  -45.319  24.710  -2.668 0.0000000000
132087  -45.437  21.517  -3.263 0.0000000000
124226  -45.143  20.939  -3.342 0.0000000000
90334  -53.079  14.296  15.395 0.0000000000
90359  -53.950  14.968  12.605 0.0000000000
91032  -47.743  15.560  14.551 0.0000000000
91058  -47.540  15.802  12.654 0.0000000000
91062  -52.893  15.522  13.156 0.0000000000
91722  -46.056  16.694  13.273 0.0000000000
91739  -46.923  16.140  11.026 0.0000000000
91742  -53.156  16.476  11.233 0.0000000000
91754  -48.487  16.252  10.557 0.0000000000
91755  -49.380  16.397  10.497 0.0000000000
91757  -52.480  16.756  10.723 0.0000000000
91763  -46.434  16.784  10.054 0.0000000000
92385  -45.986  17.746  14.263 0.0000000000
92396  -46.170  16.928  14.024 0.0000000000
93080  -54.305  19.258  7.949 0.0000000000
93085  -47.514  18.360  7.229 0.0000000000
93089  -53.375  19.727  8.060 0.0000000000
93190  -52.715  18.644  -6.948 0.0000000000
93688  -54.082  20.022  7.189 0.0000000000
93691  -44.683  19.440  6.742 0.0000000000
93715  -50.308  19.085  4.069 0.0000000000
93780  -52.334  18.883  -3.716 0.0000000000
93792  -53.175  19.321  -5.440 0.0000000000
94273  -41.755  21.231  6.136 0.0000000000
94285  -45.866  20.345  5.835 0.0000000000
94289  -49.569  21.270  6.075 0.0000000000
94292  -54.331  21.738  5.430 0.0000000000
94305  -53.743  20.639  5.314 0.0000000000
94347  -53.729  20.919  0.002 0.0000000000
94846  -41.377  21.473  6.702 0.0000000000
94856  -49.130  21.452  5.193 0.0000000000
94858  -51.475  21.899  5.949 0.0000000000
94860  -54.089  21.938  5.784 0.0000000000
94870  -42.301  21.562  4.498 0.0000000000
94876  -48.719  21.575  4.073 0.0000000000
94880  -54.392  21.768  4.073 0.0000000000
94885  -42.726  21.816  3.666 0.0000000000
94903  -47.688  21.630  2.294 0.0000000000
94908  -54.784  22.133  1.445 0.0000000000
94915  -45.622  21.773  2.188 0.0000000000
94919  -54.892  21.924  1.058 0.0000000000
94926  -54.769  21.796  0.200 0.0000000000
94927  -54.864  22.079  0.860 0.0000000000
95385  -41.250  22.768  8.295 0.0000000000
95393  -40.843  22.756  7.476 0.0000000000
95403  -54.134  22.205  5.457 0.0000000000
95412  -40.997  22.929  4.351 0.0000000000
95415  -54.121  22.437  4.975 0.0000000000
95424  -43.122  22.151  2.956 0.0000000000
95429  -54.459  22.278  4.349 0.0000000000
95437  -44.316  22.331  2.147 0.0000000000
95440  -51.201  22.519  2.473 0.0000000000
95442  -54.598  22.246  2.276 0.0000000000
95496  -53.018  21.754  -1.867 0.0000000000
95497  -54.008  21.734  -1.888 0.0000000000
95995  -40.425  23.582  6.309 0.0000000000
96020  -42.682  23.645  2.464 0.0000000000
96606  -41.773  24.370  3.365 0.0000000000
96629  -45.541  25.040  0.260 0.0000000000
96630  -46.019  24.443  0.106 0.0000000000
97214  -41.914  25.179  3.872 0.0000000000
97230  -43.498  25.356  1.903 0.0000000000
97274  -48.706  25.041  -5.541 0.0000000000
97843  -43.268  27.032  5.285 0.0000000000
97861  -42.953  26.242  4.057 0.0000000000
97896  -45.500  26.471  0.219 0.0000000000
97897  -45.982  26.393  -0.323 0.0000000000
97925  -48.581  25.616  -6.142 0.0000000000
97927  -50.896  26.814  -6.064 0.0000000000
97931  -48.149  26.669  -6.366 0.0000000000
97934  -50.630  26.841  -6.283 0.0000000000
97937  -50.003  26.552  -6.496 0.0000000000
98410  -43.544  27.500  4.872 0.0000000000
98416  -43.965  27.443  4.199 0.0000000000
98428  -44.024  27.007  3.837 0.0000000000
98429  -44.369  27.525  3.488 0.0000000000
98443  -45.077  27.670  1.325 0.0000000000
98456  -45.831  27.075  0.020 0.0000000000
98488  -51.151  27.591  -6.122 0.0000000000
98493  -49.169  27.130  -6.602 0.0000000000
98997  -45.493  28.387  2.219 0.0000000000
99049  -49.664  28.343  -6.323 0.0000000000
99050  -50.868  28.293  -6.161 0.0000000000
100207  -52.437  30.859  2.338 0.0000000000
100224  -48.203  30.305  1.208 0.0000000000
100228  -52.442  31.055  0.995 0.0000000000
100239  -52.911  30.713  -0.794 0.0000000000
100240  -53.301  30.594  -1.899 0.0000000000
100839  -49.964  30.651  3.777 0.0000000000
100841  -52.334  31.053  2.677 0.0000000000
100859  -52.703  31.233  0.249 0.0000000000
100866  -53.202  30.918  -1.088 0.0000000000
100880  -53.333  30.920  -2.180 0.0000000000
101484  -53.183  31.960  -2.043 0.0000000000
101993  -48.828  32.812  2.888 0.0000000000
102005  -51.079  32.504  1.998 0.0000000000
102016  -51.349  33.424  0.275 0.0000000000
102028  -53.022  33.298  -1.824 0.0000000000
102043  -52.491  34.733  -1.498 0.0000000000
102517  -48.341  33.758  2.746 0.0000000000
102559  -52.010  35.823  -1.516 0.0000000000
102997  -41.096  35.627  2.438 0.0000000000
102998  -42.040  35.774  2.852 0.0000000000
103000  -47.097  35.590  2.750 0.0000000000
103004  -38.515  35.966  1.811 0.0000000000
103013  -50.083  36.999  -0.300 0.0000000000
103020  -49.752  39.022  -0.997 0.0000000000
103022  -51.740  37.354  -1.173 0.0000000000
103036  -48.391  37.999  -2.166 0.0000000000
103448  -36.083  36.444  4.033 0.0000000000
103455  -44.321  36.849  3.779 0.0000000000
103458  -46.727  36.632  4.079 0.0000000000
103463  -36.623  36.560  2.497 0.0000000000
103468  -46.911  37.588  4.345 0.0000000000
103469  -46.906  36.889  3.660 0.0000000000
103473  -36.690  36.924  1.672 0.0000000000
103474  -37.527  36.851  1.331 0.0000000000
103483  -38.159  37.126  0.986 0.0000000000
103488  -48.791  38.087  -0.569 0.0000000000
103905  -44.719  37.726  3.900 0.0000000000
103911  -34.356  37.543  2.526 0.0000000000
103915  -45.878  39.301  4.410 0.0000000000
103921  -34.681  37.991  1.839 0.0000000000
103923  -36.056  37.526  1.358 0.0000000000
103926  -42.420  38.453  2.201 0.0000000000
103927  -46.581  38.598  3.192 0.0000000000
103932  -36.383  38.100  0.830 0.0000000000
103933  -37.688  37.579  0.842 0.0000000000
103934  -38.474  37.718  0.754 0.0000000000
103936  -40.104  37.923  0.888 0.0000000000
104373  -35.026  38.443  1.220 0.0000000000
104378  -45.993  40.316  2.890 0.0000000000
104382  -34.930  39.207  1.140 0.0000000000
104385  -37.476  39.019  0.529 0.0000000000
104386  -38.829  38.439  0.599 0.0000000000
104407  -44.833  39.126  -1.822 0.0000000000
104815  -45.565  40.864  3.862 0.0000000000
104826  -35.557  39.655  0.902 0.0000000000
104830  -39.813  39.329  0.623 0.0000000000
105279  -44.380  40.533  0.822 0.0000000000
105282  -44.368  40.103  -0.633 0.0000000000
105685  -37.404  41.935  1.105 0.0000000000
105691  -39.593  42.005  0.601 0.0000000000
105693  -43.951  42.712  1.458 0.0000000000
105694  -44.074  42.439  1.439 0.0000000000
106089  -36.485  42.233  2.268 0.0000000000
106547  -39.667  44.317  2.089 0.0000000000
106548  -40.128  44.552  1.942 0.0000000000
106968  -40.896  44.773  1.563 0.0000000000
107400  -42.867  47.829  2.373 0.0000000000
107460  -46.811  46.341  -5.735 0.0000000000
107461  -48.390  46.512  -5.789 0.0000000000
107799  -42.075  47.117  2.349 0.0000000000
107813  -43.870  47.924  0.951 0.0000000000
108185  -42.662  48.435  2.151 0.0000000000
108186  -43.202  48.669  2.121 0.0000000000
108197  -41.997  49.292  1.197 0.0000000000
108208  -40.479  48.205  -0.640 0.0000000000
108209  -41.230  48.909  -0.441 0.0000000000
108210  -43.452  48.808  0.471 0.0000000000
108217  -41.648  48.888  -1.155 0.0000000000
108564  -42.625  49.722  0.910 0.0000000000
108565  -42.828  49.553  0.344 0.0000000000
108577  -42.276  49.834  0.096 0.0000000000
108585  -41.858  49.487  -0.534 0.0000000000
108586  -42.176  49.616  -0.397 0.0000000000
114461  -53.011  18.894  -7.472 0.0000000000
114463  -51.780  19.224  -7.923 0.0000000000
114792  -37.199  35.596  3.790 0.0000000000
115060  -53.547  19.103  -6.654 0.0000000000
115884  -45.003  21.696  3.018 0.0000000000
116050  -52.450  22.664  1.960 0.0000000000
116225  -48.885  31.067  -1.754 0.0000000000
116581  -40.320  42.584  0.644 0.0000000000
117321  -44.090  33.664  3.409 0.0000000000
117556  -41.452  42.564  0.738 0.0000000000
118083  -41.044  22.400  4.868 0.0000000000
118575  -39.964  36.396  1.562 0.0000000000
118692  -54.408  22.358  3.300 0.0000000000
119578  -51.633  20.122  -6.039 0.0000000000
120900  -43.984  43.022  -3.293 0.0000000000
123011  -36.041  38.643  0.708 0.0000000000
123641  -44.308  19.939  6.352 0.0000000000
123935  -51.629  30.456  -1.409 0.0000000000
125093  -44.093  40.805  0.295 0.0000000000
125146  -40.573  22.816  6.635 0.0000000000
126007  -51.895  30.598  -2.076 0.0000000000
127282  -44.803  27.856  2.939 0.0000000000
127504  -54.654  22.201  2.407 0.0000000000
127874  -51.842  15.766  12.792 0.0000000000
128949  -52.608  21.952  6.115 0.0000000000
130635  -52.457  35.522  -1.106 0.0000000000
131119  -43.135  47.265  2.046 0.0000000000
131915  -43.726  31.513  2.936 0.0000000000
132480  -46.562  16.293  13.065 0.0000000000
132591  -47.374  28.489  -5.899 0.0000000000
132780  -50.842  30.731  3.695 0.0000000000
133174  -40.742  22.339  6.183 0.0000000000
133587  -47.826  46.386  -5.499 0.0000000000
133687  -54.577  22.209  0.220 0.0000000000
133857  -46.507  39.028  4.605 0.0000000000
134278  -43.893  24.683  1.538 0.0000000000
135174  -47.724  31.011  -3.014 0.0000000000
135501  -37.220  36.187  2.519 0.0000000000
135756  -51.451  19.166  -7.799 0.0000000000
136144  -45.832  40.133  4.283 0.0000000000
136476  -54.326  21.523  4.875 0.0000000000
137538  -40.504  41.032  0.653 0.0000000000
137764  -43.267  42.280  1.400 0.0000000000
138620  -35.650  37.435  1.771 0.0000000000
