#!ascii label  , from subject sub-v1s19x0051317_ses-1 vox2ras=TkReg
1925
126621  -34.902  -51.874  -33.551 0.5000000000
27420  -34.714  -51.695  -34.063 0.4000000060
26515  -34.599  -52.432  -34.257 0.6000000238
28333  -34.829  -50.474  -33.713 0.6000000238
116124  -35.119  -49.049  -31.940 0.6000000238
28322  -34.917  -50.186  -32.924 0.5000000000
116116  -35.246  -48.169  -31.690 0.6000000238
27419  -34.242  -51.585  -34.424 0.6999999881
26513  -33.215  -52.475  -34.406 0.6999999881
29313  -34.580  -49.936  -34.148 0.6999999881
29293  -34.945  -49.328  -32.852 0.6999999881
30280  -34.978  -48.440  -32.711 0.6999999881
116786  -35.626  -46.825  -30.960 0.5000000000
115708  -35.444  -47.206  -31.796 0.6999999881
30269  -35.613  -48.412  -30.697 0.5000000000
20604  -25.002  -58.109  -22.789 0.5000000000
27418  -33.285  -51.650  -34.470 0.6999999881
128196  -34.247  -50.119  -34.478 0.6999999881
30283  -34.812  -48.771  -33.596 0.6999999881
30295  -34.257  -48.656  -34.528 0.6999999881
31320  -34.885  -47.840  -33.519 0.6999999881
30296  -34.579  -49.122  -34.155 0.6999999881
117490  -34.585  -48.216  -34.186 0.6999999881
32365  -35.618  -46.048  -31.253 0.6000000238
23662  -32.971  -55.036  -29.624 0.6999999881
25602  -32.759  -53.395  -30.739 0.6999999881
27411  -32.618  -51.433  -34.022 0.6999999881
26505  -32.385  -52.002  -33.453 0.6999999881
20603  -24.162  -58.298  -22.963 0.6000000238
19729  -21.590  -59.413  -24.036 0.4000000060
28339  -32.912  -50.908  -34.402 0.6999999881
31315  -35.144  -47.530  -32.616 0.6999999881
32381  -35.338  -46.668  -32.554 0.6999999881
118936  -35.245  -45.935  -33.251 0.6999999881
33384  -35.778  -45.394  -31.150 0.6000000238
24638  -33.488  -54.653  -28.516 0.6999999881
24653  -33.249  -54.302  -29.411 0.6999999881
25613  -32.534  -53.046  -31.572 0.6999999881
24665  -33.071  -53.659  -30.064 0.6999999881
25592  -33.416  -53.343  -29.510 0.6999999881
123597  -26.057  -57.156  -23.080 0.6000000238
26471  -32.731  -52.474  -30.974 0.6999999881
27400  -32.374  -51.277  -33.241 0.6999999881
26484  -32.502  -52.156  -31.831 0.6999999881
26472  -33.082  -51.925  -30.414 0.6999999881
26459  -33.429  -52.394  -29.639 0.6999999881
21573  -22.423  -57.733  -24.372 0.5000000000
20601  -22.643  -58.717  -23.649 0.5000000000
31328  -34.170  -47.650  -34.683 0.6999999881
29310  -32.919  -49.190  -34.408 0.6999999881
28307  -33.050  -50.904  -30.595 0.6999999881
117440  -21.487  -58.734  -24.442 0.4000000060
32393  -34.923  -46.286  -34.175 0.6999999881
29301  -32.520  -49.819  -33.851 0.6999999881
28315  -32.567  -50.312  -32.026 0.6999999881
121780  -32.708  -50.832  -31.423 0.6999999881
19727  -20.057  -59.436  -24.716 0.4000000060
31327  -33.123  -47.509  -34.548 0.6999999881
29284  -32.761  -49.668  -31.731 0.6999999881
29275  -33.102  -49.345  -30.970 0.6999999881
116281  -35.113  -46.914  -33.459 0.6999999881
32392  -34.370  -46.618  -34.675 0.6999999881
31314  -32.739  -47.663  -32.770 0.6999999881
30279  -32.627  -48.522  -32.776 0.6999999881
33397  -35.423  -45.337  -32.502 0.6999999881
31319  -32.607  -47.290  -33.456 0.6999999881
34343  -35.992  -44.601  -31.059 0.6000000238
34354  -35.414  -44.516  -32.506 0.6999999881
34358  -35.045  -44.211  -33.281 0.6999999881
37113  -36.494  -41.470  -30.607 0.5000000000
36236  -37.047  -42.097  -30.342 0.5000000000
37086  -38.680  -41.433  -28.521 0.4000000060
36227  -38.225  -42.073  -29.157 0.5000000000
132187  -33.991  -52.588  -28.282 0.6999999881
23581  -26.717  -55.866  -23.575 0.6000000238
27393  -32.461  -51.213  -32.191 0.6999999881
21554  -23.550  -57.695  -23.546 0.5000000000
27375  -33.388  -51.413  -29.743 0.6999999881
32391  -33.613  -46.861  -34.762 0.6999999881
30282  -32.555  -48.882  -33.711 0.6999999881
33411  -35.013  -45.361  -34.128 0.6999999881
135924  -32.683  -46.108  -34.205 0.6999999881
37124  -35.486  -41.821  -31.585 0.6999999881
35326  -35.772  -43.967  -31.730 0.6999999881
36246  -35.875  -42.414  -31.384 0.6999999881
36245  -35.737  -42.999  -32.099 0.6999999881
37112  -35.937  -41.882  -30.969 0.6999999881
24596  -32.045  -55.014  -23.963 0.6999999881
24597  -32.924  -54.665  -24.371 0.6999999881
25526  -34.268  -53.579  -25.040 0.8000000119
26407  -34.513  -53.225  -25.627 0.8000000119
23586  -31.256  -55.168  -23.801 0.6000000238
24583  -31.380  -54.455  -23.711 0.6000000238
25525  -32.948  -53.863  -24.101 0.6000000238
26423  -34.548  -52.834  -26.482 0.8000000119
24582  -30.399  -54.733  -23.576 0.6000000238
24581  -29.579  -54.122  -23.572 0.6000000238
27363  -34.111  -51.972  -27.991 0.6999999881
23582  -28.183  -55.707  -23.612 0.6000000238
121978  -29.356  -54.943  -23.542 0.6000000238
23580  -25.801  -55.865  -23.737 0.6000000238
23602  -26.174  -55.104  -24.000 0.6000000238
27362  -33.636  -50.956  -29.043 0.6999999881
22579  -23.847  -56.914  -23.833 0.5000000000
22599  -24.246  -56.223  -24.193 0.6000000238
134723  -33.889  -51.320  -28.409 0.6999999881
29276  -33.219  -49.982  -30.407 0.6999999881
33410  -34.453  -45.674  -34.673 0.6999999881
124051  -32.928  -46.561  -34.429 0.6999999881
30275  -32.903  -48.941  -31.850 0.6999999881
36252  -34.478  -42.528  -33.170 0.8000000119
35332  -35.338  -43.660  -32.590 0.6999999881
33409  -33.574  -45.945  -34.827 0.6999999881
126156  -33.060  -48.096  -31.934 0.6999999881
119980  -34.573  -41.502  -32.185 0.8000000119
34364  -34.425  -44.734  -34.559 0.6999999881
34362  -32.850  -44.705  -34.500 0.6999999881
132679  -37.244  -41.348  -30.296 0.5000000000
38016  -38.753  -40.624  -28.857 0.5000000000
124083  -38.674  -39.960  -29.123 0.5000000000
37087  -39.278  -40.933  -28.006 0.4000000060
25509  -32.446  -53.226  -23.732 0.6000000238
118300  -34.045  -53.262  -24.538 0.6999999881
128128  -34.331  -52.107  -24.463 0.8000000119
26393  -34.442  -52.770  -24.894 0.8999999762
25508  -31.510  -53.629  -23.648 0.6000000238
28260  -34.780  -51.137  -25.843 0.8000000119
27341  -34.705  -51.941  -26.152 0.8000000119
117019  -34.563  -51.223  -26.752 0.8000000119
24580  -28.824  -54.310  -23.645 0.6000000238
24579  -27.522  -54.279  -23.911 0.6000000238
123811  -34.230  -51.252  -27.666 0.8000000119
22598  -23.507  -56.465  -24.501 0.6000000238
23601  -25.351  -55.293  -24.224 0.6000000238
24595  -26.555  -54.122  -24.215 0.6000000238
29255  -33.842  -49.791  -28.133 0.6999999881
21588  -22.248  -57.160  -24.883 0.5000000000
30259  -33.476  -48.793  -29.616 0.6999999881
30244  -33.650  -48.365  -28.666 0.6999999881
21587  -21.485  -57.496  -25.307 0.5000000000
136075  -22.882  -56.650  -24.809 0.5000000000
117711  -33.345  -49.325  -30.212 0.6999999881
30267  -33.272  -48.438  -31.036 0.6999999881
37128  -33.887  -41.767  -32.976 0.8000000119
35338  -34.754  -43.350  -33.410 0.8000000119
34363  -33.477  -44.489  -34.680 0.6999999881
34356  -32.543  -44.909  -34.120 0.6999999881
32380  -32.783  -46.832  -32.844 0.6999999881
127175  -33.956  -43.920  -34.498 0.6999999881
37099  -38.273  -41.164  -29.456 0.5000000000
26373  -31.498  -52.779  -23.643 0.6999999881
26374  -32.250  -52.290  -23.702 0.6999999881
26375  -33.168  -52.534  -23.816 0.6999999881
27317  -33.765  -51.823  -23.907 0.8000000119
27318  -34.386  -51.377  -24.395 0.8000000119
116665  -30.757  -53.236  -23.634 0.6999999881
132218  -32.898  -51.848  -23.698 0.8000000119
28240  -35.007  -49.933  -25.029 0.8000000119
138045  -29.681  -53.554  -23.671 0.6000000238
137035  -34.677  -50.603  -26.420 0.8000000119
25505  -28.223  -53.763  -23.898 0.6000000238
121555  -34.690  -49.901  -26.475 0.6999999881
23600  -24.581  -55.495  -24.477 0.6000000238
24593  -24.868  -54.719  -24.680 0.6000000238
29242  -33.888  -48.953  -28.031 0.8000000119
30234  -34.324  -48.588  -27.256 0.6999999881
22612  -23.168  -56.056  -25.128 0.6000000238
31272  -34.218  -47.689  -27.434 0.8000000119
22610  -21.760  -56.796  -25.643 0.4000000060
31310  -33.323  -47.745  -31.276 0.6999999881
135132  -33.419  -47.783  -30.657 0.6999999881
126792  -33.535  -47.210  -29.204 0.6999999881
20634  -18.966  -58.785  -26.087 0.4000000060
123695  -33.408  -47.150  -30.881 0.6999999881
121157  -33.468  -47.312  -29.981 0.6999999881
36258  -33.924  -42.804  -34.006 0.8000000119
134013  -33.213  -43.794  -34.521 0.8000000119
33391  -33.233  -45.758  -31.588 0.6999999881
34353  -32.588  -45.121  -33.311 0.6999999881
131171  -35.043  -41.308  -31.483 0.8000000119
37111  -35.693  -41.408  -30.941 0.6999999881
38047  -36.117  -40.786  -30.517 0.5000000000
38961  -38.875  -39.310  -28.899 0.5000000000
38978  -37.511  -40.177  -29.888 0.5000000000
38937  -40.115  -39.542  -27.744 0.4000000060
27305  -32.106  -51.405  -23.687 0.6000000238
27306  -33.131  -51.153  -23.625 0.6999999881
27307  -33.955  -50.928  -23.850 0.8000000119
28234  -34.671  -50.177  -24.520 0.8000000119
26372  -30.701  -52.452  -23.909 0.6999999881
26371  -29.939  -53.007  -23.791 0.6999999881
127357  -34.984  -49.539  -25.684 0.8000000119
25524  -28.404  -52.991  -24.214 0.6000000238
29213  -35.124  -49.244  -25.052 0.8000000119
25522  -26.485  -53.172  -24.539 0.6000000238
137736  -35.097  -48.044  -25.714 0.8000000119
29230  -34.751  -49.045  -26.450 0.8000000119
23616  -24.140  -54.952  -25.071 0.6000000238
24612  -25.132  -54.010  -24.833 0.6000000238
125711  -33.817  -47.808  -28.157 0.8999999762
32353  -33.501  -46.458  -29.397 0.8000000119
32342  -33.617  -46.806  -28.645 0.8000000119
22611  -22.461  -56.396  -25.378 0.5000000000
35307  -33.194  -43.645  -30.033 0.8000000119
32364  -33.438  -46.462  -30.341 0.6999999881
22621  -21.280  -56.558  -26.408 0.4000000060
37123  -33.106  -40.959  -32.995 0.8000000119
36257  -32.720  -42.723  -34.217 0.8000000119
36256  -31.644  -42.768  -33.947 0.8000000119
121245  -32.283  -44.157  -33.757 0.8000000119
34348  -33.181  -44.916  -31.469 0.6999999881
38057  -33.903  -40.785  -31.830 0.8000000119
35336  -32.160  -43.549  -34.097 0.8000000119
33390  -32.915  -45.428  -32.334 0.6999999881
35331  -31.736  -43.141  -33.747 0.8000000119
116331  -34.318  -40.274  -30.812 0.8000000119
135287  -30.825  -41.771  -33.662 0.8000000119
38998  -36.650  -40.093  -30.084 0.6000000238
38997  -35.495  -40.102  -30.219 0.6000000238
38979  -38.137  -39.519  -29.495 0.5000000000
28220  -31.498  -50.669  -23.699 0.6000000238
28223  -34.227  -50.075  -23.874 0.6999999881
26391  -30.055  -52.272  -24.381 0.6000000238
29198  -34.235  -49.310  -23.687 0.6999999881
29207  -34.748  -49.326  -24.343 0.6999999881
26370  -29.308  -52.742  -24.277 0.6000000238
27303  -30.642  -51.642  -24.261 0.6000000238
29195  -31.712  -49.771  -23.386 0.6000000238
26390  -29.497  -52.158  -24.906 0.6000000238
30203  -35.248  -47.976  -25.177 0.8000000119
126912  -25.769  -53.588  -24.675 0.6000000238
26388  -27.905  -52.622  -24.780 0.6000000238
29208  -35.124  -48.594  -24.754 0.6999999881
24611  -24.485  -54.101  -25.280 0.5000000000
30220  -34.790  -48.091  -26.411 0.8000000119
23625  -22.942  -54.871  -26.226 0.3000000119
33341  -33.744  -45.603  -27.986 0.8000000119
32325  -34.187  -46.776  -27.415 0.8000000119
138766  -33.502  -45.641  -29.201 0.8000000119
33360  -33.591  -46.030  -28.622 0.8000000119
37134  -31.974  -42.152  -33.935 0.8000000119
117689  -32.646  -44.526  -32.624 0.8000000119
34342  -33.237  -44.256  -30.702 0.8000000119
126701  -33.393  -45.065  -30.461 0.6999999881
35324  -31.620  -43.037  -33.128 0.8000000119
36244  -30.648  -42.071  -33.187 0.8000000119
119816  -34.629  -39.720  -30.207 0.6999999881
39984  -36.867  -38.570  -29.672 0.6000000238
40950  -39.549  -37.892  -28.470 0.3000000119
30185  -33.027  -49.019  -22.992 0.6999999881
30186  -33.869  -48.735  -23.229 0.6999999881
30187  -34.445  -48.066  -23.365 0.6999999881
27347  -26.993  -52.012  -27.752 0.5000000000
27316  -29.978  -51.586  -24.772 0.6000000238
134408  -30.320  -51.064  -24.512 0.6000000238
31225  -35.224  -47.016  -24.017 0.6999999881
26404  -26.041  -52.790  -25.081 0.5000000000
26406  -28.437  -52.242  -25.554 0.5000000000
32287  -35.534  -46.353  -24.590 0.6999999881
25553  -23.739  -53.710  -26.575 0.3000000119
25543  -25.088  -53.218  -25.397 0.5000000000
31231  -35.427  -47.216  -24.888 0.8000000119
33327  -35.252  -45.896  -26.121 0.8000000119
32311  -35.080  -46.684  -26.194 0.8000000119
34319  -33.570  -44.460  -28.495 0.8999999762
125968  -34.106  -45.092  -27.466 0.8999999762
33342  -34.122  -45.956  -27.421 0.8000000119
33326  -34.632  -45.547  -26.893 0.8000000119
22622  -21.964  -56.054  -26.120 0.4000000060
36225  -33.033  -42.896  -29.569 0.8999999762
127764  -33.442  -44.730  -29.533 0.8999999762
132563  -33.709  -44.951  -28.025 0.8999999762
38995  -32.340  -39.557  -31.218 0.8000000119
134113  -31.853  -40.642  -33.650 0.8000000119
35316  -32.210  -42.820  -31.834 0.8000000119
35325  -32.687  -43.791  -31.936 0.8000000119
38045  -32.941  -40.012  -31.701 0.8000000119
40000  -34.319  -39.005  -30.010 0.6999999881
38977  -36.262  -39.294  -29.837 0.6000000238
122268  -37.661  -37.110  -29.261 0.6000000238
40973  -38.089  -37.888  -29.268 0.6000000238
126476  -31.515  -48.849  -23.174 0.6000000238
114826  -32.257  -49.172  -23.102 0.6000000238
30175  -33.265  -48.267  -22.767 0.6999999881
115731  -30.838  -50.091  -23.737 0.6000000238
31215  -34.236  -47.435  -22.862 0.6999999881
28233  -30.240  -50.395  -24.265 0.6000000238
32258  -34.505  -46.691  -22.901 0.8000000119
135367  -27.356  -52.302  -26.410 0.6000000238
28232  -29.796  -50.853  -24.829 0.6000000238
31224  -34.720  -47.252  -23.375 0.6999999881
33309  -35.650  -45.442  -24.366 0.8000000119
25555  -24.871  -52.851  -26.383 0.4000000060
33319  -35.667  -45.723  -25.208 0.6999999881
25542  -24.255  -53.490  -26.024 0.4000000060
32298  -35.428  -46.562  -25.445 0.8000000119
35272  -34.064  -43.624  -27.540 0.8000000119
34283  -35.091  -44.341  -26.689 0.8000000119
35271  -33.629  -43.680  -28.190 0.8000000119
131578  -34.652  -44.880  -26.955 0.8000000119
36211  -32.669  -42.084  -29.172 0.8000000119
37122  -29.972  -40.988  -33.454 0.8000000119
37109  -29.986  -40.723  -31.445 0.8000000119
35317  -32.919  -43.439  -30.970 0.6999999881
38044  -31.208  -39.851  -32.719 0.8000000119
36233  -31.594  -42.128  -31.451 0.8000000119
38996  -33.657  -39.646  -30.594 0.8000000119
38043  -30.064  -39.972  -32.597 0.8000000119
39982  -34.979  -38.248  -29.768 0.6999999881
40970  -36.077  -37.320  -29.548 0.6999999881
120523  -36.699  -35.719  -29.814 0.6000000238
118569  -37.637  -35.590  -29.770 0.6000000238
137703  -30.393  -48.948  -23.615 0.6000000238
33277  -33.442  -46.092  -22.366 0.8000000119
32257  -33.915  -46.837  -22.538 0.6999999881
28258  -27.595  -50.629  -26.937 0.5000000000
28239  -29.125  -50.511  -25.207 0.5000000000
32272  -34.943  -46.567  -23.398 0.8000000119
27340  -28.124  -51.496  -26.405 0.5000000000
27324  -28.626  -51.830  -25.820 0.5000000000
33295  -34.821  -45.793  -22.957 0.8000000119
33296  -35.362  -45.167  -23.539 0.8000000119
27348  -27.547  -51.772  -27.066 0.5000000000
34263  -35.799  -44.524  -24.089 0.8000000119
132653  -35.979  -44.766  -25.075 0.8000000119
34264  -36.178  -43.850  -24.636 0.8000000119
125850  -35.604  -45.205  -25.740 0.8000000119
34284  -35.704  -44.516  -26.006 0.8000000119
35245  -36.123  -43.841  -25.514 0.8000000119
35256  -34.879  -43.501  -27.000 0.8000000119
36212  -33.372  -42.821  -28.596 0.8000000119
37121  -29.619  -40.538  -32.840 0.8000000119
37084  -32.173  -41.300  -29.157 0.8000000119
37097  -31.514  -41.489  -30.442 0.8999999762
38994  -30.567  -39.536  -31.406 0.8000000119
39981  -34.052  -38.146  -29.850 0.6999999881
39980  -33.245  -38.000  -29.920 0.6999999881
41915  -36.312  -36.482  -29.567 0.6999999881
40968  -33.778  -37.374  -29.815 0.6999999881
41913  -34.294  -36.656  -29.789 0.6999999881
42898  -34.794  -35.986  -29.963 0.6999999881
42899  -35.742  -35.854  -29.818 0.6999999881
130669  -31.106  -46.068  -22.907 0.8000000119
116088  -31.381  -48.008  -23.004 0.6000000238
121346  -31.822  -46.120  -22.652 0.6000000238
125919  -32.548  -46.292  -22.504 0.8000000119
32296  -27.684  -45.858  -25.915 0.6000000238
31240  -27.747  -47.606  -25.722 0.5000000000
29194  -29.971  -48.616  -23.785 0.6000000238
31221  -30.050  -47.757  -23.648 0.6000000238
33278  -34.136  -45.538  -22.342 0.8000000119
33340  -27.292  -45.374  -27.535 0.6000000238
32309  -27.493  -46.083  -26.743 0.6000000238
33318  -28.039  -45.518  -25.187 0.6000000238
124525  -28.681  -47.328  -24.594 0.5000000000
30194  -29.374  -48.035  -24.161 0.5000000000
36170  -26.540  -42.839  -26.767 0.5000000000
34281  -26.794  -43.655  -26.925 0.5000000000
34273  -27.461  -44.602  -26.061 0.6000000238
33317  -27.675  -45.188  -25.780 0.6000000238
29211  -28.269  -48.954  -25.471 0.5000000000
29204  -28.731  -48.467  -24.755 0.5000000000
33279  -35.010  -44.932  -22.954 0.8000000119
35229  -35.893  -43.636  -23.835 0.8000000119
35242  -27.007  -43.344  -26.070 0.5000000000
29212  -28.870  -49.487  -24.946 0.5000000000
36188  -26.273  -42.711  -27.794 0.4000000060
28238  -28.681  -51.101  -25.817 0.5000000000
35230  -36.228  -43.063  -24.322 0.6999999881
36172  -35.760  -42.343  -26.477 0.8000000119
35258  -36.148  -42.952  -25.940 0.8000000119
35246  -36.399  -43.124  -25.098 0.6999999881
37085  -32.908  -41.467  -28.323 0.8000000119
36189  -33.629  -42.207  -27.879 0.8000000119
36173  -36.274  -42.050  -25.950 0.8000000119
36171  -35.053  -42.583  -26.973 0.8000000119
37062  -34.338  -41.082  -27.328 0.8000000119
39997  -30.923  -38.737  -30.763 0.8999999762
38993  -29.933  -39.905  -31.482 0.8999999762
38029  -30.087  -40.384  -30.484 0.8000000119
38041  -29.791  -40.033  -30.876 1.0000000000
37083  -31.179  -40.832  -29.616 0.8000000119
39998  -32.241  -38.161  -30.259 0.8000000119
40967  -32.911  -37.410  -29.985 0.6999999881
33274  -30.740  -45.406  -23.030 0.8000000119
33276  -32.492  -45.492  -22.414 0.8000000119
127279  -32.916  -44.622  -22.122 0.8000000119
35244  -27.983  -44.150  -24.908 0.6000000238
129343  -30.438  -46.133  -23.286 0.6000000238
132455  -30.857  -46.737  -23.104 0.6000000238
130767  -33.409  -45.282  -22.216 0.8000000119
35191  -33.377  -43.739  -21.952 0.8000000119
35255  -27.196  -44.008  -26.305 0.5000000000
33307  -28.662  -45.530  -24.504 0.6000000238
33293  -29.728  -46.241  -23.709 0.6000000238
34224  -33.953  -44.665  -22.111 0.8000000119
34225  -34.712  -44.387  -22.553 0.8000000119
35193  -34.826  -43.472  -22.552 0.6999999881
36158  -27.368  -42.976  -25.332 0.5000000000
33308  -29.314  -45.511  -23.924 0.6000000238
32271  -30.199  -46.909  -23.487 0.6000000238
36169  -26.153  -42.281  -27.137 0.4000000060
36157  -26.778  -42.533  -25.838 0.4000000060
37030  -27.201  -42.111  -25.147 0.4000000060
36142  -27.755  -42.535  -24.653 0.4000000060
35212  -35.936  -42.913  -23.725 0.6999999881
37029  -26.578  -41.705  -25.593 0.4000000060
35227  -28.542  -43.903  -24.327 0.4000000060
36144  -36.440  -42.407  -24.729 0.6999999881
37008  -26.963  -41.286  -24.901 0.4000000060
36993  -28.040  -41.223  -23.856 0.5000000000
37949  -26.357  -40.903  -25.338 0.3000000119
37922  -27.808  -40.427  -23.618 0.5000000000
37010  -28.242  -42.053  -24.082 0.5000000000
37061  -33.653  -41.270  -27.678 0.8000000119
37041  -35.025  -41.243  -26.989 0.8000000119
37043  -36.372  -41.334  -25.937 0.8000000119
37042  -35.817  -41.463  -26.468 0.8000000119
39996  -29.933  -38.563  -30.716 0.8000000119
37990  -30.268  -40.011  -29.002 0.8000000119
37991  -31.039  -39.901  -28.413 0.8000000119
126356  -31.414  -40.421  -28.643 0.8000000119
37993  -32.905  -40.492  -27.804 0.8000000119
38935  -33.413  -39.693  -27.406 0.8000000119
39995  -29.162  -38.592  -30.275 1.0000000000
38934  -32.570  -39.522  -27.603 0.8000000119
39964  -29.107  -38.534  -29.212 0.8000000119
38933  -31.734  -39.330  -27.835 0.8000000119
40986  -32.039  -37.330  -30.305 0.8999999762
41935  -32.938  -36.387  -30.502 0.6999999881
41936  -33.874  -36.162  -30.253 0.6999999881
42921  -34.338  -35.581  -30.655 0.6999999881
42922  -35.273  -35.402  -30.428 0.6999999881
42900  -37.155  -35.017  -30.337 0.6000000238
43992  -35.729  -34.786  -31.070 0.6999999881
42942  -33.879  -35.296  -31.578 0.6999999881
122167  -37.612  -34.379  -31.119 0.6000000238
43993  -36.650  -34.520  -31.005 0.6000000238
34223  -31.940  -44.665  -22.448 0.8000000119
35190  -32.332  -43.870  -22.165 0.8000000119
34261  -28.328  -44.756  -24.730 0.5000000000
34244  -30.349  -44.702  -23.156 0.8000000119
35188  -30.686  -43.948  -22.854 0.8000000119
34222  -31.094  -44.679  -22.768 0.8000000119
35243  -27.527  -43.893  -25.520 0.5000000000
35228  -29.253  -44.017  -23.730 0.5000000000
35192  -34.067  -43.304  -22.115 0.6999999881
36143  -28.376  -42.935  -24.209 0.5000000000
35210  -29.963  -43.988  -23.290 0.6999999881
34243  -29.626  -44.740  -23.596 0.6999999881
36113  -33.509  -42.812  -21.923 0.6999999881
36115  -35.108  -42.544  -22.671 0.6999999881
36129  -35.720  -42.258  -23.325 0.6999999881
135232  -36.111  -41.739  -23.745 0.6999999881
116305  -36.327  -41.062  -23.856 0.6999999881
37936  -36.705  -40.801  -24.704 0.6999999881
37921  -27.130  -40.041  -23.999 0.4000000060
37963  -34.666  -40.495  -27.105 0.8000000119
37950  -36.634  -40.760  -25.620 0.6999999881
37994  -33.852  -40.469  -27.425 0.8000000119
40923  -34.187  -37.686  -26.798 0.6999999881
38931  -30.285  -38.918  -28.494 0.8000000119
40985  -30.107  -37.801  -30.885 0.8999999762
126061  -31.094  -37.962  -30.580 0.8999999762
40984  -29.155  -37.926  -30.612 0.8999999762
40983  -28.615  -38.005  -30.031 0.8000000119
40966  -28.675  -38.096  -29.485 0.8000000119
41882  -29.943  -37.275  -28.504 0.8000000119
42918  -30.851  -36.815  -31.272 0.8999999762
41932  -29.494  -37.246  -31.124 0.8000000119
41934  -32.021  -36.772  -30.627 0.8999999762
42919  -32.206  -36.297  -31.297 0.8000000119
42901  -38.563  -35.480  -29.627 0.4000000060
42920  -33.394  -35.857  -30.980 0.8000000119
121329  -32.983  -35.665  -31.941 0.6999999881
43991  -34.810  -35.046  -31.316 0.6999999881
44029  -37.068  -34.491  -32.729 0.5000000000
127799  -31.098  -43.236  -22.573 0.6999999881
36111  -31.788  -43.326  -22.268 0.8000000119
36110  -30.833  -42.457  -22.530 0.6999999881
36102  -33.002  -42.149  -21.766 0.6999999881
37009  -27.603  -41.668  -24.485 0.4000000060
36980  -29.853  -41.386  -22.655 0.6000000238
134137  -31.620  -42.651  -22.210 0.6999999881
36114  -34.333  -42.681  -22.217 0.6999999881
36983  -34.575  -41.898  -22.245 0.6999999881
36984  -35.294  -41.649  -22.716 0.6999999881
36996  -35.834  -41.332  -23.267 0.6999999881
37909  -28.935  -40.315  -22.784 0.5000000000
36985  -36.091  -40.519  -23.242 0.6999999881
38880  -28.260  -39.985  -23.075 0.4000000060
38890  -36.940  -40.024  -24.597 0.6999999881
39883  -27.068  -38.511  -23.459 0.3000000119
129563  -27.452  -39.000  -23.258 0.3000000119
38868  -28.728  -39.558  -22.651 0.5000000000
38936  -34.230  -39.770  -27.187 0.6999999881
38910  -35.932  -39.910  -26.509 0.6999999881
117918  -37.147  -39.388  -24.916 0.6999999881
134786  -28.615  -38.919  -22.538 0.4000000060
38909  -35.063  -39.830  -26.859 0.6999999881
38911  -36.619  -39.977  -26.049 0.6999999881
39926  -35.429  -39.092  -26.659 0.6999999881
39924  -33.938  -38.470  -26.962 0.6999999881
40948  -29.131  -37.848  -28.900 0.8000000119
39941  -30.660  -38.347  -28.187 0.8000000119
39942  -31.554  -38.519  -27.758 0.8000000119
39943  -32.326  -38.682  -27.464 0.8000000119
121191  -31.230  -37.950  -27.863 0.8000000119
41931  -28.587  -37.151  -30.398 0.8000000119
41947  -29.392  -36.702  -31.652 0.8000000119
42939  -30.776  -36.444  -31.945 0.8999999762
42953  -30.750  -36.263  -33.040 0.8000000119
42954  -32.778  -35.457  -33.019 0.8000000119
44013  -36.179  -34.250  -31.761 0.6999999881
129330  -37.030  -34.198  -31.851 0.6000000238
42941  -33.465  -35.137  -32.456 0.6999999881
44011  -34.323  -34.783  -32.405 0.6999999881
44055  -31.864  -35.055  -34.930 0.6999999881
37911  -30.339  -40.859  -22.211 0.6000000238
36971  -31.106  -41.106  -21.930 0.6000000238
36972  -31.888  -41.332  -21.767 0.6999999881
36973  -32.668  -41.366  -21.657 0.6999999881
36974  -33.390  -41.572  -21.706 0.6999999881
36103  -33.813  -42.094  -21.894 0.6999999881
36979  -29.179  -41.083  -22.977 0.5000000000
36109  -30.086  -42.199  -22.852 0.6000000238
37901  -33.428  -40.814  -21.600 0.6999999881
36975  -34.058  -41.368  -21.808 0.6999999881
38878  -26.996  -39.231  -23.731 0.3000000119
38869  -29.406  -39.825  -22.419 0.5000000000
37910  -29.626  -40.598  -22.515 0.5000000000
37898  -30.881  -40.292  -21.850 0.6000000238
37913  -35.522  -40.790  -22.732 0.6999999881
128668  -29.181  -39.092  -22.326 0.5000000000
38853  -29.869  -39.277  -22.076 0.6000000238
38872  -36.379  -39.715  -23.245 0.6999999881
39910  -37.245  -38.588  -25.206 0.6999999881
38881  -36.853  -39.536  -24.037 0.6999999881
122390  -36.953  -39.245  -25.731 0.6999999881
40864  -28.633  -37.501  -22.324 0.3000000119
127465  -35.772  -38.303  -26.446 0.6999999881
39922  -31.805  -37.890  -27.629 0.8000000119
39923  -32.459  -37.938  -27.366 0.8000000119
40922  -33.271  -37.918  -27.076 0.6999999881
40924  -35.107  -37.542  -26.575 0.6999999881
41893  -29.912  -36.530  -28.534 0.8000000119
41885  -32.317  -36.459  -27.601 0.8000000119
41946  -28.532  -36.614  -31.007 0.8000000119
124053  -28.513  -36.471  -29.911 0.8000000119
42885  -29.092  -36.427  -29.134 0.8000000119
41883  -30.784  -36.803  -28.169 0.8000000119
42938  -29.348  -36.382  -32.398 0.8000000119
44010  -28.437  -34.045  -31.106 0.8000000119
43972  -29.532  -34.608  -29.585 0.8000000119
43989  -29.994  -34.006  -29.816 0.8000000119
45103  -29.989  -33.647  -30.568 0.8000000119
44028  -36.383  -34.442  -33.110 0.6000000238
124396  -35.700  -34.360  -33.278 0.6999999881
44039  -31.308  -35.589  -34.538 0.8000000119
44025  -33.523  -34.926  -33.413 0.6000000238
130080  -31.736  -34.227  -35.362 0.6999999881
45147  -32.768  -34.596  -35.182 0.6000000238
44042  -34.056  -34.676  -34.130 0.6000000238
37899  -31.787  -40.543  -21.676 0.6000000238
38854  -30.630  -39.453  -21.830 0.6000000238
38857  -33.965  -39.973  -21.576 0.6999999881
129229  -34.215  -40.676  -21.767 0.6999999881
38855  -31.475  -39.626  -21.649 0.6000000238
38858  -34.625  -39.474  -21.740 0.6999999881
121615  -34.726  -40.155  -21.926 0.6999999881
37902  -35.276  -40.268  -22.330 0.6999999881
39849  -29.595  -38.520  -22.037 0.4000000060
125961  -32.073  -38.892  -21.456 0.5000000000
39854  -34.065  -39.034  -21.402 0.6999999881
38871  -35.824  -39.950  -22.691 0.6999999881
39851  -31.178  -38.753  -21.618 0.5000000000
124996  -36.528  -38.382  -22.927 0.6999999881
39884  -36.678  -38.958  -23.361 0.6999999881
41810  -29.490  -36.998  -21.911 0.3000000119
40854  -29.990  -37.837  -21.795 0.4000000060
119717  -34.791  -38.343  -26.682 0.6999999881
39899  -37.102  -38.803  -24.263 0.6999999881
41809  -28.632  -36.395  -22.290 0.3000000119
42807  -29.408  -36.041  -22.006 0.3000000119
39927  -36.764  -38.268  -25.981 0.6999999881
40925  -36.070  -37.481  -26.320 0.6999999881
132276  -37.263  -37.746  -25.333 0.6999999881
138525  -31.148  -36.331  -27.993 0.8000000119
42862  -34.035  -36.328  -27.083 0.6999999881
41869  -34.514  -36.866  -26.797 0.6999999881
41853  -36.832  -36.554  -25.905 0.6999999881
41871  -36.216  -36.155  -26.310 0.6999999881
42886  -29.889  -35.797  -28.637 0.8000000119
41868  -33.688  -37.018  -27.079 0.6999999881
42864  -35.505  -35.746  -26.643 0.6999999881
42878  -35.716  -34.963  -26.814 0.6999999881
42917  -28.441  -35.876  -30.492 0.8000000119
42896  -29.012  -35.528  -29.453 0.8000000119
42887  -30.922  -35.473  -28.337 0.8000000119
42874  -31.552  -35.968  -27.854 0.8000000119
42875  -32.509  -35.700  -27.653 0.8000000119
43954  -34.424  -34.718  -27.482 0.8000000119
43955  -35.262  -34.498  -27.312 0.6999999881
44009  -27.878  -35.007  -31.951 0.8000000119
43973  -30.641  -34.316  -29.301 0.8000000119
43974  -31.709  -34.105  -29.169 0.8000000119
43965  -33.193  -34.314  -28.328 0.8000000119
42937  -28.172  -36.031  -31.573 0.8000000119
43988  -28.978  -34.216  -30.192 0.8000000119
43990  -31.027  -33.808  -29.837 0.8000000119
43976  -33.715  -33.611  -28.947 0.8000000119
42952  -29.481  -36.118  -33.385 0.8000000119
45095  -32.149  -33.621  -29.793 0.8000000119
45096  -33.101  -33.316  -29.706 0.8000000119
44038  -28.403  -35.020  -34.178 0.8000000119
45119  -30.979  -33.151  -31.296 0.8000000119
42964  -29.485  -35.696  -34.165 0.8000000119
115905  -36.969  -34.774  -33.832 0.5000000000
44043  -35.055  -34.371  -33.844 0.6000000238
44052  -28.230  -34.214  -34.771 0.8000000119
45145  -29.397  -34.267  -35.223 0.8000000119
44044  -36.174  -34.464  -34.063 0.6000000238
44058  -35.579  -34.211  -34.522 0.6000000238
129827  -33.451  -34.620  -35.015 0.6000000238
44057  -34.598  -34.313  -34.468 0.6000000238
38856  -32.350  -39.788  -21.528 0.6999999881
37900  -32.596  -40.593  -21.560 0.6999999881
122605  -33.069  -39.089  -21.368 0.6999999881
39855  -34.949  -38.766  -21.800 0.6999999881
39852  -32.686  -38.132  -21.342 0.5000000000
127851  -34.525  -38.096  -21.556 0.6999999881
120196  -30.444  -37.106  -21.606 0.4000000060
41797  -31.020  -36.360  -21.495 0.4000000060
124661  -31.286  -37.219  -21.430 0.5000000000
39871  -36.124  -39.020  -22.634 0.6999999881
39885  -36.970  -38.244  -23.552 0.6999999881
42791  -29.923  -35.662  -21.898 0.3000000119
131286  -31.160  -35.635  -21.597 0.3000000119
41798  -31.913  -36.697  -21.345 0.5000000000
41813  -36.470  -37.034  -22.386 0.6999999881
40880  -37.212  -37.487  -23.755 0.6999999881
131942  -28.907  -35.636  -22.288 0.3000000119
123157  -30.901  -35.084  -21.873 0.3000000119
120075  -37.382  -36.836  -23.965 0.6999999881
43875  -30.611  -34.478  -22.410 0.3000000119
42848  -37.456  -35.723  -25.130 0.6999999881
123527  -33.230  -35.453  -27.513 0.8000000119
42863  -34.709  -36.053  -26.869 0.6999999881
42876  -34.011  -35.551  -27.248 0.6999999881
42877  -34.900  -35.257  -27.012 0.6999999881
43956  -36.087  -34.276  -27.129 0.6999999881
43971  -28.663  -34.958  -30.034 0.8000000119
43963  -31.286  -34.723  -28.666 0.8000000119
42889  -33.594  -34.845  -27.672 0.6999999881
43987  -28.308  -34.990  -30.887 0.8000000119
43967  -34.883  -34.019  -27.900 0.8000000119
43975  -32.701  -33.872  -29.045 0.8000000119
45105  -33.945  -32.971  -29.719 0.8000000119
45118  -27.989  -33.979  -32.302 0.8000000119
44023  -27.893  -34.854  -33.182 0.8000000119
45134  -29.360  -33.257  -31.746 0.8000000119
115287  -31.528  -33.405  -30.523 0.8000000119
45121  -32.992  -32.736  -31.125 0.8000000119
123919  -28.001  -34.210  -34.076 0.8000000119
45132  -27.940  -33.741  -33.509 0.8000000119
46191  -30.753  -32.656  -32.036 0.8000000119
46161  -33.705  -32.559  -31.116 0.8000000119
45161  -30.533  -33.604  -35.478 0.8000000119
40855  -30.829  -37.920  -21.603 0.5000000000
39853  -33.641  -38.178  -21.318 0.6000000238
125248  -32.366  -37.346  -21.316 0.5000000000
40858  -34.144  -37.365  -21.366 0.6999999881
133784  -34.947  -37.312  -21.702 0.6999999881
41812  -35.778  -37.236  -21.979 0.6999999881
124645  -32.815  -36.666  -21.276 0.6000000238
41800  -34.571  -36.729  -21.517 0.6999999881
43858  -30.152  -35.094  -22.055 0.3000000119
126551  -31.642  -35.180  -21.620 0.3000000119
41811  -35.281  -36.559  -21.717 0.6999999881
43874  -29.611  -34.581  -22.578 0.3000000119
129378  -33.302  -33.525  -22.145 0.3000000119
41801  -36.838  -36.025  -22.258 0.6999999881
40867  -37.125  -36.791  -23.021 0.6999999881
45041  -30.668  -33.056  -24.076 0.3000000119
45010  -31.286  -33.250  -23.561 0.3000000119
44981  -31.667  -33.633  -22.769 0.3000000119
45012  -33.297  -32.967  -22.849 0.3000000119
47040  -30.224  -32.185  -25.172 0.3000000119
41854  -37.236  -36.278  -25.401 0.6999999881
127919  -36.844  -35.051  -26.105 0.6999999881
43968  -35.705  -33.838  -27.712 0.8000000119
45088  -34.588  -33.590  -28.607 0.8000000119
46151  -34.777  -32.802  -29.768 0.8000000119
45133  -28.351  -33.045  -32.829 0.8000000119
46190  -29.541  -32.509  -32.653 0.8000000119
46192  -31.801  -32.246  -32.404 0.8000000119
46173  -32.504  -32.519  -31.766 0.8000000119
46174  -33.422  -32.335  -31.896 0.8000000119
45144  -28.145  -33.139  -35.117 0.8000000119
133332  -30.680  -32.138  -32.677 0.8000000119
131523  -31.415  -33.182  -35.550 0.6000000238
41799  -33.800  -36.534  -21.314 0.6000000238
134281  -34.660  -35.913  -21.516 0.6000000238
42808  -36.129  -36.390  -21.904 0.6999999881
44964  -32.850  -34.083  -21.946 0.4000000060
42780  -35.236  -35.041  -21.479 0.6000000238
42797  -36.412  -35.511  -21.680 0.6999999881
44955  -35.720  -33.693  -21.231 0.4000000060
42798  -36.986  -35.060  -21.653 0.6999999881
42809  -37.423  -35.275  -22.439 0.6999999881
41822  -37.486  -36.184  -23.746 0.6999999881
128270  -33.938  -32.432  -23.075 0.3000000119
44967  -36.620  -33.208  -21.357 0.4000000060
43877  -37.503  -34.218  -21.697 0.6000000238
43910  -37.984  -34.857  -24.018 0.6999999881
42835  -37.669  -35.623  -24.349 0.6999999881
119226  -37.387  -35.057  -25.619 0.6999999881
43911  -38.245  -34.228  -24.619 0.6999999881
43947  -37.408  -34.444  -26.305 0.6999999881
43958  -37.698  -33.841  -26.807 0.6999999881
43966  -34.060  -34.168  -28.132 0.8000000119
45089  -35.389  -33.475  -28.412 0.8000000119
45104  -33.455  -32.861  -30.423 0.8000000119
46163  -35.291  -32.401  -30.426 0.8000000119
46172  -31.687  -32.658  -31.684 0.8000000119
47138  -34.055  -31.926  -32.210 0.8000000119
46199  -27.894  -32.143  -34.230 0.8000000119
47156  -29.648  -31.664  -33.417 0.8000000119
47157  -31.213  -31.644  -33.162 0.8000000119
46193  -32.771  -32.189  -32.419 0.8000000119
45163  -33.515  -33.700  -35.264 0.6000000238
45160  -29.196  -32.825  -35.398 0.8000000119
46218  -31.853  -32.439  -35.709 0.6000000238
46217  -30.254  -32.058  -35.710 0.6999999881
47197  -30.345  -30.813  -35.917 0.6999999881
132824  -33.895  -35.729  -21.326 0.6000000238
42779  -34.349  -35.098  -21.363 0.6000000238
44983  -34.039  -33.240  -22.017 0.3000000119
135012  -36.579  -34.766  -21.335 0.6000000238
46043  -34.358  -32.645  -22.334 0.3000000119
44966  -35.554  -33.335  -21.522 0.3000000119
44956  -36.614  -33.635  -21.166 0.5000000000
44985  -36.316  -33.038  -21.858 0.3000000119
46025  -37.137  -32.809  -21.186 0.5000000000
43886  -37.894  -34.605  -22.954 0.6999999881
47080  -33.186  -31.551  -24.711 0.3000000119
47024  -34.860  -31.577  -23.480 0.3000000119
117653  -38.531  -32.067  -22.950 0.4000000060
48038  -33.032  -30.998  -25.447 0.3000000119
45057  -38.460  -33.593  -25.200 0.6000000238
45083  -38.332  -33.346  -27.080 0.6000000238
132743  -38.587  -33.325  -26.563 0.6000000238
45081  -36.597  -33.694  -27.564 0.8000000119
45082  -37.499  -33.540  -27.388 0.6999999881
45084  -38.991  -32.886  -26.915 0.6000000238
45090  -36.232  -33.320  -28.245 0.8000000119
121025  -37.148  -33.183  -28.072 0.6999999881
45091  -38.040  -32.984  -27.827 0.6999999881
120323  -35.095  -33.078  -29.074 0.8000000119
45098  -35.898  -32.935  -28.923 0.8000000119
46146  -36.766  -32.788  -28.768 0.6999999881
46147  -37.677  -32.614  -28.555 0.6999999881
46148  -38.552  -32.359  -28.228 0.6999999881
46162  -34.350  -32.573  -30.597 0.8000000119
46152  -35.610  -32.667  -29.670 0.8000000119
47117  -36.963  -31.967  -30.024 0.6999999881
46154  -37.314  -32.279  -29.293 0.6999999881
46176  -34.992  -32.070  -31.203 0.8000000119
47128  -36.601  -31.611  -30.710 0.6999999881
47129  -37.396  -31.330  -30.414 0.6999999881
122498  -27.937  -32.807  -33.741 0.8000000119
47173  -28.438  -31.603  -34.027 0.8000000119
47140  -35.469  -31.473  -31.655 0.8000000119
47175  -30.382  -30.972  -33.977 0.8000000119
48116  -32.831  -30.935  -33.294 0.8000000119
47160  -34.292  -31.291  -32.555 0.8000000119
45139  -27.725  -33.157  -34.450 0.8000000119
47174  -29.035  -31.057  -34.404 0.8000000119
48115  -31.768  -31.019  -33.614 0.8000000119
46208  -28.060  -32.232  -34.789 0.8000000119
47188  -28.397  -31.584  -34.583 0.8000000119
48148  -29.624  -29.876  -35.220 0.6999999881
46219  -32.966  -32.654  -35.596 0.6000000238
133757  -33.381  -31.902  -35.708 0.6000000238
133068  -28.792  -31.695  -35.449 0.8000000119
47196  -29.281  -30.761  -35.401 0.6999999881
134571  -30.606  -30.317  -36.045 0.6999999881
44969  -37.053  -33.376  -20.861 0.5000000000
46070  -34.688  -32.151  -22.915 0.3000000119
46045  -37.557  -32.239  -21.517 0.4000000060
46047  -38.158  -32.567  -22.068 0.5000000000
43887  -38.243  -33.972  -23.592 0.6000000238
47025  -35.888  -31.243  -23.364 0.3000000119
126463  -38.414  -33.050  -23.157 0.5000000000
45043  -38.484  -33.229  -24.188 0.6000000238
47046  -35.484  -31.029  -24.316 0.3000000119
47026  -37.335  -31.695  -23.156 0.3000000119
124198  -38.649  -32.073  -23.998 0.6000000238
46115  -38.609  -32.748  -24.989 0.6000000238
125594  -33.674  -30.505  -25.791 0.3000000119
48039  -34.688  -30.413  -25.520 0.3000000119
47989  -38.195  -30.472  -22.843 0.3000000119
48062  -34.170  -30.080  -26.250 0.3000000119
45074  -38.868  -32.968  -26.295 0.6000000238
121004  -32.802  -30.045  -26.850 0.3000000119
45092  -38.796  -32.670  -27.522 0.6999999881
46155  -38.212  -32.011  -28.960 0.6999999881
47141  -36.240  -31.226  -31.379 0.6999999881
47142  -37.000  -30.959  -31.084 0.6999999881
47161  -35.081  -31.026  -32.282 0.6999999881
48117  -33.762  -30.747  -33.113 0.8000000119
48118  -34.622  -30.507  -32.885 0.6999999881
48131  -32.200  -30.312  -33.942 0.6999999881
48133  -34.066  -29.819  -33.447 0.6000000238
47200  -35.161  -31.804  -35.685 0.6000000238
48141  -29.189  -30.598  -35.029 0.6999999881
49209  -29.753  -29.658  -35.266 0.6999999881
49197  -30.099  -29.301  -34.718 0.6999999881
48149  -31.348  -30.675  -36.153 0.6999999881
48150  -32.358  -30.673  -36.142 0.6999999881
49222  -30.042  -29.089  -36.182 0.6999999881
52633  -31.869  -24.638  -37.510 0.5000000000
52626  -32.628  -25.553  -37.991 0.5000000000
46091  -38.761  -31.841  -24.960 0.6000000238
46116  -38.951  -32.458  -25.748 0.6000000238
47081  -39.146  -31.597  -25.801 0.6000000238
47111  -39.508  -31.669  -27.250 0.6000000238
47114  -39.020  -31.694  -28.542 0.6999999881
47115  -39.516  -31.285  -27.992 0.6999999881
47118  -37.796  -31.667  -29.700 0.6999999881
50311  -30.697  -28.655  -28.379 0.3000000119
47119  -38.669  -31.360  -29.293 0.6999999881
47130  -38.218  -31.019  -30.038 0.6999999881
48132  -33.140  -30.124  -33.655 0.6999999881
48100  -35.844  -30.770  -31.989 0.6999999881
48101  -36.580  -30.509  -31.686 0.6000000238
48119  -35.424  -30.285  -32.577 0.6999999881
48130  -29.559  -30.155  -34.806 0.6999999881
128974  -30.971  -30.306  -34.368 0.6999999881
129971  -32.430  -29.593  -34.133 0.6999999881
49199  -33.113  -29.121  -33.971 0.6000000238
50357  -30.578  -28.697  -35.180 0.6999999881
48151  -33.243  -31.042  -35.901 0.6000000238
47199  -34.202  -31.589  -35.731 0.5000000000
49223  -30.479  -28.994  -36.209 0.6999999881
50381  -30.855  -27.620  -36.100 0.6999999881
49224  -31.658  -28.760  -36.578 0.6999999881
50382  -31.564  -27.428  -36.709 0.6000000238
132791  -38.749  -30.870  -25.019 0.5000000000
49108  -38.877  -30.201  -25.613 0.4000000060
120480  -39.187  -30.851  -25.868 0.5000000000
47105  -39.456  -31.280  -26.541 0.6000000238
48063  -39.340  -30.444  -26.391 0.5000000000
48078  -39.618  -30.741  -27.264 0.6000000238
48080  -39.605  -30.447  -28.164 0.6000000238
117748  -31.096  -27.970  -28.516 0.3000000119
50313  -32.384  -28.427  -28.266 0.3000000119
48083  -39.002  -30.651  -29.550 0.6999999881
48093  -37.770  -30.666  -30.734 0.6000000238
48094  -38.548  -30.333  -30.297 0.6000000238
48102  -37.327  -30.255  -31.366 0.6000000238
125441  -34.579  -29.231  -33.442 0.6000000238
48120  -36.170  -30.041  -32.287 0.6000000238
49198  -31.388  -29.511  -34.523 0.6999999881
49200  -33.966  -28.991  -33.709 0.6000000238
48134  -34.966  -29.754  -33.112 0.6000000238
135984  -32.621  -28.394  -34.397 0.6999999881
51477  -32.912  -27.152  -34.584 0.6000000238
50375  -30.733  -27.573  -35.875 0.6999999881
132873  -32.939  -28.609  -36.887 0.6999999881
120624  -33.950  -30.534  -36.082 0.6000000238
48162  -34.742  -30.080  -36.482 0.5000000000
119964  -33.487  -29.588  -36.605 0.6000000238
138329  -35.114  -29.663  -36.825 0.5000000000
51498  -30.808  -26.833  -36.038 0.6000000238
50383  -33.252  -27.984  -37.275 0.5000000000
50384  -34.733  -28.400  -37.461 0.5000000000
51506  -33.446  -27.040  -37.776 0.5000000000
49107  -38.526  -29.831  -25.580 0.4000000060
49122  -39.043  -29.638  -26.233 0.4000000060
137501  -38.998  -29.092  -26.469 0.4000000060
49120  -36.378  -29.288  -26.123 0.4000000060
49139  -39.581  -29.849  -27.518 0.6000000238
51417  -31.948  -27.829  -28.565 0.3000000119
51418  -33.602  -27.596  -28.489 0.3000000119
124481  -34.850  -27.948  -27.843 0.3000000119
48095  -39.161  -30.024  -29.795 0.6000000238
52541  -33.147  -26.499  -29.219 0.3000000119
48103  -38.098  -29.980  -30.998 0.6000000238
49185  -37.225  -29.052  -32.180 0.5000000000
49201  -35.221  -29.021  -33.268 0.6000000238
49202  -35.994  -28.819  -33.087 0.6000000238
50360  -34.554  -28.502  -33.705 0.6000000238
49184  -36.460  -29.285  -32.551 0.6000000238
50359  -33.363  -28.206  -34.153 0.6000000238
138687  -34.885  -28.018  -33.829 0.6000000238
51476  -31.985  -27.622  -34.894 0.6999999881
52593  -33.626  -26.821  -34.433 0.6000000238
51489  -30.965  -26.968  -35.812 0.6999999881
51505  -31.142  -26.216  -36.445 0.5000000000
118729  -32.051  -26.823  -37.234 0.5000000000
52634  -32.879  -24.585  -38.334 0.5000000000
50275  -37.728  -29.116  -25.996 0.4000000060
120950  -39.326  -29.210  -26.940 0.4000000060
49121  -38.525  -29.189  -26.173 0.4000000060
130462  -39.443  -29.973  -26.858 0.5000000000
51395  -38.394  -27.835  -27.093 0.4000000060
125462  -39.557  -29.126  -27.652 0.4000000060
49148  -39.631  -29.564  -28.246 0.4000000060
48084  -39.485  -30.081  -29.021 0.5000000000
135617  -33.156  -27.167  -28.844 0.3000000119
128040  -33.993  -26.189  -29.196 0.3000000119
51419  -34.507  -27.337  -28.346 0.4000000060
49161  -39.399  -29.388  -29.564 0.4000000060
52528  -35.296  -26.780  -28.371 0.4000000060
49168  -38.290  -29.335  -31.203 0.5000000000
49167  -37.623  -29.550  -31.584 0.5000000000
50347  -36.778  -28.468  -32.822 0.5000000000
50362  -36.206  -28.198  -33.287 0.6000000238
50348  -37.613  -28.297  -32.331 0.5000000000
51478  -34.195  -27.617  -34.106 0.6000000238
52595  -35.407  -26.719  -34.089 0.6000000238
51490  -31.510  -26.410  -35.313 0.6000000238
52606  -33.554  -26.124  -34.665 0.6000000238
52618  -31.477  -25.600  -35.658 0.5000000000
52624  -31.379  -25.294  -36.542 0.5000000000
53685  -33.528  -24.195  -38.474 0.5000000000
50285  -38.049  -28.505  -26.480 0.4000000060
50286  -38.922  -28.543  -26.766 0.4000000060
50287  -39.372  -28.523  -27.425 0.4000000060
50303  -39.583  -28.579  -28.274 0.4000000060
51406  -38.840  -27.370  -27.536 0.4000000060
50321  -39.574  -28.638  -29.177 0.4000000060
130524  -33.471  -25.826  -29.494 0.3000000119
50335  -38.825  -28.654  -31.068 0.4000000060
50327  -39.397  -28.700  -30.084 0.5000000000
53574  -33.329  -25.131  -29.889 0.3000000119
50349  -38.360  -28.098  -31.796 0.4000000060
51468  -37.256  -27.694  -32.879 0.5000000000
51469  -38.000  -27.495  -32.414 0.4000000060
51480  -36.044  -27.488  -33.622 0.6000000238
51467  -36.646  -27.816  -33.222 0.5000000000
52582  -37.616  -26.914  -32.994 0.5000000000
52594  -34.472  -26.827  -34.232 0.6000000238
52596  -36.334  -26.581  -33.885 0.5000000000
53660  -31.823  -24.903  -36.023 0.5000000000
53644  -32.451  -25.540  -35.201 0.6000000238
52607  -34.510  -25.995  -34.568 0.6000000238
52608  -35.577  -25.789  -34.523 0.6000000238
53646  -34.302  -25.101  -35.336 0.6000000238
53674  -31.714  -24.411  -36.974 0.5000000000
53676  -32.908  -23.956  -38.097 0.5000000000
52641  -35.435  -25.225  -39.256 0.5000000000
53661  -32.609  -24.268  -36.473 0.5000000000
56482  -32.140  -22.702  -31.543 0.3000000119
56457  -33.731  -22.722  -31.095 0.4000000060
56484  -34.272  -22.124  -31.418 0.4000000060
132291  -32.368  -21.614  -32.405 0.4000000060
53647  -35.212  -24.832  -35.466 0.5000000000
53649  -37.869  -25.148  -34.439 0.5000000000
53663  -34.537  -24.010  -36.739 0.5000000000
54592  -37.325  -24.772  -35.276 0.5000000000
53662  -33.098  -23.764  -37.380 0.5000000000
53691  -35.339  -24.105  -39.535 0.5000000000
54609  -34.784  -23.588  -38.692 0.5000000000
54617  -35.282  -23.126  -39.355 0.6000000238
53695  -35.415  -23.136  -39.690 0.4000000060
57498  -33.967  -21.629  -31.900 0.4000000060
56459  -35.232  -22.624  -30.611 0.4000000060
53664  -36.102  -24.627  -35.748 0.5000000000
54602  -36.797  -24.332  -36.433 0.5000000000
54601  -35.178  -23.824  -37.291 0.5000000000
54610  -35.967  -23.633  -37.831 0.5000000000
53677  -33.761  -23.706  -38.144 0.5000000000
54622  -35.410  -22.280  -39.716 0.4000000060
54618  -35.354  -22.742  -39.226 0.5000000000
57499  -34.843  -21.491  -31.887 0.4000000060
58556  -33.448  -20.858  -32.893 0.4000000060
54593  -38.258  -24.617  -34.971 0.4000000060
55493  -36.575  -23.063  -38.385 0.4000000060
55496  -35.651  -21.839  -39.656 0.5000000000
55497  -36.073  -21.145  -40.041 0.3000000119
54603  -38.497  -24.172  -35.739 0.4000000060
56540  -37.058  -21.211  -39.530 0.4000000060
124406  -37.997  -23.391  -37.675 0.4000000060
138213  -37.922  -20.884  -40.635 0.4000000060
55494  -36.761  -21.837  -39.029 0.4000000060
56545  -38.289  -21.442  -40.337 0.4000000060
57570  -39.726  -21.793  -37.310 0.4000000060
58626  -37.143  -20.650  -40.137 0.4000000060
57582  -37.788  -21.046  -40.504 0.4000000060
58630  -38.572  -20.432  -40.667 0.4000000060
59780  -39.523  -19.753  -40.728 0.4000000060
56541  -38.632  -21.764  -38.422 0.4000000060
57578  -38.176  -21.064  -40.244 0.4000000060
123820  -38.971  -20.836  -38.555 0.4000000060
57575  -39.736  -21.126  -37.689 0.4000000060
58624  -37.705  -20.645  -39.452 0.3000000119
58629  -37.332  -20.668  -40.397 0.4000000060
60861  -38.811  -18.936  -40.923 0.4000000060
57574  -38.793  -21.297  -38.561 0.3000000119
59777  -37.154  -20.067  -40.191 0.4000000060
60860  -37.465  -19.129  -40.496 0.5000000000
59775  -37.581  -20.245  -39.614 0.4000000060
28332  -32.550  -50.670  -33.941 0.6999999881
126805  -34.298  -53.670  -27.109 0.6999999881
22580  -24.664  -56.718  -23.576 0.6000000238
25510  -33.418  -53.266  -24.120 0.6999999881
28272  -34.333  -50.401  -27.312 0.8000000119
131830  -34.873  -50.335  -25.716 0.8000000119
27304  -31.389  -51.966  -23.886 0.6000000238
28221  -32.422  -50.515  -23.506 0.6000000238
29197  -33.604  -49.543  -23.427 0.6999999881
32310  -34.633  -46.335  -26.815 0.8000000119
26428  -25.369  -52.710  -27.810 0.4000000060
38062  -30.759  -40.695  -33.805 0.8000000119
32255  -32.078  -46.905  -22.663 0.6000000238
29228  -27.816  -49.489  -26.263 0.5000000000
35257  -35.660  -43.707  -26.324 0.8000000119
134507  -34.548  -45.068  -22.575 0.8000000119
33294  -30.021  -45.456  -23.439 0.6000000238
35226  -27.876  -43.424  -24.783 0.5000000000
138928  -29.611  -43.412  -23.415 0.6000000238
138635  -32.799  -38.335  -27.275 0.6999999881
37912  -34.819  -40.983  -22.198 0.6999999881
120105  -32.587  -33.149  -30.443 0.8000000119
133162  -35.338  -38.001  -21.942 0.6999999881
42879  -36.516  -34.705  -26.606 0.6999999881
43957  -36.949  -34.062  -26.936 0.6999999881
43862  -36.880  -34.193  -21.092 0.6000000238
43930  -38.080  -34.327  -25.613 0.6999999881
43948  -38.155  -33.845  -26.407 0.6000000238
42795  -33.521  -35.186  -21.321 0.6000000238
46046  -37.807  -31.932  -21.596 0.5000000000
48011  -38.628  -30.739  -23.977 0.4000000060
49166  -36.897  -29.789  -31.961 0.6000000238
53686  -34.489  -24.009  -38.941 0.5000000000
51420  -39.472  -27.682  -28.403 0.4000000060
54611  -37.621  -24.024  -36.901 0.4000000060
27394  -34.992  -50.702  -32.044 0.5000000000
118223  -35.383  -48.903  -31.227 0.5000000000
25644  -32.214  -53.833  -34.152 0.6999999881
32366  -35.848  -46.051  -30.584 0.5000000000
120404  -25.858  -58.051  -22.802 0.5000000000
33392  -35.566  -45.668  -31.815 0.6999999881
123563  -33.734  -52.913  -28.874 0.6999999881
28321  -32.399  -50.462  -33.017 0.6999999881
29292  -32.534  -49.518  -32.713 0.6999999881
33396  -32.685  -45.991  -33.058 0.6999999881
125609  -32.559  -47.997  -33.592 0.6999999881
35327  -36.045  -43.224  -31.210 0.6999999881
36226  -37.669  -42.353  -29.820 0.5000000000
118308  -36.319  -42.109  -30.727 0.6000000238
38048  -37.013  -40.764  -30.312 0.5000000000
127026  -27.834  -55.036  -23.675 0.6000000238
29265  -33.438  -49.659  -29.641 0.6999999881
37129  -35.199  -42.257  -32.342 0.6999999881
128439  -28.970  -55.683  -23.638 0.6000000238
27349  -34.466  -52.003  -27.104 0.8000000119
28284  -33.566  -50.116  -28.955 0.6999999881
38017  -39.367  -39.981  -28.388 0.4000000060
27325  -34.680  -51.829  -25.171 0.8000000119
36251  -33.256  -42.133  -33.754 0.8000000119
23615  -23.405  -55.270  -25.449 0.5000000000
32324  -33.784  -46.391  -27.997 0.8000000119
122403  -37.218  -39.389  -29.774 0.5000000000
26387  -26.945  -52.662  -24.870 0.6000000238
31242  -35.169  -47.407  -25.774 0.8000000119
33372  -33.446  -45.691  -29.927 0.8000000119
38976  -35.296  -39.143  -29.890 0.6999999881
39985  -37.698  -38.664  -29.517 0.6000000238
115627  -34.464  -48.778  -23.724 0.6999999881
27315  -29.025  -52.090  -25.361 0.6000000238
36234  -32.668  -42.853  -30.610 0.8999999762
37110  -30.031  -41.299  -32.426 0.8000000119
40971  -36.627  -37.848  -29.580 0.6000000238
41896  -39.286  -37.132  -28.630 0.4000000060
117277  -25.742  -52.564  -28.281 0.3000000119
116095  -26.692  -52.456  -25.721 0.5000000000
26403  -25.725  -52.566  -25.968 0.5000000000
25561  -23.695  -53.584  -27.410 0.4000000060
35291  -33.360  -43.724  -29.040 0.8999999762
120744  -31.773  -39.017  -30.858 0.8000000119
131246  -31.921  -47.631  -22.760 0.6000000238
118227  -30.858  -49.269  -23.495 0.6000000238
31213  -32.683  -47.619  -22.624 0.6000000238
127098  -34.236  -46.212  -22.522 0.8000000119
122335  -29.570  -49.961  -24.552 0.5000000000
26421  -26.566  -52.407  -26.678 0.4000000060
26430  -27.259  -52.181  -27.063 0.5000000000
26422  -27.997  -52.116  -26.413 0.5000000000
36190  -34.298  -42.811  -27.449 0.8000000119
41914  -35.310  -36.682  -29.607 0.6999999881
42923  -36.205  -35.207  -30.321 0.6000000238
43977  -38.109  -34.828  -30.330 0.4000000060
30184  -30.680  -48.422  -23.401 0.6000000238
29241  -27.390  -49.464  -27.106 0.5000000000
28259  -28.149  -50.585  -26.248 0.5000000000
29205  -29.408  -49.012  -24.316 0.5000000000
29229  -28.462  -50.020  -25.657 0.5000000000
134240  -35.362  -44.199  -23.217 0.6999999881
136998  -31.420  -46.608  -22.838 0.6000000238
118137  -27.634  -46.805  -26.007 0.5000000000
31241  -28.018  -47.057  -25.248 0.6000000238
30201  -28.108  -47.975  -25.244 0.5000000000
32297  -27.931  -46.309  -25.410 0.6000000238
134979  -27.738  -48.388  -25.907 0.5000000000
34282  -27.112  -44.502  -27.092 0.6000000238
33325  -27.476  -45.265  -26.497 0.6000000238
32286  -29.025  -46.336  -24.241 0.6000000238
31230  -29.475  -47.098  -23.937 0.5000000000
37040  -26.287  -42.050  -26.373 0.4000000060
36130  -36.195  -42.360  -24.010 0.6999999881
37031  -36.548  -41.653  -25.250 0.6999999881
37992  -31.971  -40.094  -28.076 0.8000000119
38028  -29.907  -40.062  -29.858 0.8999999762
34262  -28.931  -44.749  -24.117 0.6000000238
35209  -29.005  -43.239  -23.728 0.5000000000
36126  -28.883  -42.397  -23.662 0.5000000000
37011  -36.420  -41.677  -24.374 0.6999999881
37935  -27.389  -40.845  -24.260 0.4000000060
37923  -28.495  -40.766  -23.287 0.5000000000
36994  -28.722  -41.562  -23.512 0.5000000000
37964  -35.479  -40.615  -26.706 0.6999999881
39979  -28.924  -38.566  -29.788 0.8000000119
44012  -35.301  -34.462  -31.942 0.6999999881
36112  -32.538  -42.948  -21.947 0.6999999881
36128  -30.272  -43.125  -23.002 0.6999999881
37924  -36.594  -40.288  -23.924 0.6999999881
38900  -36.980  -40.052  -25.340 0.6999999881
42940  -31.990  -36.130  -32.546 0.8000000119
36982  -31.371  -41.883  -22.102 0.6000000238
36981  -30.585  -41.651  -22.374 0.6000000238
36101  -32.184  -42.053  -21.900 0.6999999881
36127  -29.556  -42.703  -23.321 0.6000000238
36995  -29.400  -41.881  -23.182 0.5000000000
38867  -28.036  -39.150  -22.860 0.3000000119
128446  -36.367  -39.153  -26.321 0.6999999881
39868  -28.267  -38.347  -22.616 0.3000000119
42966  -31.829  -35.826  -33.745 0.8000000119
42965  -30.601  -36.030  -34.038 0.8000000119
44024  -32.709  -35.211  -33.841 0.6000000238
44026  -34.372  -34.606  -33.368 0.6000000238
44056  -32.967  -35.076  -34.968 0.6000000238
45146  -30.870  -34.655  -35.256 0.8000000119
38870  -30.120  -40.056  -22.152 0.6000000238
126415  -32.233  -40.970  -21.631 0.6999999881
138969  -33.550  -39.536  -21.433 0.6999999881
39850  -30.338  -38.639  -21.801 0.4000000060
41867  -32.862  -37.129  -27.353 0.8000000119
41870  -35.462  -36.651  -26.530 0.6999999881
42951  -28.233  -35.749  -32.670 0.8000000119
42977  -30.360  -35.607  -34.522 0.8000000119
38859  -35.360  -39.458  -22.151 0.6999999881
40856  -31.739  -37.938  -21.406 0.5000000000
39900  -37.326  -38.034  -24.501 0.6999999881
43857  -29.460  -35.305  -22.194 0.3000000119
40908  -36.840  -37.313  -25.936 0.6999999881
40895  -37.401  -37.251  -24.638 0.6999999881
126825  -36.307  -36.834  -26.237 0.6999999881
40909  -37.256  -36.940  -25.368 0.6999999881
42865  -36.257  -35.388  -26.383 0.6999999881
43964  -32.279  -34.519  -28.494 0.8000000119
42888  -32.779  -34.990  -27.864 0.8000000119
39870  -35.620  -38.640  -22.173 0.6999999881
41796  -30.126  -36.306  -21.733 0.3000000119
42793  -31.763  -35.888  -21.426 0.5000000000
40866  -36.107  -38.000  -22.416 0.6999999881
40879  -36.755  -37.681  -22.931 0.6999999881
42792  -30.535  -35.674  -21.735 0.3000000119
128614  -32.420  -36.109  -21.332 0.5000000000
41839  -37.455  -36.411  -24.671 0.6999999881
44979  -30.114  -34.008  -23.031 0.3000000119
43929  -37.850  -35.023  -24.920 0.6999999881
44965  -33.820  -33.856  -21.591 0.3000000119
41814  -37.321  -35.949  -22.970 0.6999999881
45011  -32.217  -33.159  -23.213 0.3000000119
43842  -34.963  -34.359  -21.396 0.6000000238
43843  -35.898  -34.255  -21.314 0.6000000238
42781  -36.068  -34.909  -21.433 0.6000000238
44954  -34.723  -33.785  -21.396 0.4000000060
42816  -37.654  -35.427  -23.446 0.6999999881
46164  -36.136  -32.207  -30.249 0.8000000119
47139  -34.721  -31.741  -31.982 0.8000000119
47159  -33.410  -31.662  -32.701 0.8000000119
129181  -31.265  -31.522  -35.926 0.6000000238
47198  -32.408  -31.569  -35.868 0.6000000238
44984  -34.970  -32.926  -21.752 0.3000000119
43841  -34.058  -34.450  -21.372 0.5000000000
121460  -35.460  -32.354  -22.098 0.3000000119
46026  -37.292  -32.664  -21.112 0.5000000000
45013  -38.096  -33.620  -22.457 0.5000000000
48007  -33.912  -30.989  -25.103 0.3000000119
47045  -35.000  -31.293  -24.110 0.3000000119
133667  -38.698  -33.116  -25.690 0.6000000238
46143  -39.268  -32.320  -27.226 0.6000000238
47127  -35.803  -31.856  -30.957 0.6999999881
48161  -31.592  -29.854  -36.345 0.6999999881
47008  -37.226  -31.943  -22.687 0.3000000119
48008  -34.784  -30.962  -24.733 0.3000000119
137813  -33.455  -30.193  -26.387 0.3000000119
49103  -34.916  -29.896  -26.126 0.3000000119
46136  -39.279  -32.212  -26.571 0.6000000238
46149  -39.218  -32.021  -27.810 0.6000000238
49216  -30.174  -28.834  -35.768 0.6999999881
49210  -30.064  -29.032  -35.495 0.6999999881
47120  -39.352  -30.958  -28.792 0.6999999881
49183  -35.716  -29.537  -32.825 0.6000000238
50369  -30.941  -27.897  -35.478 0.6999999881
52605  -32.577  -26.225  -34.860 0.6000000238
49225  -34.354  -29.145  -36.983 0.6000000238
51507  -35.282  -27.839  -37.967 0.4000000060
49106  -38.144  -29.538  -25.589 0.4000000060
50301  -35.376  -28.320  -27.383 0.4000000060
51402  -34.072  -28.114  -28.064 0.3000000119
124189  -32.388  -26.412  -29.358 0.3000000119
49160  -38.874  -29.517  -30.469 0.5000000000
49152  -39.586  -29.259  -28.855 0.4000000060
52527  -34.587  -26.522  -28.746 0.4000000060
53556  -34.752  -25.798  -29.076 0.4000000060
50334  -37.987  -28.850  -31.723 0.5000000000
126525  -39.596  -28.000  -28.869 0.4000000060
124351  -39.016  -27.864  -31.270 0.4000000060
51481  -36.863  -27.142  -33.363 0.5000000000
138778  -34.008  -24.304  -36.242 0.6000000238
56456  -32.924  -22.723  -31.334 0.3000000119
126856  -36.155  -25.281  -34.816 0.5000000000
56485  -35.118  -22.116  -31.135 0.4000000060
56537  -38.332  -22.585  -38.173 0.4000000060
59779  -37.670  -19.921  -40.579 0.4000000060
58619  -39.166  -20.171  -38.524 0.4000000060
116181  -28.978  -58.349  -31.562 0.5000000000
21683  -29.541  -57.331  -32.441 0.5000000000
19768  -27.874  -59.148  -27.430 0.4000000060
20688  -29.269  -58.798  -28.517 0.5000000000
20687  -28.615  -58.764  -29.048 0.5000000000
117400  -29.584  -58.535  -30.201 0.5000000000
20724  -30.048  -58.282  -30.838 0.6000000238
21684  -30.380  -57.002  -31.769 0.6000000238
20669  -29.464  -58.895  -27.811 0.5000000000
20653  -29.508  -58.959  -26.857 0.5000000000
20689  -30.199  -58.652  -28.454 0.5000000000
20709  -31.028  -58.249  -29.605 0.5000000000
19741  -28.913  -59.141  -26.088 0.5000000000
21646  -31.514  -57.649  -29.925 0.6000000238
22682  -31.577  -56.351  -30.907 0.6000000238
21662  -31.122  -57.199  -30.902 0.6000000238
22698  -31.049  -56.513  -31.690 0.6000000238
23691  -31.632  -55.199  -31.938 0.6000000238
23677  -31.891  -55.624  -30.963 0.6000000238
23703  -31.161  -55.211  -32.954 0.6000000238
25634  -31.975  -53.646  -33.607 0.6000000238
25623  -31.767  -53.918  -32.883 0.6000000238
20670  -30.387  -58.652  -27.465 0.5000000000
21629  -31.612  -57.935  -28.911 0.5000000000
21647  -32.103  -57.225  -29.345 0.6000000238
20638  -29.045  -58.818  -25.351 0.5000000000
20654  -30.444  -58.559  -26.547 0.5000000000
22664  -31.849  -56.857  -30.190 0.6000000238
20620  -27.997  -58.535  -24.057 0.5000000000
20622  -29.859  -58.275  -25.129 0.5000000000
22683  -32.043  -56.122  -30.354 0.6000000238
24674  -31.995  -54.347  -32.009 0.6000000238
25645  -32.624  -53.105  -34.131 0.6000000238
20690  -31.184  -58.345  -28.058 0.5000000000
21630  -32.175  -57.421  -28.581 0.5000000000
20640  -30.422  -58.374  -25.820 0.5000000000
20641  -31.078  -58.137  -26.157 0.5000000000
121314  -31.244  -58.241  -27.091 0.5000000000
21612  -32.470  -57.168  -27.840 0.5000000000
22665  -32.374  -56.397  -29.656 0.6000000238
20621  -28.915  -58.391  -24.593 0.5000000000
21589  -30.761  -57.920  -25.396 0.5000000000
23678  -32.480  -55.466  -30.159 0.6000000238
116771  -27.333  -58.166  -23.387 0.5000000000
20605  -28.619  -57.787  -23.968 0.5000000000
24664  -32.747  -54.395  -30.337 0.6000000238
23692  -32.232  -54.840  -31.109 0.6000000238
25635  -32.327  -52.755  -33.510 0.6000000238
25624  -32.037  -53.131  -32.992 0.6000000238
21590  -31.506  -57.567  -25.701 0.5000000000
22633  -32.937  -56.542  -27.202 0.5000000000
22652  -33.003  -56.310  -28.136 0.6000000238
22634  -33.356  -55.796  -27.481 0.6000000238
21577  -31.162  -57.325  -24.973 0.5000000000
22651  -32.571  -56.764  -28.783 0.6000000238
129396  -33.312  -55.474  -28.338 0.6000000238
128322  -32.242  -53.540  -32.205 0.6000000238
26495  -32.321  -51.957  -32.708 0.6000000238
22613  -31.918  -56.967  -25.236 0.5000000000
21591  -32.214  -57.149  -25.994 0.5000000000
22623  -32.802  -56.581  -26.325 0.5000000000
23626  -33.661  -55.274  -26.902 0.6000000238
22600  -29.841  -56.980  -24.161 0.5000000000
21559  -28.238  -57.140  -23.606 0.5000000000
22585  -29.392  -56.344  -23.789 0.6000000238
23617  -32.932  -55.852  -25.136 0.6000000238
22615  -33.221  -55.995  -25.823 0.5000000000
126911  -33.630  -55.378  -26.137 0.5000000000
24618  -33.960  -54.542  -27.075 0.6000000238
22586  -30.221  -56.318  -23.946 0.6000000238
22602  -31.475  -56.644  -24.632 0.6000000238
24626  -33.825  -54.175  -27.867 0.6000000238
22583  -27.657  -56.410  -23.485 0.5000000000
22584  -28.576  -56.389  -23.655 0.5000000000
23585  -30.720  -55.681  -23.846 0.6000000238
21555  -24.374  -57.476  -23.252 0.4000000060
23604  -31.639  -55.835  -24.222 0.6000000238
23605  -32.534  -55.515  -24.534 0.6000000238
24598  -33.584  -54.703  -25.019 0.6000000238
23618  -33.436  -55.323  -25.449 0.5000000000
24619  -34.246  -54.236  -26.387 0.6000000238
25576  -34.000  -53.333  -28.078 0.6000000238
25544  -34.336  -53.943  -25.676 0.6999999881
41916  -37.208  -36.380  -29.492 0.5000000000
40857  -33.271  -37.361  -21.280 0.5000000000
45162  -32.445  -33.519  -35.440 0.5000000000
46220  -33.916  -32.641  -35.556 0.5000000000
126284  -32.793  -30.119  -36.361 0.5000000000
62030  -37.999  -17.980  -40.758 0.3000000119
62035  -38.600  -17.133  -41.458 0.3000000119
134473  -38.849  -15.694  -43.033 0.3000000119
19767  -26.952  -59.300  -27.371 0.4000000060
19805  -27.558  -58.850  -29.015 0.5000000000
20706  -27.913  -58.729  -29.840 0.5000000000
22705  -29.898  -56.630  -33.739 0.5000000000
19753  -28.474  -59.220  -26.781 0.4000000060
22697  -30.208  -56.567  -32.670 0.6000000238
23690  -31.072  -55.921  -32.361 0.6000000238
23702  -30.603  -55.994  -33.312 0.5000000000
138143  -31.493  -54.844  -33.979 0.5000000000
18849  -26.983  -60.099  -25.749 0.4000000060
19740  -28.391  -59.210  -25.545 0.5000000000
19730  -26.890  -59.817  -23.980 0.5000000000
19732  -28.298  -59.026  -24.860 0.5000000000
19722  -26.450  -59.445  -23.308 0.3000000119
19720  -24.959  -59.003  -22.728 0.4000000060
19718  -23.099  -59.244  -23.214 0.4000000060
41895  -38.470  -37.070  -28.947 0.4000000060
41918  -39.054  -36.249  -28.956 0.4000000060
41917  -38.090  -36.307  -29.302 0.4000000060
124907  -33.171  -35.929  -21.297 0.5000000000
43861  -33.168  -34.597  -21.467 0.4000000060
45148  -34.161  -34.116  -34.901 0.5000000000
45164  -34.647  -33.329  -35.327 0.5000000000
134666  -34.682  -32.429  -35.555 0.5000000000
47048  -38.683  -31.170  -24.150 0.4000000060
62034  -37.794  -17.085  -41.082 0.3000000119
63133  -38.203  -15.228  -43.206 0.3000000119
19751  -27.106  -59.613  -26.484 0.4000000060
23648  -32.911  -55.821  -29.117 0.6000000238
22581  -25.474  -56.573  -23.437 0.5000000000
21557  -26.702  -57.693  -23.064 0.5000000000
45149  -35.102  -33.899  -34.910 0.5000000000
130790  -26.584  -58.558  -23.077 0.4000000060
20744  -29.623  -58.113  -31.736 0.6000000238
19785  -27.150  -59.025  -28.170 0.4000000060
122164  -29.512  -58.670  -29.198 0.5000000000
124745  -30.443  -58.389  -30.075 0.6000000238
19752  -28.007  -59.379  -26.159 0.5000000000
21599  -32.396  -57.202  -26.848 0.5000000000
21575  -29.460  -57.709  -24.368 0.5000000000
22601  -30.681  -56.887  -24.414 0.5000000000
19739  -27.628  -59.581  -25.385 0.4000000060
23713  -31.142  -55.431  -33.826 0.4000000060
24706  -32.340  -54.478  -34.385 0.4000000060
19731  -27.524  -59.347  -24.449 0.4000000060
28271  -27.102  -50.149  -27.752 0.4000000060
27361  -27.100  -51.231  -27.725 0.3000000119
26429  -26.339  -52.382  -27.639 0.4000000060
123610  -27.279  -48.640  -27.522 0.4000000060
30219  -27.476  -48.593  -26.651 0.4000000060
33371  -26.821  -45.610  -30.079 0.4000000060
32323  -27.393  -46.229  -27.786 0.4000000060
30232  -27.285  -47.916  -28.201 0.4000000060
123377  -27.370  -47.833  -27.210 0.4000000060
34341  -26.007  -44.896  -31.282 0.3000000119
34318  -26.399  -43.833  -29.866 0.4000000060
33358  -26.602  -44.754  -30.019 0.4000000060
34299  -26.834  -44.651  -28.533 0.5000000000
34298  -26.623  -43.858  -28.075 0.4000000060
43860  -32.228  -34.626  -21.680 0.3000000119
119662  -38.294  -31.863  -22.090 0.3000000119
47009  -37.751  -30.861  -21.902 0.3000000119
135050  -37.822  -31.552  -21.739 0.3000000119
47011  -38.565  -31.405  -22.471 0.3000000119
47974  -38.542  -31.211  -22.545 0.3000000119
49105  -37.264  -29.631  -25.415 0.3000000119
136400  -37.099  -29.186  -25.991 0.3000000119
52609  -36.654  -25.858  -34.206 0.4000000060
53648  -36.964  -25.241  -34.677 0.4000000060
50302  -36.325  -28.172  -27.076 0.3000000119
51403  -35.339  -27.447  -27.983 0.3000000119
52598  -37.993  -26.166  -33.299 0.4000000060
53633  -38.232  -25.385  -33.632 0.3000000119
53632  -37.505  -25.708  -33.949 0.4000000060
132211  -37.775  -24.471  -35.809 0.4000000060
130976  -38.539  -23.783  -36.538 0.3000000119
50284  -36.938  -28.664  -26.414 0.3000000119
51394  -37.355  -27.997  -26.922 0.3000000119
51405  -38.263  -27.097  -27.497 0.3000000119
132361  -35.872  -27.719  -27.581 0.3000000119
51404  -36.771  -27.544  -27.416 0.3000000119
133378  -37.643  -27.467  -27.287 0.3000000119
51407  -39.214  -27.302  -27.938 0.3000000119
52529  -37.047  -26.141  -28.139 0.3000000119
52513  -37.350  -26.914  -27.651 0.3000000119
52515  -38.788  -26.774  -27.862 0.3000000119
52516  -39.191  -26.567  -28.397 0.3000000119
126958  -39.412  -27.050  -28.541 0.3000000119
117825  -39.607  -27.953  -29.585 0.3000000119
122670  -35.234  -26.160  -28.699 0.3000000119
124352  -35.972  -26.198  -28.430 0.3000000119
50336  -39.413  -27.951  -30.519 0.3000000119
54502  -34.990  -24.940  -29.367 0.3000000119
54512  -34.221  -24.648  -29.844 0.3000000119
54539  -34.464  -23.882  -30.140 0.3000000119
51454  -38.697  -27.301  -31.764 0.3000000119
52583  -38.460  -26.569  -32.409 0.3000000119
53623  -38.643  -25.633  -32.806 0.3000000119
56507  -32.651  -22.095  -31.839 0.3000000119
56483  -33.451  -22.098  -31.617 0.3000000119
137098  -32.782  -21.126  -32.720 0.3000000119
53549  -38.666  -26.081  -28.298 0.3000000119
52514  -38.075  -26.388  -27.852 0.3000000119
52530  -39.431  -26.497  -29.005 0.3000000119
51430  -39.579  -27.256  -29.101 0.3000000119
51443  -39.589  -27.248  -30.028 0.3000000119
53557  -35.658  -25.493  -28.864 0.3000000119
53558  -36.463  -25.626  -28.545 0.3000000119
53577  -37.227  -25.336  -28.500 0.3000000119
53559  -38.549  -25.347  -28.627 0.3000000119
121062  -39.459  -25.849  -29.569 0.3000000119
52542  -39.550  -26.553  -29.671 0.3000000119
116023  -39.556  -26.630  -30.365 0.3000000119
53575  -35.841  -24.778  -29.177 0.3000000119
54514  -36.534  -24.210  -29.239 0.3000000119
123852  -37.922  -25.082  -28.528 0.3000000119
51455  -39.387  -27.146  -30.966 0.3000000119
133513  -33.527  -24.159  -30.315 0.3000000119
128271  -34.897  -24.281  -29.769 0.3000000119
54513  -35.590  -24.241  -29.536 0.3000000119
52569  -39.119  -26.620  -31.613 0.3000000119
52584  -39.260  -25.776  -31.860 0.3000000119
55423  -34.857  -23.182  -30.367 0.3000000119
53634  -38.851  -24.857  -33.199 0.3000000119
122646  -34.935  -20.881  -32.681 0.3000000119
54579  -38.589  -24.709  -34.073 0.3000000119
55487  -39.220  -23.570  -35.747 0.3000000119
56538  -39.268  -22.566  -37.209 0.3000000119
54503  -38.323  -24.699  -28.826 0.3000000119
53560  -39.180  -25.751  -28.909 0.3000000119
53578  -39.328  -25.123  -29.559 0.3000000119
53601  -39.528  -25.285  -30.141 0.3000000119
55394  -38.089  -24.138  -29.101 0.3000000119
54516  -38.659  -24.415  -29.225 0.3000000119
54517  -39.113  -24.443  -29.587 0.3000000119
52558  -39.576  -25.977  -30.259 0.3000000119
54540  -35.254  -23.681  -29.942 0.3000000119
55424  -35.654  -22.974  -30.155 0.3000000119
55400  -36.990  -23.449  -29.513 0.3000000119
119103  -39.473  -24.325  -32.738 0.3000000119
53612  -39.504  -24.852  -31.818 0.3000000119
56460  -36.044  -22.238  -30.635 0.3000000119
57500  -35.846  -21.594  -31.452 0.3000000119
57523  -35.700  -21.088  -32.267 0.3000000119
54580  -39.262  -24.243  -33.700 0.3000000119
58558  -35.608  -20.668  -32.894 0.3000000119
55484  -39.684  -23.640  -34.117 0.3000000119
54594  -39.067  -24.085  -34.726 0.3000000119
129053  -39.612  -23.445  -34.871 0.3000000119
131671  -39.495  -22.959  -36.272 0.3000000119
54541  -39.408  -24.560  -30.226 0.3000000119
55426  -37.529  -22.833  -29.811 0.3000000119
55427  -38.464  -23.092  -29.916 0.3000000119
55403  -39.114  -23.792  -30.063 0.3000000119
136557  -39.535  -24.933  -30.581 0.3000000119
117407  -39.562  -25.371  -30.940 0.3000000119
56463  -39.119  -22.941  -30.571 0.3000000119
114763  -39.438  -23.794  -30.759 0.3000000119
54555  -39.567  -24.501  -31.091 0.3000000119
56461  -37.157  -22.201  -30.354 0.3000000119
132811  -38.086  -22.331  -30.243 0.3000000119
57485  -36.845  -21.634  -31.052 0.3000000119
58559  -36.396  -20.634  -32.710 0.3000000119
59701  -37.237  -20.391  -32.821 0.3000000119
55476  -40.076  -23.130  -33.549 0.3000000119
55475  -39.693  -23.779  -33.379 0.3000000119
58581  -35.875  -20.258  -33.390 0.3000000119
135041  -36.686  -20.077  -33.387 0.3000000119
55488  -39.880  -22.850  -35.416 0.3000000119
55448  -39.601  -23.131  -31.297 0.3000000119
127023  -39.629  -23.791  -31.428 0.3000000119
56462  -38.695  -22.044  -30.751 0.3000000119
118999  -39.665  -24.067  -31.960 0.3000000119
57501  -37.593  -21.220  -31.593 0.3000000119
58539  -37.842  -20.692  -32.297 0.3000000119
55463  -40.079  -22.877  -32.681 0.3000000119
59724  -36.112  -19.599  -33.923 0.3000000119
137947  -37.122  -20.802  -32.246 0.3000000119
59702  -37.928  -20.284  -32.859 0.3000000119
135016  -37.519  -19.933  -33.337 0.3000000119
56529  -40.370  -22.450  -34.082 0.3000000119
55485  -40.056  -22.993  -34.470 0.3000000119
131067  -40.305  -22.237  -35.641 0.3000000119
55491  -39.933  -22.393  -36.335 0.3000000119
58616  -40.388  -21.162  -36.895 0.3000000119
129234  -39.849  -23.365  -32.003 0.3000000119
57503  -39.067  -21.493  -31.538 0.3000000119
57504  -39.653  -21.798  -31.944 0.3000000119
58540  -38.485  -21.036  -31.824 0.3000000119
58541  -39.079  -20.919  -32.064 0.3000000119
57525  -39.496  -21.157  -32.190 0.3000000119
56508  -40.100  -22.085  -32.539 0.3000000119
136479  -37.027  -19.470  -33.779 0.3000000119
58560  -38.662  -20.470  -32.515 0.3000000119
115104  -40.481  -21.911  -33.796 0.3000000119
59725  -37.934  -19.381  -33.668 0.3000000119
59703  -38.370  -19.907  -33.184 0.3000000119
58561  -39.403  -20.573  -32.584 0.3000000119
57558  -40.559  -21.796  -34.489 0.3000000119
57565  -40.582  -21.723  -35.346 0.3000000119
57566  -40.696  -21.092  -35.925 0.3000000119
57571  -40.396  -21.771  -36.257 0.3000000119
59772  -39.310  -19.215  -38.410 0.3000000119
58620  -40.149  -20.479  -37.508 0.3000000119
57526  -39.923  -21.454  -32.461 0.3000000119
60796  -36.620  -18.995  -34.237 0.3000000119
58562  -39.918  -20.887  -32.743 0.3000000119
57546  -40.280  -21.528  -33.131 0.3000000119
60797  -37.442  -18.880  -34.048 0.3000000119
61957  -37.751  -18.273  -34.144 0.3000000119
59726  -38.836  -19.321  -33.506 0.3000000119
58582  -39.892  -20.168  -33.189 0.3000000119
128726  -40.517  -21.238  -33.938 0.3000000119
58610  -40.604  -20.109  -34.834 0.3000000119
57559  -40.700  -20.952  -34.867 0.3000000119
59761  -40.685  -19.865  -36.156 0.3000000119
58611  -40.702  -20.319  -35.591 0.3000000119
118745  -40.249  -18.905  -37.319 0.3000000119
58621  -40.605  -19.927  -36.870 0.3000000119
59773  -40.223  -19.634  -37.533 0.3000000119
60821  -37.023  -18.315  -34.328 0.3000000119
60799  -39.277  -18.787  -33.841 0.3000000119
60800  -39.880  -19.083  -34.063 0.3000000119
59728  -40.047  -19.669  -33.778 0.3000000119
59744  -40.320  -19.556  -34.431 0.3000000119
60822  -39.698  -18.359  -34.248 0.3000000119
60848  -40.284  -18.346  -36.539 0.3000000119
60840  -40.360  -18.575  -35.584 0.3000000119
59760  -40.555  -19.469  -35.374 0.3000000119
59770  -40.579  -19.215  -36.507 0.3000000119
60853  -39.840  -18.260  -37.522 0.3000000119
60858  -37.406  -19.083  -40.260 0.3000000119
60856  -37.694  -19.270  -39.589 0.3000000119
126620  -37.614  -17.547  -34.323 0.3000000119
137717  -38.298  -17.305  -34.252 0.3000000119
61958  -38.385  -17.824  -34.101 0.3000000119
61978  -38.927  -17.207  -34.254 0.3000000119
61979  -39.526  -17.610  -34.452 0.3000000119
60823  -40.192  -18.818  -34.719 0.3000000119
61996  -40.092  -17.742  -35.713 0.3000000119
60852  -38.892  -18.279  -38.600 0.3000000119
62024  -37.800  -18.231  -39.622 0.3000000119
62027  -37.489  -18.032  -40.287 0.3000000119
124833  -33.064  -53.875  -34.436 0.4000000060
33370  -26.311  -45.022  -31.048 0.3000000119
31254  -27.474  -46.965  -26.968 0.4000000060
132057  -27.523  -47.718  -26.346 0.4000000060
33359  -27.097  -45.485  -28.810 0.4000000060
42794  -32.532  -35.349  -21.404 0.3000000119
47990  -38.693  -30.965  -23.256 0.3000000119
52512  -36.221  -26.968  -27.947 0.3000000119
51396  -39.109  -27.895  -27.369 0.3000000119
52597  -37.189  -26.413  -33.615 0.4000000060
55422  -34.038  -23.319  -30.567 0.3000000119
57521  -33.252  -21.500  -32.263 0.3000000119
57522  -34.122  -21.159  -32.498 0.3000000119
131158  -26.442  -46.349  -31.187 0.4000000060
32352  -26.925  -46.510  -30.217 0.4000000060
31283  -27.240  -47.207  -29.082 0.4000000060
31270  -27.375  -47.095  -27.983 0.4000000060
34332  -26.141  -44.270  -30.932 0.3000000119
53624  -39.213  -25.078  -32.460 0.3000000119
53576  -36.507  -24.995  -28.845 0.3000000119
54515  -37.441  -24.585  -28.816 0.3000000119
52570  -39.521  -26.250  -30.981 0.3000000119
55399  -36.083  -23.541  -29.699 0.3000000119
128185  -37.403  -23.966  -29.194 0.3000000119
58557  -34.283  -20.548  -33.229 0.3000000119
55401  -37.880  -23.515  -29.423 0.3000000119
55402  -38.597  -23.893  -29.528 0.3000000119
55425  -36.562  -22.828  -29.974 0.3000000119
55462  -39.823  -23.579  -32.731 0.3000000119
57524  -36.579  -21.167  -31.886 0.3000000119
137653  -38.597  -22.574  -30.356 0.3000000119
56486  -39.353  -22.282  -31.281 0.3000000119
57486  -37.835  -21.720  -30.750 0.3000000119
56521  -40.297  -22.358  -33.301 0.3000000119
59723  -35.311  -19.916  -33.801 0.3000000119
57502  -38.382  -21.493  -31.239 0.3000000119
58597  -40.406  -20.326  -34.013 0.3000000119
59704  -39.178  -19.960  -33.049 0.3000000119
58617  -40.627  -20.477  -36.497 0.3000000119
60798  -38.420  -18.641  -33.889 0.3000000119
59727  -39.541  -19.479  -33.563 0.3000000119
61959  -39.107  -18.010  -33.983 0.3000000119
61980  -39.999  -18.034  -34.894 0.3000000119
61995  -39.801  -17.228  -35.013 0.3000000119
32363  -26.118  -45.967  -31.543 0.4000000060
40949  -38.816  -37.875  -28.850 0.4000000060
20636  -20.393  -58.298  -25.483 0.3000000119
20617  -20.045  -58.800  -25.233 0.3000000119
20652  -20.086  -57.906  -26.222 0.3000000119
21572  -21.827  -57.944  -24.703 0.3000000119
35306  -26.073  -43.180  -30.327 0.3000000119
35290  -26.324  -43.130  -28.892 0.3000000119
126987  -26.079  -42.582  -28.731 0.3000000119
29264  -26.865  -48.795  -29.445 0.3000000119
131727  -27.028  -47.338  -29.987 0.3000000119
32341  -27.237  -46.352  -28.977 0.3000000119
132832  -27.135  -49.307  -27.853 0.3000000119
116455  -27.090  -48.696  -28.451 0.3000000119
30257  -26.379  -47.827  -31.468 0.3000000119
30243  -27.095  -47.984  -29.242 0.3000000119
39965  -39.145  -38.571  -28.695 0.3000000119
18838  -27.053  -60.037  -24.787 0.4000000060
19721  -25.851  -58.938  -22.835 0.4000000060
19723  -27.147  -58.993  -23.701 0.3000000119
19769  -28.781  -59.091  -27.410 0.5000000000
19786  -28.408  -58.946  -28.180 0.5000000000
20600  -22.067  -59.024  -23.893 0.4000000060
20602  -23.330  -58.495  -23.311 0.4000000060
20618  -20.666  -58.804  -24.854 0.3000000119
20619  -22.213  -58.359  -24.167 0.4000000060
20637  -21.109  -58.168  -25.077 0.5000000000
20639  -29.751  -58.752  -25.946 0.5000000000
20707  -28.834  -58.680  -29.781 0.5000000000
20708  -30.332  -58.512  -29.372 0.5000000000
20725  -30.846  -58.053  -30.474 0.6000000238
21553  -22.827  -58.006  -23.861 0.5000000000
21556  -25.235  -57.333  -23.066 0.4000000060
21558  -27.456  -57.346  -23.373 0.5000000000
21560  -29.028  -57.061  -23.882 0.5000000000
21574  -23.017  -57.209  -24.238 0.5000000000
21576  -30.326  -57.563  -24.706 0.5000000000
21586  -20.789  -57.694  -25.743 0.3000000119
21598  -31.758  -57.714  -26.510 0.5000000000
21611  -31.867  -57.830  -28.048 0.5000000000
21661  -30.319  -57.779  -31.359 0.6000000238
22582  -26.807  -56.831  -23.289 0.6000000238
22603  -32.257  -56.284  -24.821 0.6000000238
22614  -32.587  -56.494  -25.531 0.5000000000
22624  -33.337  -55.975  -26.616 0.5000000000
23579  -25.012  -56.015  -23.928 0.6000000238
23583  -28.559  -55.049  -23.607 0.6000000238
23584  -29.829  -55.632  -23.645 0.6000000238
23599  -23.845  -55.743  -24.785 0.6000000238
23603  -30.954  -56.291  -24.209 0.6000000238
23606  -33.141  -55.248  -24.872 0.6000000238
23614  -22.689  -55.646  -25.779 0.5000000000
23633  -33.614  -55.000  -27.700 0.6000000238
24578  -27.036  -54.996  -23.810 0.6000000238
24584  -32.213  -54.152  -23.869 0.6000000238
24594  -25.632  -54.484  -24.433 0.6000000238
24610  -23.665  -54.319  -25.863 0.4000000060
24613  -33.937  -54.676  -25.749 0.5000000000
24675  -32.427  -53.951  -31.311 0.6000000238
24694  -31.491  -54.537  -33.479 0.6000000238
24705  -31.785  -54.373  -34.064 0.5000000000
25506  -29.109  -53.431  -23.802 0.6000000238
25507  -30.181  -53.754  -23.603 0.6000000238
25523  -27.375  -53.255  -24.243 0.6000000238
25554  -24.247  -53.204  -26.920 0.3000000119
25556  -34.462  -53.602  -26.250 0.8000000119
25603  -33.133  -52.865  -30.252 0.6999999881
25646  -33.626  -53.144  -34.528 0.4000000060
26389  -28.808  -52.476  -24.823 0.6000000238
26392  -33.970  -52.659  -24.207 0.8000000119
26405  -27.638  -52.401  -25.659 0.5000000000
26419  -24.864  -52.813  -27.198 0.4000000060
26420  -25.602  -52.584  -26.944 0.4000000060
26431  -34.302  -52.752  -27.522 0.6999999881
26444  -33.709  -51.919  -28.875 0.6999999881
26512  -32.675  -52.211  -34.050 0.6999999881
26514  -33.995  -52.384  -34.552 0.6999999881
27386  -32.710  -51.571  -31.209 0.6999999881
27401  -34.931  -51.115  -33.014 0.5000000000
27412  -34.842  -51.163  -33.813 0.4000000060
28219  -30.800  -50.865  -24.083 0.6000000238
28222  -33.385  -50.332  -23.543 0.6999999881
28285  -33.870  -50.620  -28.283 0.6999999881
28297  -33.392  -50.491  -29.753 0.6999999881
28306  -32.865  -50.177  -31.181 0.6999999881
28340  -33.670  -50.709  -34.617 0.6999999881
28341  -34.538  -50.791  -34.221 0.6999999881
29196  -32.738  -49.739  -23.295 0.6999999881
29206  -30.142  -49.482  -23.900 0.6000000238
29243  -34.315  -49.447  -27.284 0.8000000119
29253  -26.883  -49.547  -28.576 0.3000000119
29254  -33.589  -49.274  -28.848 0.6999999881
29285  -35.298  -49.558  -31.262 0.5000000000
29302  -34.801  -49.648  -33.651 0.6999999881
29311  -33.597  -49.782  -34.655 0.6999999881
29312  -34.275  -49.445  -34.482 0.6999999881
30174  -32.287  -48.395  -22.834 0.6000000238
30176  -33.951  -48.048  -22.851 0.6999999881
30188  -34.879  -47.713  -23.840 0.6999999881
30195  -34.815  -48.392  -24.068 0.6999999881
30196  -35.145  -47.825  -24.444 0.6999999881
30202  -35.102  -48.664  -25.587 0.8000000119
30233  -33.935  -48.278  -27.918 0.8000000119
30268  -33.351  -48.828  -30.404 0.6999999881
30293  -32.779  -48.213  -34.215 0.6999999881
30294  -33.453  -48.384  -34.637 0.6999999881
31214  -33.569  -47.542  -22.629 0.6999999881
31222  -30.730  -47.504  -23.249 0.6000000238
31223  -31.364  -47.224  -22.921 0.6000000238
31255  -34.676  -47.160  -26.695 0.8000000119
31271  -33.826  -47.169  -28.046 0.8000000119
31284  -33.636  -47.547  -28.678 0.8999999762
31294  -26.649  -47.072  -30.916 0.4000000060
31295  -33.522  -47.905  -29.377 0.6999999881
31303  -33.441  -48.186  -30.167 0.6999999881
31309  -33.210  -47.181  -31.883 0.6999999881
31329  -34.740  -47.243  -34.213 0.6999999881
32256  -33.044  -46.886  -22.521 0.8000000119
32273  -35.314  -46.069  -23.783 0.6999999881
32285  -28.377  -46.339  -24.846 0.6000000238
32373  -26.058  -46.389  -31.634 0.4000000060
32374  -33.079  -46.277  -32.151 0.6999999881
32375  -33.347  -46.427  -31.257 0.6999999881
32376  -35.513  -46.406  -31.801 0.6999999881
32386  -32.581  -46.558  -33.799 0.6999999881
33275  -31.507  -45.402  -22.694 0.8000000119
33383  -33.387  -45.721  -30.813 0.6999999881
33402  -32.552  -45.719  -33.911 0.6999999881
33403  -35.218  -45.000  -33.308 0.6999999881
33408  -32.876  -45.580  -34.447 0.6999999881
34274  -27.810  -44.690  -25.337 0.6000000238
34300  -33.830  -44.362  -27.773 0.8999999762
34301  -34.397  -44.311  -27.238 0.8999999762
34349  -36.188  -43.913  -30.982 0.6000000238
34357  -34.631  -44.027  -34.059 0.6999999881
34365  -34.966  -44.656  -33.973 0.6999999881
35189  -31.467  -43.949  -22.511 0.8000000119
35211  -35.504  -43.183  -23.206 0.6999999881
35270  -26.518  -43.242  -27.617 0.4000000060
35337  -34.221  -43.422  -34.148 0.6999999881
35343  -32.703  -44.008  -34.446 0.8000000119
35344  -32.536  -43.358  -34.303 0.8000000119
35345  -33.445  -43.296  -34.359 0.6999999881
36159  -36.408  -42.451  -25.401 0.6999999881
36235  -36.442  -42.717  -30.655 0.6000000238
36250  -31.167  -42.467  -33.629 0.8000000119
37098  -37.763  -41.647  -29.932 0.5000000000
37127  -32.112  -41.361  -33.806 0.8000000119
37965  -36.209  -40.689  -26.256 0.8000000119
38014  -30.629  -40.363  -29.217 0.8000000119
38015  -32.138  -40.764  -28.528 0.8000000119
38030  -37.734  -40.902  -30.012 0.5000000000
38031  -38.214  -40.392  -29.551 0.5000000000
38042  -29.614  -40.241  -31.752 0.8000000119
38046  -35.141  -40.822  -30.950 0.6999999881
38055  -30.183  -40.172  -33.576 0.8000000119
38056  -31.782  -40.200  -33.272 0.8000000119
38879  -27.606  -39.646  -23.402 0.4000000060
38932  -30.321  -39.509  -28.675 0.8000000119
38959  -29.670  -39.090  -28.949 0.8000000119
38960  -29.770  -39.625  -29.403 0.8999999762
38962  -39.586  -39.123  -28.315 0.3000000119
38974  -29.320  -39.096  -29.632 0.8000000119
38975  -29.591  -39.546  -30.240 1.0000000000
38991  -29.285  -39.031  -30.105 0.8000000119
38992  -29.640  -39.200  -30.514 1.0000000000
39869  -28.929  -38.378  -22.307 0.4000000060
39925  -34.541  -39.083  -26.934 0.6999999881
39940  -29.759  -38.451  -28.663 0.8000000119
39944  -33.138  -38.805  -27.243 0.6999999881
39945  -33.847  -39.140  -27.178 0.6999999881
39966  -39.709  -38.476  -28.273 0.3000000119
39983  -35.951  -38.285  -29.694 0.6999999881
39986  -38.452  -38.651  -29.160 0.6000000238
39999  -33.159  -38.797  -30.319 0.8000000119
40865  -29.324  -37.842  -22.060 0.3000000119
40921  -32.090  -37.236  -27.623 0.8000000119
40937  -30.003  -37.902  -28.459 0.8000000119
40938  -30.690  -37.597  -28.161 0.8000000119
40939  -31.385  -37.353  -27.882 0.8000000119
40969  -34.643  -37.405  -29.669 0.6999999881
40972  -37.317  -37.885  -29.484 0.6000000238
41884  -31.563  -36.658  -27.850 0.8000000119
41886  -33.244  -36.212  -27.333 0.8000000119
41892  -29.268  -37.063  -28.899 0.8000000119
41894  -30.681  -36.113  -28.167 0.8000000119
41910  -28.644  -37.349  -29.563 0.8000000119
41911  -32.669  -36.855  -30.210 0.6999999881
41912  -33.409  -36.734  -30.001 0.6999999881
41933  -31.011  -37.268  -30.857 0.8999999762
42782  -36.553  -34.144  -21.175 0.6000000238
42796  -35.628  -35.738  -21.636 0.6999999881
42866  -36.907  -35.749  -25.869 0.6999999881
42897  -30.181  -34.990  -28.913 0.8000000119
42963  -28.630  -35.570  -33.555 0.8000000119
43844  -36.884  -33.600  -20.964 0.6000000238
44027  -35.074  -34.414  -32.863 0.6999999881
44040  -32.280  -35.227  -34.519 0.6000000238
44041  -33.206  -34.990  -34.413 0.6000000238
44053  -29.379  -35.136  -34.740 0.8000000119
44054  -30.590  -35.200  -34.898 0.8000000119
44968  -37.072  -33.155  -21.016 0.5000000000
44986  -37.651  -33.101  -21.469 0.5000000000
45073  -38.500  -33.570  -25.990 0.6000000238
45097  -34.414  -33.188  -29.205 0.8000000119
45120  -32.095  -32.918  -31.118 0.8000000119
45159  -28.317  -32.158  -35.221 0.8000000119
46153  -36.452  -32.497  -29.516 0.6999999881
46175  -34.227  -32.224  -31.535 0.8000000119
46189  -28.479  -32.225  -33.488 0.8000000119
46991  -38.473  -31.378  -22.255 0.3000000119
47010  -38.297  -31.396  -22.017 0.3000000119
47023  -34.091  -32.020  -23.633 0.3000000119
47027  -38.931  -30.970  -23.090 0.3000000119
47158  -32.392  -31.694  -32.987 0.8000000119
47195  -28.541  -31.525  -35.118 0.8000000119
47208  -30.009  -30.126  -35.886 0.6999999881
47973  -38.228  -31.165  -22.165 0.3000000119
48043  -38.487  -30.346  -24.862 0.4000000060
48160  -30.654  -29.806  -36.113 0.6999999881
49215  -30.008  -29.269  -35.443 0.6999999881
49226  -35.576  -29.337  -37.146 0.5000000000
50312  -31.517  -28.562  -28.314 0.3000000119
50358  -31.846  -28.651  -34.631 0.6999999881
50361  -35.463  -28.253  -33.534 0.6000000238
50368  -30.471  -28.382  -35.718 0.6999999881
50374  -30.479  -28.240  -35.998 0.6999999881
51479  -35.128  -27.514  -33.883 0.6000000238
51499  -30.891  -26.152  -35.986 0.6999999881
52625  -31.742  -25.728  -37.285 0.5000000000
53548  -37.945  -25.691  -28.267 0.3000000119
53645  -33.270  -25.301  -35.269 0.6000000238
53675  -32.125  -23.889  -37.668 0.5000000000
54504  -38.981  -24.928  -29.080 0.3000000119
55501  -35.724  -21.657  -40.082 0.4000000060
56458  -34.530  -22.673  -30.847 0.3000000119
56487  -39.854  -22.571  -31.922 0.3000000119
56534  -40.352  -22.349  -34.891 0.3000000119
59743  -35.937  -19.033  -34.382 0.3000000119
62038  -39.915  -16.303  -42.607 0.3000000119
63134  -39.018  -15.300  -43.164 0.3000000119
64166  -38.431  -14.869  -43.175 0.3000000119
115077  -33.632  -53.800  -28.719 0.6999999881
115238  -31.470  -55.925  -31.545 0.6000000238
115324  -21.161  -57.140  -25.903 0.4000000060
115784  -35.010  -49.860  -32.011 0.5000000000
115954  -30.964  -39.102  -28.177 0.8000000119
116233  -30.837  -53.959  -23.603 0.6000000238
116425  -34.630  -52.530  -25.639 0.8000000119
117326  -33.146  -39.997  -21.452 0.6999999881
117843  -32.901  -50.170  -34.434 0.6999999881
118177  -35.409  -46.003  -32.375 0.6999999881
118222  -35.521  -47.646  -31.078 0.5000000000
118665  -30.923  -58.386  -28.861 0.5000000000
120034  -27.632  -59.345  -26.825 0.4000000060
120106  -40.258  -20.795  -33.346 0.3000000119
120499  -33.580  -45.235  -28.617 0.8999999762
120954  -35.839  -34.272  -32.506 0.6999999881
121081  -31.931  -57.756  -27.318 0.5000000000
121482  -34.459  -41.875  -27.324 0.8000000119
121619  -33.722  -49.090  -34.681 0.6999999881
121663  -31.898  -35.234  -28.077 0.8000000119
122160  -34.781  -50.802  -24.993 0.8000000119
122425  -35.189  -45.076  -26.427 0.8000000119
123376  -35.572  -43.027  -26.573 0.8000000119
123693  -32.337  -52.715  -32.412 0.6000000238
124003  -35.246  -41.905  -26.853 0.8000000119
124147  -33.874  -45.181  -34.876 0.6999999881
124353  -30.105  -39.411  -30.915 0.8999999762
124473  -31.704  -55.140  -34.364 0.4000000060
124700  -27.946  -57.801  -23.615 0.5000000000
125848  -26.448  -45.756  -31.054 0.4000000060
126004  -39.379  -27.976  -27.838 0.4000000060
126211  -38.908  -23.260  -36.914 0.3000000119
126377  -29.298  -51.519  -25.294 0.6000000238
126582  -32.664  -47.363  -34.098 0.6999999881
126690  -34.434  -50.686  -24.295 0.8000000119
127109  -33.687  -34.651  -34.706 0.6000000238
127683  -33.312  -45.167  -34.749 0.6999999881
127779  -36.858  -37.149  -29.429 0.6000000238
128679  -30.464  -32.608  -24.576 0.3000000119
128822  -31.818  -37.297  -21.362 0.5000000000
129223  -26.164  -56.449  -23.404 0.5000000000
129420  -37.911  -16.529  -41.652 0.3000000119
129472  -31.126  -39.693  -31.779 0.8000000119
129474  -34.218  -43.917  -22.157 0.6999999881
129568  -38.585  -42.139  -28.173 0.4000000060
129666  -35.400  -37.566  -29.614 0.6999999881
129863  -28.190  -54.506  -23.726 0.6000000238
130656  -33.893  -54.823  -26.446 0.5000000000
130888  -33.657  -53.946  -24.617 0.6999999881
131076  -31.543  -54.598  -32.670 0.6000000238
131753  -35.688  -44.900  -31.793 0.6999999881
133011  -32.361  -42.291  -30.155 0.8999999762
133146  -33.221  -55.082  -29.013 0.6999999881
133620  -33.801  -43.022  -27.908 0.8000000119
133641  -22.513  -59.312  -23.529 0.4000000060
133997  -25.424  -58.537  -22.753 0.5000000000
134836  -31.250  -51.324  -23.902 0.6000000238
134881  -37.467  -31.354  -21.655 0.3000000119
135066  -27.493  -55.606  -23.613 0.6000000238
136278  -33.160  -42.144  -28.458 0.8000000119
136650  -32.200  -43.720  -33.089 0.8000000119
136863  -32.055  -38.269  -27.534 0.8000000119
137064  -34.045  -54.192  -25.193 0.8000000119
137077  -37.682  -32.508  -21.406 0.5000000000
137415  -35.195  -42.932  -32.713 0.6999999881
137503  -34.602  -33.381  -21.549 0.4000000060
137556  -35.344  -27.860  -27.697 0.3000000119
137630  -38.553  -32.642  -23.611 0.5000000000
137649  -28.437  -36.520  -30.474 0.8000000119
137720  -32.207  -52.482  -33.026 0.6999999881
138161  -31.580  -58.079  -27.624 0.5000000000
138162  -36.519  -34.227  -32.348 0.6999999881
138784  -29.860  -39.731  -30.798 1.0000000000
138881  -32.486  -44.219  -34.225 0.8000000119
