#!ascii label  , from subject sub-v1s19x0051317_ses-1 vox2ras=TkReg
384
66140  -32.213  -12.773  -38.488 0.0000000000
70146  -30.877  -9.911  -42.257 0.0000000000
134591  -30.426  2.719  -46.215 0.0000000000
78599  -31.432  -0.443  -43.376 0.0000000000
128353  -33.169  -4.734  -41.117 0.0000000000
124145  -35.090  -7.887  -39.009 0.0000000000
83036  -29.835  4.009  -47.318 0.0000000000
76726  -32.368  -2.441  -42.519 0.0000000000
73851  -30.516  -5.695  -43.524 0.0000000000
68228  -31.798  -11.998  -41.013 0.0000000000
70127  -33.418  -9.052  -40.177 0.0000000000
69190  -34.134  -10.782  -39.274 0.0000000000
62017  -29.233  -17.054  -37.423 0.0000000000
132822  -30.456  -13.314  -40.063 0.0000000000
121392  -29.966  10.411  -49.966 0.0000000000
86973  -30.945  9.338  -48.859 0.0000000000
86190  -32.042  8.417  -46.999 0.0000000000
84688  -31.934  7.096  -44.324 0.0000000000
127208  -32.479  5.122  -42.420 0.0000000000
80414  -30.555  1.292  -44.579 0.0000000000
125522  -33.614  2.970  -41.295 0.0000000000
127349  -33.993  0.842  -40.927 0.0000000000
77631  -35.155  -1.491  -40.014 0.0000000000
75759  -35.508  -3.533  -39.311 0.0000000000
72913  -32.075  -7.013  -42.184 0.0000000000
73798  -34.051  -6.360  -39.968 0.0000000000
74810  -30.749  -4.752  -43.619 0.0000000000
72946  -29.148  -6.444  -44.432 0.0000000000
67153  -32.285  -12.279  -39.967 0.0000000000
68218  -32.859  -11.488  -40.103 0.0000000000
120907  -33.572  -11.981  -38.757 0.0000000000
58575  -30.107  -20.702  -33.878 0.0000000000
59738  -30.334  -19.504  -34.781 0.0000000000
59759  -30.210  -18.986  -35.231 0.0000000000
66166  -29.902  -13.516  -40.952 0.0000000000
65174  -28.506  -14.185  -40.577 0.0000000000
86963  -31.804  9.137  -47.725 0.0000000000
82220  -30.169  3.358  -46.656 0.0000000000
83882  -30.971  5.626  -45.783 0.0000000000
83026  -31.094  4.907  -45.206 0.0000000000
83869  -31.707  5.442  -43.501 0.0000000000
83017  -31.332  4.274  -44.058 0.0000000000
122746  -30.842  0.076  -43.764 0.0000000000
128224  -31.765  1.759  -42.802 0.0000000000
80388  -32.040  0.826  -42.667 0.0000000000
80365  -33.641  1.610  -41.194 0.0000000000
79504  -33.084  0.106  -41.742 0.0000000000
75789  -32.735  -3.769  -41.657 0.0000000000
121124  -33.308  -2.370  -41.230 0.0000000000
76694  -33.798  -2.884  -40.657 0.0000000000
76682  -35.684  -2.712  -39.458 0.0000000000
74773  -34.198  -4.296  -40.198 0.0000000000
70161  -30.504  -9.368  -42.720 0.0000000000
72016  -30.756  -7.716  -42.906 0.0000000000
71094  -31.703  -8.683  -41.871 0.0000000000
71070  -33.951  -8.453  -39.797 0.0000000000
71977  -33.800  -7.789  -40.020 0.0000000000
71979  -34.849  -7.298  -39.192 0.0000000000
73800  -35.235  -5.971  -39.120 0.0000000000
71961  -35.433  -7.232  -38.811 0.0000000000
62007  -30.406  -17.236  -36.451 0.0000000000
63091  -29.592  -16.379  -37.879 0.0000000000
63092  -30.424  -15.930  -37.525 0.0000000000
64115  -31.083  -15.216  -37.453 0.0000000000
135667  -30.642  -2.712  -44.313 0.0000000000
77659  -32.032  -1.870  -43.112 0.0000000000
75812  -31.564  -3.273  -43.297 0.0000000000
75801  -31.920  -3.831  -42.752 0.0000000000
73841  -32.253  -5.149  -42.187 0.0000000000
69225  -31.199  -10.576  -41.731 0.0000000000
70148  -32.198  -9.198  -41.240 0.0000000000
69213  -32.891  -10.583  -40.513 0.0000000000
69214  -33.511  -9.938  -40.125 0.0000000000
70108  -35.003  -9.416  -38.919 0.0000000000
61990  -30.007  -17.916  -36.049 0.0000000000
130965  -30.026  -11.169  -42.057 0.0000000000
67177  -31.122  -12.215  -41.278 0.0000000000
67152  -31.392  -12.679  -40.257 0.0000000000
66139  -31.334  -12.979  -38.720 0.0000000000
134931  -28.923  11.245  -49.942 0.0000000000
86200  -28.901  9.290  -50.143 0.0000000000
87768  -30.520  9.898  -49.703 0.0000000000
87770  -32.162  10.746  -47.695 0.0000000000
87755  -32.964  10.516  -46.919 0.0000000000
86953  -32.945  9.288  -45.791 0.0000000000
83890  -31.011  6.170  -46.337 0.0000000000
85456  -31.737  7.088  -45.336 0.0000000000
86175  -33.478  8.689  -44.380 0.0000000000
85449  -33.278  7.621  -43.567 0.0000000000
84681  -34.648  6.887  -43.067 0.0000000000
83865  -34.591  5.771  -42.248 0.0000000000
80424  -30.377  1.571  -45.361 0.0000000000
81295  -31.251  2.648  -43.793 0.0000000000
136918  -32.700  3.962  -41.770 0.0000000000
82991  -34.687  4.507  -41.436 0.0000000000
82150  -35.466  3.124  -41.237 0.0000000000
121236  -35.726  0.818  -40.523 0.0000000000
118085  -32.869  -1.113  -41.936 0.0000000000
130488  -34.974  -0.616  -40.298 0.0000000000
72026  -30.304  -7.310  -43.460 0.0000000000
72922  -31.678  -6.593  -42.712 0.0000000000
73832  -32.587  -5.693  -41.711 0.0000000000
71095  -32.336  -8.265  -41.404 0.0000000000
72900  -32.968  -6.984  -41.004 0.0000000000
129304  -33.686  -5.692  -40.501 0.0000000000
74758  -34.660  -4.862  -39.650 0.0000000000
74746  -35.985  -4.827  -38.782 0.0000000000
123415  -29.466  -14.694  -39.477 0.0000000000
130062  -31.077  -13.627  -38.239 0.0000000000
66126  -32.449  -13.440  -37.675 0.0000000000
129052  -32.454  -12.417  -39.170 0.0000000000
68209  -32.967  -12.008  -39.349 0.0000000000
67142  -32.978  -12.437  -38.703 0.0000000000
67143  -34.100  -12.189  -38.171 0.0000000000
129363  -33.505  -12.451  -38.295 0.0000000000
58576  -31.002  -20.608  -33.679 0.0000000000
58595  -29.658  -20.105  -34.517 0.0000000000
58596  -30.625  -20.070  -34.259 0.0000000000
83025  -30.937  4.191  -45.733 0.0000000000
130573  -31.010  3.745  -45.496 0.0000000000
83016  -31.140  4.064  -44.969 0.0000000000
82189  -31.018  3.267  -45.144 0.0000000000
77668  -30.646  -1.374  -44.184 0.0000000000
78609  -30.487  -0.494  -44.354 0.0000000000
79532  -31.462  0.448  -43.269 0.0000000000
79518  -31.969  -0.144  -42.807 0.0000000000
79519  -32.545  0.060  -42.280 0.0000000000
74790  -33.201  -4.173  -41.139 0.0000000000
75790  -33.223  -3.295  -41.151 0.0000000000
75771  -33.714  -3.793  -40.662 0.0000000000
75772  -34.318  -3.426  -40.216 0.0000000000
74772  -33.592  -4.718  -40.690 0.0000000000
70162  -31.098  -9.065  -42.365 0.0000000000
71071  -34.686  -8.581  -39.257 0.0000000000
71978  -34.389  -7.731  -39.554 0.0000000000
122651  -35.755  -7.824  -38.617 0.0000000000
71962  -36.327  -7.191  -38.433 0.0000000000
63076  -30.757  -16.504  -36.737 0.0000000000
75822  -30.534  -3.391  -44.288 0.0000000000
76733  -31.086  -2.961  -43.929 0.0000000000
74811  -31.440  -4.282  -43.255 0.0000000000
73852  -31.349  -5.241  -43.210 0.0000000000
74798  -31.869  -4.758  -42.741 0.0000000000
73840  -31.875  -5.718  -42.714 0.0000000000
68242  -31.559  -11.384  -41.341 0.0000000000
69226  -32.051  -10.329  -41.136 0.0000000000
68229  -32.260  -11.317  -40.825 0.0000000000
69201  -33.510  -10.713  -39.866 0.0000000000
69202  -33.990  -10.181  -39.625 0.0000000000
132805  -34.152  -9.393  -39.574 0.0000000000
69203  -34.581  -10.141  -39.164 0.0000000000
69191  -35.327  -10.302  -38.543 0.0000000000
129008  -34.722  -10.785  -38.816 0.0000000000
58574  -29.203  -20.811  -34.037 0.0000000000
57541  -28.815  -21.380  -33.613 0.0000000000
60837  -30.516  -18.429  -35.537 0.0000000000
61991  -30.847  -17.727  -35.843 0.0000000000
68240  -29.781  -11.834  -41.844 0.0000000000
67165  -30.796  -12.876  -40.934 0.0000000000
67140  -31.028  -12.867  -39.441 0.0000000000
66138  -30.679  -13.416  -39.018 0.0000000000
88556  -29.225  11.021  -48.888 0.0000000000
122771  -29.412  10.865  -49.604 0.0000000000
121497  -30.057  10.630  -49.884 0.0000000000
88557  -30.269  10.725  -49.585 0.0000000000
86195  -30.432  8.743  -49.522 0.0000000000
86982  -29.908  9.692  -50.687 0.0000000000
87769  -31.238  10.700  -48.804 0.0000000000
88559  -31.807  11.068  -48.321 0.0000000000
86974  -31.646  10.011  -48.236 0.0000000000
128814  -32.418  10.024  -47.182 0.0000000000
119576  -32.519  9.225  -46.833 0.0000000000
86964  -33.068  9.847  -46.392 0.0000000000
86191  -32.518  8.628  -46.053 0.0000000000
83881  -30.673  5.495  -46.777 0.0000000000
84687  -31.552  6.532  -44.784 0.0000000000
84691  -31.292  6.376  -45.575 0.0000000000
85457  -32.190  7.788  -44.888 0.0000000000
85448  -32.587  7.706  -44.080 0.0000000000
86168  -33.146  8.183  -44.028 0.0000000000
83863  -32.210  5.883  -42.940 0.0000000000
84673  -33.168  6.313  -42.720 0.0000000000
84674  -34.160  6.367  -42.639 0.0000000000
83864  -33.746  5.778  -42.199 0.0000000000
78608  -30.136  -0.212  -45.149 0.0000000000
79552  -30.225  0.707  -45.246 0.0000000000
120085  -30.640  1.980  -44.763 0.0000000000
81294  -30.891  1.923  -44.110 0.0000000000
81270  -32.601  2.368  -41.927 0.0000000000
125094  -32.203  3.007  -42.298 0.0000000000
82158  -32.872  3.314  -41.614 0.0000000000
82990  -33.891  4.504  -41.369 0.0000000000
82159  -33.681  3.684  -41.283 0.0000000000
82983  -35.052  3.705  -41.278 0.0000000000
82148  -34.313  3.110  -41.135 0.0000000000
80366  -34.367  1.621  -40.840 0.0000000000
79495  -34.778  0.877  -40.606 0.0000000000
80368  -36.056  1.640  -40.866 0.0000000000
77660  -32.467  -1.503  -42.536 0.0000000000
77643  -32.812  -1.938  -41.858 0.0000000000
77630  -33.999  -1.904  -40.697 0.0000000000
117886  -34.519  -1.342  -40.378 0.0000000000
77632  -35.986  -0.973  -39.938 0.0000000000
75749  -36.977  -3.759  -38.833 0.0000000000
72025  -29.676  -7.563  -43.832 0.0000000000
72017  -31.469  -7.390  -42.592 0.0000000000
72921  -30.935  -6.962  -43.023 0.0000000000
73831  -32.165  -6.230  -42.216 0.0000000000
72914  -32.559  -6.582  -41.632 0.0000000000
71085  -32.822  -8.690  -40.757 0.0000000000
72881  -33.890  -7.136  -39.967 0.0000000000
71997  -33.404  -7.418  -40.455 0.0000000000
72901  -33.517  -6.622  -40.506 0.0000000000
73814  -33.091  -6.148  -41.091 0.0000000000
73815  -34.064  -5.039  -40.172 0.0000000000
73799  -34.294  -5.621  -39.866 0.0000000000
73785  -35.913  -5.661  -38.757 0.0000000000
73786  -36.731  -5.284  -38.547 0.0000000000
65127  -31.659  -14.673  -37.351 0.0000000000
66124  -31.015  -14.412  -37.824 0.0000000000
66125  -31.686  -13.938  -37.709 0.0000000000
65128  -32.290  -14.268  -37.253 0.0000000000
74821  -30.287  -4.258  -44.158 0.0000000000
74809  -29.910  -5.211  -43.924 0.0000000000
73850  -29.708  -6.138  -43.876 0.0000000000
67167  -32.239  -11.912  -40.547 0.0000000000
68210  -33.556  -11.389  -39.343 0.0000000000
68211  -34.312  -11.458  -38.675 0.0000000000
57542  -29.640  -21.335  -33.514 0.0000000000
60836  -29.689  -18.641  -35.656 0.0000000000
117565  -31.020  -19.548  -34.563 0.0000000000
67175  -29.310  -13.047  -41.361 0.0000000000
66165  -28.988  -13.667  -40.980 0.0000000000
65175  -29.208  -13.982  -40.545 0.0000000000
66153  -29.664  -14.041  -40.125 0.0000000000
86971  -28.764  9.704  -49.798 0.0000000000
86196  -31.206  8.279  -48.131 0.0000000000
85470  -31.593  7.705  -47.048 0.0000000000
136182  -30.544  4.866  -46.651 0.0000000000
130452  -30.806  4.874  -46.095 0.0000000000
83875  -31.254  5.828  -44.889 0.0000000000
134063  -31.695  6.182  -43.934 0.0000000000
124311  -31.388  5.168  -44.258 0.0000000000
134019  -31.574  4.842  -43.594 0.0000000000
130815  -31.641  4.283  -43.217 0.0000000000
79541  -30.504  0.421  -44.445 0.0000000000
80404  -31.314  1.892  -43.433 0.0000000000
80387  -31.522  1.210  -43.215 0.0000000000
80373  -32.358  1.611  -42.268 0.0000000000
81271  -33.256  2.376  -41.424 0.0000000000
80374  -32.953  1.600  -41.658 0.0000000000
127984  -33.347  0.833  -41.452 0.0000000000
76711  -32.738  -2.846  -41.733 0.0000000000
76695  -34.452  -2.579  -40.245 0.0000000000
77618  -35.086  -2.270  -39.857 0.0000000000
76681  -34.950  -3.071  -39.780 0.0000000000
75758  -34.800  -3.926  -39.704 0.0000000000
71111  -30.179  -8.009  -43.291 0.0000000000
71102  -30.646  -8.515  -42.823 0.0000000000
71103  -31.284  -8.200  -42.473 0.0000000000
72006  -31.921  -7.822  -42.066 0.0000000000
71086  -33.385  -8.198  -40.348 0.0000000000
72882  -34.444  -6.902  -39.531 0.0000000000
117076  -34.626  -6.187  -39.501 0.0000000000
72883  -35.025  -6.682  -39.116 0.0000000000
72868  -35.748  -6.489  -38.743 0.0000000000
72869  -36.568  -6.219  -38.474 0.0000000000
63075  -30.013  -16.772  -37.146 0.0000000000
65126  -30.464  -15.064  -38.086 0.0000000000
64101  -31.690  -15.273  -36.929 0.0000000000
76741  -30.348  -2.116  -44.537 0.0000000000
77669  -31.376  -1.403  -43.599 0.0000000000
78584  -32.073  -1.017  -43.065 0.0000000000
76734  -31.512  -2.364  -43.526 0.0000000000
123466  -32.041  -3.088  -42.792 0.0000000000
75811  -31.034  -3.826  -43.841 0.0000000000
75802  -32.345  -3.363  -42.277 0.0000000000
74799  -32.297  -4.265  -42.192 0.0000000000
74789  -32.745  -4.723  -41.570 0.0000000000
70147  -31.499  -9.620  -41.743 0.0000000000
70135  -32.845  -9.648  -40.672 0.0000000000
71049  -35.545  -8.610  -38.630 0.0000000000
68212  -35.140  -11.181  -38.314 0.0000000000
57516  -28.363  -21.776  -33.162 0.0000000000
62005  -28.895  -17.570  -36.949 0.0000000000
62006  -29.601  -17.440  -36.714 0.0000000000
61992  -31.683  -17.594  -35.699 0.0000000000
69224  -30.488  -10.632  -42.096 0.0000000000
68241  -30.639  -11.511  -41.707 0.0000000000
67176  -30.200  -12.579  -41.429 0.0000000000
67166  -31.414  -12.448  -40.891 0.0000000000
67141  -31.811  -12.653  -39.371 0.0000000000
89306  -28.741  11.528  -47.997 0.0000000000
86980  -28.748  9.599  -49.930 0.0000000000
87767  -29.414  10.416  -50.553 0.0000000000
86986  -29.714  9.845  -50.858 0.0000000000
88558  -30.613  10.705  -49.506 0.0000000000
89310  -31.064  10.844  -49.341 0.0000000000
136973  -32.141  9.591  -47.484 0.0000000000
88550  -32.735  11.109  -47.392 0.0000000000
88560  -33.486  11.485  -47.425 0.0000000000
88551  -33.556  10.916  -46.824 0.0000000000
87756  -33.686  10.248  -46.353 0.0000000000
86954  -33.655  9.706  -45.587 0.0000000000
84701  -30.832  6.350  -47.277 0.0000000000
84696  -31.417  6.933  -46.463 0.0000000000
85464  -32.006  7.828  -46.012 0.0000000000
86183  -32.436  8.338  -45.317 0.0000000000
86945  -33.216  9.136  -44.969 0.0000000000
86946  -33.930  9.269  -44.816 0.0000000000
86170  -34.741  8.059  -43.823 0.0000000000
84679  -32.505  6.911  -43.405 0.0000000000
84680  -33.639  6.986  -43.062 0.0000000000
80423  -30.045  1.035  -46.120 0.0000000000
81324  -30.660  2.492  -45.453 0.0000000000
81310  -30.964  2.606  -44.578 0.0000000000
82179  -31.465  3.466  -43.497 0.0000000000
82999  -32.077  4.409  -42.562 0.0000000000
81280  -31.664  2.665  -42.977 0.0000000000
82169  -31.827  3.606  -42.753 0.0000000000
83000  -32.622  4.478  -41.993 0.0000000000
83855  -33.271  5.085  -41.821 0.0000000000
83856  -34.223  5.227  -41.691 0.0000000000
81262  -34.735  2.374  -40.935 0.0000000000
81263  -35.546  2.431  -41.028 0.0000000000
80375  -36.766  1.629  -41.285 0.0000000000
126355  -37.073  0.931  -41.147 0.0000000000
78585  -32.488  -0.708  -42.449 0.0000000000
78565  -32.865  -0.464  -41.982 0.0000000000
79505  -33.690  0.062  -41.191 0.0000000000
77644  -33.366  -1.451  -41.334 0.0000000000
78552  -33.975  -0.818  -40.797 0.0000000000
79494  -34.393  0.087  -40.686 0.0000000000
119160  -35.114  0.215  -40.437 0.0000000000
77619  -35.850  -1.897  -39.675 0.0000000000
72931  -29.733  -6.903  -43.940 0.0000000000
72932  -30.396  -6.567  -43.508 0.0000000000
72933  -31.216  -6.158  -43.193 0.0000000000
137456  -32.217  -5.707  -42.219 0.0000000000
74771  -33.146  -5.294  -41.110 0.0000000000
72007  -32.453  -7.409  -41.535 0.0000000000
71996  -32.866  -7.811  -40.883 0.0000000000
74759  -35.368  -4.390  -39.226 0.0000000000
136180  -34.808  -5.573  -39.453 0.0000000000
124183  -35.317  -5.217  -39.163 0.0000000000
75748  -36.106  -3.988  -38.832 0.0000000000
65160  -28.912  -14.633  -40.077 0.0000000000
66137  -30.096  -14.107  -39.359 0.0000000000
65141  -29.906  -14.827  -38.765 0.0000000000
65142  -30.509  -14.237  -38.520 0.0000000000
134976  -31.720  -13.291  -38.119 0.0000000000
76725  -31.940  -2.597  -43.069 0.0000000000
78566  -33.304  -0.617  -41.498 0.0000000000
78598  -30.887  -0.695  -43.813 0.0000000000
80367  -35.211  1.641  -40.720 0.0000000000
80369  -36.568  0.968  -40.820 0.0000000000
80403  -30.958  1.064  -43.805 0.0000000000
81261  -33.967  2.350  -41.065 0.0000000000
81281  -32.073  2.284  -42.436 0.0000000000
82149  -34.989  3.053  -41.058 0.0000000000
82170  -32.345  3.815  -42.152 0.0000000000
82190  -31.205  3.376  -44.326 0.0000000000
82204  -30.789  3.423  -45.931 0.0000000000
82982  -34.399  3.856  -41.213 0.0000000000
82989  -33.116  4.215  -41.542 0.0000000000
83008  -31.893  5.023  -42.996 0.0000000000
85450  -34.227  7.527  -43.443 0.0000000000
86174  -32.797  8.440  -44.627 0.0000000000
86972  -30.164  9.574  -50.215 0.0000000000
86981  -29.191  10.009  -50.421 0.0000000000
87744  -34.311  10.063  -45.929 0.0000000000
87784  -29.776  9.973  -50.585 0.0000000000
89316  -30.848  11.211  -49.675 0.0000000000
122764  -30.953  -2.166  -44.030 0.0000000000
122963  -28.981  10.528  -48.925 0.0000000000
125742  -30.122  9.177  -50.273 0.0000000000
127183  -32.952  5.681  -42.378 0.0000000000
127981  -32.722  0.834  -42.026 0.0000000000
129072  -34.621  -1.915  -40.227 0.0000000000
129090  -31.939  11.403  -48.627 0.0000000000
132980  -34.701  3.441  -41.152 0.0000000000
136791  -31.232  4.614  -44.638 0.0000000000
137436  -31.845  -12.290  -40.597 0.0000000000
137949  -32.774  8.830  -45.264 0.0000000000
