#!ascii label  , from subject sub-v1s19x0051317_ses-1 vox2ras=TkReg
1203
56861  21.377  -16.357  33.967 0.0000000000
55694  33.693  -17.991  41.005 0.0000000000
71714  37.904  -1.899  12.962 0.0000000000
62411  28.744  -11.895  23.315 0.0000000000
57892  33.002  -15.793  32.870 0.0000000000
75319  51.500  1.198  4.612 0.0000000000
130674  39.151  -6.323  14.787 0.0000000000
64603  34.234  -10.326  15.118 0.0000000000
52662  16.925  -20.235  33.861 0.0000000000
57839  28.118  -15.062  37.027 0.0000000000
54737  28.829  -18.267  34.063 0.0000000000
57940  23.449  -15.805  29.818 0.0000000000
76244  44.663  2.206  8.808 0.0000000000
60062  25.081  -12.888  40.370 0.0000000000
56780  20.927  -16.724  40.159 0.0000000000
74364  44.664  1.040  13.135 0.0000000000
118474  16.132  -21.307  39.162 0.0000000000
46706  13.541  -25.666  39.408 0.0000000000
64549  33.033  -8.919  20.818 0.0000000000
60184  30.546  -13.218  29.374 0.0000000000
55860  33.758  -18.346  27.219 0.0000000000
127938  31.060  -19.466  30.100 0.0000000000
66640  39.623  -8.107  16.507 0.0000000000
65683  36.470  -8.431  14.833 0.0000000000
65651  36.679  -9.278  17.266 0.0000000000
68661  42.171  -5.999  15.959 0.0000000000
55805  19.737  -17.961  31.869 0.0000000000
53694  17.659  -20.039  32.083 0.0000000000
54738  18.991  -18.090  34.392 0.0000000000
125984  24.758  -14.240  35.852 0.0000000000
57883  25.715  -15.043  33.551 0.0000000000
57912  22.182  -15.942  31.746 0.0000000000
55833  20.533  -17.592  29.547 0.0000000000
72656  38.846  -0.950  10.877 0.0000000000
72607  41.636  -1.507  14.800 0.0000000000
73510  41.424  -0.142  12.721 0.0000000000
74372  41.786  0.317  11.229 0.0000000000
55681  20.504  -17.179  42.464 0.0000000000
54684  18.303  -18.480  39.548 0.0000000000
132861  18.129  -18.928  41.822 0.0000000000
49054  12.953  -23.433  43.641 0.0000000000
49084  13.643  -23.634  41.206 0.0000000000
46681  12.859  -25.721  41.611 0.0000000000
120992  11.739  -28.580  41.514 0.0000000000
43328  11.313  -28.371  42.945 0.0000000000
62329  32.514  -11.681  30.338 0.0000000000
59007  31.740  -14.380  31.388 0.0000000000
56927  32.023  -16.360  28.403 0.0000000000
56891  33.295  -17.105  30.253 0.0000000000
54777  27.699  -17.612  30.148 0.0000000000
129544  29.528  -19.176  31.594 0.0000000000
54798  28.600  -18.487  28.160 0.0000000000
53768  29.974  -19.186  26.774 0.0000000000
63524  30.530  -10.379  22.286 0.0000000000
64572  31.062  -9.955  18.833 0.0000000000
62452  29.215  -11.625  19.905 0.0000000000
116893  54.015  1.177  2.498 0.0000000000
74431  52.054  0.308  2.934 0.0000000000
70698  38.822  -4.083  14.314 0.0000000000
67645  35.755  -6.711  14.212 0.0000000000
70686  42.217  -3.678  15.340 0.0000000000
56791  30.527  -16.572  39.424 0.0000000000
54707  30.767  -18.324  37.212 0.0000000000
56833  28.300  -16.853  35.689 0.0000000000
56882  26.705  -16.315  31.558 0.0000000000
56929  24.848  -16.197  28.094 0.0000000000
77130  48.886  3.439  11.126 0.0000000000
78069  48.461  4.501  8.480 0.0000000000
77168  48.017  3.253  5.951 0.0000000000
74416  48.568  0.778  4.123 0.0000000000
120476  23.828  -14.339  37.692 0.0000000000
133968  21.169  -16.382  37.188 0.0000000000
57793  23.223  -15.040  40.162 0.0000000000
114503  27.016  -12.736  38.776 0.0000000000
75279  45.170  1.768  10.879 0.0000000000
54718  18.239  -18.285  36.575 0.0000000000
52627  16.448  -20.818  36.677 0.0000000000
119368  15.233  -23.236  37.195 0.0000000000
51357  16.003  -20.974  42.268 0.0000000000
49113  14.435  -23.387  39.513 0.0000000000
42205  8.094  -29.726  43.451 0.0000000000
65626  36.321  -8.449  19.447 0.0000000000
63493  31.636  -10.579  25.332 0.0000000000
63477  31.918  -11.160  27.901 0.0000000000
61315  29.364  -12.597  26.681 0.0000000000
57965  30.489  -15.647  26.773 0.0000000000
55886  33.348  -17.917  25.325 0.0000000000
53792  32.430  -19.143  23.322 0.0000000000
53654  31.963  -19.655  35.368 0.0000000000
53675  33.768  -19.383  33.588 0.0000000000
54765  34.112  -18.776  31.627 0.0000000000
53739  32.761  -19.567  28.268 0.0000000000
115279  31.151  -19.426  24.681 0.0000000000
64568  34.048  -9.183  17.985 0.0000000000
117810  31.579  -10.609  15.836 0.0000000000
65660  39.541  -8.448  17.264 0.0000000000
65662  38.056  -9.093  16.714 0.0000000000
65650  37.956  -9.095  17.669 0.0000000000
66632  40.285  -7.993  17.092 0.0000000000
124294  20.187  -17.527  32.390 0.0000000000
55791  19.574  -17.975  32.805 0.0000000000
55778  20.224  -17.294  33.906 0.0000000000
58965  23.202  -14.698  34.839 0.0000000000
58974  23.622  -14.645  34.039 0.0000000000
57886  21.970  -15.865  33.589 0.0000000000
56885  21.055  -16.753  31.733 0.0000000000
72633  38.520  -1.431  12.365 0.0000000000
71701  40.135  -1.987  14.249 0.0000000000
72618  41.251  -0.937  14.172 0.0000000000
72620  39.682  -1.499  13.586 0.0000000000
73512  39.837  -0.680  12.094 0.0000000000
120485  12.511  -24.970  43.747 0.0000000000
47819  12.790  -24.984  42.819 0.0000000000
46669  12.683  -25.723  42.485 0.0000000000
44488  12.410  -27.169  41.297 0.0000000000
45545  12.292  -27.129  42.776 0.0000000000
117346  11.683  -28.340  42.214 0.0000000000
61257  32.305  -12.891  32.412 0.0000000000
58993  32.519  -14.880  32.578 0.0000000000
57921  32.380  -15.807  30.837 0.0000000000
56880  32.968  -16.578  31.238 0.0000000000
134451  34.376  -18.593  39.686 0.0000000000
55848  26.792  -17.131  28.387 0.0000000000
54786  27.835  -17.896  29.300 0.0000000000
55862  27.253  -17.713  27.060 0.0000000000
54822  27.858  -18.185  26.630 0.0000000000
63525  29.859  -10.745  22.659 0.0000000000
63536  29.615  -10.773  21.089 0.0000000000
76261  51.350  2.756  5.122 0.0000000000
77176  53.054  2.684  5.058 0.0000000000
75317  53.143  1.420  4.446 0.0000000000
74422  53.099  0.795  3.459 0.0000000000
74424  51.629  0.319  3.536 0.0000000000
68683  38.784  -5.665  14.524 0.0000000000
69684  37.355  -4.821  14.184 0.0000000000
67643  37.592  -6.585  14.574 0.0000000000
64614  35.427  -9.719  14.828 0.0000000000
65684  35.613  -8.876  14.525 0.0000000000
64615  34.706  -10.043  14.543 0.0000000000
67632  40.627  -6.325  15.370 0.0000000000
68681  40.279  -5.146  14.669 0.0000000000
69681  40.093  -4.404  14.514 0.0000000000
127309  17.354  -19.927  33.054 0.0000000000
51472  16.366  -21.411  34.217 0.0000000000
57823  29.465  -15.818  38.617 0.0000000000
56813  29.452  -16.722  37.583 0.0000000000
57849  28.432  -15.856  36.715 0.0000000000
57896  24.779  -15.183  32.122 0.0000000000
57894  26.143  -15.525  32.841 0.0000000000
120180  25.320  -15.629  30.738 0.0000000000
56895  25.967  -15.954  30.275 0.0000000000
57951  23.687  -15.935  28.940 0.0000000000
56932  22.442  -16.462  28.547 0.0000000000
57980  30.002  -16.087  24.198 0.0000000000
77140  46.525  3.139  9.562 0.0000000000
77138  47.709  3.762  9.638 0.0000000000
77144  46.594  3.305  8.606 0.0000000000
76266  46.910  2.300  5.780 0.0000000000
75311  47.307  1.890  5.081 0.0000000000
76277  48.139  2.083  4.889 0.0000000000
60091  24.617  -13.332  38.969 0.0000000000
58925  23.528  -14.552  38.606 0.0000000000
58894  24.013  -14.099  40.370 0.0000000000
60074  26.134  -12.491  39.024 0.0000000000
60104  24.955  -13.238  38.037 0.0000000000
75273  46.263  2.021  12.041 0.0000000000
75275  44.582  1.405  11.487 0.0000000000
74386  41.611  0.265  9.369 0.0000000000
56806  20.753  -16.655  38.402 0.0000000000
55743  19.494  -17.389  36.344 0.0000000000
55720  19.467  -17.494  38.447 0.0000000000
53613  17.344  -19.590  39.480 0.0000000000
53625  17.295  -19.478  38.640 0.0000000000
52615  16.416  -20.918  37.736 0.0000000000
51429  16.023  -21.593  37.164 0.0000000000
50258  15.784  -21.989  37.918 0.0000000000
51358  15.549  -21.176  42.890 0.0000000000
122839  13.608  -24.753  40.387 0.0000000000
49101  13.992  -23.320  40.651 0.0000000000
47873  14.124  -24.198  39.352 0.0000000000
47892  14.353  -24.388  38.434 0.0000000000
122219  32.504  -10.110  24.583 0.0000000000
61277  31.199  -12.449  29.843 0.0000000000
136973  32.274  -11.473  29.444 0.0000000000
62354  30.766  -12.043  28.581 0.0000000000
62366  30.608  -11.771  27.707 0.0000000000
60200  29.852  -12.936  28.093 0.0000000000
59048  29.709  -14.016  27.160 0.0000000000
59047  30.346  -14.553  27.691 0.0000000000
56926  32.622  -17.100  28.163 0.0000000000
126554  31.950  -16.954  26.973 0.0000000000
136505  33.556  -17.985  26.022 0.0000000000
54845  33.453  -18.369  24.780 0.0000000000
131973  33.372  -19.081  25.377 0.0000000000
54717  29.891  -18.201  36.070 0.0000000000
54715  31.376  -18.849  36.682 0.0000000000
54735  30.288  -18.984  34.734 0.0000000000
53716  30.483  -19.374  30.704 0.0000000000
53690  31.507  -19.747  32.805 0.0000000000
136715  32.017  -19.653  31.541 0.0000000000
53700  34.166  -18.999  32.150 0.0000000000
118673  33.572  -19.398  30.990 0.0000000000
53713  34.106  -19.195  30.156 0.0000000000
124413  31.860  -19.537  28.797 0.0000000000
54831  29.182  -19.041  24.831 0.0000000000
127048  30.503  -19.354  26.344 0.0000000000
65614  34.594  -8.427  20.646 0.0000000000
65628  34.689  -8.603  19.253 0.0000000000
64559  33.262  -8.929  19.352 0.0000000000
62476  30.077  -10.782  17.977 0.0000000000
63578  30.932  -10.345  17.606 0.0000000000
75359  53.357  1.601  0.574 0.0000000000
66650  39.604  -7.485  15.773 0.0000000000
66662  38.149  -7.344  14.966 0.0000000000
65670  38.416  -8.701  16.037 0.0000000000
65672  36.878  -9.209  15.520 0.0000000000
64592  35.691  -9.868  16.101 0.0000000000
67623  42.457  -6.423  16.687 0.0000000000
66639  40.872  -6.816  16.090 0.0000000000
54769  18.648  -18.947  31.558 0.0000000000
54749  18.651  -18.621  32.952 0.0000000000
53668  17.914  -19.016  34.290 0.0000000000
58954  26.577  -14.312  36.315 0.0000000000
57861  26.760  -15.164  35.285 0.0000000000
58972  25.284  -14.675  34.298 0.0000000000
58995  23.886  -14.994  32.535 0.0000000000
115464  22.920  -15.605  31.261 0.0000000000
56917  21.678  -16.650  29.703 0.0000000000
56897  21.622  -16.558  30.547 0.0000000000
55818  20.463  -17.452  30.521 0.0000000000
75298  43.663  1.268  7.778 0.0000000000
60038  25.225  -13.098  42.182 0.0000000000
73495  42.707  -0.635  14.693 0.0000000000
73499  43.182  -0.044  14.162 0.0000000000
74362  43.078  0.318  13.197 0.0000000000
116214  43.044  0.732  11.600 0.0000000000
73521  41.176  -0.005  11.797 0.0000000000
73522  40.389  -0.331  11.437 0.0000000000
55697  20.371  -17.215  40.783 0.0000000000
55708  19.522  -17.494  39.380 0.0000000000
54672  18.978  -17.915  40.706 0.0000000000
53602  17.859  -19.183  40.858 0.0000000000
52568  17.241  -19.943  40.989 0.0000000000
50209  14.086  -22.131  42.720 0.0000000000
119897  13.232  -23.541  42.689 0.0000000000
47836  13.334  -24.270  41.524 0.0000000000
45566  13.187  -26.184  39.956 0.0000000000
44499  12.462  -27.521  40.299 0.0000000000
61264  31.580  -12.863  31.178 0.0000000000
60183  30.963  -13.708  29.974 0.0000000000
59035  31.138  -14.849  28.931 0.0000000000
57937  31.704  -15.477  29.415 0.0000000000
118747  32.455  -16.730  28.821 0.0000000000
55845  33.808  -18.231  28.012 0.0000000000
55802  28.038  -17.994  31.976 0.0000000000
54757  29.157  -18.962  32.763 0.0000000000
116601  28.575  -18.510  30.871 0.0000000000
54775  29.116  -18.844  30.435 0.0000000000
53729  29.805  -19.178  29.155 0.0000000000
53742  30.097  -19.199  28.367 0.0000000000
54809  29.359  -18.835  27.856 0.0000000000
54832  28.349  -18.678  25.115 0.0000000000
64542  31.718  -9.567  21.265 0.0000000000
127796  32.069  -9.347  19.930 0.0000000000
64552  30.805  -9.895  20.076 0.0000000000
63558  29.645  -10.978  19.409 0.0000000000
75336  53.841  0.985  3.198 0.0000000000
74443  52.495  0.691  2.098 0.0000000000
70709  38.277  -3.375  14.165 0.0000000000
70711  36.667  -3.285  13.366 0.0000000000
130340  37.051  -3.985  13.889 0.0000000000
120660  36.342  -7.393  14.507 0.0000000000
66664  34.849  -8.060  13.980 0.0000000000
68670  43.321  -4.959  15.775 0.0000000000
124399  43.107  -3.983  15.534 0.0000000000
71682  43.499  -2.727  15.680 0.0000000000
70696  41.687  -2.942  15.263 0.0000000000
71692  39.832  -2.828  14.503 0.0000000000
55696  31.876  -17.273  40.157 0.0000000000
54682  31.858  -18.167  39.019 0.0000000000
55717  30.601  -17.488  38.380 0.0000000000
55740  29.481  -17.603  36.512 0.0000000000
55764  28.394  -17.655  34.514 0.0000000000
57871  27.197  -15.930  34.882 0.0000000000
56859  27.272  -16.836  33.752 0.0000000000
55777  27.712  -17.340  33.294 0.0000000000
56893  27.178  -16.903  31.170 0.0000000000
55831  26.304  -16.605  28.941 0.0000000000
56941  25.038  -16.509  27.057 0.0000000000
78068  49.211  4.951  8.123 0.0000000000
76248  46.238  2.906  7.205 0.0000000000
78087  48.246  4.220  7.096 0.0000000000
79096  49.883  5.077  6.965 0.0000000000
77166  49.551  3.632  5.612 0.0000000000
76275  50.021  2.117  4.766 0.0000000000
74414  50.263  0.984  4.390 0.0000000000
74425  50.276  0.513  3.957 0.0000000000
134193  22.275  -15.353  36.088 0.0000000000
56835  21.288  -16.207  35.751 0.0000000000
57841  22.384  -15.474  37.597 0.0000000000
121922  22.105  -15.788  38.725 0.0000000000
56793  22.072  -16.030  40.033 0.0000000000
58883  24.095  -14.207  41.288 0.0000000000
56764  22.161  -16.102  41.577 0.0000000000
55680  21.673  -16.464  42.097 0.0000000000
55688  33.184  -17.455  41.645 0.0000000000
56763  31.769  -16.422  41.278 0.0000000000
57807  30.259  -15.855  39.771 0.0000000000
58921  29.266  -14.985  38.819 0.0000000000
60073  28.430  -13.357  39.457 0.0000000000
58923  28.028  -14.056  37.914 0.0000000000
60102  26.472  -13.204  37.463 0.0000000000
117171  24.229  -14.217  36.820 0.0000000000
77127  48.683  2.723  11.723 0.0000000000
117615  46.357  2.602  10.477 0.0000000000
135105  44.596  2.004  9.464 0.0000000000
74370  43.377  0.965  10.902 0.0000000000
75287  43.588  1.280  9.616 0.0000000000
75292  43.432  1.278  8.724 0.0000000000
55753  20.104  -17.103  35.745 0.0000000000
55755  18.844  -18.010  35.159 0.0000000000
129623  17.686  -19.015  35.652 0.0000000000
54696  18.490  -18.138  38.324 0.0000000000
53647  17.307  -19.405  36.767 0.0000000000
132636  16.837  -20.106  35.255 0.0000000000
51442  16.031  -21.581  36.065 0.0000000000
50290  15.598  -23.321  35.790 0.0000000000
52558  17.109  -20.029  41.779 0.0000000000
51383  16.128  -21.055  40.762 0.0000000000
50227  15.171  -21.983  40.677 0.0000000000
50248  15.317  -22.348  39.279 0.0000000000
49135  14.962  -23.216  37.981 0.0000000000
43312  9.752  -28.995  43.594 0.0000000000
65624  38.024  -8.668  19.389 0.0000000000
129415  33.244  -9.078  22.157 0.0000000000
64524  32.032  -9.810  22.998 0.0000000000
63501  31.260  -10.449  24.029 0.0000000000
63503  29.819  -11.178  24.117 0.0000000000
63485  31.383  -10.997  26.546 0.0000000000
62387  30.407  -11.247  25.532 0.0000000000
61335  28.945  -12.013  24.950 0.0000000000
60256  28.991  -13.878  25.798 0.0000000000
57974  29.531  -15.337  25.306 0.0000000000
57973  30.089  -16.032  25.169 0.0000000000
57958  31.488  -15.858  27.923 0.0000000000
116003  31.504  -16.914  26.220 0.0000000000
55887  32.149  -17.355  25.286 0.0000000000
55895  33.195  -18.248  23.787 0.0000000000
54866  32.884  -18.562  22.969 0.0000000000
56845  33.939  -16.402  34.125 0.0000000000
54705  32.690  -18.908  37.714 0.0000000000
53631  33.788  -19.089  37.307 0.0000000000
53651  34.417  -19.072  35.962 0.0000000000
53678  30.800  -19.617  33.376 0.0000000000
53664  32.599  -19.951  34.579 0.0000000000
54734  34.435  -18.745  34.671 0.0000000000
116751  34.392  -18.278  34.221 0.0000000000
55786  34.056  -17.786  33.030 0.0000000000
55787  33.766  -17.239  32.638 0.0000000000
55815  33.790  -18.107  30.334 0.0000000000
54783  34.154  -18.843  28.663 0.0000000000
135146  33.733  -19.097  27.221 0.0000000000
135928  31.284  -19.490  27.778 0.0000000000
53766  32.201  -19.543  26.614 0.0000000000
53765  33.194  -19.337  26.239 0.0000000000
53793  31.491  -19.402  23.604 0.0000000000
65638  36.311  -8.853  18.116 0.0000000000
65653  34.808  -9.242  17.568 0.0000000000
138407  34.250  -9.817  16.380 0.0000000000
64570  32.324  -9.521  18.088 0.0000000000
64583  32.651  -9.738  17.109 0.0000000000
63600  33.260  -10.319  15.488 0.0000000000
73587  50.260  -0.399  2.499 0.0000000000
65648  39.474  -8.633  17.915 0.0000000000
65649  38.775  -8.820  17.541 0.0000000000
117120  38.409  -8.899  18.451 0.0000000000
65647  40.269  -8.387  17.953 0.0000000000
56862  20.799  -16.839  33.490 0.0000000000
55790  20.259  -17.394  33.113 0.0000000000
56850  20.726  -16.787  34.368 0.0000000000
57875  21.903  -15.804  34.431 0.0000000000
120028  22.360  -15.426  34.035 0.0000000000
120225  21.444  -16.361  33.074 0.0000000000
72634  37.722  -1.712  11.927 0.0000000000
71715  37.173  -2.193  12.451 0.0000000000
71702  39.255  -2.224  14.054 0.0000000000
72621  38.792  -1.718  13.315 0.0000000000
72632  39.329  -1.157  12.720 0.0000000000
46643  12.354  -25.674  44.000 0.0000000000
46657  12.526  -25.694  43.318 0.0000000000
123399  12.445  -26.463  43.031 0.0000000000
45546  12.066  -27.426  43.092 0.0000000000
58981  32.921  -14.792  33.587 0.0000000000
57893  32.681  -15.662  32.195 0.0000000000
57907  32.635  -15.948  31.626 0.0000000000
57906  32.996  -16.312  32.186 0.0000000000
54664  34.666  -18.087  41.189 0.0000000000
54670  34.406  -18.400  40.441 0.0000000000
55863  26.624  -17.196  27.443 0.0000000000
55847  27.333  -17.662  27.954 0.0000000000
118924  26.518  -17.373  26.555 0.0000000000
55874  27.060  -17.831  26.147 0.0000000000
62420  29.194  -11.292  22.786 0.0000000000
62430  29.072  -11.264  21.764 0.0000000000
76273  51.905  1.841  4.860 0.0000000000
77177  52.248  2.647  5.094 0.0000000000
75318  52.343  1.214  4.565 0.0000000000
75330  52.732  0.901  4.065 0.0000000000
75331  51.856  0.695  4.205 0.0000000000
67642  38.456  -6.477  14.693 0.0000000000
64602  35.099  -10.092  15.210 0.0000000000
64616  33.962  -10.325  14.282 0.0000000000
67633  39.816  -6.573  15.125 0.0000000000
68674  40.316  -5.886  14.850 0.0000000000
68682  39.638  -5.675  14.606 0.0000000000
52663  16.864  -20.782  33.187 0.0000000000
133219  16.612  -20.890  33.846 0.0000000000
51488  16.583  -21.533  33.454 0.0000000000
52651  16.597  -20.624  34.625 0.0000000000
57824  28.965  -15.351  38.145 0.0000000000
57838  28.694  -15.615  37.452 0.0000000000
132499  24.078  -15.491  30.743 0.0000000000
57910  24.569  -15.411  31.223 0.0000000000
121094  23.994  -15.598  30.233 0.0000000000
57939  24.337  -15.752  29.598 0.0000000000
56931  23.122  -16.208  28.263 0.0000000000
56915  22.968  -16.106  29.118 0.0000000000
130945  30.611  -16.498  24.521 0.0000000000
76237  45.928  2.894  8.990 0.0000000000
76243  45.386  2.544  8.470 0.0000000000
135734  47.273  0.925  4.376 0.0000000000
60075  25.190  -12.841  39.459 0.0000000000
60076  24.494  -13.454  39.911 0.0000000000
61183  25.887  -12.346  39.881 0.0000000000
75270  44.991  1.422  12.369 0.0000000000
118211  45.635  1.708  12.422 0.0000000000
56795  20.815  -16.618  39.293 0.0000000000
55729  20.167  -17.087  38.132 0.0000000000
55719  20.151  -17.063  38.906 0.0000000000
52588  16.983  -20.138  39.732 0.0000000000
52601  16.904  -20.142  39.050 0.0000000000
52602  16.485  -20.781  38.678 0.0000000000
51416  16.121  -21.426  38.365 0.0000000000
51348  15.295  -21.080  43.895 0.0000000000
118257  13.813  -24.331  40.068 0.0000000000
47874  13.790  -24.919  39.734 0.0000000000
47893  13.986  -25.121  38.812 0.0000000000
60172  30.898  -12.964  30.009 0.0000000000
62341  31.357  -11.971  29.330 0.0000000000
61288  30.269  -12.771  28.724 0.0000000000
61301  30.120  -12.397  28.000 0.0000000000
60199  30.243  -13.435  28.670 0.0000000000
60217  30.007  -13.697  27.907 0.0000000000
55846  33.347  -17.682  27.634 0.0000000000
55861  33.405  -17.836  26.787 0.0000000000
55872  33.761  -18.474  26.396 0.0000000000
55885  33.673  -18.573  25.533 0.0000000000
54819  33.680  -19.010  26.157 0.0000000000
54725  29.719  -18.407  35.234 0.0000000000
54724  30.446  -18.741  35.553 0.0000000000
54736  29.531  -18.638  34.407 0.0000000000
53715  31.387  -19.553  30.988 0.0000000000
53714  32.521  -19.581  30.939 0.0000000000
53727  32.174  -19.572  30.199 0.0000000000
129527  33.215  -19.516  30.310 0.0000000000
130422  31.776  -19.538  29.527 0.0000000000
65603  33.891  -8.624  20.918 0.0000000000
65615  34.248  -8.526  20.092 0.0000000000
119258  33.496  -8.736  20.116 0.0000000000
66641  39.079  -8.207  16.006 0.0000000000
66651  38.611  -7.907  15.533 0.0000000000
116342  37.454  -9.258  17.109 0.0000000000
65663  37.087  -9.402  16.376 0.0000000000
64591  36.344  -9.657  15.815 0.0000000000
64579  36.158  -9.565  16.659 0.0000000000
67622  43.242  -6.242  16.972 0.0000000000
66631  41.068  -7.339  16.919 0.0000000000
123735  40.286  -7.487  16.364 0.0000000000
66649  40.246  -6.952  15.738 0.0000000000
54748  19.204  -18.105  33.624 0.0000000000
53680  17.936  -19.141  33.454 0.0000000000
118065  18.503  -18.574  33.906 0.0000000000
58955  25.757  -14.095  36.313 0.0000000000
58963  25.601  -14.376  35.582 0.0000000000
124546  25.247  -14.447  35.110 0.0000000000
57897  22.988  -15.247  32.620 0.0000000000
57884  23.325  -14.913  33.326 0.0000000000
117228  23.375  -15.309  31.904 0.0000000000
128986  22.714  -15.544  32.032 0.0000000000
56883  22.254  -16.130  30.933 0.0000000000
56884  21.597  -16.436  31.370 0.0000000000
55804  20.456  -17.342  31.579 0.0000000000
55819  19.881  -17.993  30.961 0.0000000000
71689  42.002  -2.159  15.327 0.0000000000
72606  42.355  -1.382  15.129 0.0000000000
73501  41.719  -0.401  13.573 0.0000000000
73500  42.476  -0.209  13.820 0.0000000000
73509  42.211  0.084  12.965 0.0000000000
74366  41.936  0.268  12.128 0.0000000000
72644  39.058  -0.982  11.775 0.0000000000
73523  39.572  -0.621  11.140 0.0000000000
55689  20.914  -16.932  41.637 0.0000000000
55690  19.651  -17.640  40.997 0.0000000000
55682  19.992  -17.542  41.722 0.0000000000
126900  18.740  -18.371  41.799 0.0000000000
53595  17.582  -19.517  41.525 0.0000000000
50196  13.363  -22.533  44.100 0.0000000000
50210  13.536  -22.742  43.147 0.0000000000
46668  12.997  -24.973  41.973 0.0000000000
47818  13.057  -24.273  42.308 0.0000000000
46680  13.286  -24.996  41.047 0.0000000000
46695  13.072  -25.874  40.786 0.0000000000
45567  12.767  -26.672  40.539 0.0000000000
126191  12.728  -26.374  41.271 0.0000000000
44500  12.096  -28.026  40.956 0.0000000000
43329  10.508  -28.978  42.849 0.0000000000
60158  31.937  -13.967  32.111 0.0000000000
132390  31.820  -13.124  31.784 0.0000000000
60159  31.549  -13.617  31.345 0.0000000000
60171  31.222  -13.311  30.657 0.0000000000
59018  31.425  -14.268  30.659 0.0000000000
59024  31.277  -14.607  29.744 0.0000000000
57922  31.827  -15.249  30.242 0.0000000000
56892  32.697  -16.468  30.347 0.0000000000
57936  32.224  -16.035  29.908 0.0000000000
56910  32.721  -16.730  29.524 0.0000000000
55830  32.987  -17.251  28.830 0.0000000000
56909  33.374  -17.419  29.413 0.0000000000
133187  27.544  -17.413  30.852 0.0000000000
55816  28.008  -18.009  31.020 0.0000000000
54799  27.927  -18.086  28.473 0.0000000000
54776  28.398  -18.302  30.054 0.0000000000
54785  28.494  -18.440  29.044 0.0000000000
54784  29.150  -18.834  29.562 0.0000000000
54797  29.227  -18.853  28.690 0.0000000000
54821  28.484  -18.531  26.138 0.0000000000
63523  31.130  -9.951  21.805 0.0000000000
64543  30.941  -9.883  20.916 0.0000000000
62441  29.060  -11.478  20.763 0.0000000000
63547  29.599  -10.891  20.227 0.0000000000
137395  52.703  0.575  3.054 0.0000000000
131333  51.713  0.162  2.198 0.0000000000
70710  37.549  -3.250  13.848 0.0000000000
70699  37.881  -4.044  14.188 0.0000000000
68685  37.002  -5.724  14.344 0.0000000000
68700  36.498  -4.997  13.954 0.0000000000
68686  36.053  -5.805  14.123 0.0000000000
123176  35.209  -6.050  13.701 0.0000000000
66663  37.207  -7.588  14.813 0.0000000000
65685  34.826  -9.182  14.180 0.0000000000
65698  34.345  -8.508  13.429 0.0000000000
66679  34.453  -7.447  13.259 0.0000000000
68660  42.926  -5.769  16.255 0.0000000000
69663  44.248  -4.946  16.137 0.0000000000
68671  42.574  -5.352  15.719 0.0000000000
69673  41.645  -4.544  15.097 0.0000000000
69672  42.473  -4.636  15.430 0.0000000000
70684  43.698  -3.392  15.643 0.0000000000
70695  42.333  -2.814  15.494 0.0000000000
69680  41.330  -3.722  14.979 0.0000000000
130276  39.500  -4.438  14.395 0.0000000000
70697  40.497  -3.559  14.683 0.0000000000
127464  39.637  -3.756  14.434 0.0000000000
71693  38.972  -3.095  14.332 0.0000000000
56790  31.193  -16.904  39.793 0.0000000000
55706  30.818  -17.292  39.101 0.0000000000
56802  30.256  -16.876  38.737 0.0000000000
56824  28.655  -16.588  36.417 0.0000000000
56823  29.170  -16.984  36.851 0.0000000000
55741  28.876  -17.235  36.116 0.0000000000
55752  28.605  -17.461  35.331 0.0000000000
56846  27.971  -17.113  34.933 0.0000000000
57873  26.014  -15.038  34.213 0.0000000000
57860  27.462  -15.665  35.607 0.0000000000
57882  26.384  -15.549  33.766 0.0000000000
57908  26.187  -15.682  31.924 0.0000000000
56860  26.829  -16.222  33.320 0.0000000000
56872  26.729  -16.219  32.426 0.0000000000
56871  27.245  -16.852  32.903 0.0000000000
56881  27.212  -16.896  32.032 0.0000000000
57949  25.019  -15.986  29.096 0.0000000000
56914  25.776  -16.159  29.465 0.0000000000
134618  25.567  -16.315  28.707 0.0000000000
56928  25.884  -16.634  27.905 0.0000000000
55832  21.189  -17.156  29.184 0.0000000000
56933  21.807  -16.739  28.866 0.0000000000
78070  47.806  4.046  8.795 0.0000000000
78064  49.212  4.707  9.696 0.0000000000
117220  48.974  4.776  8.952 0.0000000000
79063  49.701  5.230  9.023 0.0000000000
75307  45.393  1.726  6.324 0.0000000000
76256  47.306  2.928  6.259 0.0000000000
77158  47.682  3.615  6.651 0.0000000000
77157  48.417  3.851  6.375 0.0000000000
78073  49.108  4.761  7.206 0.0000000000
132312  48.836  4.342  6.686 0.0000000000
78086  49.471  4.565  6.585 0.0000000000
77167  48.781  3.460  5.728 0.0000000000
75322  48.817  1.449  4.473 0.0000000000
76276  49.083  2.139  4.789 0.0000000000
75321  49.750  1.468  4.493 0.0000000000
74415  49.514  0.909  4.252 0.0000000000
58958  22.859  -14.900  36.357 0.0000000000
57852  22.310  -15.461  36.802 0.0000000000
58943  22.800  -15.122  37.153 0.0000000000
58906  23.347  -14.802  39.429 0.0000000000
57825  22.982  -15.152  38.830 0.0000000000
57809  22.863  -15.312  39.568 0.0000000000
56804  22.035  -15.927  39.321 0.0000000000
138313  22.428  -15.682  39.655 0.0000000000
60051  24.659  -13.668  41.778 0.0000000000
58884  23.564  -14.850  41.698 0.0000000000
57782  22.616  -15.664  41.202 0.0000000000
129724  22.648  -15.720  41.936 0.0000000000
56762  32.401  -16.971  41.518 0.0000000000
57808  29.739  -15.458  39.324 0.0000000000
60061  27.875  -12.798  39.834 0.0000000000
118820  27.719  -12.986  39.050 0.0000000000
60087  28.262  -13.658  38.640 0.0000000000
60088  27.457  -13.250  38.235 0.0000000000
60101  27.277  -13.718  37.422 0.0000000000
136102  26.978  -13.188  37.804 0.0000000000
58941  24.604  -13.801  37.460 0.0000000000
70712  35.990  -3.619  13.057 0.0000000000
76228  45.933  2.071  11.128 0.0000000000
76227  46.682  2.403  11.378 0.0000000000
76232  45.614  2.181  10.292 0.0000000000
76239  44.896  1.884  10.103 0.0000000000
136759  42.422  0.496  11.614 0.0000000000
74371  42.553  0.626  10.785 0.0000000000
74385  42.266  0.619  9.002 0.0000000000
74377  42.359  0.619  9.815 0.0000000000
75288  42.928  0.930  9.338 0.0000000000
75293  42.805  0.851  8.692 0.0000000000
56826  21.270  -16.265  36.567 0.0000000000
56836  20.677  -16.703  35.253 0.0000000000
56827  20.696  -16.606  36.104 0.0000000000
55731  18.831  -17.701  36.935 0.0000000000
55744  18.787  -17.843  36.002 0.0000000000
54727  18.193  -18.476  35.626 0.0000000000
54683  18.867  -17.892  39.892 0.0000000000
54695  18.845  -17.985  38.993 0.0000000000
136703  18.236  -18.458  38.855 0.0000000000
52626  16.863  -20.119  37.214 0.0000000000
53637  17.275  -19.418  37.706 0.0000000000
52639  16.960  -20.016  36.149 0.0000000000
52640  16.486  -20.735  35.651 0.0000000000
50269  15.665  -22.244  37.219 0.0000000000
50278  15.747  -22.147  36.644 0.0000000000
50279  15.536  -22.836  36.725 0.0000000000
49145  15.299  -23.629  36.501 0.0000000000
52559  16.523  -20.549  42.070 0.0000000000
52569  16.639  -20.523  41.244 0.0000000000
51370  16.058  -21.020  41.564 0.0000000000
49067  13.668  -22.832  42.230 0.0000000000
49083  13.945  -22.838  41.327 0.0000000000
119450  14.363  -23.139  40.131 0.0000000000
50237  14.603  -22.583  40.552 0.0000000000
50249  14.795  -22.746  39.764 0.0000000000
50236  15.245  -22.198  40.055 0.0000000000
49124  14.861  -22.937  38.940 0.0000000000
50259  15.357  -22.504  38.414 0.0000000000
43292  10.379  -28.472  44.241 0.0000000000
43293  9.426  -28.753  44.581 0.0000000000
43313  8.668  -29.252  44.012 0.0000000000
42204  8.959  -29.537  43.276 0.0000000000
65613  35.277  -8.215  20.884 0.0000000000
64532  33.301  -9.268  22.824 0.0000000000
64533  32.640  -9.452  22.520 0.0000000000
64523  32.768  -9.625  23.322 0.0000000000
115057  31.817  -10.383  24.674 0.0000000000
63500  32.131  -10.056  23.875 0.0000000000
63502  30.445  -10.805  24.093 0.0000000000
63494  30.955  -10.736  24.900 0.0000000000
63467  32.506  -11.039  28.571 0.0000000000
114993  32.031  -10.766  27.107 0.0000000000
62367  29.965  -12.093  27.195 0.0000000000
62377  30.629  -11.525  26.882 0.0000000000
62378  29.898  -11.750  26.253 0.0000000000
62388  29.612  -11.652  25.310 0.0000000000
61325  29.169  -12.268  25.738 0.0000000000
61326  28.753  -12.661  25.161 0.0000000000
60238  28.853  -13.010  25.911 0.0000000000
59061  30.099  -14.897  26.940 0.0000000000
59062  29.475  -14.404  26.381 0.0000000000
57966  29.863  -15.383  26.081 0.0000000000
56951  30.605  -16.243  26.134 0.0000000000
57947  31.587  -15.656  28.650 0.0000000000
57948  31.022  -15.076  28.171 0.0000000000
55873  32.679  -17.468  26.290 0.0000000000
55896  32.984  -17.772  24.417 0.0000000000
119247  33.125  -18.761  24.372 0.0000000000
53813  32.548  -19.320  22.357 0.0000000000
126597  32.047  -19.820  22.014 0.0000000000
54693  31.775  -18.384  38.311 0.0000000000
54692  32.636  -18.582  38.732 0.0000000000
54706  31.603  -18.610  37.478 0.0000000000
53644  31.989  -19.380  36.163 0.0000000000
53633  32.240  -19.163  36.894 0.0000000000
53643  32.892  -19.523  36.221 0.0000000000
53642  33.806  -19.302  36.481 0.0000000000
53653  32.897  -19.755  35.429 0.0000000000
125339  29.015  -18.965  31.986 0.0000000000
53679  29.897  -19.335  33.075 0.0000000000
53691  30.565  -19.536  32.509 0.0000000000
115122  32.429  -19.841  33.009 0.0000000000
53677  31.832  -20.019  33.764 0.0000000000
53676  32.887  -19.933  33.722 0.0000000000
117965  33.427  -19.724  34.246 0.0000000000
129494  34.039  -19.261  34.403 0.0000000000
119708  34.631  -18.294  34.869 0.0000000000
53674  34.212  -18.808  33.917 0.0000000000
54756  34.122  -18.476  32.618 0.0000000000
56869  33.931  -17.143  33.361 0.0000000000
55800  33.905  -17.902  32.082 0.0000000000
55801  33.581  -17.402  31.303 0.0000000000
55814  33.894  -18.253  31.205 0.0000000000
53725  34.254  -19.054  29.280 0.0000000000
118069  33.743  -19.210  28.430 0.0000000000
53738  33.339  -19.378  27.533 0.0000000000
53753  30.053  -19.176  27.521 0.0000000000
53752  30.646  -19.356  27.821 0.0000000000
53778  30.696  -19.411  25.610 0.0000000000
116189  31.363  -19.494  26.159 0.0000000000
53777  31.626  -19.471  25.369 0.0000000000
53776  32.446  -19.299  24.622 0.0000000000
65625  37.127  -8.514  19.432 0.0000000000
130700  36.762  -8.695  18.701 0.0000000000
137193  36.092  -8.600  18.830 0.0000000000
65640  34.767  -8.914  18.291 0.0000000000
64581  34.302  -9.511  17.069 0.0000000000
64561  31.458  -9.637  19.494 0.0000000000
64560  32.380  -9.288  19.152 0.0000000000
123575  31.724  -9.620  18.741 0.0000000000
119165  31.218  -10.430  16.750 0.0000000000
64584  31.767  -9.959  17.382 0.0000000000
63592  32.108  -10.159  16.551 0.0000000000
63591  32.979  -10.013  16.294 0.0000000000
131278  32.474  -10.336  15.856 0.0000000000
129219  54.135  1.761  0.332 0.0000000000
127923  54.211  2.000  -0.189 0.0000000000
74433  50.767  0.107  3.354 0.0000000000
65661  38.893  -8.595  16.664 0.0000000000
55779  19.790  -17.683  33.522 0.0000000000
55767  19.613  -17.681  34.164 0.0000000000
58964  23.888  -14.427  35.337 0.0000000000
138001  23.926  -14.478  34.632 0.0000000000
58975  22.896  -14.963  34.049 0.0000000000
57885  22.609  -15.353  33.389 0.0000000000
57898  22.191  -15.797  32.663 0.0000000000
56873  21.524  -16.344  32.191 0.0000000000
56874  20.812  -16.918  32.517 0.0000000000
72645  38.302  -1.295  11.390 0.0000000000
72608  40.905  -1.713  14.515 0.0000000000
72619  40.487  -1.209  13.881 0.0000000000
73502  40.930  -0.607  13.331 0.0000000000
73511  40.638  -0.413  12.400 0.0000000000
72631  40.136  -0.870  13.039 0.0000000000
132130  20.264  -17.293  43.196 0.0000000000
54661  19.796  -17.581  42.684 0.0000000000
45555  12.515  -26.556  42.100 0.0000000000
44476  12.281  -27.308  42.126 0.0000000000
44489  12.070  -27.874  41.798 0.0000000000
44477  11.955  -27.771  42.625 0.0000000000
44465  11.737  -27.717  43.389 0.0000000000
61247  32.693  -12.985  33.109 0.0000000000
59006  32.264  -15.109  31.669 0.0000000000
59017  31.936  -15.002  30.950 0.0000000000
133028  27.120  -17.174  29.373 0.0000000000
132908  27.406  -17.613  28.703 0.0000000000
54811  27.943  -18.162  27.605 0.0000000000
63535  30.373  -10.320  21.427 0.0000000000
123780  29.757  -10.684  21.906 0.0000000000
78097  52.144  4.301  5.417 0.0000000000
77164  51.746  3.537  5.281 0.0000000000
75329  53.503  1.122  3.821 0.0000000000
74423  52.383  0.546  3.609 0.0000000000
69682  39.140  -4.945  14.421 0.0000000000
69683  38.330  -4.879  14.329 0.0000000000
68684  37.931  -5.688  14.433 0.0000000000
67644  36.659  -6.615  14.431 0.0000000000
65673  36.148  -9.416  15.118 0.0000000000
64626  34.184  -9.633  13.722 0.0000000000
117084  41.397  -6.145  15.652 0.0000000000
68672  41.891  -5.367  15.429 0.0000000000
68673  41.021  -5.435  15.046 0.0000000000
131654  40.823  -4.485  14.769 0.0000000000
136079  39.737  -4.924  14.489 0.0000000000
50312  16.322  -22.238  33.880 0.0000000000
50302  16.076  -22.448  34.539 0.0000000000
56792  29.949  -16.202  39.042 0.0000000000
56803  29.723  -16.467  38.349 0.0000000000
57837  29.198  -16.063  37.905 0.0000000000
56814  28.934  -16.327  37.160 0.0000000000
56825  28.116  -16.130  35.969 0.0000000000
57895  25.325  -15.061  32.812 0.0000000000
128892  25.612  -15.354  32.237 0.0000000000
57909  25.458  -15.480  31.547 0.0000000000
57923  26.093  -15.844  31.107 0.0000000000
57938  25.186  -15.783  29.925 0.0000000000
57950  24.362  -15.960  28.768 0.0000000000
56930  23.898  -16.104  28.095 0.0000000000
57981  29.517  -15.471  24.618 0.0000000000
77132  47.518  3.326  10.361 0.0000000000
77131  48.244  3.646  10.366 0.0000000000
119209  47.139  3.436  9.779 0.0000000000
77139  47.124  3.657  9.104 0.0000000000
77143  47.277  3.709  8.233 0.0000000000
76267  46.155  2.002  6.055 0.0000000000
75312  46.521  1.629  5.326 0.0000000000
76265  47.683  2.553  5.541 0.0000000000
76264  48.477  2.760  5.343 0.0000000000
75323  47.773  1.310  4.480 0.0000000000
58924  24.193  -13.859  38.356 0.0000000000
57840  23.058  -14.989  37.910 0.0000000000
58905  23.914  -14.079  39.387 0.0000000000
124966  23.619  -14.567  40.018 0.0000000000
60089  26.501  -12.819  38.221 0.0000000000
60090  25.455  -12.834  38.596 0.0000000000
75274  45.443  1.725  11.706 0.0000000000
74378  41.698  0.312  10.294 0.0000000000
56815  21.292  -16.296  37.850 0.0000000000
55742  20.221  -16.928  36.654 0.0000000000
56816  20.602  -16.751  37.496 0.0000000000
55730  19.665  -17.275  37.412 0.0000000000
55721  18.909  -17.718  37.848 0.0000000000
53612  17.825  -19.090  39.960 0.0000000000
53624  17.743  -18.928  39.145 0.0000000000
52614  16.844  -20.136  38.178 0.0000000000
50270  15.410  -22.661  37.573 0.0000000000
52560  16.283  -20.613  42.843 0.0000000000
120117  15.490  -21.412  41.922 0.0000000000
47853  13.653  -24.142  40.724 0.0000000000
47852  14.016  -23.725  40.079 0.0000000000
49125  14.552  -23.657  38.705 0.0000000000
64512  32.979  -9.781  24.110 0.0000000000
64499  33.179  -9.931  24.971 0.0000000000
63492  32.362  -10.322  25.321 0.0000000000
62330  31.729  -12.025  30.057 0.0000000000
62328  33.044  -11.270  29.929 0.0000000000
62353  31.666  -11.516  28.642 0.0000000000
114485  31.232  -11.526  28.045 0.0000000000
62365  31.310  -11.288  27.360 0.0000000000
61302  29.727  -12.664  27.476 0.0000000000
60237  29.230  -13.487  26.574 0.0000000000
60218  29.535  -13.178  27.354 0.0000000000
117260  31.991  -16.616  27.686 0.0000000000
56939  32.627  -17.289  27.295 0.0000000000
135515  33.486  -18.728  25.098 0.0000000000
54716  30.591  -18.532  36.388 0.0000000000
54723  31.209  -19.068  35.865 0.0000000000
53655  31.063  -19.375  35.061 0.0000000000
53704  30.363  -19.410  31.550 0.0000000000
53703  31.312  -19.620  31.933 0.0000000000
115121  32.180  -19.709  32.224 0.0000000000
53689  33.105  -19.615  32.423 0.0000000000
53688  33.790  -19.299  32.701 0.0000000000
53701  33.746  -19.325  31.838 0.0000000000
53712  34.146  -19.115  31.168 0.0000000000
54773  34.224  -19.006  30.656 0.0000000000
53726  33.157  -19.523  29.345 0.0000000000
117674  29.013  -18.846  25.732 0.0000000000
53779  29.793  -19.159  25.859 0.0000000000
115080  30.127  -19.325  24.864 0.0000000000
53794  30.443  -19.409  23.891 0.0000000000
116169  29.756  -19.480  23.353 0.0000000000
114949  35.788  -8.274  20.131 0.0000000000
65627  35.556  -8.482  19.391 0.0000000000
65641  33.957  -8.869  18.823 0.0000000000
64569  33.201  -9.189  18.508 0.0000000000
63568  30.757  -10.283  18.304 0.0000000000
63579  30.410  -10.833  17.026 0.0000000000
75345  53.340  1.137  2.074 0.0000000000
126151  53.906  1.513  1.383 0.0000000000
67634  38.998  -7.140  15.168 0.0000000000
120082  37.898  -8.217  15.392 0.0000000000
66652  37.249  -8.532  15.257 0.0000000000
65671  37.660  -9.071  15.898 0.0000000000
64601  35.739  -9.855  15.429 0.0000000000
121386  35.299  -10.022  15.728 0.0000000000
67624  41.650  -6.640  16.416 0.0000000000
53706  18.183  -19.469  31.797 0.0000000000
54759  19.032  -18.471  32.112 0.0000000000
54760  18.486  -18.945  32.204 0.0000000000
53693  18.017  -19.336  32.589 0.0000000000
124051  17.413  -19.568  33.975 0.0000000000
58953  27.363  -14.431  36.704 0.0000000000
57851  27.025  -14.873  35.993 0.0000000000
58962  26.281  -14.541  35.729 0.0000000000
58971  25.984  -14.755  34.954 0.0000000000
124389  24.436  -14.567  34.082 0.0000000000
58983  24.141  -14.712  33.346 0.0000000000
58994  24.619  -14.888  32.827 0.0000000000
114364  24.064  -15.222  31.790 0.0000000000
57911  23.745  -15.409  31.248 0.0000000000
57926  22.859  -15.862  30.427 0.0000000000
57941  22.781  -16.068  29.785 0.0000000000
56896  22.265  -16.283  30.148 0.0000000000
55817  21.003  -16.948  30.062 0.0000000000
56898  21.002  -16.877  30.968 0.0000000000
75291  44.182  1.706  8.319 0.0000000000
76250  44.879  2.100  7.943 0.0000000000
75297  44.368  1.657  7.420 0.0000000000
60050  25.132  -13.013  41.305 0.0000000000
61164  25.796  -12.488  41.779 0.0000000000
72604  43.874  -1.075  15.578 0.0000000000
73494  43.417  -0.471  14.994 0.0000000000
72617  42.016  -0.786  14.397 0.0000000000
134736  43.699  0.321  13.748 0.0000000000
114625  43.896  0.714  13.114 0.0000000000
75271  44.200  1.130  12.369 0.0000000000
122178  42.696  0.462  12.311 0.0000000000
73531  41.006  -0.004  10.811 0.0000000000
73532  40.127  -0.375  10.362 0.0000000000
56766  21.100  -16.791  40.856 0.0000000000
55707  20.198  -17.050  39.809 0.0000000000
55698  19.579  -17.504  40.266 0.0000000000
54666  19.170  -17.946  41.428 0.0000000000
54667  18.521  -18.462  41.157 0.0000000000
54673  18.370  -18.501  40.361 0.0000000000
53603  17.338  -19.751  40.236 0.0000000000
52576  16.731  -20.475  40.347 0.0000000000
50195  13.947  -21.952  43.648 0.0000000000
49068  13.437  -23.580  41.857 0.0000000000
46694  13.443  -25.390  40.240 0.0000000000
45576  12.848  -27.022  39.664 0.0000000000
61263  32.187  -12.485  31.568 0.0000000000
61270  32.006  -12.249  30.804 0.0000000000
61271  31.371  -12.649  30.468 0.0000000000
59025  30.691  -14.028  29.233 0.0000000000
56911  32.066  -16.223  29.133 0.0000000000
137110  33.354  -17.588  28.267 0.0000000000
55788  28.137  -17.911  32.830 0.0000000000
54747  28.688  -18.412  33.228 0.0000000000
54758  28.567  -18.478  32.402 0.0000000000
54767  28.504  -18.487  31.588 0.0000000000
54766  29.035  -18.900  31.239 0.0000000000
53705  29.731  -19.166  30.914 0.0000000000
53717  29.981  -19.245  30.002 0.0000000000
53728  30.755  -19.432  29.182 0.0000000000
117459  29.464  -18.910  27.183 0.0000000000
54810  28.706  -18.570  27.182 0.0000000000
54820  29.240  -18.864  26.507 0.0000000000
64541  32.595  -9.261  21.599 0.0000000000
117138  32.737  -9.048  19.999 0.0000000000
64550  32.277  -9.287  20.668 0.0000000000
64551  31.531  -9.576  20.387 0.0000000000
64562  30.745  -10.034  19.404 0.0000000000
63546  30.239  -10.340  20.567 0.0000000000
63557  30.205  -10.416  19.753 0.0000000000
132687  30.288  -10.485  18.905 0.0000000000
133138  29.708  -11.064  18.699 0.0000000000
74442  53.291  0.853  2.843 0.0000000000
131477  51.742  0.155  1.368 0.0000000000
71703  38.256  -2.523  13.794 0.0000000000
71704  37.342  -2.575  13.280 0.0000000000
136732  36.773  -4.486  13.921 0.0000000000
128242  35.616  -7.709  14.318 0.0000000000
67655  34.972  -7.007  13.834 0.0000000000
69671  43.941  -4.197  15.717 0.0000000000
71683  42.832  -2.209  15.573 0.0000000000
71690  41.322  -2.300  14.967 0.0000000000
130782  41.073  -3.018  14.982 0.0000000000
71691  40.638  -2.559  14.676 0.0000000000
55695  32.656  -17.662  40.749 0.0000000000
54681  32.451  -18.097  39.679 0.0000000000
55705  31.541  -17.626  39.421 0.0000000000
55716  31.203  -17.877  38.747 0.0000000000
54694  30.993  -18.068  37.989 0.0000000000
55718  30.030  -17.113  37.993 0.0000000000
55727  30.354  -17.735  37.627 0.0000000000
55739  30.085  -17.998  36.892 0.0000000000
54726  29.033  -18.058  34.889 0.0000000000
57850  27.792  -15.295  36.301 0.0000000000
56834  27.746  -16.447  35.261 0.0000000000
56848  26.973  -16.150  34.128 0.0000000000
56847  27.456  -16.691  34.517 0.0000000000
55765  27.779  -17.255  34.136 0.0000000000
55776  28.250  -17.796  33.679 0.0000000000
55789  27.655  -17.430  32.438 0.0000000000
55803  27.605  -17.473  31.587 0.0000000000
56912  27.170  -16.949  30.331 0.0000000000
56894  26.629  -16.393  30.701 0.0000000000
56913  26.527  -16.491  29.837 0.0000000000
56952  25.866  -16.849  26.808 0.0000000000
56916  22.319  -16.369  29.368 0.0000000000
56945  21.981  -16.838  28.153 0.0000000000
61343  28.614  -12.471  23.843 0.0000000000
79062  50.591  5.659  8.770 0.0000000000
76249  45.557  2.507  7.565 0.0000000000
77148  46.758  3.316  7.713 0.0000000000
76257  46.538  2.667  6.496 0.0000000000
77147  47.455  3.751  7.372 0.0000000000
78075  47.943  4.164  7.919 0.0000000000
78074  48.578  4.550  7.727 0.0000000000
79075  49.708  5.179  7.537 0.0000000000
79074  50.320  5.464  7.409 0.0000000000
79095  50.614  5.305  6.806 0.0000000000
78085  50.201  4.752  6.421 0.0000000000
78099  50.544  4.307  5.850 0.0000000000
76263  49.338  2.900  5.181 0.0000000000
76262  50.306  3.008  5.182 0.0000000000
76274  50.979  2.011  4.754 0.0000000000
75320  50.620  1.361  4.559 0.0000000000
75332  50.984  0.825  4.378 0.0000000000
57863  21.940  -15.658  35.388 0.0000000000
56849  21.313  -16.269  34.852 0.0000000000
57853  21.791  -15.797  36.316 0.0000000000
57842  21.749  -15.946  37.204 0.0000000000
57826  22.499  -15.466  38.376 0.0000000000
57827  21.906  -15.821  38.086 0.0000000000
56794  21.503  -16.325  39.679 0.0000000000
60063  24.545  -13.558  40.853 0.0000000000
58895  23.613  -14.678  40.750 0.0000000000
58873  24.177  -14.265  42.243 0.0000000000
57781  23.142  -15.216  40.956 0.0000000000
57794  22.639  -15.576  40.333 0.0000000000
56778  22.109  -16.061  40.801 0.0000000000
56779  21.565  -16.421  40.464 0.0000000000
56765  21.598  -16.483  41.230 0.0000000000
132221  21.096  -16.786  42.432 0.0000000000
126325  21.495  -16.541  42.829 0.0000000000
56740  20.908  -16.850  43.225 0.0000000000
55687  34.097  -17.756  41.807 0.0000000000
56775  31.988  -17.021  40.866 0.0000000000
56776  31.462  -16.620  40.530 0.0000000000
56777  30.875  -16.225  40.157 0.0000000000
57790  31.169  -15.993  40.954 0.0000000000
58937  28.408  -14.845  37.697 0.0000000000
58904  28.909  -14.098  39.110 0.0000000000
58922  28.667  -14.501  38.354 0.0000000000
58938  27.857  -14.418  37.344 0.0000000000
58939  26.517  -13.843  36.865 0.0000000000
58940  25.567  -13.453  37.168 0.0000000000
58956  25.012  -13.959  36.710 0.0000000000
118410  23.232  -14.654  35.645 0.0000000000
57862  22.623  -15.024  35.506 0.0000000000
71705  36.710  -2.678  12.808 0.0000000000
137824  49.313  3.002  11.695 0.0000000000
77128  47.975  2.986  11.150 0.0000000000
76226  47.375  2.576  11.504 0.0000000000
76231  47.108  2.859  10.907 0.0000000000
117219  45.945  2.619  9.745 0.0000000000
75276  43.750  1.081  11.634 0.0000000000
116478  43.993  1.231  10.989 0.0000000000
74376  43.115  0.916  10.135 0.0000000000
75281  43.791  1.241  10.364 0.0000000000
117305  44.233  1.589  9.896 0.0000000000
75286  44.074  1.745  9.146 0.0000000000
55766  20.047  -17.292  34.799 0.0000000000
128048  19.391  -17.718  34.785 0.0000000000
55754  19.439  -17.557  35.450 0.0000000000
54739  18.384  -18.527  34.737 0.0000000000
54728  17.845  -18.994  35.044 0.0000000000
52650  17.044  -19.862  34.602 0.0000000000
120797  18.910  -17.806  38.416 0.0000000000
54708  18.316  -18.208  37.524 0.0000000000
54697  17.816  -18.734  38.210 0.0000000000
54709  17.718  -18.756  37.170 0.0000000000
54719  17.712  -18.831  36.292 0.0000000000
53656  17.320  -19.516  35.333 0.0000000000
51456  16.221  -21.372  35.059 0.0000000000
125457  15.945  -22.094  35.202 0.0000000000
50289  15.743  -22.483  35.939 0.0000000000
49156  15.827  -22.882  35.053 0.0000000000
53587  17.558  -19.484  42.259 0.0000000000
51399  16.178  -21.179  39.961 0.0000000000
51349  14.712  -21.562  43.278 0.0000000000
51359  14.795  -21.723  42.325 0.0000000000
50228  14.796  -22.006  41.361 0.0000000000
51371  15.545  -21.513  41.107 0.0000000000
51384  15.663  -21.622  40.361 0.0000000000
51400  15.729  -21.777  39.610 0.0000000000
51417  15.764  -21.914  38.802 0.0000000000
49136  14.669  -23.916  37.994 0.0000000000
47909  14.901  -23.911  37.204 0.0000000000
132794  10.666  -28.601  43.496 0.0000000000
42225  9.645  -29.535  42.740 0.0000000000
131815  34.577  -8.448  21.251 0.0000000000
64540  33.341  -8.881  21.506 0.0000000000
64534  31.890  -9.636  22.158 0.0000000000
63511  31.306  -10.077  22.656 0.0000000000
134882  31.499  -10.189  23.366 0.0000000000
63512  30.682  -10.505  23.229 0.0000000000
63513  29.847  -10.949  23.452 0.0000000000
62410  29.270  -11.467  23.727 0.0000000000
115313  31.897  -10.596  25.983 0.0000000000
63486  31.158  -10.886  25.757 0.0000000000
138353  30.693  -11.278  26.198 0.0000000000
62396  30.112  -11.179  24.752 0.0000000000
62397  29.400  -11.565  24.513 0.0000000000
62398  28.855  -11.917  24.166 0.0000000000
60273  28.575  -13.006  24.454 0.0000000000
60257  28.707  -13.438  25.134 0.0000000000
59077  29.260  -14.726  25.614 0.0000000000
124855  29.130  -14.968  24.993 0.0000000000
59036  30.535  -14.282  28.447 0.0000000000
57959  30.782  -15.381  27.467 0.0000000000
56940  31.226  -16.266  27.078 0.0000000000
56961  30.985  -16.762  25.266 0.0000000000
56966  31.532  -17.101  24.243 0.0000000000
130444  32.636  -17.523  23.414 0.0000000000
57881  33.523  -16.026  33.546 0.0000000000
115151  33.532  -18.650  39.229 0.0000000000
54691  33.727  -18.900  38.237 0.0000000000
54704  34.551  -18.778  37.685 0.0000000000
54714  34.725  -18.558  36.402 0.0000000000
54746  29.335  -18.847  33.580 0.0000000000
53666  30.951  -19.574  34.232 0.0000000000
53665  31.681  -19.834  34.584 0.0000000000
53663  33.570  -19.698  34.921 0.0000000000
53662  34.280  -19.209  35.165 0.0000000000
54722  34.656  -18.606  35.501 0.0000000000
55750  34.810  -17.945  35.413 0.0000000000
53687  34.166  -18.888  33.087 0.0000000000
55775  34.200  -17.688  33.789 0.0000000000
56857  34.115  -17.052  33.999 0.0000000000
56858  33.811  -16.668  33.607 0.0000000000
56870  33.520  -16.592  32.921 0.0000000000
120856  33.438  -16.887  32.068 0.0000000000
137918  33.575  -17.634  29.815 0.0000000000
54774  34.313  -19.011  29.732 0.0000000000
55829  33.673  -17.919  28.735 0.0000000000
54796  33.928  -18.930  27.688 0.0000000000
54808  33.815  -18.887  26.900 0.0000000000
53741  31.024  -19.458  28.345 0.0000000000
53740  31.789  -19.554  28.134 0.0000000000
53767  30.978  -19.450  27.081 0.0000000000
53751  32.196  -19.575  27.482 0.0000000000
117429  32.940  -19.503  26.936 0.0000000000
53750  33.539  -19.193  26.815 0.0000000000
53814  31.612  -19.659  22.475 0.0000000000
65637  37.565  -8.839  18.589 0.0000000000
115119  37.151  -9.012  17.868 0.0000000000
65639  35.509  -8.713  18.563 0.0000000000
65652  35.651  -9.122  17.606 0.0000000000
64580  35.263  -9.535  16.893 0.0000000000
64593  34.919  -9.812  16.328 0.0000000000
117067  34.667  -10.085  15.759 0.0000000000
64571  31.431  -9.903  18.162 0.0000000000
64582  33.324  -9.440  17.589 0.0000000000
64594  33.540  -9.713  16.735 0.0000000000
64604  33.844  -10.068  15.971 0.0000000000
137708  51.142  0.478  3.954 0.0000000000
74432  51.264  -0.002  2.733 0.0000000000
73599  50.080  -0.956  1.553 0.0000000000
52589  16.560  -20.680  39.498 0.0000000000
53632  33.087  -19.295  36.949 0.0000000000
53652  33.739  -19.526  35.687 0.0000000000
53667  30.114  -19.200  33.902 0.0000000000
53692  29.708  -19.282  32.254 0.0000000000
53702  32.860  -19.582  31.652 0.0000000000
54671  33.449  -18.339  40.173 0.0000000000
55686  35.012  -17.795  41.958 0.0000000000
55728  29.758  -17.379  37.244 0.0000000000
55751  29.233  -17.832  35.719 0.0000000000
56805  21.484  -16.183  38.763 0.0000000000
57872  26.563  -15.415  34.543 0.0000000000
57874  22.468  -15.230  34.708 0.0000000000
57924  24.582  -15.585  30.410 0.0000000000
57925  23.503  -15.606  30.621 0.0000000000
58942  23.404  -14.649  37.027 0.0000000000
58957  23.714  -14.454  36.177 0.0000000000
58973  24.585  -14.434  34.889 0.0000000000
58982  24.940  -14.745  33.453 0.0000000000
60103  25.766  -12.936  37.841 0.0000000000
60151  32.399  -13.825  32.969 0.0000000000
61278  30.779  -12.591  29.331 0.0000000000
61336  28.710  -12.383  24.547 0.0000000000
65629  33.910  -8.685  19.529 0.0000000000
70685  42.951  -3.130  15.601 0.0000000000
74365  43.429  0.758  12.368 0.0000000000
75280  44.452  1.499  10.617 0.0000000000
76238  45.250  2.407  9.410 0.0000000000
76242  46.129  2.844  8.089 0.0000000000
77133  46.885  3.133  10.242 0.0000000000
77156  49.124  4.037  6.158 0.0000000000
77159  46.936  3.293  6.906 0.0000000000
78065  48.433  4.281  9.473 0.0000000000
78100  49.824  4.205  6.026 0.0000000000
117199  35.007  -8.390  20.077 0.0000000000
117412  33.252  -19.674  33.086 0.0000000000
117438  32.469  -19.432  25.697 0.0000000000
119199  33.919  -18.301  29.400 0.0000000000
120900  50.799  5.753  7.937 0.0000000000
121440  34.213  -18.309  33.471 0.0000000000
122663  32.429  -10.388  25.897 0.0000000000
127942  32.442  -19.602  35.795 0.0000000000
128565  50.030  5.459  8.117 0.0000000000
129563  17.396  -19.336  36.025 0.0000000000
129725  20.800  -16.582  36.803 0.0000000000
132102  17.510  -19.385  34.648 0.0000000000
133973  22.508  -15.568  39.074 0.0000000000
134038  31.930  -10.687  26.531 0.0000000000
134518  16.152  -21.906  34.552 0.0000000000
135456  16.095  -21.502  37.816 0.0000000000
135959  29.416  -10.960  22.268 0.0000000000
136867  50.184  3.822  5.588 0.0000000000
137348  34.942  -18.506  40.039 0.0000000000
137441  33.623  -8.966  22.476 0.0000000000
138005  33.664  -17.322  32.051 0.0000000000
138183  34.350  -18.983  29.237 0.0000000000
138383  39.080  -7.703  15.618 0.0000000000
