#!ascii label  , from subject sub-v1s19x0051317_ses-1 vox2ras=TkReg
1786
4558  34.235  -71.551  -26.654 0.6999999881
131211  33.430  -72.658  -25.582 0.8000000119
4000  32.870  -72.534  -25.120 0.8000000119
3489  31.557  -73.881  -24.967 0.6999999881
4578  34.765  -71.768  -27.365 0.6000000238
3999  33.940  -72.258  -26.117 0.6000000238
3488  32.240  -73.750  -25.082 0.6000000238
4577  35.241  -71.622  -28.139 0.6000000238
4541  32.639  -71.650  -24.873 0.8000000119
3987  31.358  -72.691  -24.594 0.6999999881
125298  30.579  -72.964  -24.729 0.6999999881
3481  29.950  -73.157  -25.004 0.6999999881
5145  34.767  -70.961  -27.835 0.6000000238
128125  33.334  -71.919  -25.456 0.6999999881
3480  30.322  -73.665  -25.079 0.6999999881
5164  35.593  -70.746  -29.418 0.6000000238
5175  36.023  -70.972  -30.207 0.6000000238
4038  35.653  -72.357  -28.438 0.6000000238
4614  36.527  -71.874  -30.493 0.6000000238
4056  36.106  -72.327  -29.205 0.6000000238
5104  31.389  -70.722  -24.406 0.8000000119
127268  30.448  -70.654  -24.266 0.8000000119
3990  29.185  -71.961  -24.692 0.6999999881
4542  28.349  -71.792  -24.890 0.6999999881
4003  28.086  -72.127  -25.649 0.6999999881
137531  32.760  -70.973  -24.906 0.8000000119
3988  30.737  -72.115  -24.465 0.6999999881
4002  28.781  -72.453  -25.348 0.6999999881
5116  33.452  -70.517  -25.731 0.6999999881
4521  31.653  -71.694  -24.478 0.8000000119
3989  29.966  -72.460  -24.681 0.6999999881
5133  33.984  -70.668  -26.565 0.6999999881
5156  35.206  -70.840  -28.574 0.6999999881
5799  36.060  -69.331  -31.003 0.6000000238
4622  36.422  -71.036  -30.976 0.6000000238
4607  36.064  -71.619  -29.665 0.6000000238
137970  36.743  -71.780  -31.309 0.6000000238
4067  37.554  -73.544  -31.358 0.6999999881
3541  37.094  -73.891  -30.724 0.6000000238
3556  37.747  -74.394  -31.336 0.5000000000
3053  37.870  -74.989  -31.179 0.5000000000
122298  30.042  -69.930  -24.269 0.8999999762
4524  29.229  -71.133  -24.374 0.8000000119
4525  28.037  -70.994  -24.515 0.6999999881
123212  32.653  -69.764  -25.245 0.6999999881
5697  32.030  -69.989  -24.700 0.8999999762
4543  27.615  -71.510  -25.118 0.6999999881
5730  33.952  -69.881  -26.927 0.8000000119
5715  33.192  -69.855  -25.677 0.8000000119
5743  34.261  -69.727  -27.598 0.8000000119
6371  35.047  -68.971  -29.906 0.6999999881
5146  34.373  -70.379  -27.379 0.6999999881
5769  35.349  -69.796  -29.579 0.8000000119
6398  35.667  -68.473  -31.469 0.8000000119
115052  36.411  -69.253  -31.970 0.6999999881
5189  36.426  -70.201  -31.423 0.6999999881
115509  36.720  -71.203  -31.956 0.6000000238
4078  37.105  -72.231  -32.021 0.6999999881
3584  38.196  -73.233  -32.359 0.6999999881
5717  31.311  -69.331  -24.945 0.8999999762
5700  29.191  -69.822  -24.205 0.8000000119
5118  27.281  -70.742  -24.713 0.6999999881
5731  33.345  -69.410  -26.574 0.8000000119
5716  32.073  -69.313  -25.400 0.8000000119
5744  33.817  -69.255  -27.427 0.6999999881
6399  34.747  -67.968  -31.172 0.6999999881
6372  34.293  -68.439  -29.640 0.6000000238
5770  34.717  -69.288  -29.026 0.8000000119
6409  35.945  -68.211  -32.405 0.8000000119
5819  36.568  -69.188  -33.686 0.6999999881
5224  36.735  -70.441  -33.918 0.8000000119
120822  36.672  -69.800  -32.914 0.6999999881
5238  36.826  -70.997  -35.060 0.8000000119
132026  37.740  -72.046  -34.041 0.6999999881
115483  37.106  -71.522  -34.083 0.6999999881
116935  36.769  -70.908  -33.009 0.6999999881
4096  38.112  -72.538  -33.564 0.6999999881
4087  37.623  -72.669  -32.764 0.6999999881
6410  20.113  -68.415  -32.418 0.6000000238
7042  20.238  -67.598  -32.816 0.6000000238
116803  19.389  -68.469  -32.237 0.6000000238
7029  18.919  -67.796  -31.773 0.6999999881
6303  29.670  -69.241  -24.424 0.8999999762
5107  27.725  -70.079  -24.203 0.6999999881
6358  33.982  -68.572  -28.835 0.6000000238
7027  34.462  -67.291  -31.649 0.6000000238
125574  34.034  -67.767  -30.105 0.6000000238
7026  34.875  -67.664  -31.994 0.6999999881
129424  34.263  -67.068  -34.665 0.6999999881
7040  34.931  -67.414  -33.055 0.6999999881
122647  25.061  -66.928  -25.129 0.6999999881
6954  24.545  -67.376  -25.509 0.6999999881
7052  35.336  -67.597  -34.011 0.8000000119
7637  25.463  -66.141  -25.314 0.6000000238
7638  24.591  -66.636  -25.664 0.6000000238
6338  23.486  -67.862  -26.486 0.6999999881
6416  36.132  -68.200  -33.373 0.6999999881
7653  23.589  -66.418  -26.682 0.5000000000
125978  22.939  -67.690  -27.104 0.6999999881
5823  36.629  -69.817  -34.805 0.8000000119
8354  24.223  -65.664  -26.712 0.5000000000
8370  23.622  -65.765  -27.189 0.5000000000
4654  37.227  -71.355  -35.217 0.6999999881
8384  24.349  -64.858  -28.402 0.5000000000
8398  24.612  -64.678  -29.347 0.6000000238
8399  23.501  -64.971  -28.975 0.5000000000
8386  22.815  -65.534  -28.541 0.6000000238
132193  21.838  -66.018  -29.133 0.6999999881
6386  20.824  -68.071  -30.392 0.6999999881
135982  23.182  -64.853  -29.569 0.5000000000
8400  22.414  -65.253  -29.341 0.6000000238
7686  21.449  -66.580  -29.467 0.6000000238
7704  20.722  -66.640  -31.346 0.6000000238
124256  24.942  -64.637  -30.118 0.6000000238
8424  21.818  -65.005  -30.410 0.6000000238
8425  21.110  -65.674  -30.845 0.6000000238
124858  23.658  -64.613  -30.933 0.5000000000
8423  22.899  -64.734  -30.166 0.5000000000
7727  21.168  -66.764  -32.879 0.6000000238
123704  19.996  -67.451  -33.007 0.6000000238
7730  19.130  -66.434  -32.781 0.6999999881
122972  18.481  -66.118  -30.726 0.6000000238
132530  18.203  -66.494  -29.911 0.6999999881
8443  22.552  -64.753  -31.150 0.6000000238
119930  21.778  -65.627  -32.275 0.6000000238
7739  21.139  -66.548  -33.425 0.6000000238
7740  20.281  -66.540  -33.472 0.6999999881
8459  18.861  -65.413  -32.794 0.5000000000
6304  28.768  -69.005  -24.266 0.8999999762
6346  33.161  -68.765  -27.396 0.6000000238
6334  32.611  -68.801  -26.771 0.6999999881
5701  27.853  -69.209  -24.155 0.8000000119
5119  26.316  -70.711  -25.770 0.6999999881
120295  26.524  -68.754  -24.268 0.6999999881
6305  27.222  -68.572  -24.173 0.8000000119
7041  34.416  -66.997  -32.625 0.6999999881
7618  26.320  -67.070  -24.448 0.8000000119
6953  25.248  -67.652  -24.911 0.6000000238
7636  26.456  -66.252  -24.774 0.6999999881
8331  26.252  -65.364  -25.533 0.6000000238
116712  36.410  -69.253  -35.768 0.8000000119
117737  35.687  -68.022  -35.756 0.8000000119
5830  36.625  -70.037  -36.693 0.8000000119
8353  25.158  -64.912  -26.820 0.5000000000
117388  36.704  -70.550  -35.932 0.8000000119
8369  24.268  -65.148  -27.462 0.5000000000
9191  26.367  -64.747  -28.650 0.5000000000
9209  26.509  -64.890  -29.641 0.6000000238
8368  25.175  -64.756  -27.957 0.6000000238
8397  25.650  -64.726  -29.837 0.6000000238
8422  24.729  -64.653  -30.809 0.6000000238
9234  17.745  -64.026  -31.613 0.5000000000
122639  23.381  -64.821  -31.912 0.5000000000
9242  18.345  -64.703  -32.215 0.5000000000
8427  18.276  -65.197  -30.669 0.6000000238
8456  23.195  -65.340  -32.899 0.6000000238
119221  21.862  -66.269  -33.459 0.6999999881
8476  20.509  -65.864  -33.935 0.6999999881
8477  19.560  -65.970  -33.432 0.6999999881
8455  24.265  -65.024  -32.667 0.6000000238
9249  19.634  -64.860  -33.827 0.6000000238
8473  23.929  -65.351  -33.483 0.6999999881
8494  21.985  -65.485  -34.554 0.6000000238
8495  21.149  -65.305  -34.419 0.5000000000
6319  32.056  -68.775  -26.202 0.6999999881
128213  30.703  -68.747  -25.228 0.6999999881
6936  29.471  -68.523  -24.757 0.6999999881
129470  27.994  -68.418  -24.326 0.8000000119
126066  28.098  -67.751  -24.640 0.6999999881
7635  27.477  -66.304  -24.960 0.6999999881
7617  26.989  -67.027  -24.453 0.6999999881
9982  15.879  -62.347  -31.464 0.5000000000
8419  28.247  -65.323  -30.862 0.5000000000
8396  27.258  -65.230  -30.305 0.6000000238
9971  16.437  -63.296  -30.758 0.5000000000
8420  27.179  -65.382  -31.009 0.5000000000
119312  29.109  -65.104  -31.442 0.5000000000
136407  26.438  -65.234  -31.447 0.6000000238
8442  24.474  -64.750  -31.692 0.6000000238
130550  19.072  -64.993  -33.275 0.5000000000
8439  28.491  -65.322  -31.761 0.5000000000
8440  27.393  -65.481  -31.964 0.6000000238
117333  26.303  -65.496  -33.076 0.6000000238
8453  27.401  -65.557  -32.866 0.6000000238
6335  31.409  -68.254  -26.574 0.6999999881
6336  30.737  -68.137  -26.013 0.6999999881
6950  29.417  -67.700  -25.419 0.6999999881
128619  24.674  -65.367  -34.818 0.5000000000
114419  29.444  -64.063  -31.497 0.5000000000
9257  22.548  -64.827  -35.121 0.5000000000
8452  28.288  -65.332  -32.643 0.5000000000
135299  27.068  -65.624  -34.636 0.5000000000
8472  24.750  -65.439  -34.006 0.5000000000
8493  22.839  -65.481  -34.470 0.5000000000
9268  24.847  -64.654  -36.247 0.5000000000
9269  23.555  -64.500  -35.721 0.5000000000
9993  28.453  -64.742  -34.763 0.5000000000
8508  26.560  -65.248  -36.692 0.5000000000
9256  23.344  -65.139  -34.991 0.5000000000
9241  28.681  -64.693  -33.682 0.5000000000
8489  27.847  -65.378  -35.250 0.5000000000
8490  26.560  -65.516  -35.425 0.5000000000
9240  28.903  -64.616  -32.441 0.5000000000
8470  28.386  -65.242  -34.250 0.5000000000
10013  28.138  -65.013  -36.522 0.5000000000
10713  14.908  -62.234  -29.054 0.6000000238
9961  13.745  -63.317  -29.298 0.6000000238
10729  15.392  -61.721  -29.655 0.5000000000
9929  14.753  -63.165  -27.667 0.6999999881
9930  13.802  -63.431  -28.543 0.6000000238
9213  13.213  -64.002  -29.251 0.6000000238
8372  13.073  -65.854  -27.866 0.6999999881
9171  14.868  -64.050  -26.980 0.6000000238
9172  14.187  -64.584  -27.279 0.6999999881
9173  13.421  -64.233  -28.212 0.6999999881
8388  12.674  -65.707  -28.524 0.6999999881
6982  14.338  -67.302  -27.405 0.8000000119
9150  16.669  -64.044  -26.375 0.5000000000
9928  15.827  -62.752  -27.315 0.5000000000
7667  13.876  -66.253  -27.335 0.8000000119
9152  15.057  -64.907  -26.893 0.6000000238
5761  14.207  -69.306  -27.806 0.6999999881
122642  17.345  -63.704  -26.239 0.5000000000
10671  16.609  -62.482  -27.229 0.5000000000
125504  14.832  -68.209  -27.449 0.6999999881
6364  14.052  -68.904  -28.011 0.6999999881
7666  15.035  -66.759  -27.177 0.6999999881
9151  15.943  -64.678  -26.623 0.6999999881
5150  13.518  -70.466  -27.361 0.6999999881
5734  15.137  -69.149  -26.866 0.6999999881
128867  16.909  -64.903  -26.342 0.6000000238
7656  15.572  -66.323  -26.877 0.8000000119
10649  10.824  -63.038  -24.880 0.6999999881
128970  10.610  -64.662  -23.480 0.8000000119
9889  19.648  -63.607  -24.995 0.4000000060
5137  13.389  -70.448  -26.573 0.6999999881
129806  18.757  -64.457  -25.362 0.5000000000
5735  14.597  -69.578  -26.501 0.6999999881
9137  18.249  -64.919  -25.575 0.6000000238
8334  17.629  -65.587  -25.982 0.6000000238
6972  15.502  -67.873  -27.162 0.6999999881
7654  17.228  -66.538  -26.132 0.8000000119
6971  16.776  -67.404  -26.263 0.8000000119
17503  11.007  -55.133  -25.128 0.5000000000
16593  10.009  -55.735  -26.266 0.5000000000
129141  10.213  -57.102  -26.349 0.5000000000
12232  10.563  -61.410  -30.643 0.5000000000
11439  10.982  -61.461  -28.372 0.6000000238
12215  10.909  -61.216  -29.355 0.6000000238
11489  9.145  -62.327  -31.592 0.6000000238
130514  8.406  -60.291  -29.496 0.6000000238
10694  10.223  -62.936  -28.021 0.6999999881
11457  10.354  -62.157  -29.623 0.6999999881
9911  10.423  -63.204  -26.110 0.6999999881
9931  9.858  -63.607  -27.329 0.6999999881
6326  13.503  -69.015  -25.089 0.6999999881
6943  12.686  -67.219  -24.556 0.6999999881
7622  12.334  -66.405  -24.159 0.8000000119
9122  19.309  -65.016  -23.989 0.5000000000
5723  13.822  -69.683  -25.534 0.6999999881
8333  18.415  -65.819  -25.184 0.6000000238
5705  15.241  -69.109  -25.402 0.8000000119
6955  17.397  -67.209  -25.588 0.6999999881
6309  15.699  -68.669  -24.998 0.8000000119
6325  15.923  -68.759  -25.661 0.8000000119
17514  11.428  -54.474  -25.223 0.5000000000
17515  10.690  -54.586  -25.751 0.6000000238
18494  10.336  -53.452  -26.574 0.5000000000
16594  9.735  -54.987  -26.758 0.6000000238
126724  9.576  -55.693  -27.156 0.6000000238
128679  9.806  -57.114  -27.089 0.6000000238
15664  9.392  -56.397  -28.545 0.6000000238
14743  9.259  -57.480  -29.095 0.5000000000
12231  11.128  -60.532  -29.832 0.5000000000
12244  9.960  -61.416  -31.834 0.5000000000
12214  11.362  -60.586  -28.499 0.6000000238
12245  9.630  -60.608  -31.989 0.6000000238
11490  8.611  -62.113  -31.475 0.6999999881
13014  9.000  -59.245  -28.741 0.6000000238
125983  11.371  -61.239  -27.424 0.6000000238
10673  10.662  -62.622  -26.901 0.6999999881
10714  9.829  -63.117  -29.162 0.6999999881
10730  9.480  -62.996  -30.245 0.6999999881
10744  8.748  -62.844  -31.098 0.8000000119
13028  8.323  -60.629  -30.782 0.6999999881
11409  11.796  -61.775  -25.584 0.6999999881
10648  11.126  -62.438  -25.830 0.6999999881
116466  11.570  -62.401  -24.907 0.6999999881
121011  10.858  -63.382  -23.878 0.8000000119
7606  12.873  -65.694  -23.692 0.8000000119
9107  11.436  -64.413  -23.446 0.8000000119
8297  18.711  -65.883  -23.945 0.5000000000
8292  17.070  -65.638  -22.818 0.6000000238
6942  13.623  -67.540  -24.413 0.8000000119
7621  13.236  -66.662  -24.064 0.8000000119
7639  18.242  -66.446  -24.674 0.6000000238
8298  17.208  -66.482  -23.341 0.6999999881
6928  15.134  -67.316  -23.960 0.8000000119
6926  16.935  -67.536  -24.288 0.6999999881
6927  16.113  -67.591  -24.040 0.6999999881
6308  16.504  -68.214  -24.939 0.8000000119
18479  12.565  -53.493  -24.897 0.4000000060
18481  10.880  -53.984  -25.955 0.5000000000
17528  9.701  -54.311  -27.262 0.4000000060
16609  9.503  -55.054  -27.620 0.5000000000
15680  9.421  -56.867  -29.438 0.5000000000
13013  11.519  -59.743  -29.034 0.5000000000
13056  10.372  -59.731  -32.297 0.6000000238
13057  9.574  -59.614  -32.049 0.6000000238
13863  9.006  -58.493  -29.592 0.6000000238
12199  11.750  -60.532  -27.453 0.6000000238
13042  8.885  -59.880  -31.337 0.6999999881
13015  8.546  -59.474  -30.153 0.6999999881
11425  12.065  -61.100  -26.129 0.6000000238
9863  12.202  -63.405  -23.570 0.8000000119
8293  15.915  -65.310  -22.922 0.6999999881
7603  15.690  -66.740  -23.611 0.6999999881
7605  13.824  -66.107  -23.711 0.8000000119
8302  13.627  -65.327  -23.470 0.8000000119
8299  16.294  -66.182  -23.250 0.6999999881
19468  12.023  -53.107  -25.823 0.4000000060
19467  12.979  -52.671  -25.330 0.4000000060
19451  13.298  -52.197  -24.550 0.4000000060
19479  10.093  -53.000  -26.989 0.5000000000
19478  10.446  -52.669  -26.692 0.4000000060
20431  12.706  -51.475  -23.657 0.5000000000
114789  9.528  -56.004  -29.044 0.5000000000
15702  10.259  -56.834  -30.876 0.5000000000
15703  9.539  -57.186  -30.318 0.5000000000
16661  11.408  -55.885  -31.061 0.5000000000
13876  8.934  -58.836  -30.537 0.6999999881
11395  12.213  -61.878  -24.741 0.6000000238
137586  12.751  -63.833  -23.408 0.8000000119
9096  15.544  -64.425  -22.772 0.6000000238
9097  14.771  -64.232  -22.913 0.6000000238
123737  14.511  -62.786  -22.992 0.6999999881
10622  13.207  -62.459  -23.671 0.6999999881
8301  14.397  -65.553  -23.393 0.6999999881
21424  11.753  -50.467  -23.291 0.3000000119
20466  10.345  -51.663  -26.830 0.4000000060
129235  10.874  -51.626  -26.576 0.3000000119
19476  12.016  -52.273  -26.262 0.4000000060
132782  13.337  -51.892  -25.256 0.4000000060
19430  13.277  -51.540  -24.156 0.4000000060
21423  12.454  -50.652  -23.511 0.5000000000
18506  10.394  -53.257  -27.961 0.4000000060
126742  12.947  -50.141  -23.693 0.3000000119
17570  9.835  -54.768  -28.480 0.4000000060
15723  10.838  -57.510  -31.859 0.5000000000
16640  9.971  -55.310  -29.086 0.4000000060
15722  11.851  -57.526  -32.376 0.6000000238
18542  10.648  -53.956  -28.615 0.4000000060
16678  11.965  -56.587  -31.916 0.4000000060
16638  11.076  -55.472  -30.234 0.5000000000
10623  12.428  -62.763  -23.803 0.6999999881
9104  14.054  -64.599  -23.204 0.6999999881
20421  11.830  -51.276  -23.317 0.4000000060
116666  13.616  -50.858  -24.526 0.4000000060
22419  13.146  -49.426  -23.695 0.3000000119
135205  10.309  -51.776  -27.283 0.3000000119
17568  10.998  -54.776  -29.456 0.4000000060
132591  12.085  -55.689  -31.594 0.4000000060
17589  11.658  -55.118  -30.566 0.4000000060
20464  11.367  -51.126  -26.430 0.3000000119
20463  12.662  -50.999  -26.228 0.3000000119
20454  13.458  -51.138  -25.607 0.4000000060
21451  13.901  -50.301  -25.630 0.3000000119
125672  13.659  -50.071  -24.257 0.3000000119
20465  10.239  -50.826  -26.672 0.3000000119
18525  10.950  -52.984  -28.376 0.3000000119
17567  12.072  -54.252  -29.928 0.3000000119
18541  11.438  -53.767  -29.063 0.3000000119
17588  12.374  -54.801  -31.088 0.3000000119
21459  13.054  -50.343  -26.227 0.3000000119
21437  14.230  -49.860  -25.386 0.3000000119
21460  11.600  -50.182  -26.407 0.3000000119
22453  13.508  -49.610  -26.211 0.3000000119
19520  11.816  -52.909  -28.748 0.3000000119
19519  12.712  -52.931  -29.256 0.3000000119
18539  13.203  -53.316  -30.136 0.3000000119
22420  12.234  -49.775  -23.320 0.3000000119
21461  10.251  -49.995  -26.525 0.3000000119
22455  10.338  -49.006  -26.293 0.3000000119
19501  13.064  -52.175  -28.848 0.3000000119
7665  22.940  -66.387  -27.372 0.6000000238
124077  22.362  -66.690  -28.044 0.6999999881
6994  21.615  -67.401  -29.096 0.6999999881
7013  21.055  -67.310  -29.901 0.6999999881
15679  9.929  -56.269  -29.799 0.4000000060
14770  9.905  -57.599  -31.258 0.6000000238
22429  13.992  -49.157  -24.189 0.3000000119
3487  33.032  -73.379  -25.388 0.6999999881
121033  28.589  -72.638  -26.244 0.6999999881
5755  35.153  -70.133  -28.946 0.8000000119
4068  37.149  -72.566  -31.191 0.6000000238
4630  36.994  -71.888  -32.917 0.6999999881
5757  34.262  -69.210  -28.148 0.6000000238
5108  26.872  -70.047  -24.478 0.6999999881
134276  36.231  -68.401  -34.539 0.8000000119
5250  36.994  -71.219  -35.977 0.8000000119
7718  18.838  -66.818  -31.924 0.6999999881
8385  23.404  -65.457  -27.951 0.5000000000
7703  20.944  -66.445  -30.353 0.6000000238
117648  17.449  -65.997  -29.492 0.6000000238
135530  22.779  -65.741  -33.365 0.6999999881
6306  26.610  -67.834  -24.274 0.8000000119
9147  26.829  -64.633  -26.989 0.5000000000
9170  25.830  -64.709  -27.655 0.6000000238
132015  26.384  -65.355  -32.180 0.6000000238
6310  14.987  -68.724  -24.741 0.8000000119
2490  36.688  -75.895  -26.590 0.4000000060
123751  37.000  -75.494  -25.587 0.4000000060
131023  37.499  -75.713  -28.254 0.3000000119
120466  36.504  -76.417  -27.423 0.4000000060
2037  35.876  -76.817  -27.355 0.4000000060
2036  36.141  -76.348  -26.462 0.4000000060
4595  39.922  -72.133  -29.350 0.4000000060
4575  39.796  -71.819  -28.377 0.5000000000
4023  38.707  -72.656  -28.066 0.5000000000
4022  39.275  -72.678  -28.955 0.3000000119
135048  38.313  -73.716  -28.267 0.4000000060
3499  37.576  -74.389  -26.615 0.4000000060
3526  38.729  -73.489  -29.003 0.3000000119
3004  37.507  -75.226  -27.611 0.3000000119
2502  37.108  -75.965  -27.619 0.3000000119
122444  37.828  -75.194  -28.515 0.3000000119
4053  39.810  -72.457  -30.149 0.4000000060
4605  41.144  -71.349  -30.193 0.4000000060
122838  41.620  -71.148  -29.481 0.5000000000
4052  40.407  -71.856  -30.594 0.3000000119
4054  39.290  -73.121  -29.689 0.3000000119
3038  38.327  -75.073  -30.022 0.4000000060
3540  38.686  -74.119  -29.986 0.3000000119
3555  38.286  -74.380  -31.216 0.4000000060
2527  38.014  -75.310  -30.715 0.4000000060
2542  37.344  -75.522  -31.018 0.4000000060
5187  40.745  -71.052  -31.455 0.4000000060
4627  40.408  -71.151  -32.301 0.4000000060
4620  40.466  -71.469  -31.850 0.4000000060
5205  39.907  -71.200  -33.260 0.4000000060
5818  39.302  -69.664  -33.944 0.5000000000
4075  40.266  -72.002  -31.404 0.4000000060
135981  39.579  -71.431  -33.786 0.4000000060
128063  38.679  -74.132  -30.777 0.4000000060
3554  38.946  -73.604  -31.308 0.5000000000
4085  39.571  -72.339  -32.897 0.4000000060
3039  36.451  -74.718  -30.678 0.6000000238
3054  37.212  -74.890  -31.219 0.4000000060
120828  39.397  -69.030  -34.688 0.6000000238
117287  39.060  -69.485  -35.597 0.6000000238
4651  39.220  -71.558  -34.253 0.6000000238
5237  38.890  -71.195  -35.068 0.6000000238
4652  38.565  -71.636  -34.892 0.6000000238
5249  38.318  -71.372  -35.843 0.6999999881
4086  38.695  -72.883  -32.863 0.5000000000
4109  38.387  -72.109  -34.217 0.6000000238
5261  37.459  -71.210  -36.479 0.6999999881
6433  38.552  -69.066  -37.283 0.6999999881
6434  37.918  -69.389  -37.959 0.6999999881
6424  39.232  -68.581  -36.289 0.6000000238
6449  36.660  -68.851  -38.319 0.6999999881
6425  36.124  -68.802  -36.869 0.6999999881
7061  35.144  -67.620  -34.893 0.6999999881
5260  38.005  -71.098  -36.671 0.6999999881
5837  36.810  -69.718  -37.443 0.6999999881
5262  37.005  -70.744  -36.661 0.6999999881
7095  37.915  -67.751  -38.682 0.5000000000
7791  37.515  -67.231  -38.798 0.6000000238
6448  37.487  -68.787  -38.431 0.6999999881
6450  35.954  -68.030  -38.577 0.6000000238
7081  35.180  -67.308  -38.198 0.6999999881
7098  34.908  -66.691  -38.177 0.6999999881
5847  37.416  -69.654  -37.785 0.6999999881
7070  34.845  -67.365  -37.127 0.6999999881
116306  34.267  -67.023  -35.695 0.6000000238
7097  35.705  -67.298  -38.614 0.6000000238
7786  35.566  -66.506  -38.320 0.6000000238
137611  33.943  -66.007  -37.293 0.6000000238
131070  35.111  -65.894  -37.896 0.6000000238
117606  34.459  -66.712  -31.181 0.5000000000
3503  28.819  -73.034  -26.650 0.6000000238
3502  29.091  -73.578  -26.239 0.6000000238
7775  33.875  -65.958  -36.624 0.6000000238
7751  33.949  -66.306  -34.948 0.6000000238
8468  34.563  -65.957  -33.684 0.5000000000
8437  34.688  -66.094  -32.669 0.5000000000
4040  28.201  -72.047  -28.362 0.6000000238
4014  27.974  -72.236  -26.626 0.6000000238
4013  28.485  -72.694  -27.119 0.6000000238
8506  34.890  -65.609  -36.360 0.6000000238
8488  34.228  -65.928  -34.651 0.5000000000
123633  34.362  -66.996  -33.514 0.5000000000
4610  26.952  -70.926  -29.426 0.6000000238
125432  26.714  -71.207  -27.401 0.6000000238
119083  27.400  -71.617  -27.960 0.6000000238
4597  28.421  -71.899  -29.138 0.6000000238
4027  28.008  -72.189  -27.539 0.6000000238
4561  26.745  -71.280  -26.398 0.6000000238
4579  27.349  -71.734  -27.015 0.6000000238
6347  32.325  -68.237  -27.584 0.6000000238
115219  34.321  -65.746  -35.507 0.6000000238
5147  26.122  -70.684  -27.693 0.6000000238
5148  24.886  -70.031  -27.671 0.6000000238
5134  26.169  -70.751  -26.742 0.6000000238
5719  25.327  -69.492  -25.475 0.6000000238
5120  25.630  -70.274  -26.069 0.6000000238
5720  24.654  -68.955  -25.764 0.5000000000
5718  26.077  -70.018  -25.049 0.6000000238
6322  25.211  -68.610  -25.070 0.5000000000
4617  27.169  -70.878  -30.131 0.6999999881
131126  26.412  -70.565  -30.159 0.6000000238
132792  25.556  -70.396  -27.887 0.6000000238
138414  24.288  -69.076  -26.421 0.6000000238
6337  24.095  -68.429  -26.088 0.6000000238
5212  23.220  -70.433  -32.451 0.6000000238
137731  25.613  -70.338  -29.035 0.6000000238
5158  25.293  -70.252  -28.455 0.6000000238
5746  23.579  -69.053  -27.575 0.5000000000
116720  24.686  -70.037  -29.751 0.6000000238
5772  23.267  -69.462  -29.261 0.6000000238
5800  23.289  -70.138  -31.308 0.6000000238
5195  22.871  -70.337  -31.794 0.6000000238
124593  25.508  -70.276  -29.824 0.6000000238
6349  23.156  -68.338  -27.228 0.6000000238
5771  24.181  -69.757  -29.032 0.6000000238
5759  23.449  -69.294  -28.422 0.5000000000
5760  22.698  -68.986  -28.736 0.6000000238
118281  22.969  -69.593  -29.917 0.5000000000
5196  21.934  -70.430  -31.698 0.5000000000
6993  22.094  -67.495  -28.264 0.6000000238
6362  22.285  -68.318  -28.380 0.6000000238
5785  22.216  -69.575  -30.335 0.6000000238
5786  21.404  -69.341  -30.586 0.6000000238
5803  20.852  -69.724  -31.412 0.6999999881
5214  20.457  -70.626  -32.535 0.6999999881
4634  19.798  -71.236  -32.992 0.6999999881
4635  18.886  -71.235  -33.046 0.6999999881
6385  21.419  -68.184  -29.562 0.6000000238
137489  21.222  -68.703  -30.200 0.6999999881
5813  20.095  -69.458  -32.145 0.6999999881
117553  20.506  -70.185  -32.046 0.6999999881
5215  19.480  -70.578  -32.590 0.6999999881
5216  18.462  -70.738  -32.617 0.6000000238
6400  20.526  -68.306  -31.401 0.6000000238
8418  34.826  -65.749  -31.613 0.5000000000
114301  34.678  -65.898  -30.523 0.5000000000
7702  34.189  -66.966  -30.359 0.5000000000
7002  33.543  -67.533  -29.063 0.6000000238
9222  35.521  -64.639  -30.291 0.6000000238
7684  34.377  -66.098  -29.604 0.6000000238
6992  32.692  -67.831  -28.179 0.6000000238
6979  32.241  -67.528  -27.575 0.6000000238
9202  35.280  -64.332  -29.600 0.5000000000
7673  34.029  -65.729  -29.064 0.6000000238
6966  31.188  -67.662  -26.614 0.6000000238
8382  33.099  -64.915  -28.753 0.6000000238
7648  31.962  -66.053  -26.854 0.5000000000
7649  31.272  -66.651  -26.492 0.6000000238
6967  30.604  -67.283  -26.219 0.6000000238
8347  31.856  -65.358  -27.489 0.5000000000
7650  30.665  -66.290  -26.206 0.6000000238
8330  27.189  -65.466  -25.398 0.5000000000
119493  28.748  -65.073  -26.214 0.5000000000
7634  28.346  -66.535  -25.360 0.6000000238
7651  29.903  -65.996  -25.985 0.6000000238
124341  38.053  -71.599  -35.627 0.6999999881
6373  33.671  -68.013  -29.424 0.5000000000
6361  22.893  -68.691  -27.958 0.6000000238
5787  20.805  -68.910  -30.853 0.6999999881
6360  32.922  -68.240  -28.060 0.6000000238
7633  29.146  -66.800  -25.706 0.6000000238
8329  28.100  -65.655  -25.596 0.6000000238
3515  38.046  -73.424  -27.289 0.4000000060
3019  38.290  -74.514  -29.011 0.3000000119
3539  39.200  -73.444  -30.493 0.4000000060
116282  39.459  -70.219  -33.361 0.4000000060
4628  40.094  -71.669  -32.688 0.3000000119
5223  39.474  -70.931  -34.184 0.5000000000
117496  39.081  -70.189  -34.950 0.6000000238
4076  39.537  -72.744  -31.692 0.5000000000
4108  39.017  -71.960  -34.141 0.5000000000
3583  38.810  -73.233  -32.096 0.5000000000
5828  38.523  -69.773  -36.497 0.6000000238
7096  36.725  -67.942  -38.813 0.6999999881
5758  24.181  -69.599  -28.063 0.6000000238
4636  17.930  -71.274  -33.241 0.6000000238
126038  34.767  -64.943  -30.010 0.6000000238
9184  34.268  -63.896  -29.011 0.5000000000
7675  32.786  -66.993  -28.073 0.6000000238
8380  34.009  -64.596  -29.338 0.5000000000
7662  33.066  -65.922  -28.062 0.6000000238
9185  33.569  -64.087  -29.205 0.5000000000
134655  31.353  -65.886  -26.595 0.5000000000
8349  29.677  -65.188  -26.407 0.5000000000
717  27.134  -80.562  -21.092 0.4000000060
974  27.192  -79.633  -21.066 0.4000000060
119403  26.623  -78.958  -21.411 0.5000000000
120831  25.174  -80.349  -20.271 0.5000000000
960  23.719  -79.585  -19.063 0.5000000000
701  22.339  -80.414  -19.307 0.5000000000
710  25.729  -80.708  -20.990 0.5000000000
697  25.760  -81.049  -20.186 0.5000000000
1305  27.487  -78.460  -20.184 0.4000000060
1601  27.362  -77.435  -19.557 0.4000000060
1606  27.263  -77.516  -20.619 0.5000000000
1648  35.560  -77.251  -24.393 0.3000000119
1343  34.200  -78.296  -23.942 0.3000000119
119830  35.069  -77.146  -25.448 0.3000000119
698  25.098  -80.308  -19.445 0.4000000060
951  24.352  -79.759  -18.852 0.5000000000
953  23.059  -79.209  -18.484 0.5000000000
494  26.588  -81.585  -20.561 0.4000000060
501  27.020  -81.324  -20.904 0.4000000060
959  27.828  -80.190  -20.123 0.3000000119
136642  27.824  -80.824  -20.090 0.3000000119
124769  27.223  -75.620  -20.745 0.4000000060
115407  27.247  -76.233  -19.308 0.4000000060
1955  27.228  -76.504  -20.259 0.5000000000
120574  27.306  -76.852  -18.531 0.3000000119
1998  36.299  -77.432  -23.426 0.3000000119
138368  35.163  -77.973  -23.455 0.3000000119
2024  35.933  -76.567  -25.236 0.3000000119
1663  35.456  -76.797  -26.395 0.3000000119
689  25.583  -81.264  -19.288 0.3000000119
938  24.274  -79.834  -18.026 0.4000000060
481  26.327  -81.947  -19.816 0.3000000119
1596  27.488  -77.938  -18.579 0.3000000119
2910  27.935  -74.690  -19.360 0.4000000060
2415  27.596  -74.866  -20.212 0.4000000060
1951  27.391  -75.868  -18.497 0.4000000060
118225  27.478  -77.413  -17.868 0.3000000119
1996  38.185  -76.782  -22.387 0.4000000060
1997  37.126  -77.447  -22.408 0.4000000060
1636  36.184  -77.978  -22.419 0.4000000060
1623  35.144  -78.488  -22.243 0.4000000060
1323  34.390  -78.714  -21.686 0.4000000060
130452  33.862  -78.749  -21.319 0.5000000000
2008  37.734  -76.320  -23.689 0.3000000119
132593  36.351  -76.870  -24.195 0.3000000119
132339  36.821  -76.374  -24.438 0.3000000119
2477  36.540  -75.976  -25.460 0.3000000119
2489  37.166  -75.344  -26.646 0.3000000119
470  25.360  -81.922  -18.511 0.3000000119
2903  28.438  -74.593  -18.572 0.3000000119
121234  28.959  -74.222  -19.960 0.4000000060
2917  29.470  -74.244  -20.458 0.4000000060
1593  27.724  -77.500  -17.106 0.3000000119
2393  28.181  -75.279  -17.319 0.3000000119
2388  27.835  -75.890  -17.147 0.3000000119
2394  27.723  -75.532  -17.823 0.3000000119
1968  32.721  -77.302  -20.885 0.5000000000
1969  32.154  -76.307  -21.014 0.5000000000
3454  39.966  -73.998  -21.614 0.3000000119
2943  39.369  -74.991  -21.097 0.3000000119
2942  39.767  -74.576  -21.675 0.3000000119
1979  38.799  -76.369  -21.627 0.3000000119
1966  36.101  -77.654  -20.529 0.5000000000
1304  34.324  -78.506  -20.120 0.5000000000
2958  39.531  -75.418  -22.137 0.3000000119
1621  36.782  -77.755  -21.702 0.4000000060
1612  36.593  -77.598  -20.995 0.4000000060
1613  35.890  -78.048  -20.578 0.5000000000
1303  35.224  -78.307  -20.042 0.5000000000
2461  38.230  -75.640  -23.846 0.3000000119
2462  37.278  -75.826  -24.606 0.3000000119
2989  37.439  -74.911  -25.518 0.3000000119
2908  29.272  -74.351  -18.988 0.3000000119
126626  29.795  -74.374  -19.662 0.4000000060
1941  28.456  -76.869  -15.894 0.3000000119
2403  28.640  -74.752  -17.687 0.3000000119
2916  30.257  -74.504  -20.362 0.4000000060
2387  28.409  -75.823  -16.493 0.3000000119
2929  30.689  -74.687  -21.172 0.4000000060
2422  31.463  -75.473  -21.067 0.5000000000
133740  33.078  -76.365  -19.178 0.4000000060
2414  31.991  -75.964  -20.037 0.5000000000
131101  40.640  -71.270  -21.298 0.3000000119
1600  33.679  -77.601  -19.513 0.5000000000
1960  32.633  -76.795  -19.989 0.5000000000
3455  39.473  -74.203  -21.268 0.3000000119
1967  34.831  -76.757  -20.318 0.4000000060
122806  40.188  -73.318  -21.991 0.3000000119
134614  38.819  -75.366  -20.860 0.4000000060
2926  38.109  -75.668  -20.842 0.4000000060
2421  35.956  -76.937  -20.805 0.5000000000
1599  34.351  -77.878  -19.425 0.5000000000
3470  39.624  -74.799  -22.549 0.3000000119
1980  38.281  -76.594  -21.254 0.4000000060
1964  37.862  -76.468  -20.837 0.5000000000
1965  37.055  -77.144  -20.671 0.5000000000
3477  39.209  -74.420  -23.432 0.3000000119
3485  38.504  -73.782  -24.549 0.4000000060
3998  38.822  -72.777  -24.778 0.3000000119
3486  37.826  -74.210  -25.323 0.4000000060
3498  38.098  -73.180  -25.822 0.4000000060
2067  32.301  -76.458  -28.716 0.5000000000
2383  29.039  -76.258  -15.615 0.3000000119
2382  29.343  -75.253  -16.116 0.3000000119
117850  31.331  -74.741  -18.596 0.3000000119
2402  32.196  -75.158  -18.530 0.3000000119
2413  32.643  -76.245  -19.384 0.5000000000
124486  33.931  -76.451  -19.647 0.4000000060
2406  33.229  -75.866  -19.144 0.3000000119
120908  41.131  -70.629  -20.795 0.3000000119
2913  34.231  -75.706  -20.554 0.5000000000
126841  39.811  -73.412  -21.552 0.3000000119
2430  35.815  -75.652  -21.516 0.4000000060
2431  34.994  -75.767  -21.279 0.4000000060
2944  38.757  -74.736  -21.053 0.4000000060
2945  37.233  -74.677  -21.745 0.4000000060
3469  39.880  -74.037  -22.396 0.3000000119
3984  40.080  -72.999  -23.055 0.3000000119
2420  37.160  -76.465  -20.949 0.5000000000
3997  39.511  -72.731  -24.111 0.3000000119
4538  39.440  -71.993  -24.759 0.4000000060
4539  38.810  -72.008  -25.679 0.4000000060
2504  33.592  -75.553  -27.707 0.5000000000
4012  38.502  -72.299  -26.841 0.4000000060
4557  39.453  -71.622  -26.648 0.5000000000
130929  33.093  -76.213  -29.099 0.5000000000
2928  33.898  -74.200  -21.536 0.3000000119
2914  33.809  -74.709  -20.748 0.3000000119
4039  28.966  -72.556  -28.700 0.5000000000
4623  29.309  -71.871  -31.109 0.6000000238
5659  41.706  -69.998  -20.408 0.3000000119
5075  39.844  -71.453  -21.636 0.3000000119
5064  42.126  -70.586  -20.593 0.3000000119
4498  38.764  -71.612  -22.102 0.3000000119
2947  34.918  -74.920  -22.087 0.4000000060
2927  34.334  -74.923  -21.560 0.4000000060
2982  30.046  -74.173  -25.474 0.5000000000
5225  28.220  -70.524  -33.789 0.5000000000
3968  38.792  -73.305  -21.620 0.3000000119
3456  37.724  -73.750  -21.991 0.3000000119
3457  36.338  -73.813  -22.603 0.3000000119
3969  36.593  -72.957  -22.875 0.3000000119
2970  30.861  -74.299  -25.226 0.5000000000
4511  40.575  -72.103  -23.455 0.3000000119
4520  39.972  -72.241  -23.978 0.3000000119
2478  32.160  -74.995  -25.861 0.5000000000
126086  40.740  -71.623  -24.590 0.3000000119
2491  33.358  -75.200  -26.860 0.5000000000
4537  41.886  -71.235  -25.786 0.4000000060
3007  34.149  -75.020  -27.220 0.6000000238
4556  41.239  -71.357  -26.809 0.5000000000
3006  34.682  -74.738  -27.671 0.5000000000
4573  42.219  -71.127  -27.487 0.4000000060
125923  40.100  -71.561  -27.483 0.3000000119
4576  39.140  -71.850  -27.511 0.4000000060
3023  35.011  -74.894  -28.431 0.6000000238
5768  40.080  -69.500  -29.484 0.3000000119
4593  42.091  -70.766  -28.644 0.4000000060
3022  35.553  -74.531  -28.954 0.6000000238
2516  34.694  -75.394  -29.159 0.5000000000
126605  39.612  -67.897  -30.967 0.3000000119
6382  39.582  -68.769  -30.363 0.5000000000
5174  40.330  -70.369  -31.002 0.4000000060
5173  41.176  -70.950  -30.582 0.4000000060
2515  35.254  -75.066  -29.362 0.6000000238
7038  40.220  -67.105  -32.017 0.3000000119
7025  39.679  -67.712  -31.750 0.5000000000
5798  39.681  -69.799  -31.608 0.4000000060
7039  39.819  -67.496  -32.752 0.4000000060
6408  39.453  -68.371  -32.349 0.5000000000
124136  39.497  -69.262  -32.150 0.4000000060
5812  39.402  -69.201  -33.005 0.5000000000
4615  28.693  -71.604  -30.635 0.6000000238
4631  28.820  -71.333  -32.021 0.6000000238
5649  41.714  -69.200  -20.480 0.3000000119
5660  40.681  -69.570  -20.712 0.3000000119
5065  39.894  -70.413  -21.428 0.3000000119
5076  38.966  -70.761  -21.919 0.3000000119
4616  27.829  -71.136  -30.587 0.6000000238
4632  28.060  -70.718  -32.081 0.6000000238
5053  42.424  -69.857  -20.436 0.3000000119
4499  37.498  -71.268  -22.743 0.3000000119
5226  27.553  -70.405  -33.464 0.6000000238
5672  42.255  -69.308  -22.134 0.3000000119
127629  38.080  -72.217  -22.417 0.3000000119
128958  37.559  -72.789  -22.488 0.3000000119
128499  26.872  -70.272  -34.024 0.6000000238
130258  41.489  -71.602  -23.884 0.3000000119
124423  25.306  -70.224  -33.611 0.6000000238
5240  26.251  -70.262  -34.645 0.6000000238
5241  25.470  -70.264  -34.401 0.6000000238
5256  24.146  -70.762  -35.722 0.5000000000
5144  42.418  -70.875  -27.892 0.4000000060
5767  41.545  -70.558  -29.201 0.4000000060
7050  40.374  -67.102  -33.641 0.4000000060
120539  39.436  -68.162  -33.112 0.5000000000
6252  41.619  -68.212  -20.575 0.3000000119
116102  40.779  -67.715  -20.456 0.3000000119
5661  39.591  -69.448  -21.239 0.3000000119
5066  38.676  -69.774  -21.853 0.3000000119
5077  38.041  -70.549  -22.458 0.3000000119
135416  36.749  -71.075  -23.024 0.3000000119
4609  27.713  -71.347  -29.687 0.5000000000
6262  42.317  -69.057  -20.739 0.3000000119
5671  42.874  -69.480  -21.309 0.3000000119
5191  26.646  -70.479  -31.570 0.5000000000
5190  27.506  -70.683  -31.542 0.6000000238
6275  41.570  -68.241  -21.642 0.3000000119
4500  36.708  -71.886  -23.081 0.3000000119
118289  27.009  -70.424  -32.237 0.6000000238
6276  40.614  -67.899  -22.440 0.3000000119
130903  25.821  -70.269  -33.088 0.6000000238
5132  41.905  -70.525  -26.888 0.3000000119
5131  42.425  -71.099  -26.499 0.3000000119
5242  24.731  -70.302  -34.132 0.6000000238
4671  22.671  -71.423  -35.590 0.6000000238
122189  26.126  -70.357  -32.355 0.6000000238
133561  25.253  -70.318  -31.367 0.5000000000
5211  24.584  -70.261  -32.509 0.6000000238
5227  24.596  -70.256  -33.341 0.6000000238
5228  23.856  -70.462  -33.891 0.6000000238
4657  23.424  -70.989  -34.985 0.6000000238
137314  22.034  -71.773  -35.193 0.6000000238
4658  22.517  -71.388  -34.657 0.6000000238
4139  20.665  -71.790  -36.174 0.5000000000
5178  25.684  -70.372  -30.764 0.5000000000
5179  24.807  -70.189  -30.658 0.5000000000
127567  23.863  -70.317  -32.917 0.5000000000
134297  21.643  -71.811  -34.381 0.6000000238
5257  17.776  -70.811  -35.534 0.5000000000
4648  16.924  -71.150  -34.448 0.6000000238
4676  17.040  -71.019  -35.113 0.6000000238
125605  17.138  -70.349  -35.357 0.5000000000
119524  16.280  -70.555  -34.606 0.6000000238
5832  15.982  -69.216  -35.018 0.6000000238
5194  23.808  -70.270  -31.971 0.5000000000
4643  21.516  -71.333  -33.381 0.5000000000
4104  20.094  -72.227  -34.205 0.5000000000
4659  20.751  -72.258  -34.652 0.6000000238
122695  20.022  -71.792  -33.531 0.6000000238
4116  19.334  -72.352  -34.684 0.5000000000
4674  18.536  -71.360  -35.659 0.5000000000
4105  18.807  -72.135  -34.216 0.6000000238
5814  19.635  -69.791  -32.241 0.6000000238
4647  17.581  -71.558  -34.152 0.6000000238
5244  15.620  -70.055  -34.681 0.5000000000
4031  10.919  -72.277  -27.998 0.5000000000
5783  23.875  -69.832  -30.051 0.5000000000
5230  22.134  -70.914  -33.019 0.5000000000
4633  20.664  -71.289  -33.084 0.6000000238
5152  9.382  -70.850  -27.482 0.5000000000
5153  8.571  -70.412  -27.977 0.6000000238
5151  10.030  -71.164  -27.263 0.6000000238
4568  11.199  -71.227  -27.000 0.6000000238
4048  9.668  -72.678  -28.666 0.5000000000
4046  11.422  -72.210  -28.504 0.5000000000
4618  11.578  -71.615  -29.911 0.5000000000
6417  14.508  -68.513  -33.409 0.5000000000
5820  14.748  -69.492  -33.697 0.5000000000
133227  11.579  -66.213  -24.155 0.6000000238
7608  10.283  -65.948  -24.014 0.6999999881
7623  10.926  -66.382  -24.369 0.6000000238
7624  10.140  -66.495  -24.565 0.6999999881
6960  9.132  -67.130  -25.640 0.6000000238
6342  8.741  -68.209  -26.770 0.6000000238
6959  10.544  -67.591  -25.648 0.6000000238
114642  9.843  -67.523  -25.841 0.6000000238
6944  11.699  -66.926  -24.714 0.6000000238
119357  11.831  -68.323  -25.434 0.6000000238
5726  10.602  -68.883  -26.238 0.6000000238
6341  9.473  -68.582  -26.576 0.5000000000
6354  8.321  -68.617  -27.422 0.6000000238
6327  12.590  -68.651  -25.261 0.6000000238
5725  11.196  -69.392  -26.109 0.6000000238
5140  10.019  -70.374  -27.011 0.5000000000
5739  8.952  -69.055  -27.037 0.6000000238
5724  11.993  -69.228  -25.671 0.6000000238
117983  10.828  -70.566  -26.678 0.6000000238
123662  12.527  -70.597  -26.354 0.6000000238
5138  11.609  -70.690  -26.520 0.6000000238
4567  12.079  -71.207  -27.007 0.6000000238
4601  12.114  -71.676  -28.494 0.5000000000
5181  11.508  -70.851  -30.175 0.5000000000
118453  11.223  -70.026  -29.914 0.5000000000
5792  10.683  -69.374  -30.087 0.5000000000
6404  10.653  -67.800  -30.802 0.5000000000
7625  9.293  -66.590  -24.707 0.6000000238
7626  8.542  -66.238  -24.076 0.6999999881
122659  12.947  -69.549  -25.452 0.5000000000
4566  12.887  -70.928  -27.111 0.6000000238
132690  13.079  -70.479  -28.572 0.6000000238
134543  12.223  -71.057  -29.468 0.5000000000
5775  12.437  -69.681  -29.169 0.6000000238
5776  11.401  -69.254  -29.510 0.5000000000
6367  11.698  -67.917  -28.979 0.6000000238
7008  11.398  -67.808  -29.605 0.6000000238
118557  13.451  -61.025  -24.392 0.4000000060
9893  9.421  -64.056  -25.197 0.6999999881
9155  7.788  -64.728  -26.742 0.5000000000
9139  7.531  -64.537  -25.485 0.5000000000
11393  13.521  -61.612  -23.929 0.6000000238
11394  12.885  -61.425  -24.560 0.5000000000
9124  8.160  -64.677  -24.366 0.6000000238
8309  6.982  -65.585  -23.923 0.5000000000
10621  14.802  -61.928  -23.142 0.5000000000
9892  10.132  -63.562  -25.329 0.6000000238
9138  8.502  -64.509  -25.267 0.8000000119
9865  10.190  -63.923  -23.698 0.6999999881
7610  8.629  -65.702  -23.771 0.8000000119
7627  7.716  -66.332  -24.152 0.6999999881
5762  13.639  -69.410  -28.277 0.6000000238
5763  12.806  -69.089  -28.672 0.6000000238
9913  7.517  -64.337  -27.051 0.5000000000
12166  12.688  -60.582  -25.803 0.5000000000
9932  9.197  -64.252  -28.042 0.6999999881
9881  6.615  -64.026  -25.136 0.5000000000
11383  15.145  -61.210  -23.296 0.4000000060
12127  14.012  -60.886  -24.035 0.4000000060
11374  15.591  -61.713  -22.928 0.4000000060
128021  15.978  -62.993  -22.530 0.5000000000
137925  16.940  -64.130  -22.391 0.4000000060
9953  8.150  -63.753  -28.579 0.5000000000
10674  7.032  -63.619  -26.625 0.5000000000
12165  13.350  -60.011  -25.452 0.3000000119
12184  12.892  -59.992  -26.195 0.3000000119
133452  8.696  -64.549  -27.890 0.6000000238
11373  16.469  -61.623  -22.617 0.4000000060
10609  17.528  -62.909  -22.133 0.4000000060
8291  18.003  -65.438  -22.697 0.4000000060
9952  8.664  -63.923  -29.179 0.6000000238
9951  9.080  -63.651  -29.614 0.6000000238
9851  17.819  -63.900  -22.188 0.4000000060
136866  8.020  -62.685  -28.865 0.5000000000
10695  7.777  -62.911  -28.213 0.5000000000
14697  14.830  -57.527  -25.829 0.3000000119
12977  13.311  -59.280  -26.188 0.3000000119
12995  12.411  -59.328  -27.493 0.3000000119
12996  11.836  -59.840  -27.951 0.4000000060
117634  19.255  -64.330  -22.590 0.3000000119
9092  19.042  -64.985  -22.828 0.4000000060
9102  19.434  -64.662  -23.255 0.4000000060
13845  12.592  -58.569  -27.778 0.4000000060
11476  8.224  -62.445  -30.863 0.6000000238
117935  8.083  -61.936  -28.389 0.4000000060
127406  12.277  -58.326  -28.722 0.4000000060
15636  15.122  -56.757  -26.179 0.3000000119
14712  14.345  -57.212  -26.415 0.3000000119
123539  8.251  -61.147  -28.863 0.5000000000
13862  11.795  -58.927  -29.918 0.4000000060
125663  11.473  -59.618  -31.390 0.4000000060
14784  10.464  -58.290  -32.172 0.5000000000
13889  11.970  -59.106  -32.036 0.4000000060
13903  11.744  -59.036  -32.617 0.4000000060
16675  14.916  -57.129  -32.938 0.3000000119
17619  13.979  -55.951  -33.294 0.3000000119
15720  13.394  -57.360  -32.654 0.3000000119
16677  12.704  -56.560  -32.394 0.3000000119
17606  13.312  -55.308  -32.502 0.3000000119
122779  12.958  -53.076  -24.233 0.4000000060
17618  14.768  -55.936  -33.705 0.3000000119
3979  35.671  -72.417  -23.231 0.3000000119
4555  42.344  -71.039  -26.635 0.4000000060
14782  12.465  -58.112  -32.383 0.3000000119
6995  12.808  -67.554  -28.066 0.6000000238
19413  11.485  -52.014  -23.149 0.4000000060
9854  15.182  -63.490  -22.751 0.5000000000
15721  12.715  -57.417  -32.510 0.3000000119
4594  41.239  -71.446  -28.842 0.3000000119
119269  41.550  -70.917  -29.840 0.4000000060
5243  23.038  -70.841  -34.078 0.5000000000
709  27.540  -80.969  -20.569 0.4000000060
718  26.577  -80.696  -21.218 0.5000000000
961  23.138  -79.718  -19.227 0.5000000000
1961  27.057  -76.578  -21.089 0.5000000000
492  27.261  -81.682  -20.427 0.4000000060
128708  27.306  -75.658  -19.940 0.4000000060
117235  27.389  -74.915  -21.219 0.4000000060
133091  37.171  -76.939  -23.463 0.4000000060
1333  34.181  -78.473  -23.148 0.4000000060
122124  34.125  -78.600  -22.446 0.4000000060
1281  27.777  -78.491  -17.713 0.3000000119
2404  27.767  -75.073  -18.564 0.3000000119
2909  28.535  -74.400  -19.424 0.4000000060
118101  28.216  -74.397  -20.154 0.4000000060
2460  39.125  -75.856  -23.027 0.3000000119
2969  39.130  -75.242  -23.247 0.4000000060
2930  29.744  -74.231  -21.184 0.4000000060
137883  35.463  -77.776  -19.896 0.5000000000
2505  32.789  -75.701  -27.322 0.5000000000
2978  38.248  -74.803  -24.350 0.4000000060
134291  29.504  -74.695  -16.766 0.3000000119
2906  30.786  -74.735  -19.385 0.4000000060
2915  31.153  -75.174  -20.127 0.4000000060
1953  33.660  -77.006  -19.462 0.5000000000
3978  40.508  -72.530  -22.508 0.3000000119
3985  39.363  -73.494  -23.765 0.3000000119
2503  34.366  -75.315  -28.076 0.6000000238
2407  32.680  -75.782  -18.928 0.3000000119
2408  31.842  -75.521  -19.136 0.4000000060
2946  35.783  -74.634  -22.241 0.3000000119
2992  33.025  -74.743  -26.177 0.5000000000
126849  40.063  -71.505  -25.654 0.4000000060
3445  33.746  -73.429  -21.899 0.3000000119
3458  35.269  -73.686  -22.815 0.3000000119
5143  42.360  -70.866  -28.000 0.4000000060
116806  42.109  -71.185  -28.132 0.4000000060
7024  40.180  -67.090  -31.112 0.3000000119
138443  25.600  -70.318  -32.655 0.6000000238
5753  41.743  -70.485  -28.386 0.3000000119
6277  38.042  -69.035  -21.942 0.3000000119
5673  37.549  -69.642  -22.417 0.3000000119
6292  39.938  -68.045  -23.336 0.3000000119
4130  19.644  -72.246  -35.443 0.5000000000
4131  18.160  -71.894  -35.149 0.6000000238
8305  9.972  -65.298  -23.622 0.6999999881
8307  8.260  -65.173  -23.769 0.6999999881
9866  9.567  -64.100  -23.861 0.6999999881
9174  8.389  -64.883  -27.113 0.6000000238
13809  13.898  -58.648  -25.782 0.3000000119
14713  13.740  -57.631  -26.799 0.3000000119
4024  35.245  -72.316  -27.777 0.5000000000
4025  34.892  -72.665  -27.223 0.5000000000
128758  39.349  -67.908  -37.325 0.6000000238
137390  21.434  -70.776  -32.540 0.4000000060
5197  21.145  -70.307  -31.855 0.5000000000
120616  15.704  -70.456  -33.380 0.5000000000
6412  19.277  -69.429  -32.098 0.5000000000
5198  18.041  -70.355  -32.089 0.5000000000
5218  16.474  -70.643  -32.835 0.5000000000
5220  15.060  -70.086  -33.529 0.5000000000
5200  16.496  -70.235  -31.862 0.5000000000
7043  19.881  -67.990  -32.717 0.5000000000
5817  14.878  -69.457  -32.689 0.4000000060
127900  18.691  -69.171  -31.559 0.5000000000
5805  17.516  -69.978  -31.415 0.5000000000
5816  15.404  -69.646  -31.878 0.5000000000
6413  14.677  -68.402  -32.305 0.5000000000
6387  18.172  -68.844  -30.599 0.6000000238
5806  16.596  -69.714  -31.101 0.5000000000
5808  15.137  -68.986  -31.708 0.5000000000
126727  11.722  -67.192  -30.607 0.5000000000
6375  17.984  -68.171  -29.885 0.6000000238
7031  13.314  -67.013  -31.184 0.5000000000
7032  12.227  -66.924  -31.153 0.5000000000
5790  16.583  -69.136  -30.417 0.6000000238
6403  14.884  -68.174  -31.481 0.6000000238
7045  14.343  -67.613  -31.870 0.5000000000
7705  18.561  -67.130  -30.718 0.6000000238
7004  16.820  -67.326  -29.508 0.6000000238
6390  15.656  -68.157  -30.267 0.6000000238
7019  13.403  -66.933  -30.482 0.6000000238
7689  16.666  -66.307  -29.386 0.6000000238
7020  12.346  -66.981  -30.388 0.5000000000
134976  11.765  -67.393  -29.330 0.5000000000
7017  15.294  -67.415  -30.071 0.6000000238
7030  14.322  -67.508  -31.071 0.6000000238
6974  7.549  -67.145  -26.368 0.5000000000
7642  7.352  -66.739  -25.072 0.5000000000
6961  8.238  -66.999  -25.735 0.5000000000
7678  12.449  -66.315  -28.622 0.6000000238
132961  15.897  -65.888  -29.455 0.6000000238
7693  12.330  -66.410  -29.122 0.6000000238
7006  14.748  -66.620  -29.833 0.6000000238
7706  13.668  -66.567  -29.863 0.6000000238
7690  14.941  -65.912  -29.570 0.6000000238
14754  12.247  -58.086  -29.626 0.3000000119
18467  12.184  -54.172  -24.587 0.3000000119
6415  39.395  -68.533  -33.826 0.4000000060
129194  39.432  -68.473  -35.372 0.5000000000
3040  35.759  -74.969  -30.094 0.5000000000
3527  36.421  -73.744  -29.670 0.5000000000
4055  36.700  -73.004  -29.674 0.4000000060
7094  39.676  -67.439  -38.177 0.4000000060
3517  34.821  -73.520  -27.156 0.4000000060
3516  35.463  -73.166  -27.935 0.4000000060
3005  35.222  -74.153  -27.887 0.4000000060
3528  35.833  -73.821  -28.747 0.4000000060
8530  40.831  -65.939  -38.553 0.4000000060
130402  39.733  -66.324  -38.306 0.4000000060
7785  36.934  -66.674  -38.475 0.4000000060
3501  33.793  -73.184  -25.953 0.4000000060
8534  40.513  -66.459  -38.525 0.4000000060
7103  38.734  -67.050  -38.801 0.4000000060
124714  37.648  -66.189  -37.952 0.4000000060
8521  37.040  -65.672  -37.086 0.5000000000
8404  16.461  -65.279  -29.533 0.5000000000
9226  17.191  -64.219  -30.175 0.5000000000
8405  15.096  -65.077  -29.593 0.5000000000
9210  16.590  -64.442  -29.824 0.5000000000
9972  15.433  -62.446  -30.667 0.5000000000
9212  13.994  -63.952  -29.652 0.5000000000
10742  15.297  -62.004  -30.248 0.5000000000
7628  6.812  -66.218  -24.244 0.4000000060
119972  6.322  -64.314  -24.618 0.4000000060
9211  15.275  -64.039  -29.885 0.5000000000
133029  13.079  -65.263  -29.239 0.5000000000
6447  38.488  -68.302  -38.164 0.5000000000
7102  39.916  -66.853  -38.656 0.4000000060
8531  38.748  -66.176  -38.024 0.4000000060
699  23.821  -80.104  -19.966 0.4000000060
700  23.040  -80.555  -20.001 0.4000000060
123722  21.779  -81.254  -23.488 0.4000000060
711  24.472  -80.384  -20.953 0.4000000060
734  22.429  -80.824  -23.105 0.4000000060
721  23.740  -80.692  -21.681 0.4000000060
1336  22.304  -78.769  -23.526 0.4000000060
991  22.452  -79.654  -23.173 0.4000000060
719  25.839  -80.466  -21.233 0.5000000000
720  24.631  -80.103  -21.464 0.5000000000
977  25.077  -79.933  -21.568 0.4000000060
133769  22.929  -80.451  -22.773 0.4000000060
975  26.619  -79.925  -21.392 0.5000000000
119736  26.065  -79.318  -21.649 0.5000000000
976  25.788  -79.917  -21.580 0.5000000000
727  24.309  -80.069  -22.009 0.4000000060
133662  23.777  -80.545  -22.033 0.4000000060
1317  25.819  -78.451  -21.837 0.4000000060
982  24.864  -79.550  -22.006 0.4000000060
132383  24.274  -76.313  -22.984 0.4000000060
1628  23.328  -77.827  -22.775 0.4000000060
984  23.228  -79.647  -22.706 0.4000000060
728  23.500  -80.524  -22.366 0.4000000060
1640  22.712  -77.903  -23.388 0.4000000060
1329  22.869  -78.679  -22.942 0.4000000060
1626  25.014  -77.660  -22.089 0.5000000000
1326  24.920  -78.603  -22.128 0.4000000060
1327  24.307  -78.937  -22.315 0.4000000060
983  24.020  -79.683  -22.330 0.4000000060
1985  24.626  -76.439  -22.604 0.5000000000
122742  24.476  -77.082  -22.351 0.4000000060
1627  24.108  -77.870  -22.345 0.4000000060
1328  23.591  -78.739  -22.564 0.4000000060
2963  25.999  -74.912  -23.629 0.3000000119
125828  26.272  -75.099  -24.473 0.3000000119
2962  27.065  -74.444  -23.276 0.4000000060
2435  25.663  -75.252  -22.937 0.3000000119
2951  27.728  -74.247  -22.616 0.4000000060
2952  26.392  -74.709  -23.025 0.4000000060
2464  28.574  -75.601  -24.522 0.3000000119
2972  28.276  -74.758  -24.049 0.4000000060
2973  27.431  -74.594  -24.005 0.4000000060
2961  27.962  -74.336  -23.368 0.4000000060
2450  29.741  -75.058  -23.659 0.4000000060
2960  28.874  -74.522  -23.480 0.4000000060
2959  29.670  -74.446  -22.855 0.4000000060
2949  30.209  -74.403  -22.001 0.3000000119
2436  24.870  -75.816  -22.929 0.3000000119
2932  28.269  -74.101  -21.861 0.3000000119
2434  27.033  -74.585  -22.546 0.4000000060
2449  30.445  -75.773  -23.769 0.4000000060
2931  29.186  -74.039  -21.946 0.3000000119
2433  30.662  -74.925  -22.669 0.4000000060
2948  31.082  -74.979  -21.956 0.4000000060
122223  25.499  -75.941  -22.411 0.4000000060
1983  26.433  -75.224  -22.370 0.4000000060
137780  29.233  -75.993  -24.473 0.4000000060
1625  32.237  -77.352  -22.834 0.4000000060
137654  31.032  -76.453  -23.860 0.4000000060
1615  33.283  -78.199  -20.697 0.4000000060
1982  32.244  -76.779  -21.928 0.4000000060
2432  31.260  -75.473  -22.517 0.4000000060
134071  25.945  -76.618  -21.951 0.4000000060
1971  26.386  -76.055  -21.868 0.4000000060
2933  27.562  -74.473  -21.879 0.3000000119
2423  27.064  -74.912  -21.913 0.4000000060
2919  27.921  -74.406  -21.037 0.3000000119
1325  33.161  -78.517  -22.461 0.4000000060
1315  33.441  -78.526  -21.493 0.4000000060
1604  33.804  -78.207  -19.801 0.4000000060
118231  31.691  -75.792  -21.920 0.4000000060
1316  26.617  -77.949  -21.461 0.4000000060
1306  27.171  -78.496  -20.921 0.4000000060
1617  25.881  -77.398  -21.860 0.4000000060
1607  27.042  -77.505  -21.121 0.4000000060
1616  26.624  -76.920  -21.537 0.4000000060
135805  26.754  -76.272  -21.465 0.4000000060
118197  36.371  -65.531  -36.081 0.4000000060
123064  31.704  -76.271  -22.695 0.4000000060
295  27.049  -82.096  -20.221 0.4000000060
480  26.918  -82.195  -20.143 0.3000000119
493  26.946  -81.786  -20.583 0.4000000060
502  26.599  -81.218  -20.942 0.5000000000
696  27.751  -81.319  -19.970 0.3000000119
712  23.523  -80.752  -20.885 0.4000000060
939  23.542  -79.358  -17.576 0.3000000119
968  27.501  -79.426  -20.496 0.4000000060
1314  34.445  -78.726  -20.811 0.5000000000
1322  35.311  -78.545  -21.118 0.5000000000
1589  28.230  -77.663  -16.265 0.3000000119
1603  34.578  -78.202  -19.603 0.5000000000
1605  33.208  -77.607  -19.913 0.5000000000
1614  33.777  -78.604  -20.661 0.4000000060
1622  36.080  -78.162  -21.490 0.4000000060
1624  32.859  -78.006  -21.894 0.4000000060
1942  27.903  -76.656  -16.702 0.3000000119
1945  27.513  -76.487  -17.627 0.3000000119
1954  33.186  -76.961  -19.481 0.5000000000
1958  35.602  -78.000  -19.880 0.5000000000
1959  35.083  -78.033  -19.499 0.5000000000
1970  26.932  -75.609  -21.539 0.4000000060
1981  37.510  -77.137  -21.272 0.4000000060
1984  25.152  -76.795  -22.158 0.4000000060
1986  23.878  -76.967  -22.722 0.4000000060
2051  32.964  -76.016  -28.200 0.5000000000
2052  32.199  -76.169  -27.673 0.5000000000
2066  33.839  -75.825  -28.846 0.5000000000
2409  27.487  -75.334  -19.302 0.4000000060
2412  33.563  -75.371  -19.686 0.3000000119
2419  38.541  -75.978  -20.807 0.4000000060
2429  36.803  -75.440  -21.507 0.4000000060
2446  39.063  -76.160  -22.354 0.3000000119
2447  38.584  -76.224  -23.129 0.3000000119
2448  31.065  -75.759  -23.234 0.4000000060
2463  29.813  -75.870  -24.194 0.3000000119
2476  37.580  -75.324  -24.730 0.3000000119
2480  30.188  -74.866  -25.766 0.5000000000
2883  28.849  -74.980  -16.929 0.3000000119
2892  29.358  -74.578  -17.361 0.3000000119
2918  28.766  -74.097  -20.957 0.4000000060
2950  28.582  -74.149  -22.699 0.3000000119
2971  29.103  -75.241  -24.091 0.4000000060
2974  26.704  -74.649  -23.954 0.3000000119
2979  33.489  -74.004  -25.927 0.5000000000
2980  32.658  -74.257  -25.559 0.5000000000
2990  34.517  -74.292  -27.114 0.6000000238
2991  33.840  -74.525  -26.567 0.4000000060
2993  29.481  -74.273  -25.937 0.5000000000
3003  37.925  -74.455  -27.892 0.3000000119
3021  36.039  -74.348  -29.605 0.5000000000
3052  38.342  -74.766  -30.741 0.4000000060
3478  31.830  -73.262  -24.761 0.6999999881
3479  31.097  -73.505  -24.787 0.6999999881
3490  29.614  -73.553  -25.533 0.6000000238
3491  29.100  -72.986  -25.879 0.6999999881
3500  34.177  -73.751  -26.486 0.5000000000
3570  38.169  -73.723  -31.709 0.5000000000
3970  35.695  -73.147  -23.063 0.3000000119
3986  32.170  -72.500  -24.702 0.6999999881
4001  29.431  -72.791  -25.156 0.6999999881
4026  28.632  -72.672  -27.938 0.6000000238
4032  10.140  -72.293  -28.036 0.5000000000
4037  36.117  -73.102  -28.865 0.6000000238
4047  10.612  -72.640  -28.743 0.5000000000
4057  29.292  -72.416  -29.397 0.5000000000
4066  39.685  -72.685  -30.943 0.4000000060
4077  37.636  -73.107  -32.022 0.6999999881
4095  38.973  -72.381  -33.608 0.5000000000
4117  18.572  -72.209  -34.864 0.5000000000
4128  21.306  -72.064  -35.459 0.6000000238
4129  20.419  -72.262  -35.449 0.5000000000
4140  20.008  -71.941  -36.023 0.5000000000
4484  42.445  -71.042  -20.943 0.3000000119
4497  39.909  -72.463  -21.609 0.3000000119
4522  30.827  -71.322  -24.316 0.6999999881
4523  29.985  -71.471  -24.335 0.6999999881
4540  33.165  -71.107  -25.262 0.6999999881
4544  26.921  -71.170  -25.461 0.6000000238
4559  33.710  -71.331  -25.946 0.6999999881
4560  27.389  -71.741  -26.021 0.6999999881
4574  41.362  -71.426  -27.901 0.4000000060
4580  26.693  -70.984  -28.454 0.6000000238
4585  13.073  -70.828  -27.903 0.6000000238
4586  12.446  -71.347  -27.745 0.6000000238
4587  11.576  -71.782  -27.673 0.5000000000
4588  10.593  -71.703  -27.457 0.6000000238
4589  9.698  -71.651  -27.660 0.5000000000
4596  35.640  -71.572  -28.909 0.6000000238
4598  27.543  -71.473  -28.852 0.6000000238
4600  12.682  -71.036  -28.570 0.5000000000
4606  40.667  -71.688  -29.806 0.4000000060
4608  28.579  -71.743  -29.929 0.6000000238
4612  41.497  -71.010  -30.000 0.5000000000
4613  40.879  -71.231  -30.884 0.4000000060
4621  40.032  -72.153  -32.179 0.3000000119
4624  28.356  -71.170  -31.337 0.6000000238
4629  37.449  -72.174  -33.470 0.6999999881
4638  39.554  -71.835  -33.544 0.4000000060
4642  22.328  -71.163  -33.751 0.6000000238
4644  20.804  -71.883  -33.805 0.5000000000
4645  19.237  -71.740  -33.514 0.6999999881
4646  18.381  -71.735  -33.738 0.6000000238
4653  37.760  -71.756  -34.879 0.6999999881
4660  18.114  -71.939  -34.581 0.6000000238
4661  17.560  -71.575  -34.868 0.6000000238
4666  37.922  -71.429  -36.193 0.6999999881
4667  37.531  -71.444  -35.805 0.6999999881
4672  21.986  -71.681  -36.003 0.6000000238
4673  19.408  -71.651  -35.888 0.5000000000
4675  17.757  -71.435  -35.271 0.6000000238
5052  42.979  -69.806  -20.697 0.3000000119
5078  36.894  -70.369  -22.838 0.3000000119
5103  32.270  -70.866  -24.649 0.8000000119
5105  29.590  -70.567  -24.252 0.8000000119
5106  28.695  -70.480  -24.268 0.6999999881
5117  32.851  -70.378  -25.061 0.8000000119
5122  13.989  -70.019  -26.149 0.6999999881
5123  13.237  -70.176  -25.892 0.5000000000
5124  12.514  -70.007  -25.805 0.5000000000
5125  11.828  -70.077  -26.052 0.6000000238
5135  25.508  -70.375  -27.095 0.6000000238
5136  14.011  -70.048  -26.879 0.6999999881
5139  10.524  -71.047  -27.029 0.6000000238
5149  13.976  -69.887  -27.657 0.6999999881
5155  42.240  -70.809  -28.477 0.4000000060
5157  25.946  -70.511  -28.475 0.6000000238
5159  24.716  -69.970  -28.477 0.6000000238
5160  13.528  -70.184  -28.215 0.6999999881
5163  41.864  -70.873  -29.203 0.4000000060
5165  26.212  -70.550  -29.236 0.6000000238
5166  25.002  -70.134  -29.110 0.6000000238
5167  13.158  -69.901  -28.800 0.6000000238
5168  12.664  -70.367  -29.130 0.6000000238
5169  12.011  -70.252  -29.623 0.5000000000
5176  35.727  -70.263  -30.022 0.6000000238
5177  26.984  -70.674  -30.816 0.6999999881
5180  23.947  -70.126  -31.058 0.5000000000
5188  40.373  -70.704  -31.852 0.4000000060
5192  25.875  -70.394  -31.540 0.6000000238
5193  24.632  -70.249  -31.639 0.6000000238
5199  17.204  -70.466  -32.123 0.5000000000
5201  15.899  -69.882  -31.633 0.5000000000
5206  36.633  -70.286  -32.243 0.6999999881
5207  28.373  -70.751  -32.899 0.6000000238
5208  27.562  -70.491  -32.641 0.6000000238
5209  26.704  -70.315  -33.095 0.6000000238
5210  25.196  -70.252  -32.918 0.6000000238
5213  22.427  -70.616  -32.410 0.6000000238
5217  17.516  -70.804  -32.700 0.6000000238
5219  15.588  -70.181  -32.482 0.5000000000
5229  22.993  -70.632  -33.204 0.5000000000
5231  17.031  -71.108  -33.579 0.6000000238
5232  16.250  -70.754  -33.868 0.5000000000
5233  15.502  -70.329  -34.154 0.5000000000
5245  15.004  -69.771  -34.225 0.5000000000
5255  24.860  -70.455  -35.090 0.5000000000
5258  16.422  -70.200  -35.090 0.5000000000
5650  40.850  -68.521  -20.504 0.3000000119
5670  43.172  -69.874  -21.154 0.3000000119
5698  30.957  -69.968  -24.436 0.8999999762
5699  30.465  -69.327  -24.621 0.8999999762
5702  27.101  -69.357  -24.178 0.8000000119
5703  26.466  -69.464  -24.452 0.6999999881
5704  25.850  -69.121  -24.680 0.5000000000
5706  14.420  -69.199  -25.147 0.8000000119
5721  15.328  -69.222  -26.135 0.8000000119
5722  14.612  -69.522  -25.806 0.8000000119
5732  32.737  -69.308  -25.894 0.8000000119
5733  24.875  -69.732  -26.500 0.6000000238
5736  11.189  -70.113  -26.343 0.6000000238
5737  10.505  -69.662  -26.515 0.6000000238
5738  9.675  -69.420  -26.804 0.5000000000
5745  24.245  -69.405  -27.163 0.6000000238
5747  14.472  -69.499  -27.242 0.6999999881
5748  9.156  -69.945  -27.283 0.6000000238
5754  40.622  -69.645  -28.515 0.3000000119
5756  34.731  -70.042  -28.193 0.6999999881
5773  22.470  -69.228  -29.505 0.6000000238
5774  21.753  -69.000  -29.823 0.6000000238
5779  40.807  -70.405  -30.103 0.4000000060
5780  39.922  -69.732  -30.321 0.5000000000
5781  36.097  -70.200  -30.621 0.6000000238
5782  35.637  -69.525  -30.281 0.8000000119
5784  23.134  -69.839  -30.615 0.5000000000
5788  18.090  -69.507  -31.042 0.5000000000
5789  17.442  -69.382  -30.645 0.5000000000
5791  15.935  -68.787  -30.436 0.6000000238
5793  10.264  -68.689  -30.600 0.5000000000
5801  22.479  -70.063  -31.075 0.5000000000
5802  21.634  -69.989  -31.096 0.6000000238
5804  18.448  -69.807  -31.747 0.5000000000
5807  15.790  -69.321  -31.099 0.6000000238
5815  18.914  -70.152  -32.287 0.6000000238
5829  38.577  -70.748  -36.047 0.6000000238
5835  37.889  -70.223  -37.296 0.6999999881
5836  37.463  -70.571  -37.031 0.6999999881
6251  41.951  -67.919  -20.805 0.3000000119
6264  39.969  -68.810  -20.760 0.3000000119
6274  42.432  -68.698  -20.993 0.3000000119
6307  25.857  -68.247  -24.497 0.8000000119
6311  14.073  -68.505  -24.692 0.8000000119
6312  13.103  -68.086  -24.867 0.6999999881
6320  31.396  -68.748  -25.723 0.6999999881
6321  30.089  -68.255  -25.368 0.6999999881
6323  24.601  -68.138  -25.498 0.6999999881
6324  16.513  -68.243  -25.987 0.8000000119
6328  11.096  -68.424  -25.838 0.6000000238
6329  10.148  -68.205  -26.156 0.6000000238
6330  9.349  -67.787  -26.275 0.5000000000
6339  15.816  -68.667  -26.509 0.8000000119
6340  10.077  -68.923  -26.466 0.6000000238
6348  23.765  -68.727  -26.790 0.6000000238
6350  22.552  -67.969  -27.663 0.6000000238
6351  15.297  -68.662  -27.130 0.6999999881
6352  14.696  -68.912  -27.563 0.6999999881
6353  13.899  -68.049  -27.748 0.6999999881
6359  33.238  -68.077  -28.701 0.6000000238
6363  21.825  -68.026  -28.824 0.6999999881
6365  13.264  -68.521  -28.215 0.6999999881
6366  12.291  -68.121  -28.516 0.6000000238
6374  22.055  -68.645  -29.114 0.6000000238
6376  17.296  -68.089  -29.656 0.6000000238
6377  11.883  -68.697  -28.958 0.5000000000
6378  11.397  -68.391  -29.366 0.6000000238
6383  35.355  -68.730  -30.675 0.6999999881
6384  34.534  -68.245  -30.419 0.6999999881
6388  17.372  -68.726  -30.059 0.6000000238
6389  16.496  -68.341  -29.886 0.6000000238
6391  15.049  -67.884  -30.762 0.6000000238
6392  10.879  -68.355  -29.975 0.6000000238
6397  39.485  -68.726  -31.428 0.5000000000
6401  18.729  -68.530  -31.386 0.6999999881
6402  15.383  -68.580  -30.948 0.5000000000
6411  19.792  -68.839  -32.320 0.6000000238
6422  14.745  -68.899  -34.065 0.5000000000
6435  35.902  -68.408  -38.007 0.6999999881
6929  14.161  -66.993  -23.973 0.8000000119
6937  28.723  -68.112  -24.729 0.8000000119
6938  27.416  -67.793  -24.352 0.8000000119
6939  25.939  -67.512  -24.458 0.8000000119
6940  15.552  -68.155  -24.422 0.8000000119
6941  14.590  -67.875  -24.352 0.8000000119
6945  10.791  -66.959  -25.078 0.6000000238
6946  9.989  -66.986  -25.344 0.6000000238
6949  30.139  -67.697  -25.827 0.6000000238
6951  28.583  -67.348  -25.146 0.6999999881
6952  27.809  -67.120  -24.788 0.6000000238
6956  16.956  -67.787  -25.569 0.8000000119
6957  12.197  -67.780  -25.049 0.6000000238
6958  11.361  -67.628  -25.347 0.6000000238
6968  29.927  -67.007  -25.959 0.6000000238
6969  23.838  -67.088  -26.087 0.6000000238
6970  23.149  -67.120  -26.807 0.6999999881
6973  8.522  -67.500  -26.338 0.6000000238
6980  31.658  -67.994  -27.201 0.6000000238
6981  22.599  -67.236  -27.490 0.6000000238
6983  13.208  -66.854  -27.665 0.6999999881
6984  12.734  -66.282  -28.118 0.6999999881
6991  33.221  -67.281  -28.597 0.6000000238
6996  12.159  -67.151  -28.721 0.6000000238
7001  33.866  -67.300  -29.630 0.6000000238
7003  17.622  -67.619  -29.621 0.6000000238
7005  15.838  -66.741  -29.626 0.6000000238
7007  12.122  -66.983  -29.528 0.5000000000
7012  34.336  -67.519  -30.838 0.6000000238
7014  20.626  -67.320  -30.839 0.6000000238
7015  18.492  -68.023  -30.545 0.6000000238
7016  15.999  -67.649  -29.760 0.6000000238
7018  14.462  -67.186  -30.388 0.6000000238
7021  11.239  -67.585  -30.334 0.5000000000
7028  20.498  -67.651  -32.139 0.6000000238
7044  19.495  -67.444  -32.692 0.6000000238
7053  34.445  -67.097  -33.888 0.6999999881
7054  34.139  -66.745  -34.345 0.6000000238
7062  33.890  -66.541  -35.329 0.6000000238
7071  33.875  -66.206  -36.565 0.6000000238
7082  34.294  -66.402  -37.651 0.6999999881
7104  36.434  -67.145  -38.767 0.6000000238
7600  18.035  -66.612  -23.954 0.6000000238
7601  17.430  -67.029  -23.941 0.6999999881
7602  16.638  -66.981  -23.692 0.6999999881
7604  14.725  -66.426  -23.637 0.6999999881
7607  11.893  -65.650  -23.772 0.8000000119
7609  9.412  -65.956  -23.952 0.6999999881
7611  7.972  -65.866  -23.732 0.6999999881
7612  7.390  -65.947  -23.822 0.6999999881
7619  25.708  -66.876  -24.677 0.8000000119
7620  17.760  -67.063  -24.727 0.6000000238
7640  17.858  -66.489  -25.481 0.6000000238
7641  8.395  -66.689  -24.851 0.6999999881
7652  24.810  -65.795  -26.069 0.5000000000
7655  16.403  -66.486  -26.594 0.8000000119
7657  14.671  -65.655  -27.035 0.6000000238
7663  32.400  -66.478  -27.427 0.6000000238
7664  31.822  -67.005  -26.911 0.6000000238
7674  33.485  -66.311  -28.502 0.6000000238
7676  22.296  -66.061  -28.607 0.6000000238
7677  21.882  -66.715  -28.717 0.6999999881
7685  33.787  -66.712  -29.014 0.6000000238
7687  18.191  -67.425  -29.911 0.6999999881
7688  17.606  -66.914  -29.554 0.6000000238
7691  13.828  -65.948  -29.520 0.6000000238
7692  12.868  -66.000  -29.272 0.6000000238
7707  12.721  -66.675  -29.756 0.5000000000
7716  34.545  -66.592  -31.953 0.5000000000
7717  20.741  -67.042  -32.556 0.6000000238
7726  34.406  -66.586  -33.592 0.5000000000
7728  20.537  -67.018  -33.066 0.6000000238
7729  19.795  -66.858  -33.156 0.6000000238
7738  34.230  -66.272  -34.350 0.5000000000
7762  33.843  -66.124  -35.673 0.6000000238
7783  39.555  -66.811  -38.705 0.4000000060
7784  38.470  -66.747  -38.623 0.4000000060
7787  34.478  -66.160  -37.780 0.6999999881
8290  18.606  -65.468  -22.976 0.4000000060
8300  15.302  -65.862  -23.302 0.6999999881
8303  12.134  -64.968  -23.473 0.8000000119
8304  11.409  -65.093  -23.496 0.8000000119
8306  9.079  -65.123  -23.660 0.8000000119
8308  7.539  -65.371  -23.826 0.5000000000
8317  19.070  -65.268  -23.329 0.5000000000
8318  6.356  -65.482  -24.194 0.4000000060
8328  28.977  -65.872  -25.843 0.6000000238
8332  25.520  -65.315  -25.961 0.5000000000
8346  32.503  -65.631  -27.801 0.6000000238
8352  26.086  -64.858  -26.349 0.5000000000
8355  16.677  -65.661  -26.430 0.8000000119
8356  15.702  -65.613  -26.729 0.6999999881
8371  13.551  -65.202  -27.557 0.6999999881
8381  33.566  -65.311  -28.853 0.5000000000
8383  25.436  -64.704  -28.962 0.6000000238
8387  12.885  -64.987  -28.405 0.6999999881
8401  21.487  -65.694  -29.866 0.6000000238
8402  18.069  -65.552  -29.921 0.6000000238
8403  17.400  -65.042  -29.735 0.5000000000
8406  13.752  -64.959  -29.470 0.5000000000
8407  12.762  -65.169  -28.934 0.6999999881
8408  12.518  -65.876  -28.907 0.6000000238
8417  35.043  -65.075  -30.907 0.5000000000
8421  25.843  -64.858  -30.706 0.6000000238
8426  21.165  -66.162  -32.003 0.6000000238
8428  17.854  -64.868  -30.101 0.6000000238
8438  29.218  -64.835  -31.894 0.5000000000
8441  25.525  -64.890  -31.524 0.6000000238
8444  21.662  -65.214  -31.411 0.6000000238
8445  18.593  -65.670  -31.863 0.6000000238
8454  25.323  -65.043  -32.366 0.6000000238
8457  22.352  -65.906  -33.015 0.6000000238
8458  21.668  -66.387  -32.918 0.6000000238
8469  28.649  -64.989  -33.302 0.5000000000
8471  27.476  -65.597  -33.942 0.5000000000
8474  22.389  -65.961  -33.875 0.6000000238
8475  21.494  -66.036  -34.068 0.6999999881
8491  25.455  -65.457  -34.784 0.5000000000
8492  23.790  -65.417  -34.388 0.5000000000
8507  27.447  -65.236  -36.666 0.5000000000
8509  25.460  -65.216  -35.785 0.5000000000
8510  24.233  -65.127  -35.282 0.5000000000
8522  35.629  -65.626  -37.233 0.5000000000
8523  34.362  -65.843  -37.361 0.6000000238
8524  26.983  -65.079  -37.281 0.5000000000
8529  41.642  -65.870  -38.724 0.4000000060
8532  36.248  -65.985  -37.989 0.6000000238
9093  18.517  -64.748  -22.487 0.4000000060
9094  17.509  -64.795  -22.480 0.4000000060
9095  16.493  -64.693  -22.617 0.4000000060
9103  14.970  -64.995  -23.070 0.6000000238
9105  13.011  -64.631  -23.402 0.8000000119
9106  12.165  -64.147  -23.425 0.8000000119
9108  9.661  -64.478  -23.667 0.6999999881
9109  8.829  -64.593  -23.905 0.8000000119
9110  7.781  -64.887  -24.012 0.6999999881
9111  6.879  -64.935  -24.110 0.5000000000
9123  9.104  -64.228  -24.237 0.6999999881
9125  7.118  -64.607  -24.460 0.5000000000
9135  19.309  -64.403  -24.753 0.4000000060
9136  18.903  -65.165  -24.808 0.6000000238
9148  26.057  -64.698  -27.078 0.6000000238
9149  17.509  -64.512  -26.087 0.6000000238
9153  8.828  -64.543  -26.326 0.6000000238
9154  8.142  -64.853  -26.306 0.6000000238
9175  8.026  -64.739  -27.580 0.5000000000
9183  34.992  -63.898  -29.006 0.5000000000
9192  13.210  -63.764  -29.001 0.6000000238
9193  12.874  -64.342  -28.957 0.6000000238
9203  34.556  -64.367  -29.489 0.5000000000
9224  29.447  -64.484  -31.398 0.5000000000
9225  17.870  -64.466  -30.687 0.6000000238
9232  29.265  -64.427  -31.840 0.5000000000
9233  18.259  -64.779  -31.364 0.5000000000
9243  17.799  -63.892  -32.634 0.5000000000
9248  20.426  -64.946  -34.256 0.5000000000
9255  28.393  -65.015  -35.176 0.5000000000
9265  28.144  -64.976  -36.280 0.5000000000
9266  27.673  -65.032  -37.027 0.5000000000
9267  26.076  -64.958  -36.979 0.5000000000
9849  19.617  -63.491  -22.346 0.3000000119
9850  18.837  -63.798  -22.171 0.3000000119
9852  16.817  -63.383  -22.330 0.4000000060
9853  16.129  -63.843  -22.553 0.6000000238
9861  19.873  -63.926  -23.024 0.4000000060
9862  14.251  -63.649  -23.005 0.6999999881
9864  11.475  -63.653  -23.567 0.8000000119
9879  19.785  -64.091  -23.980 0.4000000060
9880  10.005  -63.700  -24.240 0.6000000238
9908  17.706  -63.057  -26.357 0.5000000000
9909  16.719  -63.081  -26.648 0.5000000000
9910  15.743  -63.563  -26.796 0.6000000238
9912  9.683  -63.940  -26.295 0.6999999881
9933  8.475  -64.299  -28.317 0.6000000238
9934  7.685  -63.889  -27.717 0.5000000000
9949  14.297  -62.736  -28.806 0.6000000238
9950  9.450  -63.795  -28.562 0.6999999881
9959  14.923  -62.802  -30.009 0.5000000000
9960  14.626  -62.637  -29.548 0.6000000238
9962  8.705  -63.222  -30.151 0.6000000238
9979  28.894  -63.989  -32.150 0.5000000000
9981  16.788  -63.307  -31.543 0.5000000000
9988  28.711  -64.334  -32.976 0.5000000000
9990  17.153  -63.401  -32.267 0.5000000000
10003  28.240  -64.957  -35.844 0.5000000000
10004  27.928  -64.628  -35.848 0.5000000000
10610  16.666  -62.516  -22.396 0.4000000060
10611  15.986  -62.237  -22.661 0.4000000060
10612  15.314  -62.523  -22.810 0.5000000000
10624  11.688  -63.065  -23.826 0.8000000119
10634  12.681  -62.076  -24.098 0.5000000000
10635  11.983  -62.480  -24.200 0.6999999881
10672  10.840  -61.992  -27.598 0.6000000238
10691  17.032  -62.041  -27.657 0.5000000000
10692  16.132  -62.156  -27.875 0.5000000000
10715  8.227  -63.272  -29.169 0.6000000238
10731  8.998  -63.260  -30.581 0.8000000119
10743  9.114  -62.911  -31.059 0.8000000119
10759  15.803  -61.682  -32.078 0.5000000000
11384  14.373  -61.408  -23.589 0.4000000060
11408  12.445  -61.252  -25.313 0.6000000238
11426  11.390  -61.711  -26.599 0.6000000238
11440  10.480  -62.332  -28.535 0.6999999881
11442  7.454  -62.634  -27.000 0.5000000000
11458  8.126  -62.390  -29.572 0.5000000000
11474  15.552  -61.281  -30.343 0.5000000000
11475  9.761  -62.294  -30.989 0.6000000238
12125  15.482  -60.572  -23.490 0.4000000060
12126  14.745  -60.743  -23.766 0.4000000060
12143  14.354  -60.218  -24.249 0.4000000060
12144  13.694  -60.421  -24.601 0.4000000060
12145  13.073  -60.780  -25.014 0.5000000000
12185  12.335  -60.400  -26.648 0.3000000119
12186  11.765  -60.961  -26.822 0.6000000238
12217  8.083  -61.463  -30.234 0.6000000238
12233  8.208  -61.663  -31.145 0.6999999881
12243  10.917  -60.457  -31.469 0.5000000000
12246  8.720  -61.174  -31.589 0.6999999881
12978  12.705  -59.648  -26.789 0.3000000119
13012  12.021  -59.082  -28.406 0.4000000060
13027  11.399  -59.841  -30.231 0.4000000060
13040  11.237  -59.670  -32.386 0.4000000060
13041  10.474  -60.408  -32.188 0.6000000238
13055  10.988  -59.124  -32.584 0.5000000000
13808  14.566  -58.229  -25.459 0.3000000119
13824  14.122  -57.909  -26.121 0.3000000119
13825  13.536  -58.402  -26.539 0.3000000119
13888  12.239  -58.670  -32.438 0.3000000119
13890  9.216  -58.966  -31.529 0.6000000238
13904  9.991  -59.015  -32.289 0.6000000238
14730  9.504  -57.332  -28.028 0.6000000238
14755  12.245  -58.349  -30.911 0.4000000060
14756  9.172  -57.872  -30.022 0.5000000000
14769  12.779  -58.217  -32.060 0.3000000119
14771  9.209  -58.393  -30.762 0.6999999881
14783  11.643  -58.502  -32.542 0.6000000238
14785  9.608  -58.292  -31.479 0.6000000238
15637  14.436  -56.571  -26.805 0.3000000119
15639  9.833  -56.412  -26.712 0.5000000000
15650  9.492  -56.407  -27.597 0.6000000238
15701  11.138  -56.687  -31.497 0.5000000000
15719  14.056  -57.106  -33.103 0.3000000119
16624  9.549  -55.367  -28.395 0.5000000000
16639  10.504  -55.569  -29.782 0.5000000000
16662  10.720  -56.094  -30.504 0.5000000000
16676  13.337  -56.437  -32.827 0.3000000119
16688  14.629  -56.777  -33.446 0.3000000119
17482  12.191  -54.291  -23.794 0.3000000119
17544  9.646  -54.492  -27.992 0.4000000060
17555  10.002  -54.103  -28.252 0.4000000060
17569  10.257  -54.587  -28.764 0.4000000060
17587  13.031  -54.545  -31.665 0.3000000119
17607  12.778  -55.509  -32.033 0.3000000119
18466  12.554  -53.738  -24.216 0.4000000060
18480  11.776  -53.812  -25.447 0.4000000060
18493  11.048  -53.284  -26.177 0.5000000000
18495  9.931  -53.688  -26.979 0.5000000000
18507  9.979  -53.635  -27.527 0.4000000060
18540  12.629  -53.610  -29.828 0.3000000119
18556  12.794  -54.011  -30.624 0.3000000119
19431  12.946  -52.294  -23.838 0.5000000000
19432  12.235  -52.182  -23.398 0.4000000060
19477  11.037  -52.477  -26.437 0.3000000119
19488  10.295  -52.487  -27.265 0.3000000119
19502  12.249  -52.300  -28.688 0.3000000119
19504  10.567  -52.191  -27.747 0.3000000119
20442  13.560  -51.460  -24.883 0.4000000060
20455  12.921  -51.813  -25.950 0.4000000060
20467  10.261  -52.221  -26.978 0.4000000060
20473  10.087  -51.488  -27.006 0.4000000060
20483  12.308  -51.556  -28.529 0.3000000119
21422  13.150  -50.800  -23.908 0.5000000000
21438  14.096  -50.335  -24.954 0.3000000119
21462  9.848  -50.108  -26.818 0.3000000119
22428  14.313  -49.623  -24.860 0.3000000119
22441  14.130  -49.623  -25.899 0.3000000119
22456  9.686  -49.318  -26.555 0.3000000119
114500  39.676  -70.221  -32.498 0.4000000060
114573  14.136  -63.832  -27.648 0.6999999881
115188  16.042  -67.170  -26.917 0.8000000119
116257  13.708  -63.006  -23.249 0.6999999881
116434  39.682  -69.489  -30.907 0.4000000060
117212  25.177  -65.279  -33.209 0.5000000000
117401  12.171  -53.503  -29.336 0.3000000119
117472  9.358  -58.233  -28.516 0.5000000000
117728  42.346  -71.027  -27.302 0.4000000060
118019  7.154  -64.243  -26.234 0.5000000000
118092  10.277  -55.078  -25.922 0.6000000238
118217  28.821  -64.991  -32.380 0.5000000000
118235  36.717  -75.319  -31.115 0.4000000060
118485  39.385  -72.729  -32.332 0.5000000000
118492  25.970  -82.493  -19.094 0.3000000119
118523  26.487  -65.014  -30.282 0.6000000238
118777  24.237  -70.569  -34.719 0.6000000238
118902  33.627  -68.673  -28.069 0.6000000238
119390  20.389  -69.077  -31.691 0.6999999881
119647  28.168  -65.399  -33.429 0.5000000000
119796  13.801  -50.837  -25.095 0.4000000060
119842  33.635  -70.023  -26.226 0.8000000119
119941  23.925  -64.647  -29.954 0.5000000000
120148  8.936  -64.225  -28.676 0.6000000238
121018  34.440  -71.062  -27.163 0.6000000238
121064  22.382  -65.101  -32.109 0.6000000238
121088  15.932  -63.533  -30.231 0.5000000000
121216  14.233  -63.207  -29.780 0.6000000238
123355  9.927  -50.884  -26.903 0.3000000119
123588  26.108  -65.542  -34.100 0.5000000000
123879  11.692  -67.299  -29.953 0.5000000000
124326  17.972  -66.133  -23.185 0.5000000000
124422  26.061  -70.223  -33.802 0.6000000238
124431  24.467  -80.038  -19.739 0.5000000000
124570  26.323  -70.503  -30.962 0.5000000000
124697  9.163  -61.635  -31.843 0.6000000238
124876  34.383  -72.943  -26.576 0.5000000000
124956  37.049  -72.836  -30.420 0.6000000238
125377  9.393  -55.745  -27.890 0.5000000000
125391  12.957  -63.217  -23.522 0.8000000119
125461  20.036  -70.188  -32.330 0.6999999881
125620  6.657  -63.728  -25.840 0.5000000000
125870  24.064  -67.768  -25.888 0.6999999881
126106  10.848  -63.922  -23.527 0.8000000119
126198  36.488  -72.336  -29.851 0.6000000238
126832  18.844  -72.084  -35.384 0.5000000000
127025  38.908  -67.382  -38.542 0.5000000000
127067  13.441  -63.818  -23.256 0.6999999881
127069  18.686  -64.225  -33.601 0.5000000000
127180  25.317  -70.307  -32.159 0.5000000000
127320  39.231  -72.652  -21.684 0.3000000119
127696  14.014  -62.169  -23.409 0.6000000238
128386  32.452  -73.099  -24.940 0.8000000119
128458  10.149  -54.274  -26.457 0.5000000000
128697  23.154  -65.635  -33.739 0.6999999881
129166  34.553  -77.553  -19.574 0.5000000000
129296  10.954  -65.623  -23.757 0.6000000238
129442  28.697  -71.266  -24.504 0.6999999881
130805  36.454  -68.881  -32.831 0.6999999881
130968  25.487  -79.207  -21.891 0.5000000000
131017  28.436  -69.719  -24.146 0.6999999881
131061  17.254  -67.612  -24.946 0.6999999881
131181  16.244  -67.946  -26.625 0.6999999881
131218  12.260  -59.972  -27.259 0.6000000238
131659  24.170  -66.349  -26.215 0.5000000000
131699  31.883  -68.320  -27.020 0.6000000238
131720  11.798  -71.823  -29.172 0.5000000000
131746  34.458  -72.235  -26.777 0.6000000238
131875  9.128  -64.446  -27.243 0.6999999881
131890  17.301  -63.874  -30.847 0.5000000000
131945  12.591  -66.809  -28.151 0.6000000238
132107  42.866  -69.390  -20.908 0.3000000119
132296  12.960  -58.880  -27.002 0.3000000119
132452  20.069  -72.416  -34.852 0.5000000000
132554  12.958  -64.621  -29.172 0.5000000000
132617  30.358  -75.109  -23.267 0.4000000060
132632  13.750  -59.295  -25.444 0.3000000119
133113  9.403  -57.848  -30.710 0.6000000238
133471  39.170  -75.752  -21.331 0.3000000119
134139  12.912  -66.652  -31.801 0.5000000000
134280  27.499  -80.199  -20.710 0.4000000060
134774  28.070  -74.974  -17.964 0.3000000119
135257  17.149  -66.630  -29.398 0.6000000238
135451  26.542  -74.651  -23.474 0.3000000119
136103  38.846  -74.043  -21.317 0.4000000060
136268  22.708  -66.033  -28.063 0.5000000000
136300  34.283  -65.005  -29.564 0.6000000238
136605  24.491  -65.257  -33.314 0.6999999881
136676  28.638  -64.970  -34.254 0.5000000000
136701  17.682  -66.577  -23.595 0.6999999881
136893  28.741  -64.662  -33.106 0.5000000000
136932  11.392  -62.853  -24.261 0.8000000119
136945  19.494  -72.134  -33.966 0.6000000238
137097  27.555  -70.554  -32.129 0.6000000238
137696  17.374  -67.341  -24.468 0.6999999881
137793  11.380  -60.929  -27.890 0.6000000238
138085  38.152  -70.667  -36.763 0.6000000238
138213  26.647  -70.571  -25.051 0.6999999881
138333  34.888  -74.193  -22.485 0.4000000060
138498  30.094  -68.803  -24.806 0.6999999881
