#!ascii label  , from subject sub-v1s19x0051317_ses-1 vox2ras=TkReg
233
130291  26.098  -2.866  -49.523 0.0000000000
63202  26.478  -11.442  -43.808 0.0000000000
118719  23.153  2.063  -52.182 0.0000000000
84321  20.042  10.137  -54.617 0.0000000000
62139  25.605  -12.938  -43.027 0.0000000000
116612  23.719  4.901  -50.534 0.0000000000
81523  22.551  7.403  -50.944 0.0000000000
69380  24.598  -5.515  -49.752 0.0000000000
67321  26.050  -7.423  -47.642 0.0000000000
69368  27.037  -5.164  -47.534 0.0000000000
74924  26.363  -0.040  -49.032 0.0000000000
72325  28.230  -2.417  -47.266 0.0000000000
74129  24.348  -0.130  -51.396 0.0000000000
136322  24.966  2.533  -49.928 0.0000000000
117090  20.679  8.621  -54.319 0.0000000000
83417  22.228  9.469  -51.634 0.0000000000
65226  27.549  -9.545  -44.457 0.0000000000
79613  22.649  5.520  -51.931 0.0000000000
80552  22.028  6.793  -52.688 0.0000000000
70400  25.458  -4.262  -49.811 0.0000000000
69374  25.994  -5.491  -48.655 0.0000000000
71414  26.706  -3.788  -48.600 0.0000000000
62146  26.018  -12.216  -43.391 0.0000000000
126088  23.475  0.993  -51.871 0.0000000000
75827  24.748  1.217  -51.176 0.0000000000
76805  24.274  2.468  -51.424 0.0000000000
114474  23.607  5.940  -49.385 0.0000000000
78563  24.513  4.727  -48.886 0.0000000000
118067  18.339  9.954  -53.375 0.0000000000
82503  19.439  7.842  -54.042 0.0000000000
83427  19.890  9.193  -54.447 0.0000000000
87927  22.315  13.942  -54.908 0.0000000000
86086  22.541  12.441  -52.655 0.0000000000
85177  21.897  10.884  -52.701 0.0000000000
85176  22.493  11.288  -51.813 0.0000000000
84297  22.643  10.133  -50.851 0.0000000000
138172  27.197  -7.327  -46.397 0.0000000000
119391  26.965  -8.319  -45.842 0.0000000000
61059  24.453  -13.978  -42.960 0.0000000000
77687  23.584  3.550  -51.548 0.0000000000
78591  23.376  4.200  -51.492 0.0000000000
79592  23.296  6.177  -50.258 0.0000000000
81516  22.842  7.469  -49.801 0.0000000000
67323  24.977  -7.969  -48.603 0.0000000000
68377  25.462  -6.859  -48.852 0.0000000000
69362  27.090  -5.968  -47.138 0.0000000000
68367  27.806  -6.168  -46.536 0.0000000000
73260  26.293  -1.532  -49.619 0.0000000000
72336  27.240  -2.286  -48.436 0.0000000000
73249  27.509  -1.527  -47.958 0.0000000000
71432  24.954  -2.833  -50.324 0.0000000000
73270  23.877  -1.724  -51.032 0.0000000000
73268  25.276  -0.992  -50.611 0.0000000000
74122  25.497  -0.257  -50.530 0.0000000000
75811  25.774  1.411  -49.186 0.0000000000
76778  25.766  2.626  -48.426 0.0000000000
77672  24.632  3.583  -49.807 0.0000000000
77662  24.923  3.919  -48.973 0.0000000000
80563  20.112  6.741  -53.948 0.0000000000
85198  20.608  10.896  -54.327 0.0000000000
84305  21.566  10.134  -53.117 0.0000000000
137649  21.888  9.182  -52.650 0.0000000000
81529  21.990  7.721  -53.050 0.0000000000
82493  22.378  8.016  -51.612 0.0000000000
83405  22.674  8.978  -50.107 0.0000000000
64218  26.134  -10.376  -45.209 0.0000000000
66326  25.667  -8.950  -46.942 0.0000000000
71413  27.373  -3.652  -47.854 0.0000000000
70377  28.921  -4.942  -46.370 0.0000000000
79620  21.930  6.059  -52.461 0.0000000000
80562  21.167  6.459  -53.238 0.0000000000
71425  25.444  -3.307  -49.907 0.0000000000
70399  26.103  -4.155  -49.243 0.0000000000
136851  26.312  -3.484  -49.181 0.0000000000
59950  23.995  -14.460  -42.448 0.0000000000
75836  23.389  1.516  -52.016 0.0000000000
75835  24.058  1.261  -51.735 0.0000000000
121181  23.867  1.990  -51.984 0.0000000000
80522  23.552  6.676  -48.812 0.0000000000
133382  23.919  6.155  -48.509 0.0000000000
83431  19.084  9.717  -54.274 0.0000000000
83428  18.539  9.337  -53.568 0.0000000000
86077  22.841  12.121  -51.908 0.0000000000
86065  23.106  11.721  -51.175 0.0000000000
67307  28.208  -7.049  -45.441 0.0000000000
67308  27.470  -7.673  -45.731 0.0000000000
118606  24.719  -11.802  -45.029 0.0000000000
77688  22.892  3.608  -51.900 0.0000000000
78592  22.770  4.634  -51.891 0.0000000000
126425  22.492  6.216  -52.032 0.0000000000
79605  23.089  6.004  -51.265 0.0000000000
80544  22.882  6.744  -50.542 0.0000000000
80532  23.203  6.689  -49.616 0.0000000000
85200  18.499  10.833  -54.329 0.0000000000
68378  24.877  -6.955  -49.275 0.0000000000
69375  25.289  -5.971  -49.254 0.0000000000
122030  26.496  -5.133  -48.123 0.0000000000
69369  26.325  -5.893  -47.883 0.0000000000
69361  27.898  -5.216  -46.840 0.0000000000
62140  24.857  -13.354  -43.407 0.0000000000
61058  25.208  -13.613  -42.642 0.0000000000
74115  26.330  -0.828  -49.368 0.0000000000
124062  26.845  -1.412  -48.788 0.0000000000
74103  27.188  -0.766  -48.090 0.0000000000
71433  24.270  -3.177  -50.532 0.0000000000
74130  23.611  -0.218  -51.531 0.0000000000
73277  24.082  -0.867  -51.185 0.0000000000
73269  24.599  -1.423  -50.839 0.0000000000
133001  24.693  -0.692  -51.019 0.0000000000
74123  24.988  -0.169  -51.072 0.0000000000
75820  24.797  2.017  -50.691 0.0000000000
75819  25.317  1.144  -50.248 0.0000000000
76797  25.299  1.976  -49.719 0.0000000000
126030  25.655  2.098  -48.941 0.0000000000
76789  25.324  2.610  -49.185 0.0000000000
78584  23.904  3.957  -51.046 0.0000000000
77680  24.118  3.268  -51.207 0.0000000000
78576  24.034  4.404  -50.395 0.0000000000
77651  25.454  3.953  -48.103 0.0000000000
82502  20.337  8.030  -54.453 0.0000000000
81539  19.293  6.993  -53.963 0.0000000000
81538  20.360  7.461  -54.306 0.0000000000
82501  21.126  7.885  -54.179 0.0000000000
86097  22.080  12.602  -53.406 0.0000000000
87031  21.896  13.418  -54.470 0.0000000000
86098  21.203  11.837  -54.013 0.0000000000
85189  21.532  11.320  -53.396 0.0000000000
84304  22.252  10.366  -51.884 0.0000000000
83418  21.912  9.713  -52.519 0.0000000000
132732  21.638  8.593  -53.435 0.0000000000
121623  22.119  8.639  -52.220 0.0000000000
83411  22.360  8.795  -51.061 0.0000000000
84296  23.204  10.646  -50.253 0.0000000000
84290  23.007  9.838  -49.955 0.0000000000
83404  23.188  9.175  -49.323 0.0000000000
64219  25.481  -10.535  -45.804 0.0000000000
67322  25.515  -7.455  -48.376 0.0000000000
66330  25.471  -8.215  -47.826 0.0000000000
67316  26.159  -8.048  -46.977 0.0000000000
66316  27.389  -8.451  -45.253 0.0000000000
66317  26.727  -9.036  -45.587 0.0000000000
66311  27.239  -9.097  -44.942 0.0000000000
65231  26.780  -9.815  -44.951 0.0000000000
72330  27.616  -2.808  -47.736 0.0000000000
71418  27.125  -3.095  -48.280 0.0000000000
71407  28.175  -3.377  -47.203 0.0000000000
78593  22.128  4.340  -51.958 0.0000000000
79614  22.043  5.242  -52.235 0.0000000000
119780  22.568  6.740  -51.578 0.0000000000
69379  25.194  -5.099  -49.702 0.0000000000
70393  25.712  -4.950  -49.265 0.0000000000
70392  26.323  -4.670  -48.666 0.0000000000
70387  26.934  -4.463  -48.015 0.0000000000
62147  25.243  -12.589  -43.748 0.0000000000
62137  27.146  -12.294  -42.340 0.0000000000
75810  26.405  0.824  -48.538 0.0000000000
74104  26.832  -0.009  -48.258 0.0000000000
74947  23.172  0.429  -51.771 0.0000000000
74946  23.880  0.513  -51.663 0.0000000000
74938  24.552  0.546  -51.391 0.0000000000
76813  24.371  1.806  -51.472 0.0000000000
78564  23.996  5.026  -49.710 0.0000000000
79582  24.153  5.483  -48.724 0.0000000000
119272  19.557  8.591  -54.115 0.0000000000
87023  22.423  13.267  -53.752 0.0000000000
85168  22.782  10.946  -51.005 0.0000000000
85167  23.487  11.369  -50.483 0.0000000000
125671  26.658  -7.354  -46.923 0.0000000000
67309  26.812  -7.881  -46.358 0.0000000000
62156  24.946  -12.185  -44.406 0.0000000000
63203  25.625  -11.874  -44.082 0.0000000000
63211  25.925  -11.338  -44.452 0.0000000000
117329  22.352  1.925  -52.218 0.0000000000
76814  23.557  2.771  -51.903 0.0000000000
76815  22.622  2.679  -52.046 0.0000000000
137902  23.692  4.506  -50.965 0.0000000000
79604  23.314  5.037  -51.289 0.0000000000
122851  23.526  5.515  -50.399 0.0000000000
81508  23.216  7.837  -48.955 0.0000000000
84322  18.403  10.327  -53.801 0.0000000000
117524  18.870  10.199  -54.509 0.0000000000
85199  19.410  10.538  -54.896 0.0000000000
68375  25.901  -6.753  -48.118 0.0000000000
69370  25.788  -6.218  -48.580 0.0000000000
68374  26.533  -6.696  -47.431 0.0000000000
68368  27.178  -6.748  -46.759 0.0000000000
68362  27.754  -6.917  -46.170 0.0000000000
68361  28.377  -6.352  -45.954 0.0000000000
123082  26.119  -2.115  -49.745 0.0000000000
72337  26.640  -2.192  -49.263 0.0000000000
133586  27.753  -2.118  -47.718 0.0000000000
73246  28.102  -1.679  -47.308 0.0000000000
73245  28.737  -1.929  -46.866 0.0000000000
71426  24.857  -3.766  -50.249 0.0000000000
72350  24.438  -2.300  -50.711 0.0000000000
72349  25.154  -1.952  -50.509 0.0000000000
73261  25.760  -1.644  -50.127 0.0000000000
74116  25.929  -0.925  -50.107 0.0000000000
74931  25.957  -0.192  -49.829 0.0000000000
74937  25.153  0.463  -50.902 0.0000000000
74925  25.896  0.581  -49.510 0.0000000000
75802  26.214  1.859  -48.299 0.0000000000
77679  24.604  2.958  -50.470 0.0000000000
78575  24.424  4.233  -49.701 0.0000000000
76798  24.958  3.138  -49.509 0.0000000000
77661  25.361  3.257  -48.662 0.0000000000
81537  21.210  7.192  -53.789 0.0000000000
86099  20.042  11.156  -54.924 0.0000000000
84311  20.579  9.808  -54.187 0.0000000000
83426  21.295  9.388  -53.679 0.0000000000
81528  22.374  7.314  -51.991 0.0000000000
123849  22.553  9.450  -50.681 0.0000000000
82484  22.574  8.177  -50.457 0.0000000000
82476  22.897  8.369  -49.494 0.0000000000
82467  23.452  8.568  -48.805 0.0000000000
64214  25.737  -10.996  -45.047 0.0000000000
64213  26.495  -10.718  -44.531 0.0000000000
66325  26.421  -8.582  -46.321 0.0000000000
66318  26.124  -9.235  -46.197 0.0000000000
65237  25.522  -9.751  -46.364 0.0000000000
65236  26.125  -9.783  -45.674 0.0000000000
70386  27.669  -4.361  -47.386 0.0000000000
70382  28.486  -4.256  -46.841 0.0000000000
69357  28.439  -5.701  -46.318 0.0000000000
67327  25.143  -7.410  -48.920 0.0000000000
71419  26.724  -2.947  -48.909 0.0000000000
72343  25.588  -2.448  -50.033 0.0000000000
74109  26.678  -0.624  -48.681 0.0000000000
74932  25.572  0.342  -50.264 0.0000000000
75837  22.828  1.563  -52.138 0.0000000000
77673  24.319  3.738  -50.439 0.0000000000
81515  23.237  7.204  -49.090 0.0000000000
131676  25.877  -3.631  -49.559 0.0000000000
