#!ascii label  , from subject sub-v1s19x0051306_ses-1 vox2ras=TkReg
1333
97530  -51.058  23.356  28.682 0.0000000000
109526  -39.742  40.261  31.490 0.0000000000
97418  -36.762  22.743  36.513 0.0000000000
143695  -41.349  28.459  34.361 0.0000000000
108830  -46.703  40.021  31.906 0.0000000000
105526  -44.525  34.060  34.391 0.0000000000
104900  -45.946  33.545  30.492 0.0000000000
127595  -38.681  28.567  31.594 0.0000000000
93733  -45.743  17.693  38.088 0.0000000000
95952  -51.214  21.788  36.617 0.0000000000
139563  -35.002  41.181  29.292 0.0000000000
111208  -40.575  44.061  28.550 0.0000000000
110695  -46.048  43.241  26.672 0.0000000000
96009  -45.849  20.802  32.744 0.0000000000
104131  -37.591  32.175  34.111 0.0000000000
99525  -41.384  25.861  36.581 0.0000000000
141586  -45.171  25.994  31.029 0.0000000000
97491  -40.582  22.693  30.720 0.0000000000
97469  -34.608  23.227  30.277 0.0000000000
97545  -47.455  24.089  25.939 0.0000000000
106910  -49.529  36.850  29.212 0.0000000000
105591  -49.485  33.933  30.585 0.0000000000
103549  -47.717  31.199  26.792 0.0000000000
103545  -43.300  31.707  27.831 0.0000000000
95176  -49.041  19.509  37.352 0.0000000000
95152  -50.198  20.626  40.094 0.0000000000
110147  -31.065  40.985  29.902 0.0000000000
111780  -43.249  44.787  28.275 0.0000000000
95963  -44.825  19.912  35.968 0.0000000000
95977  -41.627  20.317  34.385 0.0000000000
108818  -36.785  39.371  31.859 0.0000000000
106859  -38.911  36.308  30.911 0.0000000000
102794  -46.136  30.378  35.941 0.0000000000
102756  -43.693  30.082  37.284 0.0000000000
100795  -42.296  26.705  35.843 0.0000000000
147382  -43.151  24.911  33.110 0.0000000000
144184  -42.794  26.543  32.130 0.0000000000
98201  -42.914  23.877  30.433 0.0000000000
100197  -41.458  26.484  31.997 0.0000000000
99559  -37.251  25.447  32.329 0.0000000000
110140  -43.114  41.347  31.151 0.0000000000
106887  -42.031  36.621  30.638 0.0000000000
106865  -45.020  36.532  31.216 0.0000000000
104858  -49.145  32.898  34.319 0.0000000000
104159  -43.642  32.261  33.591 0.0000000000
101462  -40.189  28.911  32.972 0.0000000000
104184  -41.518  32.594  31.464 0.0000000000
103515  -39.440  31.284  30.160 0.0000000000
123741  -47.645  18.810  34.781 0.0000000000
95222  -49.997  20.070  34.117 0.0000000000
96758  -51.613  22.800  33.308 0.0000000000
109495  -31.825  40.616  34.135 0.0000000000
110105  -34.915  41.418  33.894 0.0000000000
110108  -37.694  41.823  33.108 0.0000000000
111176  -41.620  43.243  34.434 0.0000000000
111744  -44.683  44.949  33.051 0.0000000000
110156  -46.344  42.088  30.801 0.0000000000
108221  -46.905  38.824  28.590 0.0000000000
109591  -46.504  41.945  25.869 0.0000000000
96684  -47.927  22.114  38.446 0.0000000000
132068  -48.384  21.463  34.724 0.0000000000
97479  -49.408  23.110  30.999 0.0000000000
101402  -37.358  28.264  37.527 0.0000000000
104853  -41.406  33.779  33.725 0.0000000000
102068  -40.172  29.300  37.334 0.0000000000
98145  -39.254  24.101  35.350 0.0000000000
97451  -42.475  22.685  33.023 0.0000000000
98190  -45.742  23.923  31.406 0.0000000000
98905  -48.544  25.361  29.246 0.0000000000
143376  -45.163  23.666  27.484 0.0000000000
97540  -41.987  22.878  27.380 0.0000000000
97538  -39.105  22.891  27.466 0.0000000000
146898  -38.839  25.081  31.794 0.0000000000
142270  -37.709  22.559  31.042 0.0000000000
98230  -35.269  23.360  26.579 0.0000000000
96802  -51.219  22.536  29.371 0.0000000000
96801  -50.608  22.265  28.665 0.0000000000
97547  -49.363  23.495  27.228 0.0000000000
105606  -48.886  34.545  28.062 0.0000000000
104924  -49.851  32.617  27.444 0.0000000000
104230  -48.293  31.660  26.395 0.0000000000
102855  -45.774  30.647  25.559 0.0000000000
96727  -39.211  21.165  35.136 0.0000000000
108814  -38.288  40.005  32.326 0.0000000000
102778  -42.981  29.514  35.545 0.0000000000
102101  -45.420  28.790  36.948 0.0000000000
136745  -41.759  27.766  34.961 0.0000000000
126321  -41.887  26.771  34.263 0.0000000000
100814  -41.388  27.563  33.702 0.0000000000
100198  -42.564  26.488  31.879 0.0000000000
100823  -41.068  27.500  32.892 0.0000000000
109547  -45.105  40.650  31.151 0.0000000000
108205  -44.013  39.303  29.897 0.0000000000
134165  -46.068  37.957  30.843 0.0000000000
104901  -48.587  33.177  30.562 0.0000000000
105570  -49.372  32.836  32.931 0.0000000000
104874  -47.108  33.129  32.529 0.0000000000
104160  -45.682  32.439  33.761 0.0000000000
104873  -44.697  33.083  32.745 0.0000000000
104158  -42.751  32.473  32.977 0.0000000000
104886  -43.612  33.401  31.408 0.0000000000
104212  -41.418  32.244  28.814 0.0000000000
95190  -49.913  20.148  37.152 0.0000000000
95200  -49.429  19.667  35.667 0.0000000000
140283  -50.503  20.476  35.510 0.0000000000
95998  -51.107  21.118  33.985 0.0000000000
96731  -51.331  22.661  35.169 0.0000000000
110148  -32.538  41.310  29.020 0.0000000000
109522  -33.033  40.559  31.649 0.0000000000
109523  -34.872  40.708  31.432 0.0000000000
110107  -36.221  41.618  33.424 0.0000000000
110119  -36.619  41.076  31.219 0.0000000000
141756  -39.854  42.848  29.468 0.0000000000
144730  -40.214  42.392  31.419 0.0000000000
110648  -41.260  43.158  31.143 0.0000000000
111738  -43.285  44.197  33.975 0.0000000000
111195  -42.664  44.843  30.745 0.0000000000
111238  -43.840  43.438  27.059 0.0000000000
111773  -45.401  44.796  29.425 0.0000000000
145845  -45.823  43.179  28.747 0.0000000000
109567  -46.551  40.852  29.332 0.0000000000
109566  -45.738  40.796  28.172 0.0000000000
108849  -45.563  39.898  27.640 0.0000000000
109582  -46.290  42.449  26.449 0.0000000000
95882  -43.111  21.244  41.027 0.0000000000
95869  -45.244  20.876  41.988 0.0000000000
96657  -45.681  21.464  40.456 0.0000000000
96658  -46.767  21.643  40.255 0.0000000000
96682  -46.082  21.451  38.767 0.0000000000
95981  -45.635  20.286  34.738 0.0000000000
95950  -47.194  21.025  36.125 0.0000000000
147940  -47.283  20.912  33.517 0.0000000000
96756  -48.695  21.634  33.025 0.0000000000
134789  -47.065  21.405  32.102 0.0000000000
141804  -36.576  31.554  34.669 0.0000000000
102080  -35.695  29.731  37.039 0.0000000000
102774  -37.404  30.605  35.795 0.0000000000
106242  -43.049  35.678  31.928 0.0000000000
106217  -41.402  35.191  32.331 0.0000000000
135259  -43.067  33.602  34.462 0.0000000000
133250  -42.948  27.912  37.485 0.0000000000
102086  -41.479  29.941  37.148 0.0000000000
100776  -41.157  27.647  37.512 0.0000000000
100138  -39.509  26.921  37.467 0.0000000000
99539  -40.640  25.325  36.018 0.0000000000
98152  -40.371  23.396  34.369 0.0000000000
143788  -41.622  23.900  33.924 0.0000000000
140071  -44.275  25.892  32.208 0.0000000000
98872  -44.405  24.877  32.245 0.0000000000
99573  -46.035  25.675  31.002 0.0000000000
128409  -47.153  25.334  30.364 0.0000000000
99587  -46.642  25.665  30.122 0.0000000000
98910  -46.738  24.759  28.667 0.0000000000
98902  -45.642  25.214  29.663 0.0000000000
98200  -42.075  23.719  30.853 0.0000000000
97512  -42.813  22.615  29.324 0.0000000000
97526  -41.486  22.462  28.435 0.0000000000
97556  -40.467  23.397  26.333 0.0000000000
123984  -40.072  22.390  29.255 0.0000000000
101468  -39.185  28.742  32.018 0.0000000000
100187  -39.757  27.129  32.037 0.0000000000
100829  -38.916  27.181  31.819 0.0000000000
149803  -36.263  23.769  32.367 0.0000000000
98184  -37.251  23.265  31.848 0.0000000000
97470  -36.203  22.621  31.098 0.0000000000
141213  -36.754  22.850  28.693 0.0000000000
98213  -34.954  23.310  29.344 0.0000000000
98220  -34.095  23.490  27.448 0.0000000000
95241  -49.552  19.710  31.818 0.0000000000
97561  -46.204  23.797  25.012 0.0000000000
108175  -48.482  39.426  31.764 0.0000000000
141860  -47.720  37.562  31.339 0.0000000000
147886  -49.628  35.927  29.791 0.0000000000
104913  -49.767  32.967  29.427 0.0000000000
104202  -46.225  32.742  28.940 0.0000000000
104201  -45.051  32.753  28.963 0.0000000000
103547  -45.216  31.447  27.416 0.0000000000
94459  -47.367  18.542  37.757 0.0000000000
144339  -47.805  18.628  39.176 0.0000000000
95916  -50.797  21.671  38.414 0.0000000000
110170  -32.797  42.040  27.962 0.0000000000
111769  -41.897  44.956  28.305 0.0000000000
144448  -43.251  42.573  25.079 0.0000000000
110711  -45.072  42.565  25.110 0.0000000000
95934  -44.448  20.397  37.794 0.0000000000
95198  -43.203  19.599  35.380 0.0000000000
95993  -43.708  20.435  33.407 0.0000000000
105561  -38.296  34.512  32.413 0.0000000000
104816  -46.192  32.746  35.703 0.0000000000
104115  -43.873  32.188  35.955 0.0000000000
103424  -45.863  30.180  36.700 0.0000000000
101408  -44.441  28.127  37.156 0.0000000000
140997  -42.588  26.591  36.784 0.0000000000
98844  -42.087  24.806  34.304 0.0000000000
98845  -42.357  25.588  34.109 0.0000000000
99553  -42.834  26.100  33.178 0.0000000000
99572  -43.843  26.245  31.558 0.0000000000
98894  -44.667  25.032  30.034 0.0000000000
99577  -43.433  25.928  31.098 0.0000000000
98881  -42.192  25.277  31.296 0.0000000000
147364  -41.193  24.316  31.361 0.0000000000
100194  -37.729  26.821  31.973 0.0000000000
98814  -35.492  24.354  37.572 0.0000000000
109528  -41.187  40.693  31.217 0.0000000000
108836  -40.810  39.398  29.694 0.0000000000
108203  -42.245  38.665  29.562 0.0000000000
106888  -43.609  36.907  30.623 0.0000000000
106219  -44.653  35.408  32.452 0.0000000000
106246  -46.968  35.472  31.679 0.0000000000
105569  -46.912  34.692  32.890 0.0000000000
105528  -47.473  33.704  34.797 0.0000000000
104140  -47.642  31.969  35.467 0.0000000000
103474  -45.307  31.228  35.058 0.0000000000
102791  -42.015  30.257  34.650 0.0000000000
101455  -40.874  28.709  33.718 0.0000000000
102807  -41.365  30.704  33.833 0.0000000000
102819  -40.227  30.593  32.642 0.0000000000
103497  -39.828  30.885  31.851 0.0000000000
104192  -42.179  32.782  29.997 0.0000000000
103516  -40.110  31.746  30.609 0.0000000000
132515  -47.930  18.843  36.257 0.0000000000
94489  -48.622  19.238  35.028 0.0000000000
95232  -49.393  19.638  32.706 0.0000000000
96011  -50.412  20.383  32.457 0.0000000000
96012  -51.511  21.616  32.253 0.0000000000
96794  -51.967  23.142  31.549 0.0000000000
108157  -33.377  39.382  35.167 0.0000000000
109497  -33.654  40.940  34.336 0.0000000000
108804  -34.757  39.634  34.670 0.0000000000
108806  -36.157  40.065  34.403 0.0000000000
109499  -37.728  40.547  34.254 0.0000000000
149279  -39.099  40.960  34.221 0.0000000000
110152  -36.355  41.401  29.241 0.0000000000
110121  -38.674  41.680  31.356 0.0000000000
110626  -40.000  42.652  33.723 0.0000000000
110100  -40.938  41.741  34.230 0.0000000000
110112  -42.308  41.888  33.398 0.0000000000
110630  -43.943  42.894  33.836 0.0000000000
123912  -45.448  42.713  32.789 0.0000000000
111757  -44.366  45.589  30.850 0.0000000000
111196  -45.645  43.734  31.510 0.0000000000
136351  -47.056  41.181  32.462 0.0000000000
108841  -48.345  39.821  30.802 0.0000000000
107581  -48.422  37.559  28.884 0.0000000000
107588  -46.392  37.339  27.907 0.0000000000
137284  -45.320  38.089  27.073 0.0000000000
110713  -47.308  42.855  25.209 0.0000000000
96671  -49.653  22.139  39.807 0.0000000000
97400  -49.892  22.592  38.470 0.0000000000
96699  -46.692  21.319  37.614 0.0000000000
96714  -48.005  21.804  36.814 0.0000000000
96716  -50.264  23.049  35.982 0.0000000000
96743  -50.571  22.737  34.420 0.0000000000
96773  -51.104  23.129  32.674 0.0000000000
97497  -51.009  23.834  30.680 0.0000000000
99512  -36.730  25.354  37.225 0.0000000000
106885  -40.326  36.563  30.579 0.0000000000
106215  -39.791  34.785  32.376 0.0000000000
104157  -39.910  33.046  33.931 0.0000000000
103447  -42.176  31.842  35.735 0.0000000000
103445  -40.380  31.514  35.449 0.0000000000
102776  -39.242  30.742  35.887 0.0000000000
102066  -38.479  29.056  37.433 0.0000000000
137515  -38.101  26.205  37.252 0.0000000000
98143  -37.839  23.400  35.728 0.0000000000
138837  -39.944  22.040  34.360 0.0000000000
96753  -41.789  21.470  33.495 0.0000000000
96767  -43.831  21.508  32.489 0.0000000000
98171  -42.966  23.836  32.937 0.0000000000
135191  -44.401  23.182  32.040 0.0000000000
96783  -45.683  21.895  31.666 0.0000000000
97494  -47.207  22.907  30.877 0.0000000000
98204  -49.048  24.618  30.032 0.0000000000
98914  -50.049  24.975  28.016 0.0000000000
98918  -48.928  24.649  26.932 0.0000000000
138561  -46.915  24.142  25.788 0.0000000000
98235  -45.799  24.192  25.601 0.0000000000
131742  -44.307  23.614  29.367 0.0000000000
97542  -43.606  23.196  27.400 0.0000000000
98250  -43.449  24.283  24.461 0.0000000000
98261  -41.875  23.972  24.051 0.0000000000
98259  -39.763  23.404  24.322 0.0000000000
100822  -40.218  27.716  32.445 0.0000000000
100196  -40.248  26.394  31.900 0.0000000000
98186  -39.521  23.549  31.459 0.0000000000
99560  -37.904  25.328  32.100 0.0000000000
98185  -38.603  23.331  31.563 0.0000000000
97473  -39.137  22.832  31.242 0.0000000000
97508  -38.700  22.430  29.316 0.0000000000
97537  -36.938  23.429  26.810 0.0000000000
132878  -50.273  23.281  27.994 0.0000000000
97529  -50.643  23.996  27.938 0.0000000000
104922  -48.221  33.563  27.626 0.0000000000
104939  -49.158  32.435  26.747 0.0000000000
104938  -47.435  32.758  27.208 0.0000000000
95959  -38.938  20.691  35.903 0.0000000000
96725  -38.063  21.985  35.605 0.0000000000
109525  -39.058  40.171  31.909 0.0000000000
108820  -38.541  39.622  31.089 0.0000000000
108827  -39.330  39.458  30.348 0.0000000000
102113  -41.865  29.429  34.993 0.0000000000
102099  -42.775  28.595  35.837 0.0000000000
101443  -41.766  28.553  35.096 0.0000000000
100804  -41.794  27.204  34.631 0.0000000000
101456  -41.294  28.019  34.048 0.0000000000
109548  -46.108  40.509  31.781 0.0000000000
108829  -45.248  39.650  30.634 0.0000000000
108184  -46.356  39.068  31.161 0.0000000000
126875  -47.535  33.433  30.960 0.0000000000
104888  -46.462  33.449  31.536 0.0000000000
123688  -45.550  33.392  32.121 0.0000000000
104887  -45.132  33.532  31.186 0.0000000000
132265  -44.413  33.438  31.792 0.0000000000
104899  -44.761  33.507  30.315 0.0000000000
94457  -45.968  18.052  37.211 0.0000000000
95951  -50.762  20.891  36.924 0.0000000000
95967  -50.999  21.125  36.134 0.0000000000
149875  -51.274  21.802  36.056 0.0000000000
95968  -51.318  21.777  35.468 0.0000000000
96717  -51.275  22.573  36.073 0.0000000000
110149  -33.508  41.221  29.118 0.0000000000
109554  -33.881  40.820  29.822 0.0000000000
109555  -34.690  40.850  29.826 0.0000000000
109524  -35.669  40.820  31.310 0.0000000000
109556  -35.393  40.937  29.784 0.0000000000
111220  -39.616  43.694  27.268 0.0000000000
111207  -39.747  43.618  28.145 0.0000000000
111201  -40.453  43.457  29.395 0.0000000000
110657  -40.285  42.717  30.012 0.0000000000
111193  -41.103  43.475  30.167 0.0000000000
111194  -41.914  43.885  30.951 0.0000000000
111755  -41.873  44.580  29.930 0.0000000000
111239  -45.213  43.571  27.293 0.0000000000
110671  -45.736  43.811  28.120 0.0000000000
132093  -45.917  43.124  27.760 0.0000000000
110168  -45.884  42.295  28.670 0.0000000000
110173  -46.133  42.771  27.083 0.0000000000
110175  -46.360  43.117  26.302 0.0000000000
95881  -42.341  21.162  40.706 0.0000000000
96668  -43.669  21.265  40.468 0.0000000000
96656  -44.632  21.337  40.646 0.0000000000
136311  -44.120  21.258  39.812 0.0000000000
96669  -44.992  21.417  39.804 0.0000000000
147999  -45.810  20.395  33.989 0.0000000000
95982  -46.494  20.534  34.468 0.0000000000
95996  -46.519  20.670  33.445 0.0000000000
96010  -47.420  21.140  32.920 0.0000000000
143049  -46.594  20.998  32.661 0.0000000000
104154  -37.461  32.822  33.566 0.0000000000
134791  -36.754  31.976  34.218 0.0000000000
103441  -36.906  31.124  35.153 0.0000000000
103442  -37.785  31.159  35.217 0.0000000000
105566  -43.614  34.770  33.230 0.0000000000
105542  -43.490  34.198  34.003 0.0000000000
100151  -42.081  26.306  36.983 0.0000000000
101406  -42.013  28.029  37.566 0.0000000000
100150  -41.066  26.315  37.102 0.0000000000
98836  -40.998  24.799  35.344 0.0000000000
98837  -41.708  24.925  35.091 0.0000000000
127875  -45.363  25.861  31.188 0.0000000000
99579  -45.847  25.763  30.688 0.0000000000
99580  -46.479  25.585  30.463 0.0000000000
99586  -45.993  25.699  30.010 0.0000000000
135212  -45.335  25.756  30.509 0.0000000000
136913  -41.387  22.963  30.783 0.0000000000
97511  -41.880  22.421  29.341 0.0000000000
126791  -41.240  22.511  30.133 0.0000000000
97510  -40.933  22.382  29.331 0.0000000000
126771  -40.349  22.423  30.056 0.0000000000
129763  -38.464  27.825  31.655 0.0000000000
98182  -35.365  22.961  31.425 0.0000000000
98183  -36.429  23.142  31.874 0.0000000000
143194  -35.428  22.825  30.507 0.0000000000
127511  -35.998  22.679  30.079 0.0000000000
138846  -34.043  23.646  29.221 0.0000000000
96021  -50.524  20.471  31.495 0.0000000000
96819  -46.818  22.860  26.527 0.0000000000
97544  -46.709  23.877  25.464 0.0000000000
108188  -49.263  38.038  30.389 0.0000000000
107555  -49.380  37.378  30.297 0.0000000000
106265  -49.821  35.637  29.158 0.0000000000
104219  -49.790  32.053  27.337 0.0000000000
104206  -49.879  32.580  27.672 0.0000000000
104204  -49.258  32.458  28.515 0.0000000000
104203  -47.750  32.660  28.791 0.0000000000
104217  -47.021  31.809  28.007 0.0000000000
104216  -45.693  32.042  28.199 0.0000000000
103548  -46.436  31.129  27.132 0.0000000000
102853  -44.589  29.989  25.496 0.0000000000
148955  -47.646  18.478  39.762 0.0000000000
95915  -50.497  20.945  38.812 0.0000000000
135420  -50.457  20.997  39.610 0.0000000000
110665  -32.073  42.288  27.829 0.0000000000
110701  -42.953  42.764  25.536 0.0000000000
110718  -43.286  42.539  23.785 0.0000000000
111270  -42.642  43.687  22.738 0.0000000000
95209  -41.684  19.759  35.109 0.0000000000
95197  -42.418  19.616  35.260 0.0000000000
95210  -42.875  19.768  34.639 0.0000000000
95211  -43.705  19.776  34.713 0.0000000000
95978  -42.491  20.193  34.121 0.0000000000
108817  -35.943  39.137  32.028 0.0000000000
105584  -38.992  35.125  32.041 0.0000000000
103426  -47.098  31.014  36.158 0.0000000000
104103  -45.758  31.232  36.463 0.0000000000
130590  -45.941  30.224  36.398 0.0000000000
101431  -43.822  27.759  36.814 0.0000000000
102087  -44.731  28.352  37.122 0.0000000000
100796  -43.204  27.069  36.870 0.0000000000
100786  -43.247  27.073  37.102 0.0000000000
124425  -42.135  25.997  35.814 0.0000000000
100172  -42.216  25.904  34.764 0.0000000000
100190  -42.509  26.591  32.679 0.0000000000
100180  -42.268  26.361  33.674 0.0000000000
99561  -43.206  26.385  32.301 0.0000000000
99562  -43.901  26.313  32.027 0.0000000000
100199  -43.323  26.438  31.881 0.0000000000
99571  -43.081  26.237  31.514 0.0000000000
99570  -42.126  26.001  31.539 0.0000000000
126413  -41.503  25.073  31.437 0.0000000000
110139  -42.180  41.058  31.101 0.0000000000
109544  -41.720  40.455  30.339 0.0000000000
109545  -42.574  40.667  30.380 0.0000000000
107551  -44.769  37.876  30.448 0.0000000000
135143  -43.920  37.521  30.354 0.0000000000
106889  -44.466  37.050  30.718 0.0000000000
106243  -43.925  35.793  31.811 0.0000000000
106244  -44.802  35.890  31.720 0.0000000000
106256  -48.681  34.899  30.981 0.0000000000
106867  -47.559  35.749  31.347 0.0000000000
126368  -49.346  32.839  33.530 0.0000000000
105585  -48.148  34.426  32.200 0.0000000000
105546  -49.316  32.946  33.956 0.0000000000
105545  -48.068  33.811  33.916 0.0000000000
105529  -48.803  33.077  34.769 0.0000000000
104834  -48.169  33.013  35.373 0.0000000000
104162  -48.481  32.538  34.767 0.0000000000
104176  -44.372  32.561  33.397 0.0000000000
104137  -44.729  32.043  34.165 0.0000000000
103473  -43.984  31.566  34.414 0.0000000000
103472  -43.293  31.143  34.555 0.0000000000
103471  -42.238  31.148  34.124 0.0000000000
103486  -42.932  31.784  33.791 0.0000000000
104173  -41.865  32.517  32.332 0.0000000000
141188  -41.283  31.797  32.754 0.0000000000
104172  -40.951  32.155  31.929 0.0000000000
103498  -40.508  31.413  32.322 0.0000000000
104214  -43.757  32.349  28.380 0.0000000000
104908  -43.582  33.068  29.571 0.0000000000
104213  -42.951  32.437  28.615 0.0000000000
103530  -40.099  31.791  29.628 0.0000000000
104190  -40.778  32.230  30.167 0.0000000000
94460  -48.233  18.947  37.550 0.0000000000
94469  -47.668  18.709  36.918 0.0000000000
94470  -48.410  19.103  36.723 0.0000000000
95213  -49.743  19.848  34.877 0.0000000000
136766  -49.121  19.485  34.332 0.0000000000
95221  -49.097  19.471  33.555 0.0000000000
95233  -50.211  20.221  33.325 0.0000000000
95999  -51.624  22.276  33.770 0.0000000000
134631  -51.303  21.337  33.183 0.0000000000
147712  -52.048  22.768  32.416 0.0000000000
96787  -51.932  22.496  31.804 0.0000000000
96775  -52.106  23.129  32.208 0.0000000000
109482  -31.624  40.434  35.350 0.0000000000
108789  -32.177  39.899  36.451 0.0000000000
109476  -32.386  40.047  36.323 0.0000000000
108156  -32.667  39.329  35.591 0.0000000000
109477  -33.223  40.054  35.982 0.0000000000
109534  -29.800  40.954  30.807 0.0000000000
109535  -30.669  40.770  30.630 0.0000000000
131279  -33.779  40.700  32.449 0.0000000000
109510  -33.029  40.661  32.989 0.0000000000
123579  -34.072  41.053  33.536 0.0000000000
109484  -34.016  40.632  35.207 0.0000000000
109498  -34.530  41.167  34.681 0.0000000000
108805  -35.460  39.806  34.490 0.0000000000
149686  -35.268  41.359  34.728 0.0000000000
124749  -36.995  41.931  33.860 0.0000000000
110086  -36.940  41.353  34.980 0.0000000000
110087  -37.667  41.731  34.772 0.0000000000
109500  -38.468  40.756  34.236 0.0000000000
110613  -38.857  42.097  34.743 0.0000000000
110136  -37.450  41.243  30.394 0.0000000000
110154  -38.042  41.611  29.651 0.0000000000
110627  -40.913  42.959  33.084 0.0000000000
110635  -40.141  42.503  32.384 0.0000000000
110621  -40.437  42.599  34.391 0.0000000000
111168  -41.188  43.021  34.580 0.0000000000
110101  -41.807  42.183  34.227 0.0000000000
110617  -41.870  43.166  34.603 0.0000000000
111743  -44.013  44.536  33.684 0.0000000000
110623  -43.565  43.584  34.259 0.0000000000
110631  -44.546  43.688  33.804 0.0000000000
110638  -44.909  42.849  33.298 0.0000000000
110639  -45.261  43.410  33.132 0.0000000000
111779  -42.429  44.794  27.962 0.0000000000
111762  -42.953  45.416  29.456 0.0000000000
111771  -43.716  45.336  28.969 0.0000000000
110658  -45.899  43.180  29.853 0.0000000000
111765  -45.333  44.992  30.371 0.0000000000
110649  -45.879  42.957  31.169 0.0000000000
110142  -46.377  42.003  32.116 0.0000000000
110157  -47.040  41.486  32.011 0.0000000000
109549  -47.504  40.899  32.311 0.0000000000
109563  -47.120  41.136  30.868 0.0000000000
108850  -46.552  39.872  28.731 0.0000000000
108851  -47.682  39.418  29.560 0.0000000000
108222  -47.935  38.488  29.208 0.0000000000
106908  -48.395  36.645  28.586 0.0000000000
131078  -47.147  37.924  28.450 0.0000000000
108233  -46.073  38.210  27.810 0.0000000000
142150  -45.586  40.837  26.292 0.0000000000
108232  -45.443  38.934  27.209 0.0000000000
108868  -45.312  39.775  26.711 0.0000000000
108878  -45.274  39.544  25.841 0.0000000000
131072  -45.742  40.534  25.640 0.0000000000
110712  -46.625  42.964  24.939 0.0000000000
95872  -48.837  21.131  41.917 0.0000000000
147534  -47.261  21.903  39.379 0.0000000000
129736  -48.596  22.129  39.874 0.0000000000
125596  -48.797  22.398  39.177 0.0000000000
97391  -49.907  22.410  39.149 0.0000000000
133957  -48.989  22.522  38.407 0.0000000000
95175  -44.735  20.124  36.873 0.0000000000
95935  -45.381  20.597  37.471 0.0000000000
95948  -45.550  20.359  36.502 0.0000000000
96728  -48.186  21.548  35.731 0.0000000000
96715  -49.105  22.414  36.313 0.0000000000
96729  -49.305  22.272  35.412 0.0000000000
96730  -50.548  22.958  35.226 0.0000000000
144412  -49.545  22.295  34.709 0.0000000000
96772  -49.579  22.332  32.373 0.0000000000
97480  -50.780  23.272  31.752 0.0000000000
130959  -36.746  28.802  37.520 0.0000000000
100136  -36.491  26.253  37.600 0.0000000000
107570  -41.710  37.935  29.699 0.0000000000
107569  -40.711  37.894  29.688 0.0000000000
106886  -41.104  36.584  30.579 0.0000000000
105541  -41.755  34.373  33.337 0.0000000000
106216  -40.600  35.136  32.233 0.0000000000
105540  -40.977  34.195  33.268 0.0000000000
105562  -39.723  34.172  32.856 0.0000000000
104852  -40.316  33.524  33.614 0.0000000000
126943  -43.949  30.712  36.831 0.0000000000
144912  -42.884  32.297  35.607 0.0000000000
103422  -42.793  31.023  36.532 0.0000000000
145166  -40.984  29.406  37.328 0.0000000000
103420  -40.877  31.088  36.051 0.0000000000
102754  -40.642  30.460  36.570 0.0000000000
103444  -39.568  31.360  35.356 0.0000000000
102753  -39.792  30.321  36.557 0.0000000000
102752  -38.924  30.199  36.561 0.0000000000
102067  -39.315  29.161  37.374 0.0000000000
129461  -39.166  25.593  36.628 0.0000000000
133949  -38.543  26.867  37.460 0.0000000000
98826  -38.714  25.045  36.189 0.0000000000
125104  -37.900  24.897  36.384 0.0000000000
98834  -38.359  24.255  35.773 0.0000000000
97440  -38.940  22.720  34.890 0.0000000000
98151  -39.463  23.427  34.839 0.0000000000
97450  -41.615  22.373  33.453 0.0000000000
97449  -40.908  22.303  33.771 0.0000000000
144401  -42.235  21.890  33.143 0.0000000000
96755  -43.306  20.948  32.929 0.0000000000
96754  -42.968  21.840  32.699 0.0000000000
98855  -42.740  25.274  33.488 0.0000000000
98160  -42.473  24.368  33.532 0.0000000000
98189  -44.945  24.246  31.801 0.0000000000
146526  -44.414  24.028  32.184 0.0000000000
97476  -45.157  22.723  31.645 0.0000000000
97477  -46.104  22.718  31.301 0.0000000000
96784  -46.592  21.926  31.495 0.0000000000
98191  -46.425  23.728  31.070 0.0000000000
99581  -47.365  25.576  29.976 0.0000000000
98896  -48.140  25.344  29.918 0.0000000000
129698  -48.996  25.169  29.505 0.0000000000
98897  -49.726  24.931  29.581 0.0000000000
98913  -49.332  25.096  28.035 0.0000000000
98919  -49.564  24.685  27.296 0.0000000000
98912  -48.434  25.031  28.115 0.0000000000
98215  -46.222  24.399  28.481 0.0000000000
98223  -47.182  24.413  26.891 0.0000000000
98222  -46.352  24.183  26.509 0.0000000000
98236  -46.420  24.104  25.178 0.0000000000
98893  -43.642  25.116  30.551 0.0000000000
98202  -43.725  23.878  29.979 0.0000000000
97527  -42.580  22.584  28.316 0.0000000000
97528  -43.526  22.788  28.503 0.0000000000
97541  -42.833  23.165  27.166 0.0000000000
98233  -43.654  23.908  25.918 0.0000000000
97558  -42.597  23.672  26.026 0.0000000000
98262  -43.054  24.142  23.819 0.0000000000
98249  -42.270  24.117  24.716 0.0000000000
97539  -40.019  22.841  27.444 0.0000000000
130834  -38.974  23.506  25.625 0.0000000000
127328  -38.938  23.440  24.745 0.0000000000
98246  -38.158  23.429  25.315 0.0000000000
102123  -40.667  29.478  33.600 0.0000000000
100813  -40.701  28.166  33.156 0.0000000000
141894  -40.005  28.320  32.551 0.0000000000
100195  -39.250  26.419  31.816 0.0000000000
99568  -39.527  25.448  31.726 0.0000000000
98879  -40.002  24.539  31.566 0.0000000000
98869  -37.505  24.614  32.231 0.0000000000
97472  -37.817  22.987  31.578 0.0000000000
98878  -37.911  23.815  31.948 0.0000000000
139837  -38.360  22.736  31.258 0.0000000000
97489  -38.550  22.456  30.450 0.0000000000
97507  -37.684  22.527  29.312 0.0000000000
97521  -36.155  23.388  27.514 0.0000000000
97522  -37.291  22.922  28.052 0.0000000000
98245  -36.617  23.283  25.623 0.0000000000
149429  -51.145  21.385  30.629 0.0000000000
96041  -50.538  21.240  29.200 0.0000000000
96809  -49.603  22.247  28.078 0.0000000000
106274  -49.389  36.033  28.701 0.0000000000
106275  -49.714  35.246  28.775 0.0000000000
105607  -49.732  33.963  28.159 0.0000000000
104940  -49.922  32.086  26.764 0.0000000000
103568  -47.951  30.963  26.110 0.0000000000
103567  -47.011  30.741  25.925 0.0000000000
124826  -47.540  30.952  25.766 0.0000000000
95961  -40.414  20.239  35.275 0.0000000000
95975  -39.940  20.743  34.956 0.0000000000
108819  -37.637  39.502  31.571 0.0000000000
108825  -37.797  39.058  30.639 0.0000000000
106883  -38.915  37.068  30.314 0.0000000000
102779  -44.477  29.508  36.134 0.0000000000
102780  -45.616  29.633  36.556 0.0000000000
102100  -44.244  28.582  36.548 0.0000000000
101430  -42.519  27.630  36.033 0.0000000000
100171  -42.133  26.323  35.132 0.0000000000
100179  -41.808  27.043  33.167 0.0000000000
100189  -41.890  26.800  32.441 0.0000000000
109546  -43.458  40.799  30.512 0.0000000000
108839  -43.325  39.674  29.741 0.0000000000
109561  -44.007  40.188  30.178 0.0000000000
108183  -44.616  38.745  30.209 0.0000000000
133745  -45.365  37.170  30.873 0.0000000000
104902  -49.821  32.994  30.750 0.0000000000
105586  -49.702  33.261  31.658 0.0000000000
126414  -49.395  32.846  31.621 0.0000000000
104876  -49.443  32.813  32.655 0.0000000000
104875  -48.867  32.628  33.023 0.0000000000
104856  -47.354  32.465  33.861 0.0000000000
104855  -46.231  32.941  33.031 0.0000000000
104175  -43.601  32.822  32.817 0.0000000000
104174  -42.786  33.127  31.986 0.0000000000
104885  -43.014  33.317  31.008 0.0000000000
103544  -42.278  31.838  28.175 0.0000000000
94478  -46.951  18.575  35.443 0.0000000000
95189  -49.203  19.584  36.495 0.0000000000
95201  -50.137  20.238  36.296 0.0000000000
95984  -50.881  20.836  34.759 0.0000000000
95985  -51.513  22.061  34.591 0.0000000000
96744  -51.361  22.592  34.242 0.0000000000
109494  -30.141  40.581  33.954 0.0000000000
109552  -31.994  40.891  29.810 0.0000000000
109536  -31.542  40.658  30.561 0.0000000000
109537  -32.478  40.601  30.624 0.0000000000
137966  -34.032  40.602  31.547 0.0000000000
109511  -34.651  40.943  32.597 0.0000000000
110095  -35.703  41.575  34.261 0.0000000000
140563  -35.329  41.009  32.123 0.0000000000
110118  -36.002  41.281  32.260 0.0000000000
123817  -36.857  41.534  32.570 0.0000000000
144332  -39.014  43.321  27.854 0.0000000000
149479  -39.016  42.201  29.493 0.0000000000
110647  -40.636  42.705  30.819 0.0000000000
110637  -41.741  43.407  32.237 0.0000000000
111177  -42.479  43.600  34.315 0.0000000000
111183  -42.618  43.974  33.327 0.0000000000
111188  -42.693  44.306  31.960 0.0000000000
111748  -43.713  45.287  31.712 0.0000000000
111223  -44.414  44.128  27.756 0.0000000000
111772  -44.843  45.084  28.929 0.0000000000
111210  -44.956  44.482  28.285 0.0000000000
128828  -45.691  44.017  29.033 0.0000000000
128908  -46.013  42.490  29.498 0.0000000000
109562  -46.296  41.684  29.629 0.0000000000
134680  -45.983  41.457  28.703 0.0000000000
108220  -46.035  39.105  27.999 0.0000000000
109575  -45.506  41.093  27.219 0.0000000000
95865  -41.654  21.085  41.156 0.0000000000
95866  -42.475  21.080  41.515 0.0000000000
95867  -43.337  20.977  41.792 0.0000000000
96644  -43.948  21.175  41.246 0.0000000000
96648  -47.674  21.485  41.127 0.0000000000
149221  -46.645  21.689  39.756 0.0000000000
95964  -45.491  20.216  35.593 0.0000000000
126837  -45.925  20.385  35.991 0.0000000000
95965  -46.338  20.508  35.485 0.0000000000
95966  -47.332  20.883  35.109 0.0000000000
149847  -48.137  21.271  34.110 0.0000000000
96742  -49.057  21.767  33.958 0.0000000000
95997  -47.941  21.222  33.614 0.0000000000
96771  -48.142  21.646  32.202 0.0000000000
96786  -48.823  22.344  31.593 0.0000000000
102773  -36.466  30.639  35.740 0.0000000000
102750  -36.958  30.131  36.449 0.0000000000
102082  -37.323  29.600  37.044 0.0000000000
143864  -42.438  36.087  31.311 0.0000000000
106862  -41.590  36.073  31.224 0.0000000000
129508  -42.863  35.157  32.670 0.0000000000
125975  -42.671  34.563  33.332 0.0000000000
104854  -42.351  33.899  33.967 0.0000000000
102737  -42.959  29.513  37.429 0.0000000000
102755  -42.284  30.424  36.864 0.0000000000
102069  -42.136  28.889  37.540 0.0000000000
144134  -41.039  28.683  37.489 0.0000000000
101405  -40.071  28.529  37.490 0.0000000000
100775  -39.859  27.678  37.528 0.0000000000
139578  -40.594  26.913  37.415 0.0000000000
99524  -40.149  25.852  36.757 0.0000000000
98835  -39.927  24.733  35.535 0.0000000000
98843  -40.154  24.119  34.961 0.0000000000
148505  -41.031  23.629  34.152 0.0000000000
136331  -42.012  23.353  33.451 0.0000000000
98871  -43.753  24.923  32.663 0.0000000000
98883  -44.857  25.592  31.717 0.0000000000
98884  -45.582  25.234  31.403 0.0000000000
98885  -46.225  24.911  31.159 0.0000000000
98895  -46.881  24.456  30.753 0.0000000000
143767  -46.504  25.278  30.800 0.0000000000
98904  -47.587  25.425  29.451 0.0000000000
98911  -47.491  24.861  28.339 0.0000000000
134435  -46.811  25.437  29.558 0.0000000000
98903  -46.256  25.191  29.428 0.0000000000
98214  -45.277  23.870  28.748 0.0000000000
97493  -43.093  23.055  29.939 0.0000000000
97492  -42.237  22.796  30.225 0.0000000000
97557  -41.538  23.493  26.187 0.0000000000
139131  -41.001  22.813  27.456 0.0000000000
126782  -39.664  22.534  28.392 0.0000000000
142765  -39.640  28.654  32.382 0.0000000000
149869  -39.335  27.990  32.034 0.0000000000
98170  -37.008  23.792  32.246 0.0000000000
97471  -37.059  22.764  31.398 0.0000000000
97488  -36.894  22.506  30.696 0.0000000000
140736  -37.540  22.452  30.315 0.0000000000
97506  -36.786  22.574  29.708 0.0000000000
97505  -35.801  23.157  28.757 0.0000000000
98221  -35.067  23.536  27.490 0.0000000000
125221  -34.593  23.318  26.852 0.0000000000
123605  -34.778  23.562  28.247 0.0000000000
98212  -33.958  23.740  28.270 0.0000000000
95240  -48.851  19.234  31.207 0.0000000000
108174  -48.118  39.255  32.049 0.0000000000
108185  -47.257  38.619  31.512 0.0000000000
107553  -48.388  37.660  31.202 0.0000000000
106257  -49.237  35.458  30.324 0.0000000000
127124  -49.858  34.383  28.714 0.0000000000
105599  -49.905  33.565  29.090 0.0000000000
104903  -49.869  33.094  30.178 0.0000000000
104912  -48.769  32.915  29.683 0.0000000000
104911  -47.019  33.372  29.791 0.0000000000
104910  -45.483  33.327  29.648 0.0000000000
104215  -44.631  32.246  28.282 0.0000000000
103546  -44.220  31.625  27.609 0.0000000000
103566  -45.774  30.656  26.327 0.0000000000
103565  -44.775  30.706  26.626 0.0000000000
94458  -46.529  18.150  37.947 0.0000000000
94448  -47.139  18.343  38.591 0.0000000000
94449  -48.005  18.793  38.415 0.0000000000
94439  -48.493  18.935  39.887 0.0000000000
142338  -48.747  19.293  39.168 0.0000000000
95161  -48.925  19.422  38.279 0.0000000000
95177  -49.772  20.158  38.095 0.0000000000
95937  -50.599  20.871  37.848 0.0000000000
95938  -51.004  21.700  37.480 0.0000000000
129244  -30.595  41.476  29.349 0.0000000000
110161  -31.986  41.800  28.431 0.0000000000
148811  -32.647  41.675  28.469 0.0000000000
110163  -34.071  41.589  28.541 0.0000000000
111209  -41.403  44.658  28.599 0.0000000000
111237  -42.932  43.570  26.841 0.0000000000
110693  -43.358  42.932  26.340 0.0000000000
110694  -44.660  43.093  26.553 0.0000000000
110703  -45.427  42.988  26.010 0.0000000000
127283  -44.191  42.354  24.250 0.0000000000
95187  -43.527  19.613  36.202 0.0000000000
95199  -44.037  19.709  35.577 0.0000000000
95980  -44.706  19.965  34.926 0.0000000000
128181  -45.042  20.247  34.044 0.0000000000
95994  -44.567  20.432  33.382 0.0000000000
104870  -37.995  33.843  32.819 0.0000000000
104850  -38.161  33.314  33.297 0.0000000000
104832  -45.266  33.577  35.067 0.0000000000
125234  -44.674  32.761  35.568 0.0000000000
104116  -45.877  32.059  36.236 0.0000000000
103423  -44.722  31.091  36.631 0.0000000000
102757  -45.203  29.703  37.211 0.0000000000
102102  -45.723  29.193  36.906 0.0000000000
102088  -45.350  28.797  37.085 0.0000000000
102738  -44.489  29.038  37.404 0.0000000000
101407  -43.658  27.611  37.211 0.0000000000
100140  -42.638  26.697  37.135 0.0000000000
99526  -42.079  26.123  36.457 0.0000000000
99540  -41.685  25.489  35.792 0.0000000000
99546  -42.019  25.399  35.018 0.0000000000
98856  -43.490  25.835  32.713 0.0000000000
99563  -44.560  26.020  31.520 0.0000000000
99578  -44.433  25.996  30.935 0.0000000000
98892  -42.690  24.951  30.932 0.0000000000
98882  -42.761  25.797  31.261 0.0000000000
98188  -41.307  23.665  31.164 0.0000000000
97475  -40.779  23.081  31.120 0.0000000000
100828  -38.238  27.209  31.771 0.0000000000
100827  -37.568  27.668  31.650 0.0000000000
100185  -37.049  26.346  32.315 0.0000000000
98868  -36.582  24.627  32.502 0.0000000000
98169  -35.715  23.415  32.182 0.0000000000
98181  -34.287  23.267  31.143 0.0000000000
109527  -40.423  40.599  31.922 0.0000000000
108828  -40.157  39.728  30.187 0.0000000000
109543  -40.921  40.118  30.257 0.0000000000
108837  -41.728  39.400  29.600 0.0000000000
107571  -42.441  37.932  29.773 0.0000000000
129794  -43.135  38.962  29.624 0.0000000000
107550  -43.095  37.557  30.121 0.0000000000
142130  -42.807  36.821  30.544 0.0000000000
106863  -43.229  36.289  31.184 0.0000000000
144209  -43.760  35.307  32.557 0.0000000000
132967  -45.248  34.635  33.619 0.0000000000
107552  -47.093  37.632  31.268 0.0000000000
106890  -46.287  37.047  31.131 0.0000000000
149065  -45.744  36.595  31.224 0.0000000000
106247  -48.127  34.865  31.544 0.0000000000
106221  -46.554  35.266  32.092 0.0000000000
106220  -45.595  35.398  32.310 0.0000000000
105544  -46.417  34.444  33.807 0.0000000000
105527  -45.704  34.180  34.461 0.0000000000
104833  -46.812  33.400  35.317 0.0000000000
104117  -47.275  31.349  35.770 0.0000000000
103475  -47.230  31.059  35.889 0.0000000000
104161  -47.106  32.056  34.677 0.0000000000
104138  -46.055  31.677  34.732 0.0000000000
102793  -44.628  30.522  35.433 0.0000000000
102792  -43.160  30.429  35.115 0.0000000000
101442  -41.232  29.136  34.310 0.0000000000
102790  -41.192  29.947  34.201 0.0000000000
102806  -40.675  30.288  33.422 0.0000000000
143877  -42.049  31.926  33.265 0.0000000000
103485  -40.867  31.095  33.123 0.0000000000
102133  -40.123  29.760  32.883 0.0000000000
102818  -39.601  30.040  32.157 0.0000000000
102141  -39.005  29.375  31.588 0.0000000000
104909  -44.430  33.238  29.604 0.0000000000
104897  -42.908  33.168  30.199 0.0000000000
104185  -42.243  33.002  31.018 0.0000000000
138679  -42.171  32.546  29.074 0.0000000000
104191  -41.474  32.580  30.577 0.0000000000
104183  -40.775  32.264  31.069 0.0000000000
128018  -46.809  18.411  37.069 0.0000000000
143287  -47.232  18.603  36.241 0.0000000000
94479  -47.815  18.823  35.594 0.0000000000
94480  -48.529  19.191  35.933 0.0000000000
145001  -48.632  19.291  32.893 0.0000000000
128577  -48.680  19.275  32.160 0.0000000000
96022  -51.283  21.435  31.237 0.0000000000
143032  -51.597  22.198  30.928 0.0000000000
96793  -51.644  22.913  30.343 0.0000000000
97515  -51.385  23.524  29.570 0.0000000000
109509  -31.446  40.548  32.877 0.0000000000
109521  -31.993  40.529  31.438 0.0000000000
125142  -32.258  40.613  33.318 0.0000000000
109496  -32.801  40.728  34.238 0.0000000000
142331  -33.366  40.565  35.178 0.0000000000
108803  -34.062  39.491  34.900 0.0000000000
108162  -34.122  39.083  33.650 0.0000000000
108810  -34.861  39.249  33.397 0.0000000000
108811  -35.649  39.457  33.231 0.0000000000
108812  -36.485  39.696  33.120 0.0000000000
110085  -35.977  41.247  35.037 0.0000000000
108807  -36.946  40.314  34.291 0.0000000000
108813  -37.430  39.955  32.955 0.0000000000
109512  -38.170  40.331  33.400 0.0000000000
109513  -38.936  40.478  33.226 0.0000000000
109514  -39.724  40.543  32.571 0.0000000000
110151  -35.601  41.331  29.171 0.0000000000
110135  -36.621  41.031  30.055 0.0000000000
110120  -37.734  41.521  31.649 0.0000000000
110122  -39.458  42.053  31.669 0.0000000000
134298  -38.594  41.961  32.608 0.0000000000
110109  -38.953  42.418  33.718 0.0000000000
110614  -39.741  42.224  34.595 0.0000000000
110099  -40.220  41.461  34.200 0.0000000000
109502  -40.481  41.096  33.195 0.0000000000
109515  -41.037  41.023  32.321 0.0000000000
110123  -41.796  41.298  32.193 0.0000000000
110124  -42.747  41.652  32.146 0.0000000000
110622  -42.644  43.377  34.466 0.0000000000
110113  -43.173  42.266  33.284 0.0000000000
110125  -43.900  42.113  32.425 0.0000000000
110141  -44.086  41.469  31.406 0.0000000000
110126  -45.284  42.212  32.485 0.0000000000
109529  -46.234  41.378  32.311 0.0000000000
144827  -42.522  45.190  29.854 0.0000000000
111756  -43.344  45.458  30.377 0.0000000000
111749  -44.607  45.317  32.026 0.0000000000
111764  -44.874  45.359  29.962 0.0000000000
111758  -45.048  45.317  31.150 0.0000000000
111750  -45.112  44.947  32.281 0.0000000000
110640  -45.687  42.911  32.361 0.0000000000
110127  -46.081  42.029  32.381 0.0000000000
109530  -47.040  40.817  32.525 0.0000000000
108822  -48.078  40.085  32.408 0.0000000000
108831  -48.441  39.983  31.958 0.0000000000
108207  -49.027  38.497  30.404 0.0000000000
108840  -47.481  40.313  30.111 0.0000000000
108206  -48.615  39.010  30.119 0.0000000000
107582  -49.276  37.409  29.363 0.0000000000
106273  -48.476  35.742  28.441 0.0000000000
110704  -46.689  43.134  25.796 0.0000000000
110177  -46.914  43.079  25.703 0.0000000000
109592  -47.328  42.771  25.296 0.0000000000
95883  -50.149  21.017  40.952 0.0000000000
96649  -49.012  21.557  41.115 0.0000000000
96650  -49.788  21.369  40.883 0.0000000000
96661  -50.081  21.522  40.266 0.0000000000
96672  -50.426  21.934  39.469 0.0000000000
97393  -50.681  22.283  38.129 0.0000000000
97402  -50.792  22.503  37.552 0.0000000000
95913  -45.275  20.938  38.306 0.0000000000
95914  -46.074  21.151  37.942 0.0000000000
96683  -46.896  21.611  38.295 0.0000000000
95949  -46.357  20.654  36.391 0.0000000000
96713  -46.947  21.243  36.981 0.0000000000
96701  -48.455  22.279  37.692 0.0000000000
145709  -48.994  22.563  37.066 0.0000000000
97420  -49.974  23.071  36.752 0.0000000000
97422  -51.106  22.967  36.451 0.0000000000
97432  -51.090  23.055  35.749 0.0000000000
97443  -51.177  22.856  34.883 0.0000000000
97453  -51.318  22.720  33.922 0.0000000000
96757  -50.375  22.616  33.389 0.0000000000
97461  -51.878  23.256  32.423 0.0000000000
97481  -51.758  23.322  31.644 0.0000000000
97498  -51.526  23.498  30.616 0.0000000000
98206  -51.133  24.170  29.679 0.0000000000
99507  -35.384  25.872  37.920 0.0000000000
98815  -36.011  24.797  37.363 0.0000000000
98824  -36.630  24.429  36.829 0.0000000000
108835  -39.875  39.036  29.733 0.0000000000
106884  -39.634  36.706  30.477 0.0000000000
106241  -41.141  35.593  31.731 0.0000000000
106240  -40.437  35.632  31.579 0.0000000000
139606  -39.215  35.700  31.464 0.0000000000
128623  -39.144  34.478  32.531 0.0000000000
104871  -38.877  33.850  32.947 0.0000000000
104133  -39.105  32.548  34.097 0.0000000000
104815  -43.224  32.992  35.159 0.0000000000
104830  -42.472  33.314  34.574 0.0000000000
104829  -41.718  33.320  34.344 0.0000000000
103421  -41.729  31.181  36.234 0.0000000000
104114  -41.438  32.266  35.195 0.0000000000
104135  -41.225  32.726  34.628 0.0000000000
128667  -39.866  32.368  34.484 0.0000000000
103469  -39.106  31.850  34.667 0.0000000000
103468  -38.137  31.677  34.651 0.0000000000
102775  -38.341  30.635  35.855 0.0000000000
102751  -37.955  30.041  36.598 0.0000000000
102065  -37.582  29.015  37.459 0.0000000000
100774  -38.854  27.639  37.517 0.0000000000
100773  -37.960  27.584  37.496 0.0000000000
135912  -37.662  26.837  37.475 0.0000000000
99513  -37.578  25.519  36.961 0.0000000000
98825  -37.364  24.097  36.251 0.0000000000
98136  -37.198  23.268  36.174 0.0000000000
96726  -38.648  21.972  35.156 0.0000000000
96739  -39.910  21.352  34.582 0.0000000000
95976  -40.650  20.729  34.522 0.0000000000
97442  -40.385  22.545  34.116 0.0000000000
96740  -40.565  21.649  34.077 0.0000000000
95991  -42.067  20.719  33.702 0.0000000000
95992  -42.884  20.548  33.525 0.0000000000
96007  -44.147  20.777  32.817 0.0000000000
96008  -44.997  20.738  32.783 0.0000000000
97459  -43.167  22.833  32.656 0.0000000000
98172  -43.837  23.721  32.452 0.0000000000
97460  -43.749  22.486  32.370 0.0000000000
142028  -44.418  22.124  32.040 0.0000000000
96768  -45.010  21.807  31.883 0.0000000000
96770  -46.189  21.305  32.133 0.0000000000
96785  -47.592  22.027  31.519 0.0000000000
97478  -48.198  22.608  31.081 0.0000000000
98203  -47.836  24.314  30.461 0.0000000000
97495  -48.501  23.404  30.610 0.0000000000
97496  -49.737  23.895  30.494 0.0000000000
98205  -50.363  24.490  29.972 0.0000000000
98216  -50.433  24.765  29.329 0.0000000000
98224  -50.568  24.465  28.257 0.0000000000
98240  -50.041  24.386  27.446 0.0000000000
98239  -49.237  24.283  26.786 0.0000000000
98238  -48.233  24.278  26.390 0.0000000000
98917  -48.060  24.568  26.715 0.0000000000
98237  -47.538  24.245  26.186 0.0000000000
98253  -46.058  24.106  24.669 0.0000000000
97514  -44.334  23.188  28.589 0.0000000000
97513  -43.642  22.967  29.345 0.0000000000
97543  -44.489  23.444  27.436 0.0000000000
98234  -44.811  24.152  25.697 0.0000000000
98251  -44.578  24.311  24.296 0.0000000000
97572  -44.965  24.058  23.657 0.0000000000
97579  -43.543  23.963  23.584 0.0000000000
97578  -42.540  23.732  23.778 0.0000000000
98248  -41.112  23.846  25.000 0.0000000000
98260  -40.717  23.602  24.241 0.0000000000
100188  -40.727  27.044  32.297 0.0000000000
99569  -40.832  25.578  31.680 0.0000000000
98880  -40.804  24.666  31.486 0.0000000000
98187  -40.519  23.763  31.363 0.0000000000
97474  -40.042  22.935  31.201 0.0000000000
138044  -38.435  26.559  31.855 0.0000000000
98870  -38.289  24.805  31.961 0.0000000000
123896  -38.944  24.337  31.718 0.0000000000
97490  -39.694  22.559  30.656 0.0000000000
97509  -39.477  22.386  29.865 0.0000000000
149767  -39.378  22.406  29.102 0.0000000000
97524  -38.865  22.588  28.422 0.0000000000
124225  -38.132  22.646  28.518 0.0000000000
97523  -38.084  23.055  27.453 0.0000000000
95186  -42.718  19.519  36.046 0.0000000000
95897  -50.342  21.248  40.141 0.0000000000
95898  -50.589  21.600  39.283 0.0000000000
95936  -46.175  20.847  37.179 0.0000000000
95960  -39.686  20.453  35.585 0.0000000000
95962  -41.055  20.079  34.962 0.0000000000
95979  -43.292  20.077  34.023 0.0000000000
95983  -47.419  20.888  34.133 0.0000000000
95995  -45.444  20.503  33.376 0.0000000000
96032  -51.061  21.605  30.019 0.0000000000
96659  -48.064  21.811  40.371 0.0000000000
96660  -49.305  21.823  40.437 0.0000000000
96670  -46.048  21.561  39.633 0.0000000000
96673  -50.706  22.085  38.706 0.0000000000
96681  -45.192  21.305  39.067 0.0000000000
96685  -50.861  22.172  37.887 0.0000000000
96700  -47.463  21.693  37.650 0.0000000000
96702  -51.116  22.542  37.020 0.0000000000
96712  -38.461  21.355  35.670 0.0000000000
96738  -39.325  21.979  34.681 0.0000000000
96741  -41.271  21.043  33.894 0.0000000000
96752  -41.185  21.747  33.689 0.0000000000
96769  -45.385  21.253  32.242 0.0000000000
96774  -51.859  22.541  33.000 0.0000000000
97392  -50.476  22.305  38.666 0.0000000000
97401  -50.451  22.591  37.922 0.0000000000
97408  -49.690  22.751  37.631 0.0000000000
97409  -50.711  23.003  37.104 0.0000000000
97419  -37.502  22.499  35.961 0.0000000000
97421  -50.746  23.123  36.392 0.0000000000
97431  -38.249  22.680  35.412 0.0000000000
97441  -39.690  22.701  34.493 0.0000000000
97452  -51.662  23.056  33.058 0.0000000000
97462  -51.991  23.144  32.650 0.0000000000
97525  -40.534  22.484  28.432 0.0000000000
97548  -50.041  24.036  27.240 0.0000000000
97555  -38.553  23.366  26.437 0.0000000000
98144  -38.663  23.441  35.312 0.0000000000
98153  -41.141  24.222  34.563 0.0000000000
98159  -41.056  23.077  33.807 0.0000000000
98225  -51.068  24.053  28.806 0.0000000000
98247  -39.896  23.602  25.253 0.0000000000
98263  -44.084  24.118  23.663 0.0000000000
98827  -39.579  25.224  36.101 0.0000000000
98906  -49.707  25.232  28.921 0.0000000000
98907  -50.835  24.497  28.944 0.0000000000
99514  -38.407  25.593  36.778 0.0000000000
99523  -37.208  24.856  36.674 0.0000000000
100135  -35.766  26.446  37.836 0.0000000000
100137  -37.249  26.149  37.381 0.0000000000
100139  -41.835  26.723  37.296 0.0000000000
100149  -39.135  26.219  37.171 0.0000000000
100772  -37.121  27.486  37.567 0.0000000000
100777  -42.708  27.189  37.356 0.0000000000
101403  -38.218  28.362  37.495 0.0000000000
101404  -39.111  28.438  37.495 0.0000000000
101409  -44.876  28.464  37.156 0.0000000000
101419  -43.904  27.739  37.122 0.0000000000
102064  -36.195  29.249  37.394 0.0000000000
102070  -43.747  28.397  37.426 0.0000000000
102071  -44.766  28.421  37.189 0.0000000000
102081  -36.520  29.682  36.994 0.0000000000
102083  -38.696  29.619  37.088 0.0000000000
102084  -39.530  29.757  37.046 0.0000000000
102085  -40.395  29.879  37.053 0.0000000000
102132  -39.586  29.244  32.366 0.0000000000
102749  -36.061  30.185  36.445 0.0000000000
102758  -45.820  29.391  36.955 0.0000000000
102759  -46.899  30.639  36.083 0.0000000000
102777  -40.083  30.893  35.946 0.0000000000
102854  -44.880  30.213  25.626 0.0000000000
103425  -46.494  30.707  36.284 0.0000000000
103443  -38.692  31.245  35.267 0.0000000000
103446  -41.203  31.681  35.562 0.0000000000
103448  -43.319  31.612  36.267 0.0000000000
103449  -46.857  30.655  36.067 0.0000000000
103450  -47.091  30.803  36.051 0.0000000000
103466  -36.007  31.845  34.390 0.0000000000
103467  -37.281  31.596  34.633 0.0000000000
103470  -39.919  31.832  34.939 0.0000000000
103550  -48.862  31.606  26.682 0.0000000000
103582  -48.267  31.496  26.423 0.0000000000
103583  -49.274  31.755  26.453 0.0000000000
104102  -44.927  31.950  36.272 0.0000000000
104104  -46.532  31.374  36.297 0.0000000000
104113  -40.638  32.181  34.951 0.0000000000
104118  -47.834  32.322  35.453 0.0000000000
104132  -38.428  32.189  34.260 0.0000000000
104134  -40.495  32.733  34.403 0.0000000000
104136  -42.136  32.694  35.028 0.0000000000
104139  -46.937  31.543  35.340 0.0000000000
104141  -48.235  32.413  35.088 0.0000000000
104155  -38.290  32.674  33.777 0.0000000000
104156  -39.015  33.177  33.556 0.0000000000
104197  -40.856  32.207  29.388 0.0000000000
104198  -41.473  32.483  29.669 0.0000000000
104199  -42.872  32.799  29.403 0.0000000000
104200  -44.146  32.761  28.963 0.0000000000
104205  -49.775  32.649  28.260 0.0000000000
104218  -48.552  31.762  27.666 0.0000000000
104231  -49.411  31.819  26.446 0.0000000000
104232  -49.825  31.969  26.568 0.0000000000
104233  -50.018  32.181  26.962 0.0000000000
104817  -47.378  32.642  35.636 0.0000000000
104828  -40.825  33.304  34.059 0.0000000000
104831  -43.980  33.547  34.740 0.0000000000
104835  -48.650  32.806  34.980 0.0000000000
104851  -39.700  33.623  33.354 0.0000000000
104857  -48.915  32.607  33.864 0.0000000000
104872  -43.749  33.265  32.173 0.0000000000
104889  -48.299  33.006  32.067 0.0000000000
104890  -49.366  33.447  31.762 0.0000000000
104891  -49.792  33.330  30.875 0.0000000000
104898  -43.759  33.411  30.396 0.0000000000
104914  -49.851  32.998  28.770 0.0000000000
104923  -49.560  33.051  27.376 0.0000000000
105539  -40.323  33.959  33.245 0.0000000000
105543  -44.469  34.490  33.779 0.0000000000
105563  -40.442  34.468  32.780 0.0000000000
105564  -41.202  34.686  32.771 0.0000000000
105565  -41.999  34.910  32.748 0.0000000000
105567  -44.502  34.947  33.116 0.0000000000
105568  -45.476  34.966  33.036 0.0000000000
105592  -49.704  33.746  29.915 0.0000000000
105608  -49.977  33.317  28.177 0.0000000000
106218  -42.075  35.516  31.997 0.0000000000
106238  -38.489  35.683  31.476 0.0000000000
106239  -39.821  35.390  31.792 0.0000000000
106245  -45.774  35.916  31.616 0.0000000000
106258  -49.624  34.917  29.737 0.0000000000
106860  -39.872  36.044  31.122 0.0000000000
106861  -40.742  36.084  31.129 0.0000000000
106864  -44.155  36.409  31.202 0.0000000000
106866  -46.522  36.237  31.362 0.0000000000
106891  -47.407  36.799  31.221 0.0000000000
106892  -48.486  36.307  30.841 0.0000000000
106893  -49.339  36.576  30.284 0.0000000000
106894  -49.636  36.606  29.677 0.0000000000
106902  -49.632  36.529  29.258 0.0000000000
106909  -49.330  36.829  28.919 0.0000000000
107530  -48.522  38.722  31.489 0.0000000000
107545  -38.809  37.824  29.940 0.0000000000
107547  -40.548  37.104  30.126 0.0000000000
107548  -41.389  37.219  30.069 0.0000000000
107549  -42.242  37.329  30.108 0.0000000000
107554  -49.050  38.085  30.956 0.0000000000
107572  -48.932  38.169  29.627 0.0000000000
107573  -49.330  37.902  29.859 0.0000000000
107574  -49.475  37.265  29.654 0.0000000000
108186  -47.974  38.265  31.575 0.0000000000
108187  -48.952  38.745  31.092 0.0000000000
108201  -40.499  38.671  29.581 0.0000000000
108202  -41.270  38.668  29.552 0.0000000000
108204  -43.766  38.297  29.977 0.0000000000
108244  -45.167  38.487  26.302 0.0000000000
108790  -32.909  39.954  36.190 0.0000000000
108791  -33.529  39.994  35.940 0.0000000000
108792  -34.088  40.049  35.670 0.0000000000
108795  -33.339  39.838  35.898 0.0000000000
108796  -33.879  39.916  35.717 0.0000000000
108797  -34.503  39.976  35.443 0.0000000000
108798  -35.212  40.283  35.179 0.0000000000
108799  -35.817  40.388  35.057 0.0000000000
108821  -47.571  39.644  32.183 0.0000000000
108826  -38.599  39.026  30.235 0.0000000000
108832  -48.742  39.278  31.108 0.0000000000
108838  -42.577  39.526  29.623 0.0000000000
109465  -31.795  39.998  36.709 0.0000000000
109481  -30.501  40.465  35.032 0.0000000000
109483  -32.614  40.463  35.326 0.0000000000
109485  -34.651  40.484  35.322 0.0000000000
109486  -35.734  40.859  35.248 0.0000000000
109487  -36.417  40.765  35.090 0.0000000000
109488  -37.925  41.222  34.757 0.0000000000
109489  -38.716  41.475  34.623 0.0000000000
109501  -39.697  40.926  33.768 0.0000000000
109531  -47.528  40.765  32.330 0.0000000000
109538  -33.444  40.592  30.649 0.0000000000
109539  -34.344  40.628  30.607 0.0000000000
109540  -35.163  40.716  30.559 0.0000000000
109541  -35.926  40.832  30.432 0.0000000000
109542  -40.335  40.283  30.889 0.0000000000
109553  -32.959  40.841  29.806 0.0000000000
109557  -35.975  41.074  29.703 0.0000000000
109558  -41.451  39.909  29.853 0.0000000000
109559  -42.152  40.077  29.810 0.0000000000
109560  -43.012  40.210  29.858 0.0000000000
109564  -47.990  40.491  31.578 0.0000000000
110088  -38.383  41.845  34.811 0.0000000000
110089  -39.005  41.988  34.839 0.0000000000
110090  -40.399  42.065  34.556 0.0000000000
110091  -41.214  42.513  34.492 0.0000000000
110096  -36.511  41.660  34.471 0.0000000000
110097  -37.749  42.160  34.268 0.0000000000
110098  -39.541  41.611  34.513 0.0000000000
110106  -35.453  41.378  33.103 0.0000000000
110110  -39.402  42.347  32.829 0.0000000000
110111  -41.396  41.494  33.310 0.0000000000
110128  -47.382  40.991  32.459 0.0000000000
110134  -30.181  41.206  30.088 0.0000000000
110137  -38.343  41.508  30.506 0.0000000000
110138  -39.158  41.777  30.569 0.0000000000
110150  -34.360  41.199  29.180 0.0000000000
110153  -37.186  41.463  29.448 0.0000000000
110155  -38.809  41.800  29.820 0.0000000000
110162  -33.225  41.618  28.490 0.0000000000
110166  -36.807  41.849  28.731 0.0000000000
110171  -33.712  42.012  27.937 0.0000000000
110612  -38.220  42.087  34.659 0.0000000000
110615  -40.781  42.649  34.465 0.0000000000
110616  -41.946  42.905  34.628 0.0000000000
110619  -38.515  42.311  34.351 0.0000000000
110620  -39.376  42.371  34.397 0.0000000000
110628  -41.689  43.478  33.814 0.0000000000
110629  -42.804  42.760  34.325 0.0000000000
110636  -40.859  42.740  31.784 0.0000000000
110646  -39.929  42.208  30.671 0.0000000000
110656  -39.500  42.212  29.849 0.0000000000
110670  -39.168  43.114  28.541 0.0000000000
110682  -38.289  43.016  27.643 0.0000000000
110683  -45.758  43.418  27.462 0.0000000000
110702  -43.898  42.569  25.630 0.0000000000
110705  -47.103  43.082  25.520 0.0000000000
110709  -42.836  42.793  24.604 0.0000000000
110710  -43.640  42.461  24.724 0.0000000000
110725  -42.765  42.987  23.091 0.0000000000
111178  -43.381  43.973  34.329 0.0000000000
111182  -40.949  43.104  34.235 0.0000000000
111184  -44.500  44.324  33.649 0.0000000000
111189  -45.041  44.334  33.210 0.0000000000
111190  -45.413  44.043  32.403 0.0000000000
111200  -39.804  43.327  28.904 0.0000000000
111202  -41.206  44.311  29.253 0.0000000000
111203  -45.630  44.096  30.299 0.0000000000
111211  -45.415  44.374  28.582 0.0000000000
111222  -43.225  44.209  27.586 0.0000000000
111224  -45.477  44.028  27.902 0.0000000000
111742  -43.525  44.640  32.961 0.0000000000
111751  -45.428  44.661  31.329 0.0000000000
111761  -41.984  45.167  29.116 0.0000000000
111763  -43.985  45.545  29.805 0.0000000000
111768  -41.241  44.572  27.892 0.0000000000
111770  -42.583  45.195  28.745 0.0000000000
111781  -44.136  44.691  28.343 0.0000000000
111818  -42.669  44.475  22.486 0.0000000000
123540  -31.514  41.349  29.175 0.0000000000
123564  -42.949  21.172  40.348 0.0000000000
123642  -44.163  20.068  34.025 0.0000000000
123799  -35.953  25.630  37.633 0.0000000000
123973  -30.980  40.564  34.341 0.0000000000
123985  -40.897  20.921  40.783 0.0000000000
124460  -41.838  24.477  31.233 0.0000000000
125197  -30.794  40.568  33.409 0.0000000000
125633  -45.030  41.359  31.699 0.0000000000
126013  -37.162  41.858  34.483 0.0000000000
126934  -41.899  19.530  35.885 0.0000000000
127284  -45.220  42.463  24.277 0.0000000000
127397  -45.720  41.825  27.924 0.0000000000
128282  -43.458  32.711  28.984 0.0000000000
128300  -46.550  31.004  35.600 0.0000000000
128893  -39.127  24.676  35.747 0.0000000000
129059  -47.325  37.093  28.350 0.0000000000
130386  -49.703  36.236  29.006 0.0000000000
131568  -32.073  40.552  32.387 0.0000000000
132043  -42.928  38.265  29.741 0.0000000000
132560  -47.732  32.654  33.244 0.0000000000
133378  -46.082  43.188  26.945 0.0000000000
134118  -35.290  41.013  35.220 0.0000000000
134672  -44.279  33.508  30.977 0.0000000000
134790  -37.319  33.470  33.081 0.0000000000
135026  -44.281  40.899  30.816 0.0000000000
135745  -40.777  33.735  33.564 0.0000000000
136422  -47.104  31.871  36.095 0.0000000000
137138  -37.245  40.880  34.891 0.0000000000
138063  -42.521  21.190  33.229 0.0000000000
138155  -39.478  23.323  26.474 0.0000000000
138639  -49.432  35.118  28.517 0.0000000000
139821  -44.617  21.307  32.353 0.0000000000
140179  -41.366  30.628  36.552 0.0000000000
141105  -37.433  41.222  34.918 0.0000000000
141210  -39.909  38.303  29.650 0.0000000000
141240  -44.408  45.381  29.389 0.0000000000
141555  -36.878  29.254  37.327 0.0000000000
141651  -38.256  42.284  33.722 0.0000000000
142296  -41.429  42.953  34.617 0.0000000000
142332  -48.624  33.716  33.140 0.0000000000
142615  -43.731  44.437  27.967 0.0000000000
142766  -48.955  37.318  30.691 0.0000000000
142878  -44.234  45.145  32.785 0.0000000000
143551  -42.210  19.863  34.656 0.0000000000
143827  -38.012  29.471  37.192 0.0000000000
143898  -49.878  34.495  29.191 0.0000000000
144276  -50.379  24.870  28.686 0.0000000000
145189  -47.955  40.420  32.317 0.0000000000
146150  -42.627  36.442  30.901 0.0000000000
146929  -40.089  26.457  37.225 0.0000000000
147097  -39.276  39.901  31.103 0.0000000000
147655  -45.391  38.648  30.554 0.0000000000
147893  -33.728  40.159  35.709 0.0000000000
148142  -50.198  32.842  30.763 0.0000000000
148282  -42.069  32.875  31.731 0.0000000000
148307  -32.527  40.548  32.073 0.0000000000
148396  -47.530  40.364  32.412 0.0000000000
148417  -52.059  23.207  32.229 0.0000000000
148667  -40.058  36.956  30.240 0.0000000000
148886  -49.391  22.516  38.829 0.0000000000
149447  -39.757  39.943  30.762 0.0000000000
149604  -44.032  44.076  34.138 0.0000000000
149622  -31.141  40.553  31.155 0.0000000000
149651  -41.533  31.362  33.439 0.0000000000
