#!ascii label  , from subject sub-v1s19x0051306_ses-1 vox2ras=TkReg
481
14268  -20.333  -66.349  7.579 0.6999999881
14282  -20.168  -66.342  6.499 0.6000000238
15071  -20.507  -66.188  5.625 0.6000000238
15087  -22.236  -65.591  4.908 0.4000000060
16726  -17.143  -63.535  11.112 0.6999999881
17574  -17.372  -63.045  10.694 0.6999999881
15889  -17.162  -64.011  10.691 0.6999999881
16732  -16.994  -63.573  10.307 0.6000000238
15880  -17.907  -64.430  11.240 0.6999999881
16740  -16.907  -63.579  9.544 0.6000000238
15890  -17.876  -64.461  10.353 0.6000000238
15896  -17.052  -64.035  9.926 0.6000000238
132657  -18.596  -65.179  9.058 0.6000000238
15897  -17.853  -64.488  9.519 0.6000000238
143960  -16.878  -63.849  8.299 0.5000000000
15041  -18.396  -65.067  8.074 0.5000000000
15914  -17.655  -64.477  7.342 0.5000000000
15054  -18.516  -65.321  7.021 0.6000000238
14267  -19.550  -66.278  7.131 0.6000000238
15069  -18.632  -65.615  5.855 0.6000000238
14280  -18.977  -66.180  4.764 0.6000000238
130840  -19.486  -66.355  4.414 0.6000000238
17562  -17.432  -62.965  11.586 0.6000000238
17588  -18.032  -62.737  10.326 0.6000000238
145895  -17.803  -62.792  9.674 0.6000000238
17599  -17.213  -63.062  9.225 0.6000000238
17600  -18.217  -62.711  9.028 0.6000000238
16747  -16.905  -63.515  8.726 0.6000000238
16755  -16.916  -63.543  7.928 0.6000000238
16764  -17.042  -63.655  7.106 0.6000000238
15913  -17.082  -64.027  6.742 0.6999999881
15927  -17.878  -64.623  6.332 0.6000000238
15940  -17.939  -64.743  5.232 0.6000000238
14297  -20.353  -66.321  4.609 0.5000000000
14308  -20.785  -66.449  3.457 0.5000000000
17563  -18.178  -62.636  12.139 0.6000000238
17589  -19.119  -62.537  10.560 0.6000000238
133868  -19.776  -62.366  9.977 0.6000000238
142123  -18.791  -62.598  9.765 0.6000000238
17601  -19.488  -62.396  9.036 0.6000000238
17610  -18.817  -62.571  8.211 0.6000000238
17622  -18.257  -62.722  7.291 0.6000000238
17609  -17.353  -62.976  8.267 0.6000000238
17621  -17.266  -63.197  7.274 0.6000000238
17633  -17.271  -63.387  6.514 0.6999999881
15085  -18.498  -65.554  4.490 0.6000000238
14305  -18.723  -66.061  3.706 0.6000000238
15099  -21.612  -66.217  4.016 0.4000000060
17565  -20.053  -62.037  12.292 0.6000000238
17576  -19.420  -62.441  11.275 0.6000000238
17590  -19.982  -62.289  10.810 0.6000000238
17602  -20.408  -62.077  9.443 0.6000000238
17612  -20.359  -62.012  8.606 0.5000000000
17611  -19.757  -62.260  8.204 0.6000000238
17657  -17.589  -63.282  4.556 0.6000000238
134014  -17.140  -63.756  6.185 0.6000000238
15926  -17.241  -64.110  5.723 0.6000000238
15939  -17.427  -64.154  4.727 0.6000000238
15953  -18.026  -64.738  4.217 0.6000000238
15112  -19.214  -65.979  2.719 0.6000000238
14315  -19.203  -66.277  2.897 0.6000000238
14317  -20.959  -66.390  2.775 0.4000000060
14316  -20.061  -66.380  2.841 0.5000000000
18388  -19.565  -61.903  12.930 0.5000000000
18401  -20.623  -61.743  11.965 0.6000000238
18411  -20.657  -61.871  11.147 0.6000000238
125582  -20.576  -62.021  10.288 0.6000000238
143543  -21.122  -61.658  9.784 0.5000000000
18424  -21.023  -61.632  8.987 0.5000000000
17624  -20.411  -61.763  7.684 0.6000000238
18450  -20.740  -61.125  6.956 0.6000000238
18449  -20.025  -61.690  6.739 0.6999999881
17635  -19.117  -62.284  6.438 0.6999999881
17634  -17.929  -62.845  6.145 0.6999999881
18479  -18.359  -61.708  4.111 0.6000000238
17647  -17.418  -63.349  5.590 0.6999999881
17648  -18.029  -62.695  4.851 0.6000000238
16786  -17.505  -63.715  4.302 0.6000000238
15952  -17.801  -63.702  3.758 0.6000000238
15966  -18.317  -64.617  3.701 0.6000000238
14323  -19.606  -66.167  2.713 0.5000000000
15969  -21.063  -65.681  2.552 0.4000000060
18390  -21.033  -61.153  12.311 0.6000000238
18402  -21.235  -61.352  11.561 0.6000000238
18412  -21.336  -61.467  10.601 0.5000000000
147717  -21.588  -61.349  9.997 0.6000000238
18425  -21.722  -61.141  9.390 0.5000000000
18437  -21.528  -61.103  8.441 0.6000000238
136447  -22.069  -60.418  8.756 0.5000000000
18436  -20.930  -61.549  8.258 0.6000000238
138007  -21.733  -60.367  7.817 0.5000000000
19245  -21.212  -60.621  7.201 0.5000000000
19253  -20.814  -60.379  6.541 0.5000000000
19252  -20.269  -60.950  6.070 0.6000000238
20089  -20.149  -60.022  5.581 0.5000000000
144379  -19.629  -61.567  5.868 0.6000000238
20103  -19.229  -59.785  4.590 0.4000000060
18464  -18.838  -61.976  5.115 0.6999999881
20102  -18.645  -60.169  4.095 0.4000000060
19275  -18.598  -60.731  3.844 0.5000000000
17658  -17.951  -62.473  3.983 0.6000000238
19284  -18.743  -60.946  3.482 0.5000000000
17665  -18.245  -62.417  3.615 0.6000000238
18501  -19.141  -61.134  3.225 0.5000000000
16797  -18.479  -63.514  3.474 0.6000000238
15954  -20.459  -64.674  3.437 0.5000000000
17666  -18.515  -62.514  3.401 0.6000000238
135064  -19.155  -62.970  3.449 0.6000000238
15968  -19.768  -65.476  2.888 0.6000000238
19190  -21.327  -60.426  12.519 0.5000000000
19202  -21.881  -60.715  11.161 0.5000000000
19230  -22.228  -60.368  9.607 0.5000000000
20073  -22.346  -59.776  9.137 0.4000000060
20081  -21.772  -59.476  7.585 0.4000000060
19254  -21.367  -59.909  7.055 0.5000000000
20091  -21.352  -58.907  7.020 0.5000000000
20893  -19.357  -58.577  4.866 0.4000000060
138471  -19.525  -59.291  4.987 0.4000000060
129652  -18.921  -59.009  4.308 0.4000000060
20112  -18.706  -59.365  3.960 0.5000000000
20111  -18.641  -59.842  4.033 0.5000000000
135893  -18.849  -59.872  3.683 0.5000000000
20120  -18.726  -60.398  3.662 0.5000000000
19285  -19.101  -60.552  3.303 0.5000000000
137535  -20.932  -63.224  4.436 0.5000000000
16798  -19.326  -64.287  3.547 0.5000000000
20882  -20.968  -58.034  6.806 0.5000000000
20881  -20.628  -58.620  6.324 0.5000000000
21764  -19.781  -57.457  5.835 0.5000000000
20900  -18.941  -58.413  4.102 0.4000000060
20121  -19.527  -59.268  3.466 0.5000000000
17660  -21.291  -62.448  4.658 0.5000000000
16777  -21.722  -63.217  4.800 0.3000000119
20910  -19.776  -58.477  3.571 0.5000000000
19286  -19.953  -60.675  3.329 0.5000000000
18489  -20.611  -61.472  3.840 0.5000000000
21765  -20.445  -57.345  6.611 0.4000000060
130262  -19.901  -58.219  5.655 0.4000000060
22747  -19.755  -56.732  6.187 0.4000000060
22762  -19.221  -56.902  4.678 0.4000000060
21776  -19.209  -57.685  4.902 0.4000000060
21794  -19.602  -57.351  4.140 0.4000000060
22763  -19.820  -56.487  4.364 0.4000000060
20911  -20.211  -57.783  3.717 0.5000000000
18491  -21.979  -61.124  4.940 0.4000000060
141060  -21.892  -61.959  5.107 0.4000000060
19287  -20.417  -59.816  3.415 0.5000000000
18490  -21.381  -61.507  4.527 0.5000000000
20122  -20.621  -58.985  3.512 0.5000000000
20113  -21.397  -59.504  3.864 0.5000000000
19276  -21.155  -60.551  3.959 0.5000000000
23649  -19.152  -55.992  4.786 0.4000000060
19277  -22.053  -60.069  4.600 0.4000000060
144486  -20.769  -58.312  3.627 0.5000000000
20901  -21.516  -58.615  3.855 0.5000000000
23650  -20.033  -55.565  4.441 0.4000000060
20114  -22.117  -59.062  4.411 0.4000000060
20104  -22.685  -59.580  5.268 0.3000000119
21785  -20.655  -57.020  3.993 0.5000000000
21786  -21.412  -57.739  3.894 0.5000000000
126499  -20.353  -54.557  4.491 0.4000000060
134925  -22.629  -57.882  4.980 0.3000000119
20894  -22.636  -58.611  5.071 0.3000000119
22764  -20.959  -56.127  4.255 0.4000000060
20902  -22.168  -58.100  4.344 0.5000000000
128254  -22.016  -55.857  4.544 0.4000000060
136631  -21.821  -56.853  4.273 0.5000000000
149908  -22.003  -57.515  4.248 0.5000000000
25370  -20.935  -53.796  4.628 0.4000000060
21778  -22.914  -57.316  5.394 0.3000000119
20895  -23.102  -58.101  5.604 0.3000000119
23651  -21.256  -55.228  4.429 0.4000000060
22754  -22.642  -56.472  5.006 0.4000000060
140639  -21.681  -54.309  4.729 0.4000000060
25361  -20.759  -53.169  4.840 0.5000000000
23643  -22.928  -55.914  5.700 0.3000000119
22755  -23.243  -56.630  6.086 0.4000000060
23637  -23.365  -55.777  6.491 0.4000000060
128313  -23.817  -56.422  6.880 0.4000000060
25362  -21.428  -53.452  4.971 0.4000000060
126550  -22.557  -55.517  5.111 0.5000000000
24524  -22.857  -55.207  6.043 0.4000000060
25355  -22.084  -53.805  5.621 0.5000000000
23652  -22.127  -55.095  4.731 0.5000000000
24532  -22.409  -54.693  5.385 0.5000000000
24525  -22.831  -54.215  6.582 0.4000000060
24512  -23.647  -54.484  7.194 0.4000000060
143324  -24.033  -55.466  7.232 0.3000000119
126616  -21.127  -52.879  5.140 0.5000000000
25354  -21.601  -53.052  5.645 0.5000000000
26185  -23.335  -52.500  7.422 0.4000000060
144131  -23.679  -51.837  7.532 0.3000000119
27898  -20.398  -50.414  5.833 0.5000000000
27021  -22.849  -51.775  7.405 0.4000000060
25356  -22.973  -53.280  7.137 0.4000000060
127899  -23.425  -53.804  7.236 0.4000000060
25347  -23.769  -53.137  7.449 0.4000000060
134128  -24.571  -53.077  7.501 0.3000000119
27029  -20.687  -51.687  5.605 0.5000000000
26192  -21.766  -52.496  6.376 0.5000000000
130829  -22.244  -53.252  6.458 0.5000000000
27019  -21.390  -51.645  6.353 0.5000000000
27890  -23.130  -50.418  7.542 0.4000000060
27008  -23.502  -51.148  7.545 0.4000000060
28786  -20.307  -49.734  5.915 0.5000000000
26186  -24.162  -52.360  7.532 0.3000000119
27899  -20.922  -50.143  6.259 0.5000000000
128009  -21.472  -50.739  6.684 0.5000000000
27020  -22.083  -51.297  7.125 0.5000000000
136975  -22.042  -51.981  6.926 0.5000000000
28777  -23.437  -49.643  7.556 0.4000000060
29748  -19.752  -48.162  6.168 0.5000000000
29750  -21.378  -48.269  6.757 0.5000000000
27891  -23.981  -50.403  7.561 0.3000000119
29749  -20.538  -48.263  6.367 0.5000000000
30681  -20.915  -47.536  6.561 0.5000000000
28787  -20.971  -49.171  6.451 0.5000000000
14281  -19.299  -66.205  6.122 0.6000000238
15086  -21.240  -65.928  5.106 0.5000000000
142857  -17.873  -64.550  8.780 0.6000000238
17623  -19.467  -62.274  7.445 0.6999999881
15098  -18.596  -65.568  3.519 0.6000000238
15967  -18.806  -64.930  3.443 0.6000000238
141319  -18.706  -61.007  4.284 0.5000000000
16795  -17.765  -63.125  3.857 0.6000000238
20090  -20.798  -59.510  6.374 0.5000000000
20880  -20.126  -59.072  5.648 0.5000000000
19265  -19.424  -60.797  5.005 0.4000000060
18502  -19.761  -61.480  3.382 0.5000000000
17659  -20.126  -62.470  3.795 0.5000000000
21784  -19.157  -57.693  4.398 0.4000000060
20909  -18.892  -58.744  3.907 0.5000000000
123809  -19.194  -56.898  5.319 0.4000000060
21777  -22.400  -57.349  4.654 0.4000000060
134355  -23.360  -55.024  6.735 0.4000000060
125433  -24.074  -53.818  7.458 0.3000000119
27900  -21.659  -49.881  6.881 0.5000000000
9520  -19.272  -72.671  12.677 0.5000000000
9532  -20.096  -72.755  11.452 0.5000000000
128269  -19.569  -72.935  11.988 0.5000000000
10273  -21.889  -72.134  10.209 0.5000000000
9544  -20.839  -72.630  10.151 0.5000000000
140010  -20.061  -72.953  10.616 0.4000000060
9502  -19.729  -72.084  13.148 0.5000000000
9533  -20.819  -72.327  11.652 0.6000000238
9521  -20.167  -72.400  12.337 0.6000000238
9545  -21.321  -72.258  10.974 0.5000000000
10275  -23.288  -71.073  9.316 0.4000000060
11682  -19.106  -69.830  14.491 0.6999999881
10958  -19.781  -70.246  14.232 0.6999999881
10979  -20.830  -71.023  13.278 0.6999999881
10990  -21.960  -70.909  12.194 0.5000000000
10980  -21.487  -70.440  12.893 0.6999999881
10266  -22.516  -71.425  10.661 0.5000000000
10998  -22.869  -70.591  11.082 0.5000000000
10256  -21.541  -71.703  11.764 0.5000000000
11740  -23.869  -69.352  9.662 0.5000000000
11008  -23.142  -70.939  10.216 0.5000000000
11679  -16.866  -68.961  14.155 0.5000000000
124853  -17.665  -69.421  14.387 0.6999999881
130196  -18.510  -69.113  14.549 0.6999999881
11681  -18.284  -69.844  14.479 0.6999999881
12480  -19.456  -68.875  14.425 0.6999999881
10967  -20.303  -70.644  13.789 0.6000000238
10981  -22.172  -70.135  12.274 0.6999999881
11698  -21.710  -69.549  12.703 0.6000000238
11720  -23.110  -69.656  10.960 0.5000000000
11707  -22.660  -69.878  11.633 0.6000000238
11721  -23.508  -69.470  10.260 0.5000000000
13435  -24.566  -67.339  8.859 0.5000000000
13325  -17.772  -67.517  14.458 0.5000000000
12479  -17.829  -68.453  14.504 0.6999999881
12481  -20.147  -69.104  14.154 0.6999999881
13343  -20.266  -67.885  13.529 0.6999999881
13327  -19.479  -67.852  14.204 0.6999999881
11691  -21.149  -69.657  13.350 0.8000000119
12501  -20.981  -68.312  12.953 0.6999999881
13369  -22.220  -68.247  11.139 0.6000000238
12516  -22.053  -68.638  11.691 0.6999999881
13385  -23.244  -67.947  10.266 0.6999999881
140366  -22.786  -68.387  10.781 0.6000000238
146353  -24.160  -67.471  9.323 0.6000000238
13410  -23.796  -67.688  9.656 0.6000000238
14260  -24.368  -66.389  8.661 0.6000000238
13342  -15.912  -67.558  14.119 0.5000000000
14151  -17.449  -66.664  14.341 0.6000000238
13324  -16.725  -67.358  14.343 0.5000000000
14152  -18.340  -66.812  14.298 0.6000000238
13326  -18.657  -67.524  14.401 0.6000000238
14153  -19.111  -67.005  14.125 0.6999999881
14164  -20.016  -67.072  13.066 0.6999999881
141072  -19.664  -67.257  13.716 0.6000000238
12489  -20.677  -68.869  13.639 0.6999999881
13355  -20.579  -67.604  12.616 0.6999999881
12502  -21.579  -68.678  12.325 0.6999999881
13409  -22.805  -67.257  10.085 0.6999999881
14242  -23.918  -66.936  9.340 0.6999999881
148783  -23.391  -67.284  9.779 0.6999999881
14150  -16.596  -66.524  14.270 0.5000000000
14951  -18.009  -66.067  14.124 0.6000000238
14163  -18.737  -66.355  13.879 0.6000000238
136581  -19.371  -66.559  13.456 0.6000000238
13367  -20.735  -67.502  11.722 0.8000000119
14191  -20.274  -66.983  11.199 0.5000000000
14190  -19.769  -66.425  11.668 0.6000000238
13368  -21.461  -68.000  11.529 0.6999999881
13382  -20.930  -67.374  10.909 0.6999999881
15043  -22.246  -65.740  8.317 0.6999999881
14257  -21.636  -66.310  8.917 0.6999999881
15058  -23.621  -65.106  7.752 0.5000000000
15044  -23.131  -65.562  8.391 0.6999999881
15916  -23.405  -64.778  7.095 0.5000000000
14149  -15.921  -66.433  14.195 0.5000000000
14970  -16.689  -65.226  13.819 0.5000000000
14971  -17.568  -65.362  13.728 0.6000000238
14950  -17.121  -65.929  14.128 0.6000000238
15857  -17.889  -64.805  13.134 0.6000000238
14988  -18.629  -65.268  12.652 0.6000000238
15867  -17.963  -64.536  12.275 0.6000000238
14973  -19.143  -65.898  13.013 0.6000000238
15005  -18.689  -65.111  11.725 0.6000000238
14238  -19.897  -66.428  9.626 0.6000000238
14212  -19.645  -66.218  10.256 0.5000000000
15020  -18.655  -65.077  10.774 0.5000000000
14256  -20.549  -66.414  8.634 0.6000000238
147468  -20.332  -66.537  9.381 0.6000000238
14269  -21.252  -66.098  8.044 0.6000000238
124658  -21.794  -65.507  5.808 0.5000000000
15856  -17.018  -64.608  13.424 0.6000000238
15879  -17.152  -63.979  11.628 0.6000000238
15021  -19.141  -65.630  10.312 0.5000000000
15033  -18.633  -65.098  9.923 0.5000000000
14255  -19.728  -66.327  8.053 0.4000000060
15042  -19.182  -65.906  8.520 0.5000000000
15034  -19.311  -65.855  9.508 0.5000000000
14283  -21.101  -66.004  7.124 0.6000000238
14969  -15.835  -65.176  13.860 0.5000000000
136147  -16.543  -63.977  13.166 0.6000000238
15866  -16.976  -64.024  12.772 0.6000000238
15055  -19.056  -66.012  7.598 0.5000000000
15854  -15.375  -64.476  13.668 0.5000000000
15855  -16.184  -64.385  13.506 0.5000000000
16708  -16.821  -63.276  12.992 0.6000000238
16718  -17.137  -63.477  12.106 0.6000000238
15853  -14.541  -64.547  13.740 0.5000000000
16706  -15.561  -63.692  13.541 0.5000000000
16707  -16.245  -63.398  13.334 0.6000000238
16705  -14.363  -63.664  13.812 0.5000000000
129386  -15.756  -62.978  13.588 0.5000000000
17551  -16.341  -62.630  13.560 0.5000000000
127704  -17.095  -62.448  13.437 0.6000000238
17552  -17.580  -62.716  12.802 0.6000000238
17550  -15.027  -63.064  13.851 0.5000000000
17535  -14.744  -62.201  14.199 0.5000000000
145583  -18.702  -62.366  12.802 0.5000000000
17536  -15.725  -62.251  13.999 0.5000000000
125799  -17.980  -62.129  13.433 0.5000000000
17534  -13.791  -62.123  14.192 0.5000000000
18360  -15.330  -61.480  14.369 0.5000000000
18376  -17.511  -61.679  13.855 0.5000000000
146615  -18.336  -62.316  13.124 0.4000000060
18359  -14.350  -61.269  14.376 0.5000000000
18362  -17.007  -61.215  14.277 0.5000000000
18377  -18.362  -61.473  13.738 0.4000000060
17553  -18.766  -61.990  13.310 0.4000000060
19162  -16.431  -60.694  14.460 0.4000000060
18363  -17.850  -60.987  14.200 0.4000000060
19174  -18.657  -60.742  13.928 0.4000000060
15072  -21.101  -65.870  6.197 0.5000000000
15928  -22.456  -65.086  5.975 0.4000000060
15006  -19.326  -65.812  11.111 0.6000000238
18378  -19.194  -61.314  13.540 0.4000000060
19189  -20.696  -60.742  12.923 0.4000000060
11690  -20.461  -69.778  13.944 0.6999999881
13384  -22.506  -67.797  10.590 0.6999999881
13383  -21.731  -67.643  10.794 0.6999999881
133903  -19.850  -66.500  10.859 0.6000000238
14989  -19.278  -65.764  12.178 0.6000000238
14258  -22.658  -66.103  9.029 0.6999999881
14213  -20.380  -66.788  10.224 0.6999999881
14214  -21.356  -67.138  10.223 0.6999999881
15056  -21.930  -65.561  7.570 0.6000000238
15057  -22.766  -65.193  7.652 0.6000000238
8819  -19.320  -73.259  11.187 0.5000000000
10209  -19.596  -70.976  14.032 0.6000000238
10241  -21.262  -71.317  12.593 0.5000000000
10255  -20.908  -71.937  12.282 0.6000000238
10257  -22.287  -71.196  11.467 0.5000000000
10265  -21.926  -71.759  11.019 0.5000000000
10956  -18.512  -70.508  14.384 0.6999999881
10957  -19.186  -70.573  14.334 0.6999999881
10968  -20.879  -70.328  13.484 0.8000000119
10991  -22.434  -70.552  11.762 0.5000000000
10999  -23.310  -70.210  10.488 0.5000000000
11009  -23.601  -70.188  9.716 0.5000000000
11683  -19.822  -69.566  14.304 0.6999999881
11706  -22.191  -69.333  12.027 0.6999999881
12478  -17.083  -68.088  14.382 0.5000000000
12488  -20.051  -68.495  14.047 0.6999999881
12490  -21.314  -68.986  13.078 0.6999999881
12517  -22.661  -68.995  11.312 0.6000000238
12527  -23.201  -68.832  10.608 0.6999999881
12528  -23.754  -68.578  9.884 0.6000000238
12540  -24.265  -68.008  9.340 0.5000000000
13356  -21.070  -68.008  12.202 0.6999999881
13408  -22.105  -67.319  10.285 0.6999999881
14175  -19.662  -66.423  12.612 0.6000000238
14176  -20.168  -67.019  12.132 0.6999999881
14239  -21.047  -66.701  9.523 0.6999999881
14240  -22.127  -66.766  9.690 0.6999999881
14241  -23.125  -66.665  9.555 0.6999999881
14259  -23.551  -66.128  8.951 0.6999999881
14296  -19.727  -66.325  5.404 0.6000000238
14306  -18.990  -66.281  3.578 0.6000000238
14307  -19.720  -66.425  3.523 0.5000000000
14309  -21.873  -66.481  2.928 0.4000000060
14314  -18.748  -66.129  3.014 0.6000000238
14322  -19.029  -66.154  2.873 0.6000000238
14324  -20.557  -66.195  2.600 0.4000000060
14949  -16.257  -65.860  14.124 0.5000000000
14972  -18.474  -65.655  13.471 0.6000000238
15045  -23.965  -65.616  8.329 0.5000000000
15070  -18.992  -66.076  6.787 0.6000000238
15073  -21.914  -65.426  6.720 0.5000000000
15111  -18.749  -65.805  3.099 0.6000000238
15113  -20.181  -66.046  2.544 0.4000000060
15123  -21.265  -66.082  2.435 0.4000000060
15904  -17.026  -64.017  9.023 0.6000000238
15905  -17.258  -64.254  8.197 0.5000000000
15915  -22.684  -64.944  6.834 0.6000000238
15941  -22.956  -65.161  5.324 0.4000000060
16776  -17.255  -63.779  5.180 0.6000000238
16787  -20.125  -63.655  3.945 0.5000000000
16788  -21.131  -63.879  4.244 0.3000000119
16796  -18.026  -63.131  3.517 0.6000000238
17549  -14.162  -62.912  14.032 0.5000000000
17564  -19.291  -62.417  12.098 0.6000000238
17575  -18.346  -62.669  11.241 0.6000000238
17577  -20.068  -62.201  11.630 0.6000000238
17587  -17.220  -63.089  9.967 0.6000000238
17667  -19.136  -61.939  3.265 0.5000000000
18361  -16.172  -61.428  14.302 0.5000000000
18375  -16.655  -61.935  13.930 0.5000000000
18379  -19.997  -61.070  13.284 0.4000000060
18389  -20.368  -61.474  12.654 0.6000000238
18451  -21.164  -61.134  7.695 0.5000000000
18488  -18.482  -61.598  3.697 0.5000000000
18500  -18.690  -61.574  3.364 0.5000000000
18508  -18.950  -61.159  3.191 0.5000000000
19213  -21.975  -60.945  10.195 0.6000000238
19293  -18.873  -60.589  3.431 0.5000000000
26193  -22.452  -52.585  7.042 0.4000000060
26201  -20.538  -52.428  5.157 0.5000000000
26202  -21.186  -52.350  5.606 0.5000000000
27009  -24.328  -51.423  7.478 0.3000000119
27018  -20.803  -50.944  6.041 0.5000000000
27889  -22.287  -50.519  7.279 0.5000000000
28778  -24.136  -49.526  7.498 0.3000000119
28788  -21.923  -49.020  7.125 0.5000000000
29761  -20.086  -48.937  6.012 0.5000000000
125018  -19.104  -57.109  4.854 0.4000000060
126105  -19.502  -60.006  3.341 0.5000000000
129138  -18.728  -68.265  14.519 0.6999999881
130084  -18.174  -63.851  3.544 0.6000000238
130101  -18.953  -66.117  13.454 0.6000000238
132553  -21.564  -60.797  11.958 0.5000000000
132621  -19.819  -66.368  8.927 0.6000000238
134176  -15.774  -60.906  14.484 0.5000000000
137051  -19.202  -58.049  3.943 0.5000000000
141303  -20.627  -72.595  10.963 0.4000000060
142127  -14.958  -63.875  13.692 0.5000000000
142901  -17.648  -64.143  4.061 0.6000000238
143945  -20.528  -71.723  12.895 0.5000000000
144696  -20.385  -57.932  6.275 0.4000000060
145361  -16.929  -63.916  7.643 0.6000000238
146179  -18.958  -58.205  4.003 0.4000000060
146823  -23.676  -56.958  6.634 0.4000000060
146835  -18.252  -67.918  14.508 0.6999999881
147734  -16.600  -62.917  13.255 0.6000000238
149088  -21.018  -66.281  4.319 0.5000000000
149890  -22.323  -65.254  7.235 0.6000000238
