#!ascii label  , from subject sub-v1s19x0051306_ses-1 vox2ras=TkReg
947
69484  23.715  -0.294  -6.477 0.2500000000
69483  24.249  -0.856  -6.724 0.2500000000
71709  22.721  2.069  -7.670 0.2500000000
71695  23.079  1.331  -7.477 0.1250000000
71708  23.308  1.649  -8.164 0.3750000000
70623  23.119  0.924  -6.907 0.2500000000
70608  23.369  0.394  -6.363 0.2500000000
69496  24.015  -0.284  -7.195 0.7500000000
68384  24.837  -1.284  -7.051 0.8750000000
149485  24.562  -0.719  -7.313 0.8750000000
68383  25.508  -1.603  -7.364 0.8750000000
152513  23.406  0.761  -7.384 0.3750000000
70635  24.303  0.560  -8.264 0.8750000000
70621  23.891  0.333  -7.629 0.7500000000
69520  25.797  -0.115  -9.098 1.0000000000
69508  25.437  -0.526  -8.357 1.0000000000
69509  24.612  -0.204  -7.887 0.8750000000
68397  25.878  -1.222  -8.015 1.0000000000
69495  25.148  -0.918  -7.662 0.8750000000
68396  26.671  -1.546  -8.354 1.0000000000
71707  24.051  1.253  -8.572 0.8750000000
70647  24.659  0.837  -8.867 0.8750000000
69519  26.649  -0.410  -9.423 1.0000000000
70646  25.357  0.723  -9.434 1.0000000000
69518  27.489  -0.670  -9.691 1.0000000000
68409  27.093  -1.106  -9.041 1.0000000000
69507  26.247  -0.826  -8.722 1.0000000000
72824  22.430  2.707  -7.676 0.1250000000
72835  23.071  2.393  -8.482 0.6250000000
71717  24.600  1.487  -9.371 1.0000000000
71718  23.727  1.926  -8.960 0.8750000000
70658  27.441  0.229  -10.780 1.0000000000
69533  27.059  -0.037  -10.104 1.0000000000
70645  26.232  0.296  -9.823 1.0000000000
70660  25.883  0.988  -10.254 1.0000000000
69532  27.804  -0.351  -10.329 1.0000000000
69529  29.919  -0.436  -10.717 1.0000000000
68419  28.244  -0.903  -9.954 1.0000000000
76848  21.104  6.399  -9.292 0.2500000000
72836  22.527  2.855  -8.144 0.2500000000
73825  22.366  3.583  -8.536 0.3750000000
72848  24.018  3.081  -10.001 1.0000000000
72842  22.810  3.124  -8.899 0.6250000000
72840  24.236  2.317  -9.660 1.0000000000
71729  25.590  1.725  -10.568 1.0000000000
71730  24.894  1.992  -10.146 1.0000000000
70675  27.944  0.468  -11.215 1.0000000000
70659  26.653  0.612  -10.579 1.0000000000
71745  26.705  1.905  -11.501 1.0000000000
70674  28.650  0.669  -11.373 1.0000000000
69543  29.213  0.043  -11.139 1.0000000000
70673  29.395  0.860  -11.446 1.0000000000
139225  29.961  0.322  -11.259 1.0000000000
75800  21.765  6.174  -9.871 0.5000000000
75783  21.518  5.467  -9.179 0.3750000000
74818  22.113  4.702  -9.308 0.3750000000
74831  22.644  4.702  -9.910 0.5000000000
73845  23.794  3.925  -10.444 0.8750000000
72847  24.631  3.335  -10.801 1.0000000000
74839  23.931  4.665  -11.049 1.0000000000
71746  25.954  2.142  -11.221 1.0000000000
71756  27.806  2.248  -11.985 1.0000000000
71757  27.118  2.460  -12.007 1.0000000000
72860  29.333  2.249  -11.802 1.0000000000
136810  28.920  1.485  -11.645 1.0000000000
136747  30.110  1.087  -11.534 0.8750000000
76868  21.374  6.862  -9.837 0.5000000000
75799  22.208  5.413  -9.870 0.5000000000
130889  22.380  6.079  -10.451 0.6250000000
75811  23.479  5.455  -11.087 0.6250000000
75810  24.177  5.223  -11.485 1.0000000000
74830  23.282  4.714  -10.489 0.7500000000
73858  25.081  3.869  -11.685 1.0000000000
73877  28.000  4.042  -12.685 1.0000000000
73878  27.504  4.262  -12.821 1.0000000000
72872  26.882  3.283  -12.406 1.0000000000
73870  26.230  3.522  -12.348 1.0000000000
73867  28.640  3.700  -12.272 1.0000000000
143307  28.144  2.715  -12.283 1.0000000000
72871  27.598  2.972  -12.372 1.0000000000
73866  29.357  3.899  -11.802 0.8750000000
72859  29.356  3.130  -11.894 1.0000000000
143616  30.115  2.653  -11.519 0.8750000000
133744  23.354  6.325  -11.390 0.8750000000
75833  26.137  5.791  -13.721 1.0000000000
75823  24.737  5.361  -12.080 1.0000000000
74859  27.667  4.765  -12.902 1.0000000000
75831  26.965  5.629  -13.837 1.0000000000
73871  25.771  4.037  -12.479 1.0000000000
76888  27.896  5.925  -13.220 1.0000000000
74837  29.747  4.587  -11.540 1.0000000000
74847  29.026  4.516  -12.007 1.0000000000
147126  28.372  5.694  -12.568 1.0000000000
76867  21.986  6.935  -10.445 0.5000000000
75812  22.694  6.642  -10.970 0.8750000000
148293  23.915  6.703  -12.066 1.0000000000
77985  25.658  7.444  -14.061 1.0000000000
76890  25.485  6.250  -13.365 1.0000000000
79093  28.002  8.206  -12.411 1.0000000000
77974  27.746  7.385  -12.926 1.0000000000
77973  28.286  7.448  -12.065 1.0000000000
137449  28.050  6.677  -12.672 1.0000000000
76877  29.709  6.092  -11.459 1.0000000000
76879  28.589  6.714  -11.880 1.0000000000
75808  30.159  5.424  -11.329 0.8750000000
81177  23.791  10.479  -12.640 1.0000000000
81178  23.135  10.696  -11.918 0.3750000000
79109  25.346  8.442  -13.865 1.0000000000
141875  27.785  8.806  -12.705 1.0000000000
79107  27.107  8.144  -14.146 1.0000000000
82272  24.478  11.623  -13.033 0.8750000000
82271  25.233  11.460  -13.970 1.0000000000
81191  24.487  10.713  -13.268 1.0000000000
81190  25.358  10.469  -14.019 1.0000000000
136601  25.875  11.038  -15.039 1.0000000000
80142  25.943  9.345  -14.481 1.0000000000
80119  27.426  9.081  -13.455 1.0000000000
80130  27.140  9.816  -13.966 1.0000000000
80118  27.866  9.500  -12.616 1.0000000000
83312  24.489  12.396  -12.792 0.7500000000
82282  25.829  11.835  -14.992 1.0000000000
82258  27.835  11.397  -13.211 1.0000000000
82270  27.137  11.166  -14.535 1.0000000000
81189  27.477  10.519  -13.702 1.0000000000
82281  26.142  11.809  -15.306 1.0000000000
82280  26.781  11.817  -15.035 1.0000000000
87299  26.031  16.989  -13.037 0.1250000000
88232  26.483  17.799  -13.090 0.1250000000
87309  25.842  16.585  -14.061 0.2500000000
88233  26.060  17.517  -13.866 0.1250000000
135033  25.850  17.313  -14.840 0.3750000000
89252  25.403  18.269  -15.390 0.2500000000
88248  24.648  17.789  -16.263 0.5000000000
89248  26.137  18.304  -14.513 0.2500000000
133727  24.737  18.755  -15.869 0.2500000000
90239  24.418  19.610  -15.985 0.2500000000
90243  23.607  18.741  -16.744 0.2500000000
90244  23.104  19.137  -17.220 0.2500000000
89266  22.523  18.362  -17.403 0.3750000000
89258  24.084  18.572  -16.306 0.2500000000
89267  21.579  17.924  -17.399 0.3750000000
69469  23.561  -0.303  -5.900 0.1250000000
70622  23.514  0.283  -6.987 0.2500000000
70609  23.083  1.018  -6.587 0.1250000000
130382  28.658  -1.475  -9.593 1.0000000000
145323  24.093  5.892  -11.721 0.8750000000
76901  26.990  6.438  -14.417 1.0000000000
69450  23.100  -0.459  -4.388 0.1250000000
68365  24.559  -1.501  -6.341 0.6250000000
67248  25.524  -2.480  -6.420 0.7500000000
71696  22.730  1.518  -7.053 0.1250000000
153253  26.042  -2.757  -6.632 1.0000000000
70594  23.352  0.387  -6.100 0.1250000000
67273  27.087  -2.276  -7.942 1.0000000000
67280  28.414  -2.111  -9.047 1.0000000000
68407  29.324  -1.515  -9.726 1.0000000000
72825  22.268  3.388  -7.984 0.3750000000
75769  21.226  5.229  -8.392 0.2500000000
74819  21.716  4.668  -8.708 0.2500000000
70672  30.702  0.559  -11.412 0.8750000000
73855  30.841  3.024  -11.150 0.8750000000
71743  30.873  1.274  -11.586 0.8750000000
74836  30.589  4.678  -11.154 0.8750000000
133233  21.820  11.170  -10.585 0.1250000000
152885  21.907  10.465  -10.752 0.1250000000
77953  21.294  7.621  -10.076 0.3750000000
132783  22.586  7.951  -11.311 0.6250000000
77963  29.197  7.491  -11.447 1.0000000000
82259  23.753  11.167  -12.513 0.5000000000
80110  23.034  9.841  -11.811 0.3750000000
80121  23.650  9.143  -12.432 0.8750000000
79081  28.168  9.014  -12.049 1.0000000000
81166  28.600  10.376  -11.560 1.0000000000
83327  24.891  12.141  -13.556 1.0000000000
84334  25.011  12.820  -13.496 0.8750000000
84359  26.587  14.241  -14.988 1.0000000000
83333  26.545  12.581  -15.041 1.0000000000
140762  27.444  11.845  -14.174 1.0000000000
88223  25.960  17.285  -11.440 0.1250000000
127317  25.799  15.902  -12.066 0.1250000000
143761  25.887  15.970  -14.468 0.6250000000
88247  25.477  17.110  -15.799 0.6250000000
88259  24.504  17.665  -16.653 0.5000000000
89274  22.796  17.638  -17.680 0.5000000000
90234  26.210  19.381  -14.878 0.2500000000
90238  25.345  19.727  -15.511 0.2500000000
89265  23.347  18.235  -17.276 0.5000000000
89275  22.172  17.033  -17.366 0.5000000000
130475  23.341  19.621  -16.763 0.2500000000
90250  20.677  19.059  -17.963 0.2500000000
127804  20.341  17.812  -17.671 0.3750000000
90251  19.651  18.750  -17.738 0.2500000000
91326  22.882  20.119  -17.086 0.1250000000
68366  23.963  -0.975  -5.992 0.3750000000
68364  25.195  -1.894  -6.719 0.7500000000
67263  25.829  -2.262  -7.010 1.0000000000
68382  26.263  -1.933  -7.633 1.0000000000
70634  25.027  0.209  -8.656 1.0000000000
68395  27.529  -1.847  -8.691 1.0000000000
68408  27.919  -1.367  -9.362 1.0000000000
72841  23.487  2.694  -9.287 0.8750000000
144961  25.294  1.400  -9.932 1.0000000000
69544  28.529  -0.077  -10.998 1.0000000000
71728  26.316  1.382  -10.922 1.0000000000
69530  29.093  -0.528  -10.597 1.0000000000
68418  28.907  -1.007  -10.094 1.0000000000
73836  22.132  4.170  -8.828 0.3750000000
73835  22.568  3.949  -9.316 0.5000000000
73834  23.297  3.487  -9.637 0.8750000000
145595  24.589  2.644  -10.296 1.0000000000
72846  25.229  2.535  -10.827 1.0000000000
70676  27.175  1.052  -11.268 1.0000000000
135418  27.360  1.786  -11.692 1.0000000000
71744  28.037  1.367  -11.672 1.0000000000
72858  30.167  1.845  -11.539 1.0000000000
73846  23.119  4.159  -9.943 0.6250000000
75798  22.801  5.385  -10.472 0.6250000000
73859  24.400  4.082  -11.118 1.0000000000
74838  24.607  4.652  -11.604 1.0000000000
72861  26.339  2.764  -11.821 1.0000000000
149355  25.691  2.765  -11.431 1.0000000000
71755  28.488  2.151  -11.953 1.0000000000
74851  25.289  4.719  -12.300 1.0000000000
74848  28.338  4.533  -12.517 1.0000000000
73868  27.976  3.389  -12.565 1.0000000000
74849  26.605  4.373  -12.859 1.0000000000
74860  27.181  5.069  -13.244 1.0000000000
73856  30.159  3.686  -11.414 0.8750000000
76902  26.423  6.177  -14.348 1.0000000000
132257  24.720  6.117  -12.532 1.0000000000
75832  26.643  5.778  -13.949 1.0000000000
147135  26.522  5.353  -13.411 1.0000000000
75830  27.405  5.457  -13.406 1.0000000000
74850  26.054  5.019  -12.945 1.0000000000
76900  27.202  5.946  -13.951 1.0000000000
76878  28.891  5.959  -11.906 1.0000000000
75809  29.365  5.296  -11.707 1.0000000000
77964  22.475  7.334  -11.007 0.6250000000
76880  23.112  7.223  -11.542 0.7500000000
76891  24.703  7.048  -12.837 1.0000000000
76904  25.528  6.865  -13.722 1.0000000000
77986  25.050  7.731  -13.451 1.0000000000
76903  26.017  6.665  -14.344 1.0000000000
77992  25.916  8.007  -14.334 1.0000000000
77991  26.511  7.633  -14.484 1.0000000000
138871  28.642  8.356  -11.702 1.0000000000
79094  27.557  8.159  -13.286 1.0000000000
77984  27.347  7.276  -13.989 1.0000000000
80120  24.221  9.797  -12.937 1.0000000000
136149  23.523  9.995  -12.407 0.7500000000
79095  24.303  8.194  -12.700 1.0000000000
79116  26.435  8.675  -14.413 1.0000000000
79110  24.789  8.501  -13.274 1.0000000000
80132  24.832  9.194  -13.450 1.0000000000
79108  26.959  9.116  -14.168 1.0000000000
135791  24.852  9.941  -13.558 1.0000000000
81201  26.746  10.488  -14.601 1.0000000000
80141  26.464  9.727  -14.493 1.0000000000
81203  25.870  10.115  -14.579 1.0000000000
81176  28.019  10.402  -12.578 1.0000000000
146659  26.175  10.569  -14.860 1.0000000000
83334  25.998  12.694  -15.030 1.0000000000
83326  25.405  12.363  -14.281 1.0000000000
88228  25.879  16.854  -12.127 0.1250000000
87300  25.909  16.320  -12.654 0.1250000000
136129  25.869  16.280  -13.282 0.3750000000
88260  23.956  17.940  -16.748 0.5000000000
90246  21.681  19.492  -17.713 0.2500000000
68344  23.792  -1.192  -5.458 0.2500000000
143815  23.105  -0.612  -3.603 0.1250000000
68328  23.038  -1.206  -4.071 0.1250000000
68343  24.237  -1.805  -5.538 0.6250000000
67249  24.926  -2.173  -6.071 0.7500000000
80111  22.373  9.736  -11.236 0.5000000000
77952  21.913  8.024  -10.688 0.6250000000
77975  23.697  7.564  -12.233 0.8750000000
153527  22.728  8.411  -11.493 0.7500000000
79096  23.489  8.346  -12.209 0.8750000000
131831  22.963  8.898  -11.721 0.8750000000
134709  24.399  8.968  -12.889 1.0000000000
141696  25.548  13.200  -14.317 1.0000000000
84346  26.518  13.470  -15.023 1.0000000000
84345  27.120  13.322  -14.727 1.0000000000
87322  25.926  16.482  -14.997 0.7500000000
138767  25.787  15.833  -13.821 0.5000000000
88258  25.055  17.412  -16.336 0.7500000000
129452  19.062  18.106  -17.615 0.2500000000
88282  19.328  17.321  -17.632 0.3750000000
64011  26.553  -5.427  -4.472 0.7500000000
62997  28.577  -5.841  -4.669 0.7500000000
64012  25.769  -5.169  -4.201 0.7500000000
64010  27.921  -5.522  -5.127 0.7500000000
133434  27.245  -5.531  -4.776 0.7500000000
64027  26.798  -5.049  -5.013 0.7500000000
65012  26.213  -4.747  -4.821 0.7500000000
65042  28.644  -4.768  -6.181 0.7500000000
65027  27.996  -4.934  -5.768 0.7500000000
133842  27.413  -4.444  -5.954 0.7500000000
66110  25.406  -3.308  -5.450 0.7500000000
147271  25.311  -2.711  -5.903 0.6250000000
65044  26.894  -3.876  -6.171 0.7500000000
66109  26.210  -3.644  -5.805 0.8750000000
65043  28.027  -4.458  -6.485 0.7500000000
66127  27.109  -3.498  -6.848 0.8750000000
67262  26.584  -2.734  -7.160 0.8750000000
65050  29.489  -4.186  -7.282 0.7500000000
150646  28.479  -3.805  -7.431 0.7500000000
66140  28.270  -3.312  -7.767 0.8750000000
66151  29.581  -3.287  -8.525 0.7500000000
66152  28.776  -3.054  -8.406 0.8750000000
153256  28.582  -2.642  -8.741 0.8750000000
67278  30.397  -2.332  -9.455 0.8750000000
67279  29.653  -2.211  -9.460 0.8750000000
68406  30.000  -1.666  -9.811 0.8750000000
68416  30.384  -1.057  -10.155 0.8750000000
69526  33.156  -0.441  -10.815 0.3750000000
69527  32.542  -0.578  -10.857 0.6250000000
134226  31.719  -0.629  -10.806 0.7500000000
69528  30.831  -0.557  -10.667 0.7500000000
133181  34.101  0.339  -11.627 0.5000000000
69539  32.990  0.008  -11.436 0.5000000000
70670  32.884  0.565  -11.743 0.7500000000
70671  31.489  0.669  -11.557 0.7500000000
71739  34.432  0.861  -12.791 0.1250000000
71754  34.109  0.971  -12.791 0.3750000000
141059  32.175  0.747  -11.680 0.6250000000
71742  31.714  1.275  -11.601 0.6250000000
71765  35.553  1.692  -13.641 0.1250000000
71753  34.644  1.178  -13.308 0.1250000000
72869  33.799  1.253  -12.523 0.1250000000
72854  33.895  2.220  -12.223 0.1250000000
73853  32.777  2.886  -11.025 0.6250000000
73844  32.372  3.797  -10.694 0.6250000000
74835  31.273  3.920  -10.826 0.7500000000
72879  34.710  2.092  -13.660 0.1250000000
73865  34.742  3.101  -12.898 0.1250000000
73842  33.971  3.795  -11.158 0.1250000000
74827  32.962  4.567  -10.561 0.5000000000
74828  32.043  4.689  -10.537 0.6250000000
74829  31.283  4.864  -10.731 0.7500000000
72878  35.149  1.956  -14.265 0.1250000000
75792  32.635  5.458  -10.442 0.5000000000
75793  31.711  5.542  -10.507 0.6250000000
75794  30.885  5.510  -10.804 0.7500000000
85334  24.743  13.832  -12.307 0.5000000000
138969  25.636  13.933  -14.132 0.7500000000
77946  31.748  7.295  -10.378 0.6250000000
77948  30.088  7.777  -10.769 0.6250000000
79066  31.856  8.281  -10.290 0.5000000000
139461  30.982  7.999  -10.461 0.6250000000
79068  30.345  8.699  -10.603 0.6250000000
79080  29.457  8.519  -11.033 0.7500000000
84333  25.192  13.690  -13.238 0.7500000000
82243  28.430  11.339  -11.919 0.8750000000
145237  28.265  12.139  -12.385 0.8750000000
80091  29.745  9.452  -10.698 0.7500000000
137119  28.986  11.128  -10.946 0.8750000000
83299  28.673  12.607  -11.621 0.8750000000
138945  28.279  13.139  -12.482 0.8750000000
80088  32.124  9.146  -10.192 0.3750000000
79067  31.262  8.910  -10.377 0.5000000000
80090  30.663  9.602  -10.392 0.5000000000
81151  30.109  10.320  -10.462 0.6250000000
143028  32.358  9.905  -10.165 0.2500000000
80089  31.591  9.786  -10.160 0.3750000000
81150  31.058  10.522  -10.208 0.5000000000
85343  25.486  14.494  -13.458 0.6250000000
85352  25.875  14.601  -14.436 0.7500000000
135678  26.073  13.803  -14.845 0.8750000000
83325  27.280  12.516  -14.560 0.8750000000
85342  27.736  14.139  -14.065 0.7500000000
84332  28.299  13.981  -13.019 0.8750000000
142161  29.677  10.951  -10.623 0.6250000000
82242  28.851  11.981  -11.092 0.7500000000
135527  31.468  11.544  -10.210 0.5000000000
84318  29.352  14.292  -11.716 0.7500000000
81149  32.028  10.624  -10.147 0.2500000000
84360  26.281  14.501  -14.859 0.8750000000
84358  27.033  14.109  -14.846 0.8750000000
86345  26.776  15.591  -15.004 0.7500000000
86332  28.805  15.502  -13.223 0.7500000000
83288  29.421  12.849  -10.847 0.5000000000
84302  31.633  13.585  -10.996 0.2500000000
84290  31.024  13.213  -10.561 0.5000000000
83287  30.369  12.649  -10.426 0.5000000000
82228  32.514  11.394  -10.427 0.2500000000
86333  25.678  15.189  -13.660 0.5000000000
86340  25.892  15.377  -14.408 0.5000000000
86347  26.085  15.781  -14.994 0.6250000000
87336  26.379  16.125  -15.425 0.7500000000
87351  26.483  16.621  -15.903 0.7500000000
87335  26.822  16.419  -15.467 0.7500000000
87334  27.747  17.059  -15.092 0.7500000000
88246  27.366  17.386  -15.896 0.7500000000
88256  26.534  17.333  -16.350 0.7500000000
142092  29.063  17.011  -14.213 0.7500000000
88245  28.473  17.632  -15.529 0.7500000000
86323  30.190  15.713  -12.632 0.5000000000
87318  30.330  17.151  -14.389 0.3750000000
87319  29.725  16.945  -13.860 0.6250000000
85329  31.493  14.723  -12.174 0.2500000000
86322  30.958  15.405  -12.550 0.3750000000
86330  30.661  16.003  -13.164 0.3750000000
87337  25.994  16.495  -15.628 0.6250000000
88267  25.804  17.870  -17.178 0.7500000000
88266  26.607  17.994  -16.990 0.7500000000
89262  27.523  18.429  -17.528 0.7500000000
89261  28.474  18.394  -17.135 0.6250000000
88253  30.258  17.537  -16.173 0.3750000000
146983  29.589  17.874  -16.414 0.3750000000
85340  31.858  14.969  -13.077 0.1250000000
86344  31.574  16.059  -15.004 0.1250000000
87332  31.276  16.604  -15.405 0.2500000000
148850  25.595  16.939  -16.053 0.6250000000
88268  24.947  17.606  -16.972 0.7500000000
89264  25.685  18.175  -17.850 0.6250000000
89263  26.614  18.362  -17.773 0.7500000000
89256  29.011  18.233  -16.546 0.3750000000
89270  27.408  18.555  -18.443 0.3750000000
88255  28.350  18.085  -16.254 0.7500000000
147755  30.398  17.252  -17.450 0.2500000000
141945  30.078  17.639  -16.945 0.3750000000
88254  29.120  17.970  -15.958 0.6250000000
86359  31.383  15.549  -17.501 0.1250000000
87363  31.181  16.349  -17.097 0.1250000000
85356  31.866  15.172  -15.117 0.1250000000
88269  24.226  17.731  -17.160 0.6250000000
89273  24.597  18.124  -18.734 0.3750000000
88277  24.804  17.978  -17.859 0.3750000000
89282  25.222  18.751  -19.633 0.3750000000
88299  26.506  18.355  -20.924 0.2500000000
89269  28.258  18.428  -18.149 0.3750000000
89271  26.494  18.599  -18.620 0.3750000000
87375  29.632  16.859  -18.976 0.1250000000
88275  29.470  17.516  -18.509 0.3750000000
88265  29.064  18.180  -17.890 0.3750000000
85368  31.621  14.825  -17.085 0.1250000000
88274  30.269  16.835  -18.262 0.1250000000
88281  22.016  15.997  -17.731 0.3750000000
88270  23.579  17.872  -17.451 0.3750000000
88278  23.990  17.783  -17.937 0.3750000000
142391  22.623  17.239  -18.674 0.3750000000
89290  23.847  18.368  -20.727 0.3750000000
89283  24.139  18.515  -19.763 0.3750000000
88291  23.147  17.941  -19.801 0.3750000000
89294  25.623  18.493  -21.010 0.3750000000
89287  26.956  18.678  -20.206 0.3750000000
135491  28.320  16.199  -21.094 0.1250000000
88297  28.151  17.713  -20.339 0.1250000000
88298  27.397  18.123  -20.679 0.2500000000
86398  30.367  15.408  -19.374 0.1250000000
87380  22.102  15.467  -18.520 0.2500000000
87390  22.111  15.600  -19.492 0.2500000000
88292  22.295  15.790  -18.347 0.3750000000
136964  23.023  16.995  -21.621 0.1250000000
88301  22.414  17.025  -19.654 0.3750000000
88309  23.867  17.505  -21.680 0.1250000000
88300  22.979  17.600  -20.757 0.2500000000
87399  25.650  16.869  -22.319 0.1250000000
89295  24.811  18.176  -21.378 0.1250000000
89284  20.838  16.543  -17.609 0.3750000000
147120  21.494  15.756  -18.129 0.3750000000
87381  21.186  15.587  -19.018 0.2500000000
146876  21.733  15.934  -21.017 0.1250000000
87404  20.232  16.099  -21.518 0.1250000000
87402  22.179  16.276  -21.571 0.1250000000
87403  20.944  15.799  -21.703 0.1250000000
87409  25.952  16.076  -22.582 0.1250000000
87413  22.625  15.630  -22.650 0.1250000000
152183  19.093  16.277  -22.001 0.1250000000
85442  20.512  14.178  -22.442 0.1250000000
86448  19.305  14.818  -22.443 0.1250000000
135020  23.893  15.162  -23.062 0.1250000000
66153  28.001  -2.635  -8.339 0.8750000000
68404  31.570  -1.718  -9.779 0.6250000000
76860  32.236  6.349  -10.381 0.6250000000
81165  29.303  10.262  -10.868 0.8750000000
82230  29.686  11.848  -10.508 0.5000000000
85359  26.225  15.086  -14.758 0.8750000000
85358  26.582  14.893  -14.974 0.8750000000
86346  26.469  15.477  -14.979 0.7500000000
85357  26.969  14.805  -14.901 0.8750000000
86339  27.363  15.613  -14.612 0.7500000000
87320  28.130  16.559  -14.431 0.7500000000
85350  28.063  14.967  -13.854 0.7500000000
85324  30.196  14.537  -11.520 0.5000000000
85330  30.182  15.238  -12.077 0.5000000000
85331  29.608  14.947  -11.934 0.7500000000
141666  30.786  14.913  -11.894 0.5000000000
87398  26.409  16.918  -22.107 0.1250000000
87389  22.158  15.894  -20.145 0.2500000000
86431  20.923  14.913  -22.224 0.1250000000
86446  22.299  14.605  -23.337 0.1250000000
72855  33.214  1.866  -11.688 0.5000000000
72856  32.206  1.971  -11.328 0.6250000000
72857  31.070  2.108  -11.371 0.7500000000
76859  33.359  6.276  -10.426 0.3750000000
77945  32.781  7.140  -10.304 0.3750000000
143431  33.409  8.745  -10.386 0.2500000000
84305  29.010  13.455  -11.604 0.7500000000
147677  33.517  9.984  -10.590 0.1250000000
144206  26.873  -6.585  -3.610 0.7500000000
63996  25.266  -5.508  -3.509 0.7500000000
62983  28.282  -6.387  -3.872 0.7500000000
62999  27.038  -6.055  -4.169 0.7500000000
65029  25.891  -4.053  -5.175 0.7500000000
64024  29.204  -5.020  -5.731 0.6250000000
65041  29.448  -4.580  -6.536 0.7500000000
127666  30.585  -3.783  -7.416 0.6250000000
66150  30.366  -3.311  -8.558 0.6250000000
67277  31.134  -2.296  -9.346 0.5000000000
148943  33.079  -1.098  -9.320 0.3750000000
68403  32.310  -1.539  -9.685 0.5000000000
70656  34.195  0.268  -10.756 0.1250000000
71738  35.186  0.981  -12.212 0.1250000000
71751  36.067  1.750  -12.619 0.1250000000
72877  36.534  2.207  -14.011 0.1250000000
72883  35.767  2.194  -15.100 0.1250000000
72884  35.446  2.557  -15.067 0.1250000000
73883  35.235  3.174  -14.355 0.1250000000
84320  24.587  13.165  -12.607 0.3750000000
74858  35.230  3.705  -13.294 0.1250000000
74825  34.507  4.424  -11.405 0.1250000000
141924  34.241  5.809  -10.721 0.1250000000
77944  33.595  7.148  -10.429 0.2500000000
135957  32.458  7.837  -10.276 0.2500000000
85333  25.110  14.462  -12.506 0.5000000000
82227  33.327  11.177  -10.748 0.1250000000
81148  32.963  10.466  -10.386 0.2500000000
131087  32.715  12.834  -11.680 0.1250000000
85348  32.388  14.283  -13.717 0.1250000000
84344  32.271  14.208  -14.734 0.1250000000
86325  25.449  15.189  -12.757 0.3750000000
85362  31.777  14.969  -16.171 0.1250000000
85375  31.514  14.740  -18.048 0.1250000000
86413  28.753  15.432  -21.005 0.1250000000
85421  28.522  14.785  -21.535 0.1250000000
89243  26.647  18.418  -13.622 0.1250000000
87383  19.222  16.580  -19.709 0.2500000000
87392  19.369  16.503  -20.337 0.1250000000
88303  19.363  17.685  -21.029 0.1250000000
85443  19.879  14.333  -22.469 0.1250000000
86433  18.974  15.634  -22.371 0.1250000000
86442  26.345  15.084  -22.722 0.1250000000
85440  21.866  14.096  -23.609 0.1250000000
69542  30.520  -0.050  -11.070 0.7500000000
77962  29.908  6.885  -11.112 0.7500000000
76862  30.442  6.229  -10.964 0.7500000000
83313  23.799  11.976  -12.245 0.3750000000
83311  27.849  12.373  -13.416 0.8750000000
148719  29.042  -1.992  -9.392 0.8750000000
66129  25.823  -3.037  -6.127 0.7500000000
66128  26.444  -3.261  -6.457 0.8750000000
69541  31.250  0.018  -11.149 0.7500000000
73854  31.759  2.929  -10.950 0.6250000000
80108  28.888  9.395  -11.404 0.8750000000
85351  27.493  14.844  -14.472 0.8750000000
83324  27.796  13.225  -13.854 0.8750000000
89276  21.510  16.832  -17.274 0.3750000000
88283  18.799  17.707  -17.680 0.1250000000
152857  19.205  17.004  -17.884 0.2500000000
63995  26.202  -5.979  -3.776 0.7500000000
62998  27.782  -6.024  -4.418 0.7500000000
64025  28.582  -5.301  -5.450 0.7500000000
64996  24.950  -4.717  -3.860 0.7500000000
65013  25.484  -4.418  -4.553 0.7500000000
64026  27.340  -5.006  -5.372 0.7500000000
65028  26.682  -4.407  -5.484 0.7500000000
67229  24.757  -2.604  -5.421 0.6250000000
149851  27.466  -4.047  -6.527 0.8750000000
65051  28.703  -4.322  -7.046 0.7500000000
65052  27.918  -3.847  -7.122 0.8750000000
66141  27.483  -3.024  -7.526 0.8750000000
66139  29.062  -3.651  -7.750 0.7500000000
66138  30.005  -3.767  -7.854 0.7500000000
67271  29.998  -2.888  -9.090 0.7500000000
67272  29.149  -2.640  -9.004 0.8750000000
67270  30.752  -2.882  -9.008 0.6250000000
68415  31.238  -1.210  -10.289 0.7500000000
69516  33.454  -0.657  -10.105 0.2500000000
69517  32.826  -1.060  -10.301 0.5000000000
68414  32.102  -1.235  -10.363 0.6250000000
69540  32.181  0.112  -11.331 0.7500000000
70669  33.712  0.608  -12.100 0.5000000000
70668  34.406  0.584  -12.140 0.2500000000
70655  34.821  0.779  -11.077 0.1250000000
71740  33.416  0.899  -12.195 0.3750000000
71741  32.586  1.095  -11.798 0.6250000000
71766  34.924  1.469  -13.797 0.1250000000
71774  35.294  1.934  -14.342 0.1250000000
72868  34.398  1.479  -13.067 0.1250000000
73852  33.582  3.027  -11.417 0.5000000000
73843  33.295  3.754  -10.830 0.5000000000
72885  35.079  2.410  -14.296 0.1250000000
73851  34.318  3.335  -11.929 0.1250000000
74826  33.812  4.454  -10.812 0.1250000000
75791  33.561  5.274  -10.582 0.1250000000
76861  31.277  6.342  -10.546 0.6250000000
77947  30.729  7.092  -10.632 0.6250000000
85332  28.939  14.734  -12.473 0.7500000000
140602  30.452  11.210  -10.358 0.5000000000
85341  28.354  14.676  -13.321 0.7500000000
83286  31.246  12.478  -10.349 0.3750000000
86331  29.731  16.203  -13.152 0.6250000000
87308  28.928  16.403  -13.737 0.7500000000
84291  30.241  13.336  -10.674 0.5000000000
84317  31.916  14.015  -11.791 0.1250000000
141688  32.249  13.383  -11.467 0.1250000000
83285  32.115  12.280  -10.466 0.2500000000
150213  32.977  12.379  -11.187 0.1250000000
87352  26.032  16.650  -16.001 0.7500000000
89257  27.474  18.085  -16.658 0.7500000000
88238  29.604  17.346  -14.557 0.6250000000
134374  30.782  17.066  -15.043 0.3750000000
88243  30.183  17.475  -15.248 0.3750000000
86329  31.446  15.627  -13.463 0.1250000000
89272  25.535  18.484  -18.714 0.3750000000
87333  30.853  17.148  -15.821 0.3750000000
86337  31.611  15.842  -14.293 0.1250000000
87349  31.312  16.557  -16.267 0.1250000000
131171  31.633  15.906  -15.780 0.1250000000
89279  28.055  18.437  -19.098 0.3750000000
89281  26.277  18.781  -19.511 0.3750000000
88287  29.131  17.394  -19.272 0.2500000000
86360  30.910  16.135  -17.862 0.1250000000
86378  31.206  15.465  -18.185 0.1250000000
88279  23.081  17.582  -18.006 0.3750000000
88289  27.795  18.431  -19.949 0.2500000000
145075  30.018  16.221  -19.163 0.1250000000
87387  28.418  16.826  -20.585 0.1250000000
87379  28.794  17.094  -19.991 0.1250000000
88280  22.444  16.661  -17.748 0.3750000000
88310  22.408  16.399  -20.718 0.3750000000
89289  24.899  18.726  -20.528 0.3750000000
87386  29.031  16.183  -20.436 0.1250000000
87388  27.737  17.076  -21.093 0.1250000000
87397  27.124  16.797  -21.731 0.1250000000
87396  27.617  16.195  -21.711 0.1250000000
88306  26.882  17.568  -21.415 0.1250000000
88307  25.850  17.725  -21.665 0.1250000000
86412  29.377  15.304  -20.477 0.1250000000
87382  19.941  16.406  -19.149 0.2500000000
88293  20.329  16.349  -18.070 0.2500000000
131367  21.071  16.059  -20.620 0.2500000000
87401  22.852  16.295  -21.952 0.1250000000
87412  23.437  15.537  -22.686 0.1250000000
88308  24.894  17.275  -22.156 0.1250000000
87410  24.918  16.032  -22.596 0.1250000000
87391  20.240  16.291  -20.361 0.1250000000
87405  19.581  16.336  -21.593 0.1250000000
145346  19.569  15.550  -22.074 0.1250000000
87414  21.666  15.604  -22.393 0.1250000000
86429  27.347  15.400  -22.248 0.1250000000
87400  23.550  16.452  -22.141 0.1250000000
87406  19.102  16.692  -21.558 0.1250000000
61844  27.158  -7.138  -3.025 0.7500000000
62984  27.543  -6.559  -3.716 0.7500000000
61843  28.006  -6.963  -3.243 0.7500000000
62985  25.572  -6.197  -3.168 0.7500000000
62969  26.280  -6.718  -3.124 0.7500000000
66089  25.245  -3.799  -4.841 0.5000000000
66137  30.754  -3.510  -7.973 0.6250000000
67269  31.400  -2.698  -8.768 0.5000000000
128187  35.116  4.994  -12.020 0.1250000000
74845  35.328  4.687  -12.940 0.1250000000
75790  34.231  5.054  -10.886 0.1250000000
85339  32.205  14.195  -12.727 0.1250000000
85404  29.143  14.762  -21.002 0.1250000000
86428  28.128  15.470  -21.639 0.1250000000
131189  27.889  -7.406  -2.428 0.6250000000
62967  29.390  -6.251  -3.161 0.3750000000
128980  28.710  -6.642  -3.296 0.6250000000
64008  30.200  -5.157  -4.216 0.2500000000
64009  29.405  -5.634  -4.476 0.3750000000
68394  31.787  -2.052  -9.123 0.3750000000
130657  25.745  15.781  -12.963 0.2500000000
65026  29.834  -4.725  -5.789 0.5000000000
65049  30.108  -4.232  -7.100 0.5000000000
62966  29.811  -6.153  -2.379 0.5000000000
66149  31.044  -3.194  -8.464 0.5000000000
146362  27.582  -7.700  -1.704 0.6250000000
63997  24.444  -4.931  -3.064 0.3750000000
63983  24.715  -5.765  -2.648 0.3750000000
130883  27.023  -7.614  -2.141 0.6250000000
62970  25.412  -6.739  -2.502 0.6250000000
62957  29.509  -6.608  -1.743 0.3750000000
62968  28.744  -7.109  -2.036 0.5000000000
64984  23.817  -4.407  -2.580 0.2500000000
65011  30.769  -4.523  -4.488 0.2500000000
63993  30.414  -5.328  -3.281 0.2500000000
65025  30.464  -4.498  -5.330 0.2500000000
66126  30.746  -3.921  -6.742 0.3750000000
66125  31.227  -3.375  -7.297 0.2500000000
67268  31.993  -2.329  -8.376 0.2500000000
68393  32.456  -1.665  -8.755 0.2500000000
74806  21.555  4.623  -8.168 0.1250000000
77936  20.657  7.294  -9.391 0.2500000000
127329  33.730  -0.496  -9.286 0.2500000000
80093  21.720  9.782  -10.649 0.3750000000
79072  21.087  8.635  -10.164 0.2500000000
82260  23.144  11.545  -11.619 0.2500000000
86319  25.142  15.195  -11.834 0.2500000000
75784  20.793  6.001  -8.549 0.1250000000
73826  22.013  4.095  -8.267 0.2500000000
131119  24.114  -2.421  -4.779 0.2500000000
79083  22.260  8.817  -11.127 0.3750000000
62982  29.039  -6.204  -3.921 0.5000000000
137721  29.118  -5.482  -5.140 0.5000000000
66090  24.750  -3.957  -4.209 0.3750000000
61845  26.327  -7.344  -2.452 0.6250000000
152951  31.177  -3.289  -7.988 0.2500000000
150712  28.474  -7.017  -2.768 0.5000000000
63994  29.728  -5.723  -3.655 0.2500000000
63982  29.971  -5.785  -2.947 0.2500000000
64995  30.906  -4.739  -3.677 0.2500000000
152167  30.291  -4.816  -4.774 0.3750000000
65040  30.290  -4.400  -6.275 0.3750000000
146840  29.113  -6.675  -2.590 0.5000000000
61820  29.150  -7.119  -1.027 0.3750000000
61832  28.284  -7.524  -1.494 0.5000000000
66108  30.945  -4.029  -5.901 0.2500000000
67247  31.781  -2.852  -7.194 0.2500000000
74791  21.624  4.491  -7.977 0.1250000000
60590  25.579  -8.341  -0.912 0.5000000000
61821  28.525  -7.692  -0.656 0.2500000000
60581  28.054  -8.201  -0.308 0.3750000000
61822  27.788  -7.930  -1.040 0.5000000000
61834  26.199  -7.930  -1.643 0.5000000000
147382  25.041  -8.707  -0.385 0.3750000000
61835  25.189  -7.695  -1.331 0.5000000000
62958  24.823  -7.023  -1.732 0.3750000000
61846  25.631  -7.441  -1.999 0.5000000000
60574  23.460  -8.429  0.801 0.1250000000
62959  24.154  -6.550  -1.331 0.2500000000
58290  24.662  -10.424  1.221 0.1250000000
133624  24.301  -9.435  0.461 0.2500000000
59434  25.176  -9.295  0.118 0.3750000000
150227  28.683  -8.007  -0.021 0.2500000000
60573  26.785  -8.786  -0.133 0.3750000000
60561  23.207  -8.986  1.298 0.1250000000
59443  25.897  -8.872  -0.369 0.3750000000
61824  23.863  -7.783  0.212 0.1250000000
62947  23.902  -6.362  -0.634 0.1250000000
137662  33.322  7.933  -10.337 0.1250000000
61833  27.040  -8.043  -1.380 0.5000000000
62971  24.451  -6.242  -1.926 0.2500000000
147072  24.011  -5.582  -1.911 0.2500000000
61810  29.235  -7.608  -0.180 0.2500000000
60589  26.467  -8.437  -0.880 0.5000000000
60582  27.292  -8.374  -0.625 0.3750000000
60572  27.605  -8.635  0.161 0.3750000000
61823  24.553  -8.018  -0.550 0.2500000000
145372  24.103  -7.515  -0.374 0.1250000000
61836  24.248  -7.219  -0.941 0.1250000000
59435  23.615  -9.185  0.796 0.1250000000
60583  24.143  -8.722  0.145 0.2500000000
60560  23.399  -8.344  1.209 0.1250000000
59423  23.290  -9.625  1.270 0.1250000000
59422  23.945  -9.887  0.909 0.1250000000
134901  23.961  -6.920  -0.049 0.1250000000
59421  24.912  -9.859  0.680 0.2500000000
59420  26.573  -9.643  0.971 0.2500000000
141893  24.160  -3.459  -3.875 0.2500000000
60571  28.397  -8.483  0.401 0.2500000000
59433  26.268  -9.291  0.270 0.2500000000
147857  25.782  -9.657  0.642 0.2500000000
58289  25.791  -10.069  1.198 0.1250000000
66071  23.679  -3.281  -3.251 0.1250000000
83300  23.909  12.744  -11.985 0.1250000000
84306  24.167  13.466  -11.715 0.1250000000
84307  23.279  13.025  -11.143 0.1250000000
84292  23.682  13.702  -10.794 0.1250000000
85325  24.526  14.354  -11.484 0.1250000000
85319  23.200  13.828  -9.677 0.1250000000
83301  23.186  12.297  -11.352 0.1250000000
135199  24.037  14.443  -10.265 0.1250000000
135825  24.225  15.215  -9.594 0.1250000000
77954  20.718  8.153  -9.694 0.1250000000
131869  23.896  -5.019  -2.269 0.1250000000
132892  23.606  -3.722  -2.456 0.1250000000
80094  20.927  9.768  -10.043 0.1250000000
83302  22.457  11.923  -10.848 0.1250000000
83289  22.502  12.547  -10.538 0.1250000000
84282  21.899  13.597  -9.180 0.1250000000
85313  23.132  15.025  -8.446 0.1250000000
129063  24.069  15.660  -8.483 0.1250000000
86315  24.760  15.840  -10.363 0.1250000000
82244  22.426  11.279  -11.090 0.1250000000
67230  23.873  -1.875  -4.900 0.1250000000
66111  24.598  -3.205  -4.661 0.1250000000
64997  24.116  -4.071  -3.334 0.1250000000
143827  21.547  9.016  -10.585 0.1250000000
67209  23.898  -2.863  -3.997 0.1250000000
67183  23.118  -2.193  -2.499 0.1250000000
66058  23.525  -3.173  -2.820 0.1250000000
84293  22.755  13.149  -10.145 0.1250000000
85317  22.489  14.220  -8.657 0.1250000000
86316  24.580  15.240  -10.855 0.1250000000
147035  23.442  14.593  -9.306 0.1250000000
84278  21.165  13.891  -7.881 0.1250000000
86312  24.765  16.049  -9.412 0.1250000000
62946  29.900  -6.610  -1.016 0.1250000000
63970  31.015  -5.542  -1.557 0.1250000000
63981  30.566  -5.532  -2.345 0.1250000000
63992  31.072  -4.929  -2.845 0.1250000000
64994  31.488  -4.112  -3.977 0.1250000000
65024  31.224  -3.917  -4.971 0.1250000000
133965  31.738  -3.416  -5.131 0.1250000000
131279  31.331  -3.520  -6.326 0.1250000000
67245  33.123  -2.120  -6.062 0.1250000000
67246  32.305  -2.574  -6.513 0.1250000000
66124  31.710  -3.063  -6.618 0.1250000000
152521  34.007  -1.187  -6.863 0.1250000000
68381  32.632  -1.853  -7.865 0.1250000000
140241  34.861  -0.369  -7.546 0.1250000000
69493  34.014  -0.875  -7.608 0.1250000000
69506  33.745  -0.708  -8.541 0.1250000000
132963  27.965  -9.042  0.845 0.1250000000
59432  27.139  -9.184  0.556 0.1250000000
60570  29.252  -8.227  0.545 0.1250000000
61819  30.027  -7.083  -0.275 0.1250000000
62956  31.131  -5.857  -0.912 0.1250000000
62945  30.636  -6.439  -0.634 0.1250000000
63980  31.378  -5.100  -2.020 0.1250000000
64983  31.771  -4.556  -2.534 0.1250000000
66070  32.133  -3.680  -3.833 0.1250000000
66087  32.288  -3.057  -4.909 0.1250000000
67227  33.520  -2.286  -5.215 0.1250000000
69479  34.877  -0.784  -6.667 0.1250000000
69505  34.383  -0.076  -8.747 0.1250000000
70632  35.159  0.313  -8.431 0.1250000000
69492  35.622  0.217  -7.783 0.1250000000
69515  34.175  0.026  -9.814 0.1250000000
131372  30.364  -6.086  -1.509 0.1250000000
68392  33.186  -1.283  -8.245 0.1250000000
148461  31.463  -4.463  -3.248 0.1250000000
68363  32.801  -1.934  -6.936 0.1250000000
66088  31.897  -3.547  -4.475 0.1250000000
66106  31.921  -3.104  -5.790 0.1250000000
68362  33.570  -1.600  -6.513 0.1250000000
67228  32.684  -2.609  -5.497 0.1250000000
68361  34.336  -1.341  -6.262 0.1250000000
68380  33.339  -1.441  -7.330 0.1250000000
138669  34.353  -0.458  -8.109 0.1250000000
138452  35.594  -0.255  -7.102 0.1250000000
60559  28.764  -8.834  1.123 0.1250000000
131898  35.854  0.713  -8.484 0.1250000000
64023  29.779  -5.089  -5.088 0.3750000000
66107  31.432  -3.595  -5.618 0.1250000000
67260  32.182  -2.440  -7.520 0.2500000000
67261  31.581  -2.954  -8.006 0.2500000000
68405  30.778  -1.742  -9.808 0.6250000000
68417  29.597  -0.989  -10.093 1.0000000000
69504  34.851  -0.084  -8.102 0.1250000000
69525  33.698  -0.173  -10.592 0.1250000000
69531  28.448  -0.510  -10.472 1.0000000000
69545  28.026  -0.103  -10.818 1.0000000000
70631  36.755  0.946  -8.644 0.1250000000
70657  33.539  0.094  -11.308 0.5000000000
71752  34.973  1.081  -13.263 0.1250000000
71767  34.812  1.501  -13.684 0.1250000000
72862  25.268  3.161  -11.323 1.0000000000
72870  28.633  2.838  -12.200 1.0000000000
73857  25.723  3.331  -11.869 1.0000000000
73869  27.308  3.780  -12.712 1.0000000000
73876  34.939  2.831  -13.765 0.1250000000
73879  27.082  4.598  -12.977 1.0000000000
74846  34.959  4.040  -12.314 0.1250000000
74861  26.845  5.241  -13.423 1.0000000000
75807  34.744  5.388  -11.301 0.1250000000
75820  28.689  5.191  -12.251 1.0000000000
75821  28.057  5.251  -12.843 1.0000000000
75822  25.479  5.560  -12.843 1.0000000000
76889  27.551  6.574  -13.620 1.0000000000
76912  26.963  7.157  -14.455 1.0000000000
76913  26.467  6.772  -14.572 1.0000000000
77937  20.077  8.227  -9.127 0.1250000000
79065  32.680  8.559  -10.257 0.2500000000
79082  23.104  8.051  -11.747 0.6250000000
79117  25.763  8.778  -14.335 1.0000000000
80087  33.018  9.454  -10.294 0.2500000000
80109  28.241  9.744  -11.962 1.0000000000
80131  25.451  9.471  -14.059 1.0000000000
81167  22.420  10.568  -11.229 0.1250000000
81202  26.390  11.140  -15.151 1.0000000000
82229  30.626  11.993  -10.224 0.5000000000
83284  32.880  12.020  -10.745 0.1250000000
83298  32.416  12.858  -10.874 0.2500000000
84303  30.677  13.881  -10.933 0.5000000000
84304  29.770  13.800  -11.083 0.5000000000
84316  32.592  13.353  -12.392 0.1250000000
84319  28.711  13.954  -12.171 0.7500000000
84441  20.785  13.949  -22.921 0.1250000000
84443  19.263  14.330  -22.882 0.1250000000
85323  31.129  14.353  -11.461 0.2500000000
85349  32.036  15.082  -14.064 0.1250000000
85376  31.004  15.025  -18.767 0.1250000000
86324  29.578  15.431  -12.524 0.7500000000
86338  28.072  15.722  -13.959 0.7500000000
86352  31.523  15.714  -16.651 0.1250000000
86379  30.611  15.845  -18.624 0.1250000000
86399  29.677  15.757  -19.846 0.1250000000
86430  26.825  16.130  -22.266 0.1250000000
86432  20.133  14.956  -22.096 0.1250000000
86445  23.173  14.949  -23.313 0.1250000000
86447  21.327  14.195  -22.986 0.1250000000
87306  31.121  16.222  -13.761 0.3750000000
87307  30.469  16.625  -13.720 0.3750000000
87317  31.088  16.576  -14.480 0.2500000000
87321  27.282  16.314  -14.898 0.7500000000
87350  30.793  17.129  -16.767 0.3750000000
87364  30.745  16.766  -17.493 0.1250000000
87378  29.399  16.571  -19.641 0.1250000000
87393  19.225  16.639  -20.345 0.1250000000
87411  24.024  15.646  -22.628 0.1250000000
88239  28.742  17.310  -14.785 0.7500000000
88244  29.340  17.607  -15.292 0.6250000000
88257  25.646  17.355  -16.448 0.7500000000
88264  29.356  18.109  -17.085 0.3750000000
88276  28.797  18.100  -18.782 0.3750000000
88284  18.669  17.846  -18.436 0.1250000000
88288  28.492  17.968  -19.598 0.1250000000
88290  23.655  17.751  -18.735 0.3750000000
88294  19.023  17.064  -18.757 0.2500000000
88302  22.251  15.596  -19.237 0.2500000000
88311  18.687  17.711  -22.086 0.1250000000
88314  24.242  16.647  -22.328 0.1250000000
89280  27.226  18.655  -19.351 0.3750000000
89288  25.959  18.773  -20.356 0.3750000000
90240  23.754  19.522  -16.357 0.2500000000
132750  26.799  5.965  -14.266 1.0000000000
134246  21.796  4.269  -8.014 0.2500000000
137950  25.978  6.271  -14.092 1.0000000000
139215  29.260  6.639  -11.544 1.0000000000
141523  27.600  9.878  -13.230 1.0000000000
143243  29.781  17.613  -17.697 0.2500000000
143697  34.361  2.441  -12.730 0.1250000000
145927  22.521  19.555  -17.411 0.2500000000
146680  28.382  6.143  -12.491 1.0000000000
146784  29.583  1.547  -11.587 1.0000000000
148551  22.938  6.001  -10.862 0.6250000000
149798  23.610  0.953  -7.934 0.3750000000
150140  31.735  12.930  -10.619 0.3750000000
150879  35.446  2.299  -14.891 0.1250000000
152416  28.529  12.018  -11.706 0.8750000000
153007  26.047  7.226  -14.459 1.0000000000
153903  29.711  17.708  -15.807 0.3750000000
