#!ascii label  , from subject sub-v1s19x0051306_ses-1 vox2ras=TkReg
632
64996  24.950  -4.717  -3.860 0.0000000000
71741  32.586  1.095  -11.798 0.0000000000
140762  27.444  11.845  -14.174 0.0000000000
75812  22.694  6.642  -10.970 0.0000000000
61833  27.040  -8.043  -1.380 0.0000000000
64008  30.200  -5.157  -4.216 0.0000000000
153256  28.582  -2.642  -8.741 0.0000000000
71729  25.590  1.725  -10.568 0.0000000000
77963  29.197  7.491  -11.447 0.0000000000
84317  31.916  14.015  -11.791 0.0000000000
87336  26.379  16.125  -15.425 0.0000000000
62969  26.280  -6.718  -3.124 0.0000000000
150712  28.474  -7.017  -2.768 0.0000000000
64010  27.921  -5.522  -5.127 0.0000000000
70635  24.303  0.560  -8.264 0.0000000000
72835  23.071  2.393  -8.482 0.0000000000
79109  25.346  8.442  -13.865 0.0000000000
76902  26.423  6.177  -14.348 0.0000000000
80118  27.866  9.500  -12.616 0.0000000000
81150  31.058  10.522  -10.208 0.0000000000
84318  29.352  14.292  -11.716 0.0000000000
136129  25.869  16.280  -13.282 0.0000000000
85343  25.486  14.494  -13.458 0.0000000000
88259  24.504  17.665  -16.653 0.0000000000
69528  30.831  -0.557  -10.667 0.0000000000
67269  31.400  -2.698  -8.768 0.0000000000
70656  34.195  0.268  -10.756 0.0000000000
81191  24.487  10.713  -13.268 0.0000000000
73851  34.318  3.335  -11.929 0.0000000000
131119  24.114  -2.421  -4.779 0.0000000000
65044  26.894  -3.876  -6.171 0.0000000000
68383  25.508  -1.603  -7.364 0.0000000000
69533  27.059  -0.037  -10.104 0.0000000000
136810  28.920  1.485  -11.645 0.0000000000
74839  23.931  4.665  -11.049 0.0000000000
73878  27.504  4.262  -12.821 0.0000000000
74836  30.589  4.678  -11.154 0.0000000000
77945  32.781  7.140  -10.304 0.0000000000
84334  25.011  12.820  -13.496 0.0000000000
84358  27.033  14.109  -14.846 0.0000000000
88292  22.295  15.790  -18.347 0.0000000000
89271  26.494  18.599  -18.620 0.0000000000
88238  29.604  17.346  -14.557 0.0000000000
87349  31.312  16.557  -16.267 0.0000000000
65041  29.448  -4.580  -6.536 0.0000000000
64997  24.116  -4.071  -3.334 0.0000000000
63997  24.444  -4.931  -3.064 0.0000000000
63996  25.266  -5.508  -3.509 0.0000000000
62999  27.038  -6.055  -4.169 0.0000000000
64011  26.553  -5.427  -4.472 0.0000000000
81201  26.746  10.488  -14.601 0.0000000000
79108  26.959  9.116  -14.168 0.0000000000
82258  27.835  11.397  -13.211 0.0000000000
82243  28.430  11.339  -11.919 0.0000000000
138945  28.279  13.139  -12.482 0.0000000000
135033  25.850  17.313  -14.840 0.0000000000
88247  25.477  17.110  -15.799 0.0000000000
88248  24.648  17.789  -16.263 0.0000000000
70671  31.489  0.669  -11.557 0.0000000000
69527  32.542  -0.578  -10.857 0.0000000000
70669  33.712  0.608  -12.100 0.0000000000
136149  23.523  9.995  -12.407 0.0000000000
82259  23.753  11.167  -12.513 0.0000000000
61835  25.189  -7.695  -1.331 0.0000000000
59443  25.897  -8.872  -0.369 0.0000000000
60572  27.605  -8.635  0.161 0.0000000000
61821  28.525  -7.692  -0.656 0.0000000000
62967  29.390  -6.251  -3.161 0.0000000000
62957  29.509  -6.608  -1.743 0.0000000000
67249  24.926  -2.173  -6.071 0.0000000000
69483  24.249  -0.856  -6.724 0.0000000000
71717  24.600  1.487  -9.371 0.0000000000
69520  25.797  -0.115  -9.098 0.0000000000
70659  26.653  0.612  -10.579 0.0000000000
70675  27.944  0.468  -11.215 0.0000000000
135418  27.360  1.786  -11.692 0.0000000000
74831  22.644  4.702  -9.910 0.0000000000
75811  23.479  5.455  -11.087 0.0000000000
137449  28.050  6.677  -12.672 0.0000000000
75831  26.965  5.629  -13.837 0.0000000000
147126  28.372  5.694  -12.568 0.0000000000
74847  29.026  4.516  -12.007 0.0000000000
75808  30.159  5.424  -11.329 0.0000000000
75793  31.711  5.542  -10.507 0.0000000000
77947  30.729  7.092  -10.632 0.0000000000
83286  31.246  12.478  -10.349 0.0000000000
81149  32.028  10.624  -10.147 0.0000000000
85359  26.225  15.086  -14.758 0.0000000000
84333  25.192  13.690  -13.238 0.0000000000
84360  26.281  14.501  -14.859 0.0000000000
84359  26.587  14.241  -14.988 0.0000000000
86345  26.776  15.591  -15.004 0.0000000000
89261  28.474  18.394  -17.135 0.0000000000
88265  29.064  18.180  -17.890 0.0000000000
88253  30.258  17.537  -16.173 0.0000000000
66141  27.483  -3.024  -7.526 0.0000000000
65043  28.027  -4.458  -6.485 0.0000000000
66139  29.062  -3.651  -7.750 0.0000000000
68392  33.186  -1.283  -8.245 0.0000000000
67247  31.781  -2.852  -7.194 0.0000000000
62958  24.823  -7.023  -1.732 0.0000000000
61845  26.327  -7.344  -2.452 0.0000000000
146362  27.582  -7.700  -1.704 0.0000000000
61844  27.158  -7.138  -3.025 0.0000000000
62983  28.282  -6.387  -3.872 0.0000000000
62997  28.577  -5.841  -4.669 0.0000000000
70623  23.119  0.924  -6.907 0.0000000000
71708  23.308  1.649  -8.164 0.0000000000
72840  24.236  2.317  -9.660 0.0000000000
77975  23.697  7.564  -12.233 0.0000000000
148293  23.915  6.703  -12.066 0.0000000000
77985  25.658  7.444  -14.061 0.0000000000
79094  27.557  8.159  -13.286 0.0000000000
138871  28.642  8.356  -11.702 0.0000000000
79080  29.457  8.519  -11.033 0.0000000000
81165  29.303  10.262  -10.868 0.0000000000
82230  29.686  11.848  -10.508 0.0000000000
141666  30.786  14.913  -11.894 0.0000000000
86319  25.142  15.195  -11.834 0.0000000000
86325  25.449  15.189  -12.757 0.0000000000
143761  25.887  15.970  -14.468 0.0000000000
148850  25.595  16.939  -16.053 0.0000000000
68407  29.324  -1.515  -9.726 0.0000000000
67271  29.998  -2.888  -9.090 0.0000000000
68404  31.570  -1.718  -9.779 0.0000000000
148943  33.079  -1.098  -9.320 0.0000000000
77952  21.913  8.024  -10.688 0.0000000000
80121  23.650  9.143  -12.432 0.0000000000
135791  24.852  9.941  -13.558 0.0000000000
136601  25.875  11.038  -15.039 0.0000000000
61820  29.150  -7.119  -1.027 0.0000000000
73852  33.582  3.027  -11.417 0.0000000000
71754  34.109  0.971  -12.791 0.0000000000
66089  25.245  -3.799  -4.841 0.0000000000
65029  25.891  -4.053  -5.175 0.0000000000
66110  25.406  -3.308  -5.450 0.0000000000
153253  26.042  -2.757  -6.632 0.0000000000
67273  27.087  -2.276  -7.942 0.0000000000
69495  25.148  -0.918  -7.662 0.0000000000
69507  26.247  -0.826  -8.722 0.0000000000
68408  27.919  -1.367  -9.362 0.0000000000
69530  29.093  -0.528  -10.597 0.0000000000
139225  29.961  0.322  -11.259 0.0000000000
71743  30.873  1.274  -11.586 0.0000000000
73834  23.297  3.487  -9.637 0.0000000000
72847  24.631  3.335  -10.801 0.0000000000
75823  24.737  5.361  -12.080 0.0000000000
73871  25.771  4.037  -12.479 0.0000000000
72861  26.339  2.764  -11.821 0.0000000000
143307  28.144  2.715  -12.283 0.0000000000
143616  30.115  2.653  -11.519 0.0000000000
73854  31.759  2.929  -10.950 0.0000000000
74827  32.962  4.567  -10.561 0.0000000000
75791  33.561  5.274  -10.582 0.0000000000
79067  31.262  8.910  -10.377 0.0000000000
83327  24.891  12.141  -13.556 0.0000000000
82282  25.829  11.835  -14.992 0.0000000000
84345  27.120  13.322  -14.727 0.0000000000
88279  23.081  17.582  -18.006 0.0000000000
88277  24.804  17.978  -17.859 0.0000000000
88291  23.147  17.941  -19.801 0.0000000000
88266  26.607  17.994  -16.990 0.0000000000
87334  27.747  17.059  -15.092 0.0000000000
87320  28.130  16.559  -14.431 0.0000000000
85341  28.354  14.676  -13.321 0.0000000000
86331  29.731  16.203  -13.152 0.0000000000
86330  30.661  16.003  -13.164 0.0000000000
86337  31.611  15.842  -14.293 0.0000000000
133842  27.413  -4.444  -5.954 0.0000000000
65042  28.644  -4.768  -6.181 0.0000000000
65026  29.834  -4.725  -5.789 0.0000000000
66137  30.754  -3.510  -7.973 0.0000000000
66126  30.746  -3.921  -6.742 0.0000000000
64984  23.817  -4.407  -2.580 0.0000000000
64012  25.769  -5.169  -4.201 0.0000000000
82270  27.137  11.166  -14.535 0.0000000000
81189  27.477  10.519  -13.702 0.0000000000
145237  28.265  12.139  -12.385 0.0000000000
83311  27.849  12.373  -13.416 0.0000000000
141059  32.175  0.747  -11.680 0.0000000000
70670  32.884  0.565  -11.743 0.0000000000
61834  26.199  -7.930  -1.643 0.0000000000
60590  25.579  -8.341  -0.912 0.0000000000
60589  26.467  -8.437  -0.880 0.0000000000
60573  26.785  -8.786  -0.133 0.0000000000
60582  27.292  -8.374  -0.625 0.0000000000
60581  28.054  -8.201  -0.308 0.0000000000
61822  27.788  -7.930  -1.040 0.0000000000
63994  29.728  -5.723  -3.655 0.0000000000
63982  29.971  -5.785  -2.947 0.0000000000
63993  30.414  -5.328  -3.281 0.0000000000
64995  30.906  -4.739  -3.677 0.0000000000
68365  24.559  -1.501  -6.341 0.0000000000
68366  23.963  -0.975  -5.992 0.0000000000
144961  25.294  1.400  -9.932 0.0000000000
70660  25.883  0.988  -10.254 0.0000000000
71728  26.316  1.382  -10.922 0.0000000000
70676  27.175  1.052  -11.268 0.0000000000
71745  26.705  1.905  -11.501 0.0000000000
130889  22.380  6.079  -10.451 0.0000000000
133744  23.354  6.325  -11.390 0.0000000000
76879  28.589  6.714  -11.880 0.0000000000
76888  27.896  5.925  -13.220 0.0000000000
76878  28.891  5.959  -11.906 0.0000000000
75809  29.365  5.296  -11.707 0.0000000000
76877  29.709  6.092  -11.459 0.0000000000
76862  30.442  6.229  -10.964 0.0000000000
77962  29.908  6.885  -11.112 0.0000000000
84302  31.633  13.585  -10.996 0.0000000000
83285  32.115  12.280  -10.466 0.0000000000
86346  26.469  15.477  -14.979 0.0000000000
85358  26.582  14.893  -14.974 0.0000000000
87351  26.483  16.621  -15.903 0.0000000000
89279  28.055  18.437  -19.098 0.0000000000
88289  27.795  18.431  -19.949 0.0000000000
88275  29.470  17.516  -18.509 0.0000000000
66153  28.001  -2.635  -8.339 0.0000000000
66140  28.270  -3.312  -7.767 0.0000000000
66152  28.776  -3.054  -8.406 0.0000000000
69493  34.014  -0.875  -7.608 0.0000000000
68380  33.339  -1.441  -7.330 0.0000000000
62985  25.572  -6.197  -3.168 0.0000000000
62970  25.412  -6.739  -2.502 0.0000000000
61846  25.631  -7.441  -1.999 0.0000000000
62984  27.543  -6.559  -3.716 0.0000000000
62998  27.782  -6.024  -4.418 0.0000000000
71709  22.721  2.069  -7.670 0.0000000000
71718  23.727  1.926  -8.960 0.0000000000
72841  23.487  2.694  -9.287 0.0000000000
79095  24.303  8.194  -12.700 0.0000000000
77986  25.050  7.731  -13.451 0.0000000000
80119  27.426  9.081  -13.455 0.0000000000
79107  27.107  8.144  -14.146 0.0000000000
141875  27.785  8.806  -12.705 0.0000000000
79093  28.002  8.206  -12.411 0.0000000000
79081  28.168  9.014  -12.049 0.0000000000
80108  28.888  9.395  -11.404 0.0000000000
81166  28.600  10.376  -11.560 0.0000000000
83299  28.673  12.607  -11.621 0.0000000000
82242  28.851  11.981  -11.092 0.0000000000
83288  29.421  12.849  -10.847 0.0000000000
84291  30.241  13.336  -10.674 0.0000000000
85324  30.196  14.537  -11.520 0.0000000000
87300  25.909  16.320  -12.654 0.0000000000
127317  25.799  15.902  -12.066 0.0000000000
130657  25.745  15.781  -12.963 0.0000000000
87322  25.926  16.482  -14.997 0.0000000000
88258  25.055  17.412  -16.336 0.0000000000
87337  25.994  16.495  -15.628 0.0000000000
68416  30.384  -1.057  -10.155 0.0000000000
68406  30.000  -1.666  -9.811 0.0000000000
68415  31.238  -1.210  -10.289 0.0000000000
69526  33.156  -0.441  -10.815 0.0000000000
69517  32.826  -1.060  -10.301 0.0000000000
69516  33.454  -0.657  -10.105 0.0000000000
127329  33.730  -0.496  -9.286 0.0000000000
79072  21.087  8.635  -10.164 0.0000000000
79083  22.260  8.817  -11.127 0.0000000000
153527  22.728  8.411  -11.493 0.0000000000
131831  22.963  8.898  -11.721 0.0000000000
81177  23.791  10.479  -12.640 0.0000000000
80120  24.221  9.797  -12.937 0.0000000000
81190  25.358  10.469  -14.019 0.0000000000
131189  27.889  -7.406  -2.428 0.0000000000
61832  28.284  -7.524  -1.494 0.0000000000
62968  28.744  -7.109  -2.036 0.0000000000
62946  29.900  -6.610  -1.016 0.0000000000
67209  23.898  -2.863  -3.997 0.0000000000
66111  24.598  -3.205  -4.661 0.0000000000
67229  24.757  -2.604  -5.421 0.0000000000
68364  25.195  -1.894  -6.719 0.0000000000
67248  25.524  -2.480  -6.420 0.0000000000
67263  25.829  -2.262  -7.010 0.0000000000
68382  26.263  -1.933  -7.633 0.0000000000
70621  23.891  0.333  -7.629 0.0000000000
69496  24.015  -0.284  -7.195 0.0000000000
69509  24.612  -0.204  -7.887 0.0000000000
69519  26.649  -0.410  -9.423 0.0000000000
68409  27.093  -1.106  -9.041 0.0000000000
69518  27.489  -0.670  -9.691 0.0000000000
68419  28.244  -0.903  -9.954 0.0000000000
69532  27.804  -0.351  -10.329 0.0000000000
70674  28.650  0.669  -11.373 0.0000000000
70673  29.395  0.860  -11.446 0.0000000000
136747  30.110  1.087  -11.534 0.0000000000
72858  30.167  1.845  -11.539 0.0000000000
74830  23.282  4.714  -10.489 0.0000000000
73846  23.119  4.159  -9.943 0.0000000000
73845  23.794  3.925  -10.444 0.0000000000
73859  24.400  4.082  -11.118 0.0000000000
76890  25.485  6.250  -13.365 0.0000000000
132257  24.720  6.117  -12.532 0.0000000000
75833  26.137  5.791  -13.721 0.0000000000
74860  27.181  5.069  -13.244 0.0000000000
74850  26.054  5.019  -12.945 0.0000000000
74849  26.605  4.373  -12.859 0.0000000000
73870  26.230  3.522  -12.348 0.0000000000
72872  26.882  3.283  -12.406 0.0000000000
72871  27.598  2.972  -12.372 0.0000000000
73868  27.976  3.389  -12.565 0.0000000000
74837  29.747  4.587  -11.540 0.0000000000
73866  29.357  3.899  -11.802 0.0000000000
73856  30.159  3.686  -11.414 0.0000000000
73855  30.841  3.024  -11.150 0.0000000000
74835  31.273  3.920  -10.826 0.0000000000
73844  32.372  3.797  -10.694 0.0000000000
74828  32.043  4.689  -10.537 0.0000000000
76860  32.236  6.349  -10.381 0.0000000000
75792  32.635  5.458  -10.442 0.0000000000
76859  33.359  6.276  -10.426 0.0000000000
141924  34.241  5.809  -10.721 0.0000000000
77944  33.595  7.148  -10.429 0.0000000000
80090  30.663  9.602  -10.392 0.0000000000
79068  30.345  8.699  -10.603 0.0000000000
85333  25.110  14.462  -12.506 0.0000000000
85334  24.743  13.832  -12.307 0.0000000000
138969  25.636  13.933  -14.132 0.0000000000
84320  24.587  13.165  -12.607 0.0000000000
83312  24.489  12.396  -12.792 0.0000000000
82272  24.478  11.623  -13.033 0.0000000000
84346  26.518  13.470  -15.023 0.0000000000
83334  25.998  12.694  -15.030 0.0000000000
83333  26.545  12.581  -15.041 0.0000000000
85351  27.493  14.844  -14.472 0.0000000000
88281  22.016  15.997  -17.731 0.0000000000
88280  22.444  16.661  -17.748 0.0000000000
88278  23.990  17.783  -17.937 0.0000000000
142391  22.623  17.239  -18.674 0.0000000000
89282  25.222  18.751  -19.633 0.0000000000
89283  24.139  18.515  -19.763 0.0000000000
89272  25.535  18.484  -18.714 0.0000000000
89263  26.614  18.362  -17.773 0.0000000000
89257  27.474  18.085  -16.658 0.0000000000
89262  27.523  18.429  -17.528 0.0000000000
88254  29.120  17.970  -15.958 0.0000000000
88245  28.473  17.632  -15.529 0.0000000000
142092  29.063  17.011  -14.213 0.0000000000
85350  28.063  14.967  -13.854 0.0000000000
87308  28.928  16.403  -13.737 0.0000000000
86332  28.805  15.502  -13.223 0.0000000000
87319  29.725  16.945  -13.860 0.0000000000
87333  30.853  17.148  -15.821 0.0000000000
134374  30.782  17.066  -15.043 0.0000000000
87332  31.276  16.604  -15.405 0.0000000000
86329  31.446  15.627  -13.463 0.0000000000
86344  31.574  16.059  -15.004 0.0000000000
66109  26.210  -3.644  -5.805 0.0000000000
65028  26.682  -4.407  -5.484 0.0000000000
65051  28.703  -4.322  -7.046 0.0000000000
64024  29.204  -5.020  -5.731 0.0000000000
67270  30.752  -2.882  -9.008 0.0000000000
66150  30.366  -3.311  -8.558 0.0000000000
66149  31.044  -3.194  -8.464 0.0000000000
66124  31.710  -3.063  -6.618 0.0000000000
66125  31.227  -3.375  -7.297 0.0000000000
131279  31.331  -3.520  -6.326 0.0000000000
66108  30.945  -4.029  -5.901 0.0000000000
144206  26.873  -6.585  -3.610 0.0000000000
63995  26.202  -5.979  -3.776 0.0000000000
133434  27.245  -5.531  -4.776 0.0000000000
80142  25.943  9.345  -14.481 0.0000000000
79116  26.435  8.675  -14.413 0.0000000000
80141  26.464  9.727  -14.493 0.0000000000
80130  27.140  9.816  -13.966 0.0000000000
81176  28.019  10.402  -12.578 0.0000000000
84305  29.010  13.455  -11.604 0.0000000000
88233  26.060  17.517  -13.866 0.0000000000
87309  25.842  16.585  -14.061 0.0000000000
88260  23.956  17.940  -16.748 0.0000000000
69541  31.250  0.018  -11.149 0.0000000000
134226  31.719  -0.629  -10.806 0.0000000000
69540  32.181  0.112  -11.331 0.0000000000
69539  32.990  0.008  -11.436 0.0000000000
133181  34.101  0.339  -11.627 0.0000000000
145372  24.103  -7.515  -0.374 0.0000000000
147382  25.041  -8.707  -0.385 0.0000000000
60571  28.397  -8.483  0.401 0.0000000000
150227  28.683  -8.007  -0.021 0.0000000000
128980  28.710  -6.642  -3.296 0.0000000000
146840  29.113  -6.675  -2.590 0.0000000000
62966  29.811  -6.153  -2.379 0.0000000000
68343  24.237  -1.805  -5.538 0.0000000000
68384  24.837  -1.284  -7.051 0.0000000000
70647  24.659  0.837  -8.867 0.0000000000
70634  25.027  0.209  -8.656 0.0000000000
70646  25.357  0.723  -9.434 0.0000000000
70645  26.232  0.296  -9.823 0.0000000000
70658  27.441  0.229  -10.780 0.0000000000
71744  28.037  1.367  -11.672 0.0000000000
75798  22.801  5.385  -10.472 0.0000000000
75810  24.177  5.223  -11.485 0.0000000000
76901  26.990  6.438  -14.417 0.0000000000
75832  26.643  5.778  -13.949 0.0000000000
76900  27.202  5.946  -13.951 0.0000000000
75830  27.405  5.457  -13.406 0.0000000000
74859  27.667  4.765  -12.902 0.0000000000
73877  28.000  4.042  -12.685 0.0000000000
74848  28.338  4.533  -12.517 0.0000000000
74829  31.283  4.864  -10.731 0.0000000000
75794  30.885  5.510  -10.804 0.0000000000
76861  31.277  6.342  -10.546 0.0000000000
77946  31.748  7.295  -10.378 0.0000000000
135527  31.468  11.544  -10.210 0.0000000000
82228  32.514  11.394  -10.427 0.0000000000
85352  25.875  14.601  -14.436 0.0000000000
141696  25.548  13.200  -14.317 0.0000000000
135678  26.073  13.803  -14.845 0.0000000000
85357  26.969  14.805  -14.901 0.0000000000
89281  26.277  18.781  -19.511 0.0000000000
89270  27.408  18.555  -18.443 0.0000000000
89269  28.258  18.428  -18.149 0.0000000000
89256  29.011  18.233  -16.546 0.0000000000
146983  29.589  17.874  -16.414 0.0000000000
88243  30.183  17.475  -15.248 0.0000000000
141945  30.078  17.639  -16.945 0.0000000000
147755  30.398  17.252  -17.450 0.0000000000
66127  27.109  -3.498  -6.848 0.0000000000
149851  27.466  -4.047  -6.527 0.0000000000
65052  27.918  -3.847  -7.122 0.0000000000
150646  28.479  -3.805  -7.431 0.0000000000
65050  29.489  -4.186  -7.282 0.0000000000
68393  32.456  -1.665  -8.755 0.0000000000
67268  31.993  -2.329  -8.376 0.0000000000
68381  32.632  -1.853  -7.865 0.0000000000
68363  32.801  -1.934  -6.936 0.0000000000
130883  27.023  -7.614  -2.141 0.0000000000
61843  28.006  -6.963  -3.243 0.0000000000
62982  29.039  -6.204  -3.921 0.0000000000
64009  29.405  -5.634  -4.476 0.0000000000
152513  23.406  0.761  -7.384 0.0000000000
71695  23.079  1.331  -7.477 0.0000000000
71707  24.051  1.253  -8.572 0.0000000000
71730  24.894  1.992  -10.146 0.0000000000
76880  23.112  7.223  -11.542 0.0000000000
76891  24.703  7.048  -12.837 0.0000000000
76904  25.528  6.865  -13.722 0.0000000000
76903  26.017  6.665  -14.344 0.0000000000
77992  25.916  8.007  -14.334 0.0000000000
77991  26.511  7.633  -14.484 0.0000000000
77984  27.347  7.276  -13.989 0.0000000000
77974  27.746  7.385  -12.926 0.0000000000
77973  28.286  7.448  -12.065 0.0000000000
80091  29.745  9.452  -10.698 0.0000000000
81151  30.109  10.320  -10.462 0.0000000000
137119  28.986  11.128  -10.946 0.0000000000
142161  29.677  10.951  -10.623 0.0000000000
140602  30.452  11.210  -10.358 0.0000000000
83287  30.369  12.649  -10.426 0.0000000000
84290  31.024  13.213  -10.561 0.0000000000
85329  31.493  14.723  -12.174 0.0000000000
86333  25.678  15.189  -13.660 0.0000000000
138767  25.787  15.833  -13.821 0.0000000000
86340  25.892  15.377  -14.408 0.0000000000
86347  26.085  15.781  -14.994 0.0000000000
87352  26.032  16.650  -16.001 0.0000000000
148719  29.042  -1.992  -9.392 0.0000000000
67272  29.149  -2.640  -9.004 0.0000000000
67279  29.653  -2.211  -9.460 0.0000000000
67278  30.397  -2.332  -9.455 0.0000000000
67277  31.134  -2.296  -9.346 0.0000000000
68414  32.102  -1.235  -10.363 0.0000000000
68403  32.310  -1.539  -9.685 0.0000000000
68394  31.787  -2.052  -9.123 0.0000000000
77964  22.475  7.334  -11.007 0.0000000000
132783  22.586  7.951  -11.311 0.0000000000
79096  23.489  8.346  -12.209 0.0000000000
79110  24.789  8.501  -13.274 0.0000000000
134709  24.399  8.968  -12.889 0.0000000000
80132  24.832  9.194  -13.450 0.0000000000
81203  25.870  10.115  -14.579 0.0000000000
146659  26.175  10.569  -14.860 0.0000000000
82280  26.781  11.817  -15.035 0.0000000000
72855  33.214  1.866  -11.688 0.0000000000
71740  33.416  0.899  -12.195 0.0000000000
72869  33.799  1.253  -12.523 0.0000000000
66090  24.750  -3.957  -4.209 0.0000000000
65013  25.484  -4.418  -4.553 0.0000000000
147271  25.311  -2.711  -5.903 0.0000000000
66129  25.823  -3.037  -6.127 0.0000000000
66128  26.444  -3.261  -6.457 0.0000000000
67262  26.584  -2.734  -7.160 0.0000000000
68395  27.529  -1.847  -8.691 0.0000000000
149485  24.562  -0.719  -7.313 0.0000000000
69508  25.437  -0.526  -8.357 0.0000000000
68397  25.878  -1.222  -8.015 0.0000000000
68396  26.671  -1.546  -8.354 0.0000000000
67280  28.414  -2.111  -9.047 0.0000000000
130382  28.658  -1.475  -9.593 0.0000000000
68418  28.907  -1.007  -10.094 0.0000000000
69529  29.919  -0.436  -10.717 0.0000000000
69544  28.529  -0.077  -10.998 0.0000000000
69543  29.213  0.043  -11.139 0.0000000000
69542  30.520  -0.050  -11.070 0.0000000000
70672  30.702  0.559  -11.412 0.0000000000
71742  31.714  1.275  -11.601 0.0000000000
73825  22.366  3.583  -8.536 0.0000000000
72842  22.810  3.124  -8.899 0.0000000000
72848  24.018  3.081  -10.001 0.0000000000
145595  24.589  2.644  -10.296 0.0000000000
72846  25.229  2.535  -10.827 0.0000000000
145323  24.093  5.892  -11.721 0.0000000000
74838  24.607  4.652  -11.604 0.0000000000
147135  26.522  5.353  -13.411 0.0000000000
74851  25.289  4.719  -12.300 0.0000000000
73858  25.081  3.869  -11.685 0.0000000000
149355  25.691  2.765  -11.431 0.0000000000
71746  25.954  2.142  -11.221 0.0000000000
71757  27.118  2.460  -12.007 0.0000000000
71756  27.806  2.248  -11.985 0.0000000000
71755  28.488  2.151  -11.953 0.0000000000
73867  28.640  3.700  -12.272 0.0000000000
72859  29.356  3.130  -11.894 0.0000000000
72860  29.333  2.249  -11.802 0.0000000000
72857  31.070  2.108  -11.371 0.0000000000
72856  32.206  1.971  -11.328 0.0000000000
73853  32.777  2.886  -11.025 0.0000000000
73843  33.295  3.754  -10.830 0.0000000000
73842  33.971  3.795  -11.158 0.0000000000
74826  33.812  4.454  -10.812 0.0000000000
77948  30.088  7.777  -10.769 0.0000000000
139461  30.982  7.999  -10.461 0.0000000000
80089  31.591  9.786  -10.160 0.0000000000
135957  32.458  7.837  -10.276 0.0000000000
82271  25.233  11.460  -13.970 0.0000000000
83326  25.405  12.363  -14.281 0.0000000000
82281  26.142  11.809  -15.306 0.0000000000
83325  27.280  12.516  -14.560 0.0000000000
89265  23.347  18.235  -17.276 0.0000000000
89274  22.796  17.638  -17.680 0.0000000000
88270  23.579  17.872  -17.451 0.0000000000
88269  24.226  17.731  -17.160 0.0000000000
88268  24.947  17.606  -16.972 0.0000000000
88267  25.804  17.870  -17.178 0.0000000000
89273  24.597  18.124  -18.734 0.0000000000
89264  25.685  18.175  -17.850 0.0000000000
88256  26.534  17.333  -16.350 0.0000000000
87335  26.822  16.419  -15.467 0.0000000000
88246  27.366  17.386  -15.896 0.0000000000
86339  27.363  15.613  -14.612 0.0000000000
88255  28.350  18.085  -16.254 0.0000000000
85342  27.736  14.139  -14.065 0.0000000000
83324  27.796  13.225  -13.854 0.0000000000
84332  28.299  13.981  -13.019 0.0000000000
85332  28.939  14.734  -12.473 0.0000000000
85331  29.608  14.947  -11.934 0.0000000000
87318  30.330  17.151  -14.389 0.0000000000
86323  30.190  15.713  -12.632 0.0000000000
85330  30.182  15.238  -12.077 0.0000000000
86322  30.958  15.405  -12.550 0.0000000000
85340  31.858  14.969  -13.077 0.0000000000
87363  31.181  16.349  -17.097 0.0000000000
131171  31.633  15.906  -15.780 0.0000000000
85356  31.866  15.172  -15.117 0.0000000000
85348  32.388  14.283  -13.717 0.0000000000
65012  26.213  -4.747  -4.821 0.0000000000
64027  26.798  -5.049  -5.013 0.0000000000
64026  27.340  -5.006  -5.372 0.0000000000
65027  27.996  -4.934  -5.768 0.0000000000
64025  28.582  -5.301  -5.450 0.0000000000
137721  29.118  -5.482  -5.140 0.0000000000
152167  30.291  -4.816  -4.774 0.0000000000
66151  29.581  -3.287  -8.525 0.0000000000
66138  30.005  -3.767  -7.854 0.0000000000
127666  30.585  -3.783  -7.416 0.0000000000
152951  31.177  -3.289  -7.988 0.0000000000
65049  30.108  -4.232  -7.100 0.0000000000
65040  30.290  -4.400  -6.275 0.0000000000
65025  30.464  -4.498  -5.330 0.0000000000
65011  30.769  -4.523  -4.488 0.0000000000
70668  34.406  0.584  -12.140 0.0000000000
64023  29.779  -5.089  -5.088 0.0000000000
67246  32.305  -2.574  -6.513 0.0000000000
67260  32.182  -2.440  -7.520 0.0000000000
67261  31.581  -2.954  -8.006 0.0000000000
68405  30.778  -1.742  -9.808 0.0000000000
68417  29.597  -0.989  -10.093 0.0000000000
69525  33.698  -0.173  -10.592 0.0000000000
69531  28.448  -0.510  -10.472 0.0000000000
69545  28.026  -0.103  -10.818 0.0000000000
70657  33.539  0.094  -11.308 0.0000000000
72862  25.268  3.161  -11.323 0.0000000000
72870  28.633  2.838  -12.200 0.0000000000
73857  25.723  3.331  -11.869 0.0000000000
73869  27.308  3.780  -12.712 0.0000000000
73879  27.082  4.598  -12.977 0.0000000000
74861  26.845  5.241  -13.423 0.0000000000
75820  28.689  5.191  -12.251 0.0000000000
75821  28.057  5.251  -12.843 0.0000000000
75822  25.479  5.560  -12.843 0.0000000000
76889  27.551  6.574  -13.620 0.0000000000
76912  26.963  7.157  -14.455 0.0000000000
76913  26.467  6.772  -14.572 0.0000000000
79082  23.104  8.051  -11.747 0.0000000000
79117  25.763  8.778  -14.335 0.0000000000
80109  28.241  9.744  -11.962 0.0000000000
80110  23.034  9.841  -11.811 0.0000000000
80131  25.451  9.471  -14.059 0.0000000000
81202  26.390  11.140  -15.151 0.0000000000
82229  30.626  11.993  -10.224 0.0000000000
83298  32.416  12.858  -10.874 0.0000000000
84303  30.677  13.881  -10.933 0.0000000000
84304  29.770  13.800  -11.083 0.0000000000
84319  28.711  13.954  -12.171 0.0000000000
85323  31.129  14.353  -11.461 0.0000000000
85349  32.036  15.082  -14.064 0.0000000000
86324  29.578  15.431  -12.524 0.0000000000
86338  28.072  15.722  -13.959 0.0000000000
87306  31.121  16.222  -13.761 0.0000000000
87307  30.469  16.625  -13.720 0.0000000000
87317  31.088  16.576  -14.480 0.0000000000
87321  27.282  16.314  -14.898 0.0000000000
87350  30.793  17.129  -16.767 0.0000000000
88239  28.742  17.310  -14.785 0.0000000000
88244  29.340  17.607  -15.292 0.0000000000
88257  25.646  17.355  -16.448 0.0000000000
88264  29.356  18.109  -17.085 0.0000000000
88276  28.797  18.100  -18.782 0.0000000000
88290  23.655  17.751  -18.735 0.0000000000
89280  27.226  18.655  -19.351 0.0000000000
132750  26.799  5.965  -14.266 0.0000000000
137950  25.978  6.271  -14.092 0.0000000000
139215  29.260  6.639  -11.544 0.0000000000
141523  27.600  9.878  -13.230 0.0000000000
143243  29.781  17.613  -17.697 0.0000000000
146680  28.382  6.143  -12.491 0.0000000000
146784  29.583  1.547  -11.587 0.0000000000
148551  22.938  6.001  -10.862 0.0000000000
149798  23.610  0.953  -7.934 0.0000000000
150140  31.735  12.930  -10.619 0.0000000000
152416  28.529  12.018  -11.706 0.0000000000
153007  26.047  7.226  -14.459 0.0000000000
153903  29.711  17.708  -15.807 0.0000000000
