#!ascii label  , from subject sub-v1s19x0051306_ses-1 vox2ras=TkReg
1673
27522  37.243  -39.019  13.691 0.8999999762
27535  37.365  -39.770  13.402 0.8000000119
130320  37.493  -39.123  13.077 0.8000000119
25384  37.467  -41.257  12.628 0.6999999881
26476  37.074  -40.615  11.497 0.8000000119
27523  36.746  -39.028  14.278 0.8999999762
28608  37.534  -38.683  12.488 1.0000000000
27550  37.493  -39.654  12.434 0.8999999762
27566  37.274  -39.903  11.583 0.8000000119
27567  36.924  -40.164  11.041 0.8000000119
27584  36.937  -39.490  10.893 0.8999999762
26496  36.660  -40.723  10.897 0.8000000119
26497  36.053  -40.884  10.460 0.6999999881
25414  35.760  -41.647  10.417 0.6999999881
141305  35.296  -39.212  15.199 0.8000000119
149001  36.586  -38.135  14.539 0.8999999762
150945  36.055  -38.008  15.008 0.8999999762
28566  35.347  -38.314  15.288 0.8999999762
28568  33.937  -38.810  15.530 0.8999999762
28591  37.427  -38.408  13.327 0.8999999762
29531  37.578  -37.694  12.709 1.0000000000
27583  37.349  -38.959  11.541 0.8999999762
29565  37.319  -37.998  10.994 1.0000000000
148155  36.959  -38.745  10.756 0.8999999762
27595  36.330  -39.048  10.180 0.8999999762
27585  36.324  -40.058  10.485 0.8000000119
26498  35.289  -41.005  10.131 0.6999999881
30329  36.812  -36.466  14.580 0.8999999762
29500  36.377  -37.367  14.833 0.8999999762
29501  35.665  -37.481  15.259 0.8999999762
29483  34.341  -37.453  15.486 0.8999999762
141786  33.700  -38.009  15.524 0.8999999762
29499  37.012  -37.428  14.280 0.8999999762
29514  37.384  -37.580  13.656 0.8999999762
29551  37.588  -37.374  11.726 1.0000000000
27596  35.646  -39.683  9.883 0.8000000119
26511  35.052  -40.288  9.750 0.8000000119
139069  34.243  -40.124  9.448 0.8000000119
26513  33.850  -40.742  9.456 0.8000000119
137671  33.408  -40.158  9.136 0.8000000119
30307  35.019  -36.885  15.432 0.8999999762
139171  33.569  -37.182  15.411 0.8999999762
151500  32.414  -37.341  15.091 0.8999999762
30309  33.569  -36.411  15.166 0.8999999762
30330  32.852  -35.940  14.630 0.8000000119
29502  32.022  -37.123  14.748 0.8000000119
30328  37.409  -36.720  13.941 0.8999999762
31181  33.171  -35.148  14.413 0.6999999881
30331  32.097  -36.356  14.439 0.6999999881
30332  31.376  -36.806  14.228 0.6999999881
131349  37.836  -35.790  12.677 0.8999999762
30347  31.115  -36.016  13.720 0.6999999881
134601  30.290  -35.973  13.313 0.6999999881
31207  37.766  -35.847  11.850 1.0000000000
31194  30.672  -35.244  13.337 0.6000000238
143978  37.631  -36.610  11.595 1.0000000000
30387  37.513  -36.218  11.051 1.0000000000
130610  37.423  -37.047  10.961 1.0000000000
29566  36.865  -37.367  10.351 1.0000000000
28642  36.646  -38.180  10.268 0.8999999762
130075  37.024  -36.547  10.429 1.0000000000
29578  36.265  -37.588  9.713 0.8999999762
28655  36.092  -38.298  9.730 0.8000000119
28656  35.547  -38.810  9.556 0.8000000119
28657  34.742  -38.521  9.050 0.8000000119
28658  33.972  -38.171  8.597 0.8000000119
27598  33.875  -39.197  8.907 0.8000000119
27599  32.762  -39.432  8.632 0.8000000119
28659  33.158  -38.494  8.469 0.8000000119
142877  32.298  -38.583  8.281 0.8000000119
141653  35.959  -36.668  15.187 0.8999999762
30308  34.193  -36.804  15.431 0.8999999762
129454  36.188  -35.793  15.021 0.8999999762
31163  35.296  -36.012  15.255 0.8999999762
31164  34.402  -36.185  15.275 0.8999999762
138057  33.890  -35.026  14.647 0.8999999762
130543  37.476  -35.726  14.076 0.8999999762
148586  32.438  -35.346  14.191 0.6999999881
31191  37.892  -35.214  13.291 0.8999999762
31192  31.901  -34.934  13.764 0.6000000238
31193  31.346  -35.287  13.618 0.6000000238
31206  37.999  -35.160  12.380 1.0000000000
32165  30.196  -34.441  13.178 0.5000000000
31219  37.626  -35.456  11.118 1.0000000000
33135  29.956  -33.516  13.389 0.5000000000
30405  37.171  -35.782  10.523 1.0000000000
31229  36.831  -35.382  10.113 1.0000000000
30406  36.659  -36.025  9.944 1.0000000000
140108  35.767  -36.985  9.323 0.8999999762
30420  35.213  -36.362  8.890 0.8999999762
30421  34.544  -36.875  8.566 0.8000000119
29580  34.658  -37.658  8.718 0.8000000119
142111  34.453  -36.180  8.519 0.8999999762
30422  33.757  -36.473  8.237 0.8000000119
31244  34.033  -35.624  8.352 0.8999999762
134041  33.190  -37.169  8.052 0.8000000119
29582  31.885  -37.874  7.859 0.8000000119
30436  31.356  -36.008  7.472 0.8000000119
29597  31.167  -36.989  7.601 0.8000000119
31179  34.543  -35.412  15.006 0.8999999762
150174  36.936  -35.484  14.579 0.8999999762
32143  37.163  -33.960  14.439 0.8999999762
32147  33.543  -34.399  14.335 0.6999999881
32148  32.634  -34.476  13.954 0.8000000119
32161  37.970  -34.307  13.528 0.8999999762
32162  37.582  -34.133  14.114 0.8999999762
32163  31.920  -34.222  13.639 0.6999999881
32164  31.190  -34.482  13.448 0.6000000238
140522  31.938  -32.815  13.579 0.6999999881
33133  31.548  -33.596  13.524 0.6000000238
33134  30.755  -33.631  13.401 0.5000000000
31218  37.874  -35.133  11.689 1.0000000000
34030  30.460  -32.829  13.543 0.5000000000
34031  29.712  -32.692  13.789 0.5000000000
32188  37.796  -34.701  11.177 1.0000000000
31228  37.302  -35.037  10.551 1.0000000000
32196  36.719  -34.626  9.955 1.0000000000
31241  36.316  -35.418  9.631 1.0000000000
31242  35.559  -35.521  9.186 0.8999999762
139478  36.840  -33.688  10.109 1.0000000000
133377  36.136  -33.885  9.609 0.8999999762
32204  35.888  -34.721  9.418 0.8999999762
31243  34.820  -35.570  8.683 0.8999999762
32205  35.137  -34.809  8.904 0.8999999762
128549  34.338  -34.873  8.530 0.8999999762
32223  32.911  -35.047  7.851 0.8999999762
31259  32.715  -35.754  7.723 0.8999999762
138106  34.603  -34.106  8.781 0.8999999762
32222  33.151  -34.261  8.151 0.8999999762
31260  32.021  -35.320  7.571 0.8999999762
33176  32.744  -33.576  8.079 0.8999999762
32144  36.555  -34.112  14.641 0.8999999762
32145  35.619  -34.283  14.746 0.8999999762
32146  34.552  -34.504  14.651 0.8999999762
33113  34.947  -33.592  14.570 0.8999999762
33114  34.006  -33.629  14.364 1.0000000000
33115  33.132  -33.621  14.002 0.8000000119
33111  36.826  -33.396  14.556 0.8999999762
32177  38.234  -34.452  12.789 0.8999999762
146351  32.747  -32.787  13.771 0.6999999881
141557  31.183  -32.861  13.507 0.5000000000
32187  38.123  -34.512  11.932 1.0000000000
136115  30.247  -32.014  13.807 0.5000000000
33152  38.050  -33.786  11.293 1.0000000000
33159  37.494  -33.347  10.582 1.0000000000
34056  37.373  -32.511  10.426 1.0000000000
150746  36.895  -32.982  10.184 1.0000000000
33166  36.322  -33.093  9.756 1.0000000000
33167  35.492  -33.167  9.361 0.8999999762
33168  34.865  -33.487  8.991 0.8999999762
33169  34.189  -33.346  8.706 0.8999999762
33206  32.500  -33.763  5.781 0.6999999881
133899  32.009  -33.133  5.564 0.8000000119
32267  30.814  -34.303  5.419 0.8000000119
139325  30.101  -33.808  5.501 0.8000000119
33110  37.453  -33.415  14.254 0.8999999762
34008  36.453  -32.769  14.604 1.0000000000
34009  35.774  -32.467  14.611 1.0000000000
129958  34.941  -32.234  14.473 1.0000000000
34010  34.081  -32.085  14.250 0.6999999881
33131  33.577  -32.807  14.135 0.6999999881
33129  38.367  -33.660  13.097 0.8999999762
33130  37.958  -33.501  13.724 0.8999999762
34029  32.303  -32.004  13.627 0.6999999881
140115  30.865  -32.240  13.589 0.6000000238
138677  38.410  -32.995  11.819 1.0000000000
34026  38.375  -32.725  13.309 0.8999999762
34011  29.463  -31.774  14.167 0.4000000060
34050  38.046  -32.810  10.983 1.0000000000
34063  36.571  -32.298  9.864 1.0000000000
34064  35.193  -32.290  9.153 1.0000000000
146854  35.892  -31.978  9.476 1.0000000000
34087  28.927  -32.611  6.311 0.8999999762
34100  35.288  -32.317  6.566 0.6000000238
34114  33.537  -32.723  6.138 0.6000000238
137758  32.769  -32.907  5.797 0.8000000119
34116  31.554  -32.461  5.446 0.8000000119
32268  29.262  -34.173  5.882 0.8999999762
32240  29.190  -34.042  6.194 0.8999999762
139169  38.115  -31.942  13.740 0.8999999762
34007  37.143  -32.702  14.458 0.8999999762
34028  33.192  -31.884  13.869 0.6999999881
35048  32.593  -31.170  13.691 0.6999999881
36137  31.296  -30.501  13.588 0.6000000238
134394  29.990  -31.127  13.904 0.4000000060
34049  38.369  -32.145  11.517 1.0000000000
34044  38.574  -32.254  12.450 0.8999999762
141605  37.942  -31.935  10.789 1.0000000000
35084  37.212  -31.663  10.194 1.0000000000
35091  36.388  -31.320  9.566 1.0000000000
36187  35.735  -30.705  9.029 1.0000000000
34077  30.258  -33.011  7.029 0.8999999762
35107  30.010  -31.583  7.110 0.8999999762
149946  29.449  -32.254  6.812 0.8999999762
35152  28.710  -31.986  5.897 0.8999999762
34102  28.690  -32.624  6.029 0.8999999762
35124  37.521  -31.463  6.712 0.6000000238
134737  36.125  -32.342  6.699 0.6000000238
135451  34.527  -32.696  6.445 0.6000000238
34101  33.899  -31.947  6.144 0.8000000119
34115  32.321  -32.248  5.544 0.8000000119
34118  29.666  -32.413  5.560 0.8999999762
144533  36.535  -31.926  14.569 0.8999999762
35032  34.650  -31.456  14.384 0.6999999881
130806  36.158  -30.979  14.607 0.8999999762
35031  35.553  -31.645  14.554 0.8999999762
35047  33.224  -31.039  13.859 0.6000000238
35045  38.522  -31.785  13.182 1.0000000000
149668  38.298  -31.291  13.524 1.0000000000
35046  37.835  -31.161  14.015 1.0000000000
36135  32.919  -30.336  13.731 0.6000000238
36136  32.128  -30.458  13.610 0.6000000238
35075  38.580  -31.463  11.960 1.0000000000
35064  38.637  -31.470  12.643 1.0000000000
141668  38.677  -30.815  12.390 1.0000000000
35082  38.338  -31.325  11.231 1.0000000000
35083  37.850  -31.095  10.572 1.0000000000
35090  37.228  -30.806  9.941 1.0000000000
149385  36.629  -30.301  9.340 1.0000000000
37187  35.906  -29.934  8.778 1.0000000000
36193  35.185  -30.264  8.574 1.0000000000
36194  34.617  -30.560  8.461 1.0000000000
135273  34.083  -30.586  8.256 1.0000000000
148113  33.867  -30.957  8.348 1.0000000000
36204  32.959  -30.344  7.615 1.0000000000
36195  32.584  -31.008  7.826 0.8999999762
35104  33.030  -31.542  8.175 0.8999999762
143074  30.546  -32.190  7.252 0.8999999762
150901  28.631  -31.991  6.168 0.8999999762
35142  29.454  -31.500  5.559 0.8999999762
36217  38.672  -30.410  6.637 0.6000000238
35125  36.501  -31.559  6.681 0.6000000238
35126  35.405  -31.580  6.480 0.6000000238
35139  32.645  -31.402  5.394 0.8000000119
134804  31.171  -31.927  5.398 0.8000000119
133033  37.067  -31.078  14.450 0.8999999762
36120  35.239  -30.831  14.495 0.6999999881
35033  33.832  -31.275  14.122 0.6000000238
37126  33.472  -29.869  13.853 0.6000000238
36134  38.217  -30.460  13.582 0.8999999762
147966  32.427  -29.795  13.591 0.6000000238
38105  31.698  -29.608  13.488 0.5000000000
36169  38.572  -30.673  11.635 1.0000000000
140847  38.748  -29.959  12.098 0.8999999762
36178  38.359  -30.505  10.914 1.0000000000
36179  37.881  -30.296  10.280 1.0000000000
37177  37.919  -29.588  9.876 1.0000000000
128445  37.224  -29.592  9.336 1.0000000000
37192  36.916  -29.028  8.870 1.0000000000
37193  36.110  -29.218  8.536 1.0000000000
37194  35.354  -29.519  8.315 1.0000000000
37195  34.553  -29.935  8.145 1.0000000000
37196  33.747  -30.142  7.844 1.0000000000
36205  32.047  -30.464  7.371 1.0000000000
36207  30.614  -30.377  6.926 0.8999999762
36197  30.333  -30.969  7.178 0.8999999762
147853  28.751  -30.952  6.633 0.8999999762
36238  27.921  -30.445  6.065 0.8999999762
37216  38.023  -29.707  6.635 0.6000000238
36219  36.796  -30.703  6.623 0.6000000238
36221  34.988  -30.827  6.143 0.6000000238
36233  34.337  -30.492  5.576 0.6999999881
36234  32.987  -30.660  5.101 0.6999999881
36235  32.251  -30.798  5.042 0.6999999881
35141  30.434  -31.750  5.408 0.8000000119
151006  29.288  -30.890  5.520 0.8999999762
37214  39.744  -29.471  6.442 0.6000000238
36250  31.923  -30.194  4.735 0.6999999881
36236  31.456  -30.802  5.077 0.8000000119
147124  30.119  -29.968  5.047 0.8999999762
37114  34.120  -29.889  14.101 0.6999999881
139546  32.999  -29.478  13.626 0.6000000238
37124  37.853  -29.580  13.844 0.8999999762
36119  36.661  -30.257  14.488 0.8000000119
149711  35.470  -29.547  14.432 0.6999999881
136935  38.647  -30.254  12.887 0.8999999762
138234  38.651  -29.849  11.287 1.0000000000
140430  38.809  -29.089  12.295 0.8000000119
127403  38.864  -28.961  10.915 0.8999999762
136186  38.826  -29.276  11.627 0.8000000119
37176  38.413  -29.678  10.571 1.0000000000
37185  37.829  -28.852  9.342 1.0000000000
38177  37.353  -28.371  8.663 1.0000000000
38178  36.472  -28.556  8.345 1.0000000000
38179  35.634  -28.714  7.976 1.0000000000
38186  34.381  -28.690  7.299 1.0000000000
37202  34.075  -29.417  7.587 1.0000000000
143805  32.552  -29.884  7.214 1.0000000000
37204  31.861  -29.782  6.872 0.8999999762
37206  30.000  -29.830  6.663 0.8999999762
36208  29.636  -30.587  6.843 0.8999999762
36222  27.935  -30.388  6.095 0.8999999762
37218  36.082  -29.996  6.296 0.6000000238
134200  33.616  -30.427  5.190 0.6999999881
136490  28.886  -30.181  5.479 0.8999999762
38205  40.069  -28.860  6.362 0.6000000238
37215  38.947  -29.563  6.595 0.6000000238
36248  33.339  -30.017  4.776 0.6999999881
36251  31.053  -30.123  4.802 0.6999999881
139815  34.934  -30.045  14.375 0.6999999881
37125  33.743  -29.118  13.832 0.6000000238
38083  37.501  -28.616  13.970 0.8000000119
38084  36.556  -28.744  14.352 0.8000000119
38085  35.682  -28.864  14.381 0.6999999881
38086  34.740  -29.147  14.204 0.6999999881
38099  38.588  -28.980  13.016 0.6999999881
149467  38.168  -29.013  13.514 0.8000000119
38138  39.047  -28.456  11.696 0.6999999881
147224  39.121  -28.203  10.949 0.6999999881
38156  38.952  -28.245  10.340 0.8000000119
38169  38.587  -28.213  9.609 0.8000000119
38176  38.103  -28.143  8.981 0.8000000119
39170  38.634  -27.483  9.034 0.8000000119
38185  36.163  -28.142  7.860 1.0000000000
149863  35.041  -28.508  7.507 1.0000000000
38187  33.576  -28.918  7.014 1.0000000000
38188  32.582  -29.181  6.725 1.0000000000
39186  34.764  -28.034  7.043 1.0000000000
38208  33.975  -28.162  6.683 1.0000000000
38189  31.493  -29.076  6.439 1.0000000000
37205  30.992  -29.734  6.663 0.8999999762
38191  29.240  -29.254  6.490 0.8999999762
37207  28.885  -29.953  6.562 0.8999999762
38192  28.233  -29.459  6.315 0.8999999762
38207  38.298  -28.862  6.467 0.6000000238
37217  37.036  -29.840  6.503 0.6000000238
36232  35.211  -30.191  5.903 0.6000000238
37232  34.733  -29.707  5.325 0.6999999881
37233  27.768  -29.554  5.907 0.8999999762
37247  29.512  -29.364  4.970 0.8999999762
38245  33.172  -28.889  4.191 0.6999999881
143695  32.347  -29.702  4.537 0.6999999881
37246  30.620  -29.391  4.643 0.8999999762
38249  28.938  -28.680  4.952 0.8999999762
38100  36.702  -27.909  14.094 0.6999999881
144084  35.985  -28.180  14.262 0.6000000238
38101  35.083  -28.167  14.024 0.6000000238
38103  33.724  -28.405  13.583 0.6000000238
39110  38.395  -27.530  12.927 0.6999999881
39091  36.668  -27.212  13.766 0.6000000238
39127  39.009  -27.576  12.171 0.6999999881
39126  39.220  -27.657  11.319 0.6999999881
39145  39.235  -27.611  10.578 0.6999999881
40179  38.742  -26.703  8.597 0.8000000119
39171  37.801  -27.618  8.445 0.8000000119
39183  37.206  -27.198  7.846 0.8000000119
147174  36.858  -27.906  8.114 0.8000000119
142627  35.543  -27.928  7.431 1.0000000000
39184  36.345  -27.518  7.599 0.8000000119
38209  33.060  -28.326  6.379 1.0000000000
38210  32.070  -28.412  6.087 1.0000000000
39202  33.462  -27.492  6.168 1.0000000000
39203  32.536  -27.654  5.828 1.0000000000
38211  30.900  -28.280  5.942 1.0000000000
39205  29.827  -27.664  5.858 1.0000000000
38212  29.527  -28.469  6.281 1.0000000000
39187  28.343  -28.767  6.256 0.8999999762
37230  36.343  -29.204  6.012 0.6000000238
38232  27.726  -29.001  6.032 0.8999999762
38206  39.318  -28.680  6.454 0.6000000238
37229  37.299  -29.022  6.321 0.6000000238
37241  35.059  -29.123  5.101 0.6999999881
38250  28.038  -28.563  5.611 0.8999999762
37242  34.466  -29.217  4.757 0.6999999881
144623  31.963  -28.602  4.179 0.6999999881
38248  30.076  -28.681  4.576 0.8999999762
144680  34.915  -27.407  13.625 0.5000000000
39090  37.525  -27.554  13.584 0.6000000238
40082  36.158  -26.638  13.552 0.5000000000
133575  38.588  -26.631  12.459 0.6999999881
39111  37.862  -26.836  13.135 0.6999999881
143781  39.212  -26.924  11.606 0.6999999881
144353  39.342  -27.106  10.918 0.6999999881
141212  39.442  -25.995  9.561 0.6999999881
40178  39.265  -26.204  8.930 0.6999999881
40191  38.406  -26.338  7.986 0.8000000119
40180  38.032  -26.917  8.133 0.8000000119
40192  37.579  -26.381  7.564 0.8000000119
40193  36.612  -26.772  7.363 0.8000000119
41273  36.822  -26.045  7.034 0.8000000119
40200  36.164  -26.413  6.896 0.8000000119
39200  35.092  -26.963  6.669 0.8999999762
39201  34.417  -27.335  6.530 1.0000000000
137217  35.496  -26.378  6.613 0.8000000119
40201  34.659  -26.473  6.349 0.8999999762
133755  33.803  -26.651  6.004 1.0000000000
144802  31.924  -27.017  5.570 1.0000000000
39204  31.703  -27.757  5.707 1.0000000000
143131  29.018  -27.044  5.793 1.0000000000
39206  28.527  -27.916  6.075 0.8999999762
39207  27.797  -28.302  5.947 0.8999999762
39223  27.896  -27.981  5.715 0.8999999762
40207  28.180  -27.223  5.720 0.8999999762
38230  37.564  -28.222  6.077 0.6000000238
134440  36.659  -28.471  5.712 0.6000000238
144547  33.753  -28.658  4.131 0.6999999881
38265  30.604  -27.938  4.299 0.8000000119
38266  29.525  -28.020  4.556 0.8999999762
39220  38.890  -27.147  5.874 0.6000000238
38260  34.843  -28.131  4.053 0.6999999881
38263  32.691  -28.449  4.019 0.6999999881
39262  30.052  -27.217  4.259 0.8000000119
39241  27.962  -27.588  5.053 0.8999999762
144158  32.228  -28.026  3.928 0.6999999881
39263  28.364  -26.915  4.625 0.8999999762
40081  37.076  -26.644  13.448 0.5000000000
40099  35.528  -26.079  13.108 0.5000000000
40097  38.276  -25.615  12.274 0.6999999881
40098  36.480  -25.931  13.149 0.5000000000
42316  39.343  -25.561  10.872 0.6999999881
40120  39.011  -26.072  11.652 0.6999999881
137681  39.483  -26.058  10.307 0.6999999881
41262  39.390  -25.552  8.822 0.6999999881
41263  38.989  -25.944  8.312 0.6999999881
41272  37.557  -25.666  7.155 0.8000000119
41285  36.098  -25.647  6.541 0.8000000119
41286  35.091  -25.723  6.256 0.8000000119
41288  33.223  -25.959  5.635 0.8999999762
40202  32.869  -26.808  5.682 1.0000000000
40204  31.175  -26.453  5.540 1.0000000000
143469  30.995  -27.340  5.627 1.0000000000
42397  35.550  -25.060  6.162 0.8000000119
41287  34.167  -25.830  5.903 0.8000000119
40203  32.145  -26.013  5.536 0.8999999762
145924  30.485  -26.074  5.548 1.0000000000
40205  30.218  -26.800  5.615 1.0000000000
41289  31.114  -25.482  5.530 0.8999999762
40206  29.629  -26.206  5.606 1.0000000000
146030  28.624  -26.344  5.638 1.0000000000
40208  27.703  -26.321  5.425 1.0000000000
39224  27.614  -26.927  5.177 0.8999999762
38243  34.990  -28.620  4.628 0.6999999881
40209  27.112  -25.747  5.240 0.8999999762
39222  36.934  -27.757  5.416 0.6000000238
135394  36.229  -28.039  5.112 0.6000000238
39242  27.501  -26.656  4.926 0.8999999762
38242  35.611  -27.948  4.456 0.6999999881
38261  34.141  -28.181  3.865 0.6999999881
39259  32.868  -27.800  3.729 0.6999999881
39261  31.081  -27.244  4.037 0.6999999881
146997  29.977  -26.418  4.226 0.8000000119
39260  32.069  -27.314  3.765 0.6999999881
147056  28.459  -25.807  4.476 0.8000000119
41339  27.280  -25.302  4.670 0.8999999762
143143  30.663  -26.665  4.092 0.6999999881
129842  37.545  -25.969  12.888 0.6000000238
41204  38.748  -25.218  11.623 0.6999999881
41231  39.510  -25.384  10.005 0.6999999881
149492  39.332  -24.798  10.431 0.6999999881
139167  39.525  -25.145  9.267 0.6999999881
42358  39.498  -24.624  9.654 0.6999999881
128617  39.465  -24.892  8.669 0.6999999881
42381  39.437  -24.248  8.108 0.6999999881
41270  39.213  -25.159  8.132 0.6999999881
42382  38.817  -24.645  7.410 0.6999999881
42383  37.969  -24.990  6.914 0.8000000119
41284  37.056  -25.265  6.662 0.8000000119
42395  37.374  -24.465  6.412 0.8000000119
42396  36.375  -24.670  6.204 0.8000000119
42398  34.669  -24.963  5.819 0.8000000119
42412  36.201  -23.900  5.695 0.8000000119
42414  34.797  -24.137  5.620 0.8000000119
131461  33.636  -25.122  5.643 0.8000000119
145114  31.904  -25.155  5.534 0.8999999762
136199  30.496  -24.710  5.549 0.8999999762
141727  30.116  -25.450  5.556 1.0000000000
43574  34.397  -23.499  5.420 0.8000000119
42415  34.002  -24.270  5.561 0.8000000119
137997  28.332  -25.588  5.596 1.0000000000
138991  29.204  -25.527  5.609 1.0000000000
39238  37.160  -27.092  4.963 0.6000000238
142367  27.644  -25.553  5.485 1.0000000000
39258  34.657  -27.618  3.637 0.6999999881
150087  33.792  -27.556  3.581 0.6999999881
40238  26.375  -25.741  5.046 0.8999999762
41291  26.540  -25.226  5.131 1.0000000000
40255  32.352  -26.549  3.662 0.6999999881
40256  31.454  -26.447  3.874 0.8000000119
142575  29.890  -25.616  4.268 0.8000000119
43513  39.496  -23.838  9.341 0.6999999881
42369  39.568  -24.407  8.918 0.6999999881
43545  39.115  -23.692  7.228 0.6999999881
42394  38.311  -24.086  6.685 0.6999999881
131381  38.322  -23.367  6.316 0.6999999881
43555  37.594  -23.734  6.109 0.8000000119
43556  36.890  -24.043  5.960 0.8000000119
43573  35.367  -23.538  5.473 0.8000000119
131193  36.115  -23.254  5.422 0.8000000119
140516  34.844  -22.808  5.159 0.8000000119
139355  32.194  -24.488  5.535 0.8999999762
42400  31.350  -24.581  5.539 0.8999999762
43557  32.490  -23.739  5.492 0.8000000119
43558  31.669  -23.814  5.525 0.8999999762
144170  30.004  -24.179  5.560 0.8999999762
39239  36.409  -27.493  4.651 0.6000000238
44757  30.424  -23.003  5.534 0.8999999762
129054  29.885  -23.544  5.568 0.8999999762
133258  28.818  -24.831  5.625 1.0000000000
40236  36.690  -26.948  4.261 0.6000000238
42402  27.400  -24.314  5.503 0.8999999762
41333  33.099  -26.092  3.552 0.6999999881
43563  26.650  -23.612  5.294 0.8999999762
41336  30.553  -25.153  4.192 0.8000000119
41338  28.181  -25.272  4.471 0.8999999762
42449  26.944  -24.487  4.723 0.8000000119
43530  39.557  -23.619  8.560 0.6999999881
43553  39.402  -22.983  7.222 0.6999999881
43571  37.760  -23.031  5.777 0.6999999881
43570  38.509  -22.696  6.043 0.6999999881
43575  33.370  -23.494  5.425 0.8000000119
44755  32.006  -23.127  5.443 0.8000000119
44774  33.097  -22.711  5.201 0.8000000119
44775  32.357  -22.619  5.234 0.8000000119
131044  29.242  -24.034  5.583 0.8999999762
39257  35.291  -27.608  3.807 0.6000000238
44776  31.579  -22.466  5.267 0.8000000119
45894  30.863  -22.537  5.385 0.8999999762
43560  29.264  -23.323  5.593 0.8999999762
43561  28.609  -23.422  5.601 0.8999999762
39256  36.005  -27.235  3.802 0.6000000238
40253  34.508  -27.093  3.378 0.6999999881
43562  27.711  -23.505  5.550 0.8999999762
41334  32.230  -25.705  3.746 0.6999999881
43584  26.140  -23.590  4.994 0.8000000119
42445  30.486  -24.406  4.209 0.6999999881
43603  28.406  -23.721  4.370 0.8000000119
44746  39.504  -22.550  7.522 0.6999999881
45893  39.321  -21.609  6.392 0.6999999881
44754  39.064  -22.343  6.346 0.6999999881
44773  33.961  -22.796  5.163 0.8000000119
44789  33.569  -22.156  4.787 0.8000000119
44790  32.729  -22.143  4.865 0.8000000119
139982  31.545  -21.813  4.852 0.8000000119
44758  29.645  -22.815  5.549 0.8999999762
45896  29.177  -22.109  5.462 0.8999999762
40252  35.297  -27.022  3.315 0.6000000238
44760  28.025  -22.745  5.575 0.8999999762
144958  33.720  -25.964  3.373 0.6999999881
150336  32.901  -25.458  3.604 0.6999999881
45898  27.374  -22.061  5.443 0.8999999762
42444  31.209  -24.557  4.045 0.6999999881
43602  29.261  -23.918  4.301 0.8000000119
44809  26.467  -22.891  4.839 0.8000000119
132768  30.077  -23.804  4.221 0.6999999881
151408  28.127  -23.054  4.367 0.8000000119
43604  27.348  -23.539  4.562 0.8000000119
129634  28.851  -23.053  4.217 0.8000000119
45884  39.538  -21.778  7.164 0.6999999881
138962  39.516  -20.960  6.794 0.6000000238
142928  36.050  -26.712  3.110 0.6000000238
47015  30.922  -21.304  4.704 0.8000000119
144314  29.454  -21.537  5.179 0.8999999762
45915  28.490  -21.444  5.295 0.8999999762
136406  35.042  -25.755  2.618 0.6000000238
45916  27.516  -21.436  5.284 0.8999999762
137919  31.903  -24.966  3.888 0.8000000119
45918  26.493  -22.120  5.078 0.8999999762
44808  27.423  -22.569  4.471 0.8000000119
43601  30.412  -23.016  3.919 0.6999999881
44807  28.259  -22.364  4.178 0.8000000119
131005  27.489  -21.647  4.242 0.8000000119
41356  33.590  -25.219  3.369 0.6999999881
153402  30.271  -21.059  4.676 0.8000000119
42463  33.999  -24.329  2.929 0.5000000000
42442  32.699  -24.810  3.648 0.6000000238
43598  32.772  -23.838  3.462 0.6000000238
42443  32.052  -24.208  3.827 0.6999999881
47018  27.072  -20.909  4.898 0.8000000119
43600  31.311  -22.943  3.637 0.6000000238
44805  30.663  -22.223  3.494 0.6000000238
143145  29.114  -22.198  3.863 0.6999999881
134930  27.673  -21.027  3.710 0.8000000119
137622  26.784  -21.361  4.723 0.8000000119
45952  29.893  -21.604  3.393 0.6000000238
47016  29.819  -20.508  4.527 0.8000000119
48336  28.727  -20.024  4.466 0.8000000119
48337  27.725  -20.361  4.673 0.8999999762
43617  33.510  -23.501  2.851 0.6000000238
45968  27.111  -20.133  3.604 0.8000000119
47042  27.041  -20.582  4.394 0.8000000119
48338  26.978  -19.975  4.321 0.8000000119
45953  28.729  -21.312  3.473 0.6000000238
48335  29.755  -19.737  4.142 0.8000000119
48361  27.522  -19.581  4.230 0.8000000119
43618  32.729  -22.978  3.132 0.6000000238
44804  31.547  -21.972  3.064 0.6000000238
47057  26.756  -19.819  3.800 0.8000000119
45951  30.768  -21.555  3.059 0.6000000238
127817  26.775  -19.311  3.420 0.6999999881
49501  26.790  -19.040  3.643 0.8000000119
47068  29.974  -20.350  2.416 0.6000000238
47070  27.386  -19.571  2.939 0.6000000238
48390  26.506  -18.687  2.962 0.6999999881
45964  31.264  -21.161  2.407 0.6000000238
47067  30.755  -20.600  2.226 0.6000000238
49517  30.165  -18.544  3.338 0.8000000119
48360  28.742  -19.342  3.967 0.8000000119
44833  33.243  -22.569  2.441 0.6000000238
49498  29.708  -19.152  3.716 0.8000000119
43630  34.137  -22.917  2.061 0.5000000000
50549  26.705  -18.177  3.342 0.8000000119
49500  27.675  -18.815  3.710 0.8000000119
44834  32.902  -21.810  2.048 0.6000000238
44820  32.444  -22.233  2.720 0.6000000238
50580  26.700  -17.594  2.594 0.6000000238
138079  33.633  -22.110  1.701 0.5000000000
45963  32.126  -21.524  2.314 0.6000000238
47088  31.386  -20.513  1.807 0.6000000238
48389  28.454  -19.391  2.347 0.6000000238
47087  32.223  -20.427  1.344 0.6000000238
47089  30.638  -19.955  1.809 0.6000000238
49544  30.098  -19.197  1.547 0.6000000238
49545  28.788  -18.755  1.811 0.6000000238
50563  30.120  -17.828  2.808 0.8000000119
50564  29.163  -18.016  3.149 0.8000000119
50562  31.121  -18.131  2.808 0.8000000119
150956  30.043  -17.384  2.503 0.6999999881
51536  29.197  -17.363  2.585 0.6999999881
45981  33.313  -21.423  1.381 0.6000000238
50595  26.903  -17.192  1.845 0.6000000238
51569  27.144  -16.715  1.698 0.6000000238
51538  26.865  -17.255  2.489 0.6999999881
47086  33.048  -20.731  1.056 0.5000000000
49546  27.424  -17.839  1.833 0.6000000238
48423  32.266  -19.667  0.886 0.5000000000
48407  30.940  -19.363  1.335 0.6000000238
150267  29.736  -18.506  1.327 0.6000000238
47107  32.825  -20.110  0.808 0.5000000000
132680  31.061  -16.900  2.082 0.6999999881
51554  29.996  -16.895  2.133 0.6000000238
51556  27.361  -16.537  1.836 0.6000000238
51537  27.805  -17.118  2.506 0.6000000238
51568  27.371  -15.845  1.003 0.6000000238
52502  27.996  -15.968  1.374 0.6000000238
134380  32.368  -19.011  0.631 0.5000000000
48425  30.644  -18.702  1.108 0.6000000238
49558  29.988  -17.860  0.861 0.6000000238
49559  28.742  -17.893  1.278 0.6000000238
50594  27.594  -17.040  1.286 0.6000000238
52519  27.828  -15.474  0.648 0.6000000238
49556  32.052  -18.258  0.440 0.6000000238
50608  31.480  -17.553  0.248 0.6000000238
48422  33.067  -19.401  0.597 0.5000000000
49555  32.862  -18.521  0.485 0.5000000000
49554  33.643  -18.623  0.611 0.4000000060
140584  32.687  -17.842  0.319 0.5000000000
52500  30.609  -16.364  1.647 0.6000000238
52501  29.423  -16.186  1.561 0.6000000238
50609  29.814  -17.005  0.336 0.6000000238
51582  27.640  -15.786  0.694 0.6000000238
52518  28.845  -15.518  0.954 0.6000000238
50620  30.827  -16.953  0.031 0.6000000238
141009  29.859  -16.201  -0.322 0.6000000238
50607  32.231  -17.405  0.085 0.5000000000
50619  31.653  -16.908  -0.224 0.6000000238
51580  33.935  -16.882  0.283 0.4000000060
50606  32.975  -17.186  0.095 0.4000000060
51594  28.629  -15.382  -0.298 0.6000000238
53674  28.116  -14.668  0.086 0.5000000000
52517  30.127  -15.691  1.133 0.5000000000
52516  31.339  -15.859  1.255 0.5000000000
51581  28.479  -16.132  0.295 0.6000000238
53689  28.383  -14.509  -0.503 0.5000000000
143281  30.991  -16.467  -0.462 0.6000000238
50618  32.490  -16.635  -0.419 0.5000000000
50617  33.269  -16.604  -0.280 0.4000000060
53654  30.695  -15.175  0.591 0.4000000060
52543  29.545  -15.231  -0.765 0.6000000238
52562  28.906  -14.270  -1.131 0.5000000000
52560  31.683  -15.631  -1.233 0.4000000060
52542  30.743  -15.705  -0.873 0.6000000238
52561  30.016  -14.782  -1.274 0.6000000238
53710  28.734  -13.735  -1.176 0.4000000060
51602  32.330  -15.993  -0.929 0.4000000060
52559  32.484  -15.463  -1.447 0.4000000060
54812  29.036  -13.595  -1.337 0.4000000060
139488  30.966  -15.134  -1.415 0.4000000060
53709  29.406  -14.030  -1.561 0.4000000060
148609  33.806  -15.449  -1.315 0.4000000060
53708  30.493  -14.346  -1.699 0.4000000060
54783  32.585  -14.125  -0.414 0.4000000060
139403  30.890  -13.477  -1.049 0.4000000060
53725  29.390  -13.369  -1.594 0.4000000060
52573  33.393  -14.747  -2.039 0.4000000060
53706  32.612  -14.748  -1.967 0.4000000060
53722  31.746  -13.841  -2.513 0.4000000060
53723  30.691  -13.601  -2.173 0.4000000060
54800  31.822  -13.433  -1.195 0.4000000060
55964  30.662  -12.808  -1.794 0.4000000060
53721  32.939  -14.230  -2.552 0.3000000119
54845  31.235  -12.589  -2.670 0.4000000060
55978  30.244  -12.769  -2.001 0.4000000060
55963  32.507  -12.951  -1.610 0.4000000060
142910  31.054  -12.475  -2.277 0.4000000060
146581  29.932  -34.558  5.592 0.8000000119
32253  29.232  -34.746  6.307 0.8999999762
33184  29.399  -34.064  6.501 0.8999999762
32239  29.355  -34.913  6.548 0.8999999762
31262  29.788  -35.451  7.191 0.8999999762
35093  34.717  -31.651  8.789 1.0000000000
35092  35.459  -31.476  9.134 1.0000000000
127662  32.400  -34.352  7.764 0.8999999762
32206  33.850  -34.174  8.488 0.8999999762
34065  33.672  -32.859  8.556 0.8999999762
35102  34.288  -31.100  8.530 1.0000000000
32224  31.459  -34.467  7.445 0.8999999762
144212  33.071  -32.890  8.336 0.8999999762
144959  32.496  -32.955  8.039 0.8999999762
35103  33.695  -31.361  8.397 1.0000000000
136239  30.888  -33.714  7.260 0.8999999762
35105  32.273  -31.746  7.857 0.8999999762
53655  29.535  -15.025  0.526 0.4000000060
141489  28.537  -14.066  -0.427 0.4000000060
53672  29.899  -14.412  -0.043 0.4000000060
53670  32.183  -14.629  0.128 0.4000000060
28580  37.134  -38.272  14.018 0.8999999762
136649  37.519  -38.162  11.859 1.0000000000
147024  35.653  -40.392  10.158 0.8000000119
142253  34.491  -38.212  15.475 0.8999999762
30368  37.708  -36.619  12.465 1.0000000000
27597  34.854  -39.431  9.438 0.8000000119
147169  37.610  -34.877  14.021 0.8999999762
30419  36.010  -36.189  9.446 0.8999999762
29579  35.469  -37.855  9.266 0.8000000119
135942  33.895  -37.349  8.399 0.8000000119
29581  32.715  -37.833  8.132 0.8000000119
32195  37.422  -34.212  10.585 1.0000000000
31245  33.347  -35.706  8.007 0.8999999762
29596  32.385  -37.103  7.760 0.8000000119
31261  30.920  -35.331  7.328 0.8999999762
30437  30.335  -36.133  7.404 0.8000000119
133278  35.346  -34.023  9.222 0.8999999762
33177  31.909  -33.490  7.680 0.8999999762
33112  35.934  -33.357  14.691 0.8999999762
135768  35.204  -32.900  14.566 1.0000000000
35049  31.792  -31.278  13.592 0.6000000238
137570  30.885  -31.405  13.653 0.4000000060
148097  35.901  -32.556  9.524 1.0000000000
146381  34.296  -32.405  8.740 0.8999999762
32266  31.454  -34.860  5.507 0.6999999881
34117  30.724  -32.501  5.419 0.8000000119
35030  37.473  -31.909  14.284 0.8999999762
33178  30.052  -33.920  6.889 0.8999999762
33195  34.000  -33.331  6.366 0.6000000238
32269  28.885  -33.554  6.010 0.8999999762
36121  34.378  -30.671  14.269 0.6999999881
36138  30.431  -30.451  13.661 0.4000000060
34076  31.188  -32.820  7.469 0.8999999762
35143  28.280  -31.235  6.115 0.8999999762
36252  28.544  -31.082  5.795 0.8999999762
35127  34.425  -31.295  6.092 0.6999999881
35138  33.538  -31.168  5.605 0.6999999881
137802  35.784  -30.193  14.540 0.8000000119
36118  37.498  -30.326  14.182 0.8999999762
34074  32.725  -32.290  8.157 0.8999999762
147409  31.749  -31.211  7.584 0.8999999762
35106  30.907  -31.436  7.359 0.8999999762
141293  31.459  -31.985  7.576 0.8999999762
141866  28.244  -30.908  6.256 0.8999999762
38104  33.064  -28.600  13.429 0.5000000000
36209  28.162  -30.484  6.290 0.8999999762
38117  38.718  -28.312  12.601 0.6999999881
37184  38.487  -28.930  10.105 0.8999999762
37243  33.733  -29.283  4.477 0.6999999881
37248  28.519  -29.257  5.410 0.8999999762
38247  31.106  -28.666  4.364 0.8000000119
38102  34.274  -28.523  13.837 0.6000000238
39092  35.826  -27.425  13.919 0.6000000238
40161  39.191  -26.796  9.369 0.6999999881
39185  35.126  -27.486  6.921 1.0000000000
38190  30.412  -29.082  6.435 1.0000000000
147942  28.472  -28.092  4.958 0.8999999762
40083  35.243  -26.784  13.426 0.6000000238
39093  34.168  -27.811  13.528 0.5000000000
39158  39.402  -26.816  10.203 0.6999999881
40194  35.761  -27.071  7.075 0.8999999762
144602  34.798  -26.340  12.977 0.5000000000
41271  38.423  -25.613  7.590 0.8000000119
39208  27.829  -27.224  5.462 0.8999999762
41181  37.517  -25.190  12.480 0.6000000238
41182  36.729  -25.222  12.687 0.5000000000
138247  32.699  -25.206  5.564 0.8999999762
42413  35.502  -24.390  5.803 0.8000000119
42426  26.063  -24.491  5.057 0.8999999762
42343  38.892  -24.213  10.877 0.6999999881
43572  36.891  -23.337  5.611 0.8000000119
42399  33.062  -24.395  5.539 0.8999999762
43559  30.728  -23.847  5.548 0.8999999762
41335  31.302  -25.502  3.981 0.8000000119
153931  29.242  -24.573  4.361 0.8000000119
43544  39.487  -23.317  7.808 0.6999999881
143670  35.239  -22.161  4.755 0.8000000119
44777  26.420  -22.756  5.162 0.8999999762
45895  30.121  -22.203  5.360 0.8999999762
136367  39.517  -21.981  7.909 0.6000000238
149771  29.954  -22.409  3.745 0.6999999881
152469  27.760  -20.947  5.089 0.8999999762
45967  28.129  -20.484  3.233 0.6999999881
45966  29.353  -20.798  2.987 0.6000000238
47069  28.838  -20.079  2.629 0.6000000238
49531  26.317  -18.116  3.018 0.8000000119
48408  27.418  -18.697  2.408 0.6000000238
144386  28.238  -17.622  2.976 0.6999999881
48406  31.529  -19.833  1.348 0.6000000238
50610  28.621  -17.097  0.716 0.6000000238
48424  31.583  -19.038  0.864 0.6000000238
52530  27.930  -15.225  0.200 0.6000000238
53671  31.087  -14.547  0.037 0.4000000060
54785  30.283  -13.809  -0.609 0.4000000060
54799  33.056  -13.613  -0.904 0.4000000060
149354  31.678  -13.093  -2.890 0.4000000060
32225  30.388  -34.614  7.142 0.8999999762
19762  36.446  -47.295  14.741 0.4000000060
20568  35.219  -46.559  14.789 0.4000000060
20569  34.284  -46.620  14.608 0.4000000060
20566  36.935  -46.566  14.433 0.4000000060
140721  35.706  -45.905  14.776 0.4000000060
21392  34.842  -45.690  14.672 0.4000000060
133583  37.624  -45.668  13.352 0.3000000119
21390  36.520  -45.685  14.572 0.4000000060
21424  37.679  -45.127  12.627 0.4000000060
21437  37.527  -44.925  11.789 0.4000000060
22331  36.786  -44.482  10.776 0.4000000060
22332  36.121  -44.586  10.223 0.4000000060
21391  35.697  -45.162  14.701 0.5000000000
138227  34.191  -44.987  14.607 0.4000000060
22272  37.079  -44.416  14.235 0.4000000060
136264  36.431  -44.763  14.524 0.4000000060
22302  37.638  -44.182  12.988 0.5000000000
22318  37.553  -44.273  12.132 0.4000000060
23289  36.841  -43.685  11.024 0.4000000060
23306  36.232  -43.828  10.503 0.5000000000
152541  35.689  -43.294  10.317 0.5000000000
24325  34.701  -42.488  9.825 0.6000000238
23320  34.706  -43.864  9.579 0.5000000000
23321  33.785  -43.371  9.333 0.6000000238
24340  33.214  -42.601  9.281 0.4000000060
136071  34.988  -44.812  14.700 0.5000000000
136476  34.490  -44.086  14.767 0.5000000000
147492  33.667  -44.439  14.656 0.5000000000
140420  32.392  -45.280  14.303 0.5000000000
136437  37.113  -43.742  14.166 0.6000000238
136875  35.636  -44.201  14.718 0.6000000238
22288  37.393  -43.969  13.730 0.5000000000
23235  37.289  -43.234  13.870 0.6000000238
23256  37.542  -43.360  13.226 0.5000000000
23271  37.542  -43.464  12.420 0.5000000000
24307  36.870  -42.857  11.265 0.4000000060
133896  36.365  -42.237  10.762 0.6000000238
24324  35.510  -42.522  10.299 0.6000000238
25415  34.979  -41.759  9.991 0.6000000238
25429  34.260  -41.849  9.685 0.6000000238
150313  33.881  -41.329  9.542 0.6000000238
26514  32.626  -40.400  8.874 0.6000000238
24339  33.989  -42.555  9.554 0.6000000238
25430  33.546  -41.895  9.484 0.6000000238
137332  32.760  -41.894  9.223 0.6000000238
25432  31.533  -41.270  8.621 0.6000000238
133036  35.105  -43.316  14.873 0.5000000000
136983  34.273  -43.277  14.942 0.5000000000
22273  32.840  -44.412  14.592 0.5000000000
22274  31.929  -44.452  14.521 0.5000000000
23236  36.834  -43.181  14.313 0.6000000238
23237  36.054  -43.273  14.687 0.6000000238
24290  37.552  -42.682  12.701 0.6000000238
24252  37.149  -42.540  14.034 0.6000000238
134610  37.407  -41.961  12.282 0.5000000000
133643  37.561  -41.977  13.042 0.6000000238
146415  36.953  -41.935  11.476 0.6000000238
25413  36.490  -41.437  10.824 0.6000000238
26512  34.498  -41.020  9.723 0.6000000238
26515  31.884  -40.569  8.650 0.6000000238
27601  31.427  -39.978  8.432 0.6999999881
24255  33.744  -42.809  15.126 0.6000000238
23238  32.420  -43.662  14.848 0.5000000000
23239  31.481  -43.700  14.838 0.5000000000
24253  36.482  -42.363  14.491 0.6000000238
24254  35.535  -42.517  14.875 0.6000000238
140674  34.614  -42.609  15.078 0.6000000238
23218  30.984  -43.058  15.227 0.5000000000
23219  30.083  -43.057  15.317 0.5000000000
25353  36.481  -41.444  14.466 0.6000000238
25399  37.243  -41.240  11.911 0.6000000238
141943  31.825  -39.304  8.376 0.6999999881
25340  34.998  -41.732  15.166 0.6000000238
24235  33.301  -42.327  15.325 0.6000000238
23217  31.936  -42.885  15.238 0.6000000238
135175  35.878  -41.812  14.809 0.6000000238
25341  33.281  -41.544  15.469 0.6000000238
24236  32.613  -42.210  15.408 0.6000000238
144161  31.252  -42.436  15.402 0.6000000238
24238  30.513  -42.414  15.435 0.6000000238
24240  28.957  -42.572  15.290 0.5000000000
25352  37.031  -41.789  14.053 0.6000000238
25346  28.903  -41.926  15.279 0.6000000238
28661  30.853  -39.396  8.040 0.6999999881
142689  34.161  -41.222  15.395 0.6000000238
133681  32.419  -41.412  15.532 0.6000000238
26416  34.879  -40.898  15.248 0.6000000238
26417  34.306  -40.435  15.416 0.6000000238
25342  32.887  -40.882  15.564 0.6000000238
133686  30.921  -41.707  15.514 0.6000000238
25345  29.559  -41.457  15.374 0.6000000238
151979  36.462  -40.741  14.451 0.6000000238
26421  29.715  -40.649  15.247 0.6000000238
25366  36.947  -40.976  14.029 0.6000000238
26456  37.514  -40.516  12.930 0.6000000238
29598  30.129  -37.726  7.560 0.6999999881
29599  29.238  -37.596  7.113 0.6999999881
26429  36.125  -40.289  14.714 0.6000000238
138932  32.910  -40.108  15.595 0.6999999881
26419  32.181  -40.619  15.585 0.6999999881
26441  36.816  -40.038  14.166 0.6000000238
30447  29.210  -36.188  7.035 0.6999999881
26418  33.710  -40.062  15.524 0.6999999881
27524  36.095  -39.569  14.770 0.6999999881
27512  32.671  -39.313  15.544 0.6999999881
27513  31.877  -39.678  15.536 0.6999999881
147929  30.888  -40.963  15.532 0.6000000238
27514  30.889  -39.692  15.340 0.6999999881
138709  30.643  -39.099  14.959 0.6000000238
27525  30.043  -39.711  14.978 0.5000000000
128842  29.460  -35.171  5.939 0.8000000119
27510  34.363  -39.582  15.438 0.6999999881
27511  33.436  -39.432  15.548 0.6999999881
28569  33.024  -38.600  15.530 0.6999999881
28570  32.109  -38.678  15.410 0.6999999881
27526  29.389  -39.231  14.104 0.5000000000
28582  31.539  -38.269  15.051 0.6999999881
28583  30.883  -38.332  14.678 0.6000000238
28584  30.172  -38.782  14.495 0.6000000238
45936  32.233  -21.545  4.611 0.6999999881
44771  37.214  -22.549  5.340 0.6999999881
44772  35.663  -22.752  5.167 0.6999999881
44788  34.422  -22.170  4.751 0.6999999881
44770  38.006  -22.308  5.515 0.6000000238
45910  37.515  -21.860  5.038 0.6000000238
45934  33.996  -21.485  4.459 0.6999999881
45935  33.129  -21.506  4.531 0.6999999881
45937  31.595  -21.255  4.571 0.6999999881
153655  30.604  -20.714  4.499 0.6999999881
44769  38.775  -21.965  5.799 0.6000000238
45931  37.098  -21.347  4.638 0.6000000238
44787  36.016  -22.118  4.778 0.6999999881
47037  34.453  -20.738  4.093 0.6999999881
45908  38.956  -21.070  5.592 0.6000000238
131852  32.660  -20.868  4.284 0.6999999881
47039  32.105  -20.394  4.008 0.6999999881
48359  30.647  -19.390  3.683 0.6999999881
45909  38.263  -21.577  5.274 0.6000000238
45930  37.826  -21.184  4.840 0.6000000238
47035  36.696  -20.735  4.319 0.6000000238
153862  35.201  -20.930  4.206 0.6999999881
47038  33.530  -20.804  4.181 0.6999999881
47056  33.012  -20.147  3.762 0.6999999881
48357  32.254  -19.712  3.607 0.6999999881
48376  31.621  -19.265  3.483 0.6999999881
47014  38.760  -20.366  5.034 0.6000000238
47033  38.159  -20.610  4.750 0.6000000238
135758  37.158  -20.021  4.152 0.5000000000
48355  36.291  -20.115  3.915 0.6000000238
48373  34.383  -19.576  3.518 0.5000000000
48374  33.594  -19.644  3.521 0.6999999881
49515  32.840  -18.565  3.046 0.6999999881
52555  36.383  -14.938  -1.279 0.3000000119
52556  35.391  -15.010  -1.486 0.3000000119
52558  33.271  -15.265  -1.583 0.3000000119
19763  35.627  -47.207  14.965 0.4000000060
19764  34.750  -47.228  14.877 0.3000000119
19765  33.802  -47.327  14.707 0.4000000060
19761  37.139  -47.414  14.312 0.3000000119
20594  37.715  -46.214  12.673 0.4000000060
21393  33.806  -45.882  14.475 0.4000000060
20609  37.575  -45.705  11.773 0.4000000060
21451  36.671  -45.307  10.506 0.4000000060
21452  35.984  -45.389  9.840 0.4000000060
141769  35.521  -43.889  10.061 0.5000000000
22345  34.013  -44.254  9.148 0.4000000060
24341  32.402  -42.622  8.934 0.5000000000
21394  31.497  -45.296  14.167 0.5000000000
25433  30.755  -41.304  8.236 0.6000000238
22275  31.005  -44.460  14.499 0.5000000000
23240  30.537  -43.728  14.868 0.5000000000
23241  29.497  -43.668  14.955 0.5000000000
27612  30.152  -39.963  7.716 0.6000000238
23220  29.364  -42.972  15.298 0.5000000000
24256  28.412  -42.527  15.014 0.4000000060
28674  29.433  -38.412  7.266 0.6999999881
25355  29.033  -41.128  15.039 0.5000000000
30460  29.149  -36.687  6.968 0.6999999881
26431  29.269  -40.255  14.624 0.5000000000
31297  29.409  -36.039  6.466 0.8000000119
31296  30.075  -35.925  5.765 0.6999999881
27536  28.608  -39.263  13.325 0.5000000000
28593  29.783  -38.254  13.876 0.6000000238
43497  39.268  -24.027  10.143 0.6000000238
139726  39.332  -20.815  6.153 0.6000000238
48354  37.505  -19.225  4.087 0.5000000000
49497  36.754  -18.696  3.631 0.5000000000
49512  35.656  -18.642  3.409 0.5000000000
49513  34.654  -18.641  3.246 0.5000000000
127851  33.810  -18.180  2.870 0.5000000000
50577  32.395  -17.290  2.345 0.5000000000
53703  37.080  -14.484  -1.782 0.3000000119
53704  36.077  -14.542  -1.974 0.3000000119
52572  33.948  -14.968  -1.767 0.3000000119
26440  37.244  -40.525  13.575 0.6000000238
132400  37.360  -41.305  13.435 0.6000000238
153396  32.502  -38.185  15.402 0.8000000119
28660  31.432  -38.622  8.024 0.6999999881
142272  29.732  -36.899  7.371 0.6999999881
47041  30.612  -20.144  4.187 0.6999999881
50578  31.563  -17.417  2.396 0.6000000238
52557  34.479  -15.270  -1.399 0.3000000119
149468  29.254  -35.678  6.758 0.8000000119
30471  30.708  -36.526  5.866 0.6999999881
143473  34.828  -21.503  4.448 0.6999999881
20567  36.132  -46.539  14.811 0.4000000060
130373  37.071  -45.122  14.268 0.4000000060
20576  37.601  -46.264  13.483 0.3000000119
21404  37.488  -44.903  13.661 0.5000000000
143995  33.298  -45.156  14.451 0.5000000000
22343  35.398  -44.630  9.715 0.3000000119
22346  33.290  -43.968  8.902 0.4000000060
21405  32.041  -46.294  13.765 0.5000000000
48358  31.426  -19.954  3.833 0.6999999881
45932  36.341  -21.443  4.522 0.6999999881
129576  35.889  -20.810  4.197 0.6999999881
150597  34.488  -20.164  3.726 0.6999999881
47034  37.501  -20.639  4.511 0.6000000238
136821  36.752  -19.498  3.818 0.5000000000
47036  35.235  -20.146  3.761 0.6000000238
47055  33.908  -20.189  3.731 0.6999999881
48375  32.963  -19.347  3.428 0.6999999881
49516  31.865  -18.647  3.118 0.6999999881
132819  38.149  -19.888  4.526 0.5000000000
48356  35.981  -19.400  3.623 0.5000000000
49514  33.706  -18.974  3.297 0.5000000000
50560  33.033  -17.755  2.597 0.5000000000
50561  32.139  -18.006  2.657 0.6999999881
48334  39.048  -19.450  5.052 0.5000000000
144938  36.177  -17.853  3.315 0.5000000000
137920  35.307  -18.070  3.136 0.5000000000
51535  33.894  -17.296  2.494 0.5000000000
29620  29.136  -37.538  6.944 0.6000000238
30472  30.080  -36.736  6.136 0.6000000238
31293  32.736  -35.201  6.053 0.5000000000
130691  31.485  -36.443  5.914 0.6000000238
31294  31.991  -35.298  5.687 0.6000000238
139497  35.529  -34.344  6.711 0.5000000000
31282  33.810  -35.038  6.395 0.5000000000
32265  32.252  -34.590  5.715 0.6000000238
33207  31.718  -34.012  5.501 0.6000000238
33205  36.935  -33.897  6.548 0.5000000000
33194  34.919  -33.686  6.606 0.5000000000
34113  37.358  -33.280  6.544 0.5000000000
31195  29.894  -35.270  13.006 0.4000000060
31208  29.199  -35.400  12.751 0.4000000060
136703  29.406  -34.768  12.908 0.4000000060
33193  36.013  -33.792  6.752 0.5000000000
34112  38.041  -32.997  6.412 0.5000000000
34099  36.570  -33.131  6.704 0.5000000000
32166  29.411  -34.110  13.241 0.4000000060
35123  38.443  -31.275  6.619 0.5000000000
34097  38.215  -32.141  6.556 0.5000000000
33136  29.167  -33.389  13.760 0.4000000060
136641  32.382  -29.095  13.440 0.4000000060
37127  30.776  -29.690  13.466 0.4000000060
37128  30.040  -29.668  13.469 0.3000000119
41183  35.764  -25.353  12.721 0.4000000060
41184  34.756  -25.644  12.583 0.4000000060
130522  33.457  -27.984  13.337 0.4000000060
39095  32.896  -27.803  13.036 0.4000000060
42297  35.152  -24.813  12.297 0.4000000060
39112  32.874  -27.068  12.545 0.4000000060
148094  31.785  -28.788  13.277 0.4000000060
39113  32.199  -27.552  12.657 0.4000000060
38106  31.055  -28.890  13.231 0.4000000060
37146  30.218  -28.986  13.165 0.4000000060
40084  34.331  -26.920  13.152 0.4000000060
40100  34.233  -26.264  12.676 0.4000000060
39094  33.542  -27.363  13.026 0.4000000060
42298  34.309  -24.965  12.053 0.4000000060
41185  33.726  -25.732  12.228 0.4000000060
40101  33.596  -26.609  12.604 0.4000000060
41186  32.895  -26.253  12.160 0.4000000060
41206  32.229  -25.898  11.746 0.4000000060
38119  31.463  -28.093  12.801 0.4000000060
40103  31.215  -26.738  11.929 0.4000000060
41180  37.977  -24.796  12.077 0.4000000060
149358  34.739  -24.333  11.958 0.4000000060
42322  33.505  -24.892  11.741 0.4000000060
42317  38.458  -24.455  11.520 0.5000000000
42318  37.672  -24.088  11.786 0.4000000060
42295  37.027  -24.465  12.258 0.4000000060
42320  35.414  -24.093  12.014 0.4000000060
42321  34.080  -24.225  11.752 0.4000000060
135141  33.275  -24.059  11.594 0.4000000060
41205  32.896  -25.470  11.768 0.4000000060
144809  32.270  -25.209  11.584 0.4000000060
42324  31.943  -24.542  11.514 0.4000000060
40121  31.613  -26.184  11.707 0.4000000060
43498  38.710  -23.434  10.673 0.5000000000
43471  38.215  -23.722  11.309 0.5000000000
43472  37.410  -23.415  11.478 0.5000000000
145644  36.956  -23.802  11.832 0.4000000060
43474  35.649  -23.409  11.649 0.4000000060
43475  34.764  -23.582  11.684 0.4000000060
42323  32.718  -24.666  11.571 0.4000000060
43499  37.971  -22.977  11.075 0.5000000000
43473  36.510  -23.223  11.522 0.4000000060
44677  34.410  -22.757  11.416 0.4000000060
43476  33.878  -23.450  11.569 0.4000000060
44693  37.615  -22.348  10.696 0.4000000060
44675  36.395  -22.510  11.126 0.4000000060
44676  35.882  -22.803  11.351 0.4000000060
141199  35.210  -22.794  11.395 0.4000000060
45853  36.674  -20.910  10.061 0.4000000060
46938  35.777  -20.791  10.185 0.4000000060
45833  35.324  -21.446  10.589 0.4000000060
46939  34.900  -20.740  10.261 0.4000000060
43514  39.173  -23.206  9.902 0.5000000000
45851  38.694  -21.371  9.360 0.5000000000
45852  37.663  -21.084  9.839 0.4000000060
46954  35.332  -20.180  9.710 0.4000000060
46955  34.380  -20.078  9.790 0.3000000119
44731  39.545  -22.799  8.235 0.5000000000
45831  37.089  -21.683  10.447 0.5000000000
141494  36.883  -22.254  10.846 0.4000000060
44695  35.741  -22.160  10.974 0.4000000060
44696  34.885  -22.069  11.082 0.4000000060
45816  34.081  -22.019  11.185 0.4000000060
45832  36.170  -21.493  10.509 0.4000000060
45834  34.492  -21.412  10.678 0.4000000060
46953  36.227  -20.272  9.627 0.4000000060
46973  39.164  -20.457  8.206 0.5000000000
46951  38.096  -20.537  9.267 0.5000000000
46952  37.154  -20.391  9.496 0.4000000060
48261  36.701  -19.699  9.191 0.4000000060
48262  35.815  -19.597  9.286 0.4000000060
48263  34.969  -19.515  9.340 0.3000000119
48264  34.197  -19.329  9.346 0.3000000119
152929  33.709  -19.696  9.646 0.3000000119
141986  39.467  -21.128  7.592 0.4000000060
48281  37.162  -19.224  8.670 0.3000000119
48284  34.690  -18.974  8.996 0.3000000119
48265  33.427  -19.162  9.337 0.3000000119
48266  32.569  -19.152  9.434 0.3000000119
48280  38.113  -19.354  8.488 0.3000000119
46994  39.387  -20.157  7.276 0.4000000060
48316  39.340  -19.590  6.642 0.4000000060
47013  39.178  -20.224  5.662 0.4000000060
49439  36.800  -18.578  8.397 0.3000000119
48282  36.258  -19.089  8.776 0.3000000119
48283  35.394  -19.004  8.872 0.3000000119
49425  33.997  -18.655  8.857 0.3000000119
49427  32.032  -18.570  9.150 0.3000000119
48267  31.672  -19.220  9.596 0.3000000119
49426  33.028  -18.514  8.893 0.3000000119
49443  31.404  -18.067  8.832 0.3000000119
48279  38.944  -19.611  8.074 0.3000000119
48301  39.159  -19.193  7.294 0.3000000119
49465  39.266  -18.869  6.448 0.3000000119
48333  39.319  -19.503  5.914 0.4000000060
48353  38.405  -18.909  4.526 0.4000000060
50548  37.240  -17.806  3.609 0.4000000060
49428  31.117  -18.658  9.326 0.3000000119
49455  37.356  -18.087  7.978 0.3000000119
48302  38.563  -18.864  7.905 0.3000000119
147350  38.742  -17.525  6.708 0.3000000119
49481  39.210  -18.710  5.556 0.3000000119
149376  39.007  -18.574  4.935 0.4000000060
50546  38.707  -17.212  4.721 0.3000000119
49482  38.624  -18.051  4.575 0.4000000060
50547  38.130  -17.521  4.082 0.4000000060
135504  36.804  -17.253  3.344 0.4000000060
139460  35.451  -17.455  2.886 0.4000000060
50559  34.663  -17.792  2.821 0.4000000060
49454  38.849  -18.275  7.169 0.3000000119
51523  38.320  -16.685  4.170 0.3000000119
50558  36.178  -17.061  2.979 0.4000000060
145667  35.568  -16.850  2.669 0.4000000060
52497  34.754  -15.922  1.920 0.4000000060
51550  34.340  -16.521  2.238 0.4000000060
51566  33.003  -16.191  1.625 0.4000000060
51553  31.886  -16.851  2.033 0.5000000000
51522  38.647  -16.340  4.897 0.3000000119
51532  37.851  -16.083  3.604 0.3000000119
51533  36.955  -16.593  3.175 0.3000000119
51548  36.176  -16.291  2.615 0.4000000060
52496  35.618  -15.742  2.145 0.4000000060
51549  35.203  -16.375  2.370 0.4000000060
52513  34.291  -15.465  1.392 0.4000000060
52514  33.374  -15.587  1.259 0.3000000119
51567  32.136  -16.319  1.628 0.3000000119
52499  31.432  -16.471  1.726 0.4000000060
53652  32.800  -15.186  0.669 0.3000000119
51531  38.380  -15.983  4.268 0.3000000119
52481  37.722  -15.229  3.270 0.3000000119
52482  37.130  -15.826  2.885 0.3000000119
52494  37.260  -15.180  2.641 0.3000000119
52495  36.521  -15.490  2.372 0.3000000119
52511  36.060  -15.133  1.792 0.3000000119
53649  35.580  -14.731  1.243 0.3000000119
53650  34.725  -14.922  1.043 0.3000000119
53651  33.815  -15.015  0.755 0.3000000119
149283  34.414  -14.599  0.570 0.3000000119
53622  37.990  -14.592  3.720 0.3000000119
53636  36.951  -14.841  2.124 0.3000000119
53648  36.511  -14.476  1.496 0.3000000119
53667  35.127  -14.424  0.654 0.3000000119
53668  33.894  -14.508  0.284 0.3000000119
53669  33.154  -14.616  0.211 0.3000000119
54781  34.511  -14.132  0.061 0.3000000119
54782  33.564  -14.156  -0.247 0.3000000119
55962  33.602  -13.153  -1.374 0.3000000119
44692  38.484  -22.646  10.426 0.5000000000
142337  28.974  -38.214  7.014 0.6000000238
28707  29.295  -38.113  6.776 0.5000000000
29632  30.428  -37.288  6.246 0.5000000000
30459  32.976  -36.706  6.420 0.5000000000
29630  32.089  -36.904  6.297 0.5000000000
32263  37.238  -34.616  6.205 0.5000000000
31280  35.428  -35.724  6.627 0.5000000000
30469  33.296  -35.912  6.368 0.5000000000
29504  30.786  -37.512  14.229 0.6000000238
30348  30.600  -36.758  13.738 0.6000000238
30349  29.838  -36.659  13.306 0.5000000000
29533  28.730  -37.509  12.820 0.5000000000
143931  29.636  -35.906  12.972 0.5000000000
32178  28.793  -34.909  12.751 0.4000000060
146897  28.963  -34.500  13.029 0.4000000060
34012  28.930  -32.538  14.248 0.4000000060
36139  29.525  -30.176  13.702 0.3000000119
147435  30.331  -26.760  11.753 0.4000000060
38120  30.542  -28.310  12.716 0.4000000060
41207  30.941  -26.071  11.562 0.4000000060
134793  33.140  -23.341  11.519 0.4000000060
135147  31.549  -25.393  11.546 0.4000000060
133270  30.310  -24.405  11.515 0.4000000060
43477  32.447  -23.743  11.516 0.4000000060
44678  33.584  -22.700  11.423 0.4000000060
133690  31.943  -23.109  11.488 0.4000000060
46940  34.048  -20.755  10.381 0.4000000060
46956  33.527  -20.213  10.074 0.4000000060
45835  33.703  -21.407  10.807 0.4000000060
46957  33.022  -19.714  9.760 0.3000000119
33204  37.841  -33.821  6.192 0.5000000000
36123  29.186  -30.919  14.165 0.4000000060
41208  30.120  -25.947  11.509 0.4000000060
139500  30.666  -25.255  11.500 0.4000000060
44679  32.668  -22.724  11.443 0.4000000060
32264  33.034  -34.364  6.109 0.5000000000
44709  39.458  -23.004  9.061 0.5000000000
47003  39.374  -20.214  6.382 0.5000000000
42296  36.042  -24.607  12.369 0.4000000060
45850  39.331  -22.144  8.761 0.5000000000
49496  37.814  -18.367  4.031 0.4000000060
51551  33.482  -16.623  2.103 0.4000000060
51534  34.847  -17.041  2.579 0.4000000060
30470  32.232  -36.032  6.005 0.6000000238
31281  34.798  -35.258  6.637 0.5000000000
32249  36.341  -34.665  6.629 0.5000000000
40102  32.081  -26.716  12.135 0.4000000060
153535  31.544  -27.301  12.361 0.4000000060
39114  30.749  -27.468  12.295 0.4000000060
42319  36.245  -23.911  11.969 0.4000000060
43478  31.566  -23.740  11.507 0.4000000060
44674  37.136  -22.747  11.185 0.4000000060
44710  38.977  -22.327  9.673 0.5000000000
45830  38.153  -21.845  10.166 0.5000000000
46974  38.498  -20.046  8.708 0.5000000000
45870  39.242  -21.313  8.429 0.5000000000
46975  37.623  -19.830  9.030 0.4000000060
51524  37.594  -17.006  3.633 0.4000000060
50505  38.039  -17.557  7.376 0.3000000119
52512  35.173  -15.338  1.568 0.3000000119
52498  33.884  -16.051  1.750 0.4000000060
52480  38.195  -15.357  3.983 0.3000000119
53647  37.302  -14.128  1.907 0.3000000119
54798  34.066  -13.641  -0.638 0.3000000119
133257  31.130  -24.491  11.509 0.4000000060
25356  28.320  -41.716  14.690 0.4000000060
26432  28.590  -40.806  14.359 0.4000000060
26443  27.684  -40.766  13.155 0.4000000060
26457  28.113  -40.070  13.121 0.3000000119
27527  28.721  -40.026  13.856 0.4000000060
27551  27.903  -39.386  12.641 0.3000000119
142366  30.481  -41.923  7.972 0.5000000000
28594  29.083  -38.380  13.376 0.5000000000
28609  28.366  -38.482  12.786 0.3000000119
26524  29.711  -40.523  7.329 0.5000000000
26534  29.053  -40.289  6.896 0.5000000000
147791  29.666  -40.971  7.023 0.5000000000
29515  30.149  -37.478  13.764 0.5000000000
29516  29.447  -37.452  13.311 0.4000000060
27623  29.148  -39.886  7.172 0.5000000000
25469  29.402  -40.650  6.965 0.5000000000
145736  29.991  -39.867  6.565 0.3000000119
27634  28.880  -39.446  6.986 0.5000000000
27647  29.340  -39.678  6.783 0.4000000060
27646  30.006  -39.191  6.519 0.4000000060
27632  31.877  -39.233  6.473 0.3000000119
27633  30.846  -39.633  6.475 0.3000000119
28692  32.451  -38.458  6.483 0.3000000119
153212  31.656  -38.420  6.439 0.3000000119
138681  34.214  -38.063  6.439 0.3000000119
140727  33.572  -37.881  6.501 0.3000000119
29618  32.870  -37.631  6.482 0.4000000060
28705  31.026  -37.900  6.323 0.4000000060
151040  28.271  -34.949  12.756 0.3000000119
31292  36.070  -36.049  6.434 0.4000000060
30456  35.300  -36.597  6.505 0.4000000060
30458  33.753  -36.514  6.505 0.4000000060
32179  28.470  -34.629  13.117 0.3000000119
38121  29.725  -28.415  12.629 0.3000000119
140627  30.099  -27.851  12.382 0.3000000119
39116  29.451  -27.763  12.200 0.3000000119
39115  30.009  -27.388  12.051 0.3000000119
39128  29.507  -27.148  11.784 0.3000000119
40122  29.627  -26.510  11.589 0.3000000119
43479  30.732  -23.645  11.521 0.3000000119
147155  29.627  -24.378  11.516 0.3000000119
42326  28.319  -24.474  11.439 0.3000000119
45817  33.279  -21.987  11.254 0.3000000119
44680  31.236  -22.935  11.498 0.3000000119
44681  30.359  -22.774  11.506 0.3000000119
149846  33.037  -21.417  10.942 0.3000000119
45818  32.524  -21.835  11.276 0.3000000119
144653  31.853  -21.624  11.289 0.3000000119
45819  31.019  -21.949  11.446 0.3000000119
45837  31.428  -21.052  11.149 0.3000000119
45838  30.489  -21.114  11.325 0.3000000119
143668  33.241  -20.838  10.555 0.3000000119
45836  32.385  -21.055  10.855 0.3000000119
46943  30.931  -20.437  10.745 0.3000000119
24342  31.533  -42.628  8.587 0.5000000000
30457  34.403  -35.958  6.582 0.4000000060
32167  28.661  -34.078  13.651 0.3000000119
144155  31.864  -22.365  11.434 0.3000000119
42325  29.034  -23.985  11.507 0.3000000119
141191  28.298  -36.719  12.396 0.3000000119
31209  28.487  -35.374  12.582 0.3000000119
152606  32.012  -47.111  13.472 0.4000000060
20578  31.455  -46.987  13.249 0.4000000060
21406  31.086  -46.060  13.629 0.4000000060
20581  28.736  -46.431  13.268 0.4000000060
21409  28.157  -45.777  13.778 0.3000000119
21395  30.548  -45.218  14.157 0.4000000060
21408  29.129  -45.784  13.721 0.4000000060
21397  28.549  -45.152  14.297 0.4000000060
22344  34.651  -44.717  9.346 0.3000000119
22276  30.038  -44.444  14.541 0.4000000060
22278  27.991  -44.343  14.580 0.3000000119
146794  27.307  -43.823  14.492 0.3000000119
141126  28.628  -43.793  14.832 0.4000000060
149979  26.492  -42.970  13.618 0.3000000119
22280  26.605  -43.813  14.157 0.3000000119
24272  26.779  -42.168  13.247 0.3000000119
138430  27.950  -43.320  14.757 0.4000000060
23257  27.173  -43.146  14.329 0.3000000119
25357  27.661  -41.862  14.163 0.3000000119
20579  30.643  -46.775  13.157 0.4000000060
21407  30.122  -45.879  13.627 0.4000000060
25385  27.187  -41.013  12.704 0.3000000119
143546  32.910  -46.072  14.201 0.3000000119
25369  26.653  -41.616  12.620 0.3000000119
19751  35.213  -47.678  15.129 0.4000000060
19752  34.507  -47.813  15.175 0.3000000119
20565  37.426  -46.729  13.945 0.3000000119
20570  33.391  -46.766  14.277 0.4000000060
20577  32.644  -46.910  13.770 0.3000000119
20580  29.707  -46.551  13.181 0.4000000060
20595  30.228  -47.445  12.746 0.4000000060
20610  37.198  -46.010  10.918 0.4000000060
21389  37.383  -45.837  14.047 0.4000000060
21396  29.551  -45.171  14.238 0.4000000060
21438  37.252  -45.132  11.146 0.4000000060
22277  29.045  -44.441  14.589 0.4000000060
22319  37.249  -44.351  11.406 0.4000000060
23216  32.903  -42.934  15.157 0.5000000000
23242  28.744  -43.147  15.120 0.4000000060
23288  37.289  -43.560  11.678 0.4000000060
23307  35.076  -43.186  9.936 0.6000000238
23322  32.898  -43.286  8.946 0.4000000060
24234  34.011  -42.046  15.295 0.6000000238
24237  31.805  -41.998  15.484 0.6000000238
24239  29.627  -42.318  15.424 0.6000000238
24257  27.756  -42.499  14.539 0.3000000119
24270  37.437  -42.640  13.452 0.6000000238
24271  27.173  -42.370  13.904 0.3000000119
24306  37.365  -42.731  11.934 0.5000000000
25343  31.589  -41.192  15.551 0.6000000238
25344  30.249  -41.138  15.487 0.6000000238
25354  35.752  -41.003  14.890 0.6000000238
25367  27.940  -41.188  13.883 0.4000000060
25368  27.296  -41.557  13.353 0.3000000119
25431  32.335  -41.201  8.972 0.6000000238
25442  30.221  -41.201  7.585 0.5000000000
25479  29.550  -40.303  6.791 0.3000000119
26420  31.292  -40.417  15.522 0.6000000238
26430  35.259  -40.140  15.147 0.6000000238
26442  28.217  -40.567  13.627 0.4000000060
26475  37.393  -40.530  12.172 0.6999999881
26516  31.137  -40.642  8.408 0.6000000238
26523  30.450  -40.638  7.972 0.5000000000
26548  31.663  -40.292  6.483 0.3000000119
26550  28.933  -40.115  6.895 0.4000000060
27600  32.119  -39.926  8.588 0.6999999881
27611  30.801  -40.112  8.218 0.6000000238
28567  34.673  -38.853  15.411 0.6999999881
28571  31.286  -38.946  15.235 0.6000000238
28581  36.063  -38.717  14.883 0.8000000119
28592  30.351  -38.076  14.215 0.6000000238
28672  31.063  -37.963  7.747 0.6999999881
28673  30.444  -38.574  7.685 0.6999999881
28684  28.988  -39.139  7.012 0.5000000000
28691  33.464  -38.515  6.480 0.3000000119
28693  30.910  -38.767  6.419 0.3000000119
28694  29.059  -38.420  7.025 0.5000000000
28706  29.999  -38.219  6.439 0.5000000000
29482  34.994  -37.666  15.435 0.8999999762
29484  32.851  -37.688  15.384 0.8000000119
29485  32.100  -37.821  15.172 0.6999999881
29503  31.446  -37.640  14.663 0.8000000119
29532  28.992  -36.316  12.701 0.5000000000
29608  29.141  -37.551  7.024 0.6999999881
29616  34.786  -37.397  6.443 0.4000000060
29617  33.789  -37.280  6.531 0.4000000060
29619  31.895  -37.720  6.402 0.5000000000
29631  31.273  -37.092  6.185 0.6000000238
29633  29.626  -37.452  6.530 0.6000000238
30310  32.747  -36.834  15.010 0.8999999762
30346  37.667  -36.148  13.326 0.8999999762
30423  32.959  -36.422  7.811 0.8999999762
30435  32.141  -36.273  7.604 0.8000000119
30438  29.362  -36.190  7.163 0.6999999881
30473  29.347  -36.878  6.722 0.8000000119
31176  37.148  -34.682  14.471 0.8999999762
31177  36.344  -34.936  14.795 0.8999999762
31178  35.428  -35.156  14.979 0.8999999762
31180  33.721  -35.672  14.877 0.8999999762
31182  31.823  -35.719  14.027 0.6999999881
31271  29.263  -35.619  6.936 0.8999999762
31279  36.073  -35.412  6.597 0.5000000000
31295  31.194  -35.771  5.592 0.6000000238
32207  33.597  -34.942  8.228 0.8999999762
32226  29.524  -34.824  6.852 0.8999999762
32250  35.532  -35.010  6.710 0.5000000000
32251  34.764  -34.568  6.607 0.5000000000
32252  33.948  -34.081  6.381 0.6000000238
32254  29.152  -33.899  5.990 0.8999999762
33132  32.326  -33.592  13.691 0.6999999881
33147  38.364  -33.767  12.275 0.8999999762
33175  33.422  -33.521  8.413 0.8999999762
33185  29.136  -33.414  6.278 0.8999999762
33196  33.257  -33.521  6.119 0.6000000238
33197  28.898  -33.281  6.066 0.8999999762
33208  31.063  -33.346  5.391 0.8000000119
33209  30.210  -33.074  5.477 0.8000000119
33210  28.795  -33.191  6.008 0.8999999762
33216  28.807  -33.118  5.944 0.8999999762
34027  37.815  -32.713  14.005 0.8999999762
34072  34.092  -31.716  8.599 1.0000000000
34073  33.496  -32.138  8.462 0.8999999762
34075  32.026  -32.542  7.782 0.8999999762
34086  29.184  -31.519  6.800 0.8999999762
34098  37.224  -32.435  6.697 0.5000000000
34119  28.668  -32.651  6.029 0.8999999762
34127  28.936  -32.731  5.837 0.8999999762
35116  29.565  -31.144  6.982 0.8999999762
35128  28.706  -31.622  6.443 0.8999999762
35140  31.812  -31.561  5.313 0.8000000119
36122  33.639  -30.507  13.986 0.6000000238
36133  38.590  -31.008  13.111 1.0000000000
36186  37.403  -30.124  9.738 1.0000000000
36188  34.998  -30.963  8.732 1.0000000000
36196  31.183  -30.775  7.294 0.8999999762
36206  31.362  -30.245  7.016 0.8999999762
36215  40.047  -30.036  6.289 0.6000000238
36216  39.448  -30.223  6.473 0.6000000238
36218  37.774  -30.573  6.704 0.6000000238
36220  35.801  -30.781  6.413 0.6000000238
36237  30.280  -30.812  5.279 0.8999999762
36247  34.030  -29.876  4.945 0.6999999881
36249  32.648  -30.174  4.753 0.6999999881
37112  37.095  -29.487  14.329 0.8000000119
37113  36.224  -29.510  14.491 0.8000000119
37123  38.407  -29.638  13.280 0.8000000119
37145  38.674  -29.594  12.718 0.8000000119
37186  36.539  -29.618  8.943 1.0000000000
37201  34.849  -29.139  7.794 1.0000000000
37203  33.262  -29.649  7.358 1.0000000000
37208  27.842  -29.932  6.189 0.8999999762
37219  27.701  -29.774  6.088 0.8999999762
37231  35.501  -29.465  5.649 0.6999999881
37244  32.964  -29.550  4.469 0.6999999881
37245  31.662  -29.419  4.475 0.6999999881
38118  32.301  -28.313  13.140 0.4000000060
38213  27.655  -29.275  6.071 0.8999999762
38228  39.380  -27.865  6.270 0.6000000238
38229  38.544  -28.001  6.269 0.6000000238
38231  35.721  -28.652  5.272 0.6999999881
38244  34.323  -28.681  4.302 0.6999999881
38246  32.474  -29.107  4.291 0.6999999881
38262  33.411  -28.269  3.875 0.6999999881
38264  31.530  -27.948  4.098 0.6999999881
39089  38.226  -28.319  13.325 0.6999999881
39159  39.110  -27.551  9.840 0.8000000119
39199  40.027  -28.173  6.263 0.6000000238
39240  28.907  -27.469  4.599 0.8999999762
39264  28.155  -26.360  4.606 0.8999999762
40119  39.402  -26.444  10.926 0.6999999881
40222  27.250  -26.231  5.135 0.8999999762
40223  26.500  -25.731  4.968 0.8999999762
40237  27.041  -26.036  4.970 0.8999999762
40254  33.007  -27.031  3.562 0.6999999881
40257  30.642  -25.993  4.109 0.6999999881
40258  29.303  -26.842  4.390 0.8999999762
40259  29.071  -26.169  4.391 0.8000000119
40260  27.583  -25.989  4.696 0.8999999762
40261  26.804  -25.900  4.817 0.8999999762
40278  35.682  -26.290  2.612 0.6000000238
40279  34.820  -26.480  3.040 0.6000000238
41290  27.176  -25.077  5.429 1.0000000000
41304  26.385  -25.203  5.014 0.8999999762
41317  26.486  -25.182  4.852 0.8999999762
41332  33.905  -26.633  3.375 0.6999999881
41337  29.096  -25.220  4.367 0.8999999762
41355  34.282  -25.868  3.116 0.6999999881
42401  28.333  -24.173  5.598 1.0000000000
42403  26.539  -24.552  5.244 0.8999999762
42416  26.218  -24.765  5.038 0.8999999762
42446  29.817  -24.679  4.313 0.6999999881
42447  28.613  -24.517  4.388 0.8000000119
42448  27.861  -24.212  4.471 0.8000000119
43554  39.022  -23.009  6.674 0.6999999881
43576  26.156  -23.346  5.059 0.8999999762
43599  32.085  -23.380  3.564 0.6000000238
43605  26.364  -23.799  4.884 0.8000000119
44694  36.422  -22.029  10.778 0.4000000060
44753  39.411  -22.378  6.889 0.6999999881
44756  31.223  -23.119  5.491 0.8000000119
44759  28.866  -22.739  5.583 0.8999999762
44761  27.149  -22.786  5.425 0.8999999762
44791  26.258  -22.797  4.974 0.8000000119
44803  32.052  -22.660  3.285 0.6000000238
44806  29.627  -23.052  4.116 0.8000000119
45871  38.786  -20.713  8.842 0.5000000000
45897  28.261  -22.049  5.516 0.8999999762
45899  26.759  -22.191  5.273 0.8999999762
45911  36.768  -22.030  4.864 0.6000000238
45912  32.080  -22.149  4.953 0.8000000119
45913  30.888  -21.981  5.129 0.8999999762
45914  30.239  -21.562  4.975 0.8999999762
45917  26.858  -21.635  5.189 0.8999999762
45933  35.595  -21.503  4.468 0.6999999881
45938  26.704  -21.473  4.955 0.8999999762
45939  26.485  -22.077  4.949 0.8000000119
45954  26.980  -20.801  4.192 0.8000000119
45955  26.853  -21.952  4.680 0.8000000119
45965  30.361  -21.005  2.733 0.6000000238
45982  32.581  -21.153  1.652 0.6000000238
45983  31.911  -20.957  1.887 0.6000000238
47017  28.816  -20.847  4.862 0.8999999762
47040  31.327  -20.646  4.347 0.6999999881
48372  35.166  -19.277  3.502 0.5000000000
48388  29.548  -19.626  2.114 0.6000000238
48409  26.604  -17.948  2.532 0.6999999881
49438  37.709  -18.703  8.264 0.3000000119
49499  28.941  -18.650  3.577 0.8000000119
49518  27.916  -18.093  3.376 0.6999999881
49519  26.422  -18.245  3.222 0.8000000119
49557  31.117  -18.203  0.618 0.6000000238
50565  27.035  -17.591  3.041 0.6999999881
50566  26.421  -17.795  3.029 0.8000000119
50576  33.090  -17.110  2.324 0.5000000000
50579  30.690  -17.419  2.458 0.8000000119
51552  32.668  -16.722  2.020 0.4000000060
51555  28.570  -16.595  2.045 0.6000000238
51583  27.264  -16.391  1.246 0.6000000238
51593  31.686  -16.266  -0.701 0.6000000238
51595  27.928  -15.324  0.135 0.6000000238
51601  33.191  -15.934  -0.913 0.4000000060
52515  32.411  -15.720  1.211 0.3000000119
52541  34.105  -15.736  -0.849 0.4000000060
52544  28.182  -14.825  -0.312 0.5000000000
52563  28.320  -14.111  -0.978 0.5000000000
53653  31.780  -15.242  0.626 0.4000000060
53656  28.455  -14.915  0.405 0.5000000000
53673  28.972  -14.378  0.046 0.4000000060
53688  28.382  -13.873  -0.989 0.4000000060
53707  31.575  -14.727  -1.774 0.4000000060
53724  30.000  -13.550  -1.890 0.4000000060
54784  31.509  -14.020  -0.500 0.4000000060
54786  28.948  -13.769  -0.772 0.4000000060
54801  29.882  -13.301  -1.332 0.4000000060
54811  29.712  -13.248  -1.683 0.4000000060
54826  31.871  -12.487  -3.266 0.4000000060
54827  30.944  -13.044  -2.537 0.4000000060
54828  30.229  -12.905  -2.097 0.4000000060
127494  32.323  -19.090  3.359 0.6999999881
128770  33.083  -32.045  5.774 0.8000000119
129075  26.628  -18.856  3.336 0.8000000119
129766  33.423  -30.836  8.110 1.0000000000
129916  33.195  -41.093  9.331 0.6000000238
130000  26.811  -19.580  3.887 0.8000000119
131861  27.297  -15.992  1.278 0.6000000238
132147  33.368  -17.791  0.443 0.5000000000
132307  34.782  -32.918  8.989 0.8999999762
132382  34.435  -32.870  14.409 1.0000000000
132403  31.097  -18.792  3.301 0.6999999881
133045  29.661  -24.777  5.575 0.8999999762
133426  30.822  -23.749  4.039 0.6999999881
133458  31.484  -23.767  3.862 0.6999999881
133716  30.708  -17.559  0.402 0.6000000238
134219  27.724  -16.414  0.839 0.6000000238
134904  31.983  -20.929  4.380 0.6999999881
134941  28.600  -31.933  6.070 0.8999999762
136164  27.978  -24.929  5.608 1.0000000000
136413  29.600  -33.017  6.680 0.8999999762
136514  30.151  -41.793  15.497 0.6000000238
136554  29.330  -38.867  6.805 0.5000000000
136724  26.138  -24.068  5.056 0.8999999762
136813  31.092  -31.358  5.300 0.8000000119
136847  35.156  -37.151  8.882 0.8000000119
137252  30.447  -35.130  5.538 0.6999999881
137563  33.466  -43.644  14.864 0.6000000238
138218  33.544  -40.710  15.521 0.6000000238
138959  36.546  -43.945  14.489 0.6000000238
139190  31.961  -41.932  8.811 0.6000000238
139584  37.577  -36.935  13.268 0.8999999762
139763  36.286  -43.059  10.662 0.5000000000
139848  31.499  -32.095  13.567 0.5000000000
140417  36.434  -22.670  5.224 0.8000000119
140539  35.601  -32.996  6.669 0.5000000000
140965  36.479  -36.794  9.792 1.0000000000
141070  30.474  -40.409  15.406 0.6999999881
141409  29.773  -39.244  7.447 0.6999999881
141936  29.341  -33.291  5.706 0.8999999762
142338  29.156  -36.856  7.019 0.6999999881
142774  34.442  -43.090  9.648 0.5000000000
143201  31.085  -41.963  8.474 0.5000000000
143427  31.461  -12.641  -1.881 0.4000000060
144006  38.511  -33.096  12.626 0.8999999762
144214  29.011  -15.032  -0.754 0.5000000000
144777  33.344  -24.319  3.323 0.5000000000
144964  36.860  -41.182  11.335 0.6000000238
145005  34.677  -31.958  6.384 0.6000000238
145307  34.357  -22.253  1.278 0.5000000000
146893  27.801  -24.767  4.498 0.8000000119
147325  28.249  -21.708  3.851 0.8000000119
147664  34.439  -36.743  6.549 0.4000000060
148302  38.429  -20.959  5.061 0.6000000238
148327  29.742  -21.128  4.797 0.8000000119
148397  28.367  -31.342  6.151 0.8999999762
149501  32.656  -43.835  8.683 0.4000000060
149567  37.323  -42.054  13.636 0.6000000238
149853  28.019  -37.584  12.356 0.3000000119
150635  33.367  -37.792  8.335 0.8000000119
150644  37.094  -39.462  13.914 0.8999999762
151613  37.333  -35.188  14.304 0.8999999762
152164  39.049  -24.854  11.086 0.6999999881
152548  38.713  -23.551  6.711 0.6999999881
153081  26.999  -21.369  4.528 0.8000000119
153158  28.102  -30.817  6.096 0.8999999762
153444  32.661  -23.118  5.393 0.8000000119
153455  32.297  -35.842  14.333 0.6999999881
153561  31.598  -36.227  14.109 0.6999999881
153586  27.171  -26.178  4.923 0.8999999762
153625  29.289  -35.369  6.478 0.8000000119
153701  38.335  -27.191  8.529 0.8000000119
154014  28.808  -39.827  6.946 0.5000000000
