#!ascii label  , from subject sub-v1s19x0051296_ses-1 vox2ras=TkReg
1083
64242  -5.565  -10.624  53.976 0.3333329856
50349  -6.584  -10.235  53.579 0.3333329856
22354  -7.654  -10.195  54.201 0.3333329856
52885  -7.698  -9.768  53.218 0.4444440007
50352  -8.326  -9.821  53.880 0.3333329856
23716  -8.682  -8.407  51.702 0.5555559993
22799  -9.276  -9.347  53.636 0.4444440007
23269  -9.748  -8.793  52.742 0.5555559993
23717  -9.567  -7.691  51.140 0.6666669846
24170  -9.191  -6.773  51.128 0.7777780294
60350  -7.517  -9.490  51.373 0.3333329856
50324  -7.032  -10.014  52.497 0.4444440007
61645  -7.190  -9.820  52.928 0.4444440007
55059  -7.016  -9.936  53.264 0.3333329856
59785  -8.202  -9.268  52.627 0.4444440007
23715  -7.907  -7.681  51.526 0.6666669846
61941  -8.734  -7.548  51.299 0.6666669846
58042  -9.233  -5.895  51.042 0.5555559993
24171  -10.001  -7.112  50.828 0.5555559993
60329  -7.506  -9.870  51.803 0.4444440007
52548  -7.331  -9.302  52.224 0.4444440007
54355  -7.539  -8.992  52.021 0.5555559993
24169  -8.219  -6.802  51.436 0.6666669846
57610  -8.512  -5.946  51.372 0.6666669846
24587  -8.893  -5.173  51.164 0.7777780294
24589  -9.657  -5.302  50.683 0.5555559993
24590  -10.474  -5.489  50.341 0.5555559993
24594  -10.946  -4.962  49.757 0.3333329856
25042  -9.418  -4.463  50.886 0.7777780294
25043  -10.125  -4.553  50.169 0.5555559993
25046  -10.739  -4.132  49.564 0.3333329856
25457  -9.841  -3.687  50.538 0.7777780294
25458  -10.208  -3.732  49.857 0.5555559993
25461  -10.579  -3.356  49.363 0.5555559993
50337  -4.503  -9.292  53.150 0.1111110002
50342  -5.487  -8.968  52.722 0.2222220004
60140  -6.873  -9.261  52.103 0.2222220004
52489  -7.187  -8.995  52.174 0.2222220004
50351  -7.605  -8.404  51.823 0.5555559993
24586  -8.056  -5.134  51.805 0.6666669846
25040  -8.804  -4.405  51.597 0.7777780294
62875  -11.877  -4.037  48.798 0.5555559993
25460  -10.149  -2.873  49.979 0.7777780294
25462  -11.195  -3.733  49.032 0.6666669846
25466  -11.598  -3.361  48.456 0.5555559993
25465  -10.939  -3.048  48.760 0.6666669846
23268  -3.899  -8.408  53.076 0.1111110002
23710  -4.414  -7.566  52.688 0.2222220004
23711  -5.331  -7.517  52.452 0.2222220004
23712  -5.913  -8.095  52.376 0.2222220004
50348  -7.123  -8.727  52.084 0.3333329856
23280  -7.216  -8.314  51.978 0.6666669846
24168  -7.279  -6.930  51.660 0.7777780294
23267  -2.988  -8.448  52.808 0.1111110002
24582  -7.067  -5.547  52.204 0.7777780294
24585  -7.647  -6.065  51.670 0.6666669846
25038  -8.257  -4.216  52.312 0.7777780294
25454  -9.426  -3.615  51.463 0.7777780294
50920  -9.945  -2.853  51.015 0.7777780294
25937  -10.435  -2.588  49.161 0.7777780294
61807  -10.692  -2.444  48.564 0.7777780294
25941  -11.246  -2.665  48.188 0.5555559993
24577  -5.299  -5.334  53.296 0.3333329856
23709  -3.567  -7.640  52.611 0.2222220004
24165  -6.161  -7.034  51.969 0.3333329856
24166  -6.826  -6.288  51.920 0.6666669846
24162  -3.435  -6.703  52.233 0.1111110002
25037  -7.427  -4.671  52.626 0.6666669846
25450  -7.803  -3.816  53.064 0.7777780294
25448  -8.239  -2.949  53.566 0.4444440007
25451  -8.597  -3.440  52.710 0.7777780294
61945  -8.874  -3.776  52.076 0.8888890147
25452  -9.259  -3.154  52.264 0.8888890147
55305  -9.710  -2.831  51.790 0.7777780294
50924  -10.262  -1.921  49.620 0.7777780294
25940  -10.285  -1.936  48.785 0.7777780294
25943  -10.616  -2.004  47.947 0.6666669846
61555  -9.060  -2.149  53.871 0.2222220004
25935  -9.075  -2.708  52.984 0.7777780294
62479  -9.517  -2.092  53.093 0.2222220004
50916  -9.630  -2.434  52.419 0.5555559993
50933  -9.853  -1.673  52.623 0.6666669846
53759  -10.012  -2.013  51.666 0.8888890147
54789  -10.175  -1.996  50.569 0.8888890147
26398  -11.065  -1.530  47.247 0.6666669846
25947  -11.957  -1.731  46.844 0.6666669846
54923  -10.267  -1.086  47.631 0.7777780294
26893  -11.971  -1.050  46.313 0.6666669846
63422  -10.051  -1.046  52.909 0.1111110002
53488  -10.087  -0.972  52.045 0.4444440007
50932  -10.123  -1.143  49.120 0.8888890147
61747  -10.158  -1.412  48.373 0.8888890147
26401  -10.703  -0.858  46.882 0.7777780294
61750  -11.387  -1.157  46.685 0.6666669846
26892  -11.177  -0.467  46.278 0.7777780294
26407  -12.585  -0.868  46.042 0.6666669846
26898  -12.832  -0.356  45.590 0.6666669846
63895  -10.170  -0.447  51.346 0.4444440007
50921  -10.162  -1.143  51.049 0.5555559993
53091  -10.108  -0.297  50.514 0.6666669846
53802  -10.222  -1.126  50.072 0.7777780294
50925  -9.969  -0.330  49.505 0.6666669846
53686  -9.603  -0.002  48.582 0.6666669846
54665  -9.941  -0.772  48.416 0.7777780294
26888  -10.134  -0.406  47.114 0.7777780294
26891  -10.417  -0.200  46.590 0.7777780294
26897  -12.034  -0.348  45.932 0.6666669846
26901  -13.391  -0.064  45.026 0.7777780294
26902  -14.169  -0.361  44.936 0.6666669846
26886  -10.238  -0.722  53.529 0.1111110002
26885  -10.582  -0.284  54.143 0.1111110002
61275  -10.264  -0.417  52.742 0.1111110002
50926  -10.236  -0.050  51.964 0.4444440007
53131  -9.929  0.457  50.483 0.4444440007
60792  -9.801  0.301  49.911 0.5555559993
50936  -9.788  -0.222  47.725 0.7777780294
27418  -9.918  0.396  46.903 0.7777780294
27422  -11.173  0.290  45.721 0.7777780294
57023  -11.844  0.278  45.439 0.8888890147
27423  -12.351  0.397  45.077 0.7777780294
61531  -10.911  0.889  45.354 0.8888890147
56313  -21.714  -2.362  40.638 0.2222220004
27426  -12.865  0.642  44.613 0.7777780294
56839  -13.955  0.211  44.500 0.7777780294
26433  -22.660  -1.800  41.020 0.3333329856
28035  -13.383  0.906  43.993 0.7777780294
26925  -22.359  -1.009  41.137 0.3333329856
27447  -21.843  -0.094  40.861 0.5555559993
27448  -22.518  0.627  40.240 0.4444440007
61660  -10.869  0.606  53.628 0.1111110002
54726  -10.116  0.260  51.167 0.3333329856
27411  -10.278  0.956  51.787 0.1111110002
54376  -9.561  1.007  49.900 0.4444440007
50934  -9.533  0.520  49.227 0.5555559993
53859  -9.426  0.799  48.478 0.7777780294
50938  -9.574  0.581  47.765 0.7777780294
25991  -22.555  -2.124  40.369 0.1111110002
28030  -11.138  1.001  45.070 0.8888890147
27425  -11.574  1.168  44.741 0.8888890147
26440  -21.225  -1.693  39.506 0.1111110002
28034  -12.082  1.410  44.192 0.8888890147
25981  -22.432  -2.184  40.926 0.3333329856
27427  -14.665  0.544  43.852 0.7777780294
28041  -13.857  1.303  43.325 0.8888890147
54930  -22.876  -0.150  40.673 0.3333329856
57097  -23.240  -0.985  40.799 0.3333329856
56022  -23.029  1.268  39.837 0.5555559993
28639  -21.773  2.743  39.260 0.8888890147
63167  -22.277  2.168  39.535 0.8888890147
27410  -10.453  0.381  52.698 0.1111110002
50930  -9.923  1.034  50.847 0.4444440007
53936  -9.405  1.092  49.061 0.3333329856
28019  -9.622  1.383  48.410 0.3333329856
54748  -9.781  1.169  47.139 0.7777780294
28020  -9.915  1.615  47.571 0.4444440007
28026  -10.046  1.204  46.320 0.7777780294
27421  -10.425  1.137  45.705 0.7777780294
28598  -11.023  1.972  44.651 0.7777780294
28040  -12.664  1.681  43.550 0.8888890147
28042  -14.926  1.100  43.082 0.6666669846
25982  -23.156  -1.956  40.613 0.2222220004
28605  -12.318  2.498  43.336 0.8888890147
28606  -13.185  2.112  42.994 0.8888890147
28046  -14.195  1.776  42.641 0.8888890147
28047  -15.219  1.558  42.370 0.6666669846
28612  -15.493  2.016  41.606 0.7777780294
28611  -14.410  2.289  41.930 0.8888890147
28616  -15.929  2.554  40.893 0.6666669846
28624  -16.545  3.001  39.987 0.8888890147
29193  -17.086  3.872  38.790 0.8888890147
29735  -15.963  4.924  38.211 0.8888890147
29737  -18.195  4.491  38.102 0.7777780294
29201  -20.102  4.452  38.063 0.8888890147
29738  -20.558  5.164  37.978 0.8888890147
57333  -21.602  3.692  38.851 0.8888890147
28629  -23.020  2.144  39.633 0.7777780294
29739  -21.375  4.558  38.665 0.8888890147
29197  -22.130  3.384  39.343 0.8888890147
28640  -22.539  2.804  39.573 0.8888890147
28014  -10.169  1.659  51.212 0.1111110002
28024  -10.092  1.772  46.703 0.3333329856
28027  -10.072  1.901  45.983 0.4444440007
28028  -10.421  1.810  45.507 0.7777780294
62291  -10.727  1.662  44.958 0.7777780294
28599  -11.609  2.462  44.029 0.7777780294
25992  -23.826  -2.309  40.013 0.1111110002
28610  -13.449  2.611  42.379 0.8888890147
26434  -23.608  -1.625  40.663 0.2222220004
29169  -13.511  3.356  41.915 0.8888890147
29179  -14.476  3.028  41.178 0.8888890147
29726  -15.447  4.115  39.333 0.8888890147
29727  -20.672  5.433  40.463 0.6666669846
29712  -21.046  4.831  42.404 0.3333329856
29170  -22.714  4.141  42.669 0.3333329856
29171  -23.442  3.766  42.204 0.4444440007
30289  -15.287  5.944  37.984 0.8888890147
30295  -17.533  6.197  37.421 0.7777780294
30296  -18.604  6.100  37.447 0.7777780294
30284  -20.910  5.464  39.077 0.7777780294
29713  -21.946  4.476  41.951 0.3333329856
29181  -22.718  3.737  41.326 0.6666669846
29189  -23.085  3.089  40.242 0.8888890147
28630  -23.648  2.822  40.063 0.8888890147
27449  -23.338  0.653  40.171 0.5555559993
26926  -23.777  -0.068  40.437 0.4444440007
30293  -15.530  6.748  37.877 0.8888890147
29728  -21.391  4.744  39.825 0.8888890147
29720  -21.938  4.173  40.648 0.7777780294
29188  -22.449  3.531  40.045 0.8888890147
28064  -23.671  1.706  39.731 0.8888890147
29729  -21.901  4.005  39.400 0.8888890147
28586  -10.559  2.478  46.273 0.5555559993
28587  -10.776  2.810  46.299 0.4444440007
28591  -10.643  2.396  45.450 0.5555559993
29128  -11.000  3.425  46.246 0.5555559993
28592  -11.050  2.954  45.183 0.6666669846
29119  -21.994  3.351  46.351 0.1111110002
29155  -12.181  3.288  43.640 0.7777780294
29131  -21.636  3.389  45.748 0.1111110002
29710  -19.281  5.460  43.217 0.4444440007
29700  -19.882  4.828  43.777 0.3333329856
29691  -20.537  4.264  44.440 0.2222220004
29144  -21.125  3.711  45.102 0.2222220004
29692  -21.500  4.053  44.187 0.1111110002
25983  -24.214  -2.135  40.337 0.1111110002
28609  -12.597  3.013  42.845 0.8888890147
30270  -19.448  5.675  42.246 0.3333329856
29701  -20.822  4.621  43.479 0.2222220004
62670  -13.908  4.176  41.017 0.8888890147
29180  -15.017  3.506  40.368 0.8888890147
29711  -20.100  5.064  42.794 0.4444440007
29160  -24.680  3.415  43.269 0.2222220004
26435  -24.641  -1.521  40.460 0.2222220004
56031  -23.978  -0.984  40.623 0.2222220004
29718  -20.370  5.299  41.720 0.5555559993
29173  -24.708  3.532  42.381 0.5555559993
29172  -24.128  3.602  41.791 0.5555559993
30288  -14.400  6.822  38.485 0.8888890147
30783  -15.922  7.323  38.288 0.7777780294
30790  -17.767  6.721  37.922 0.7777780294
30777  -19.430  6.624  39.443 0.7777780294
30283  -20.133  6.139  39.843 0.7777780294
56204  -23.556  3.460  41.074 0.7777780294
30789  -16.671  6.705  37.754 0.7777780294
59040  -24.107  2.600  39.924 0.7777780294
64527  -23.945  0.914  40.047 0.5555559993
29141  -11.637  3.732  44.744 0.5555559993
29130  -20.761  3.510  45.877 0.1111110002
62897  -21.237  3.416  46.369 0.1111110002
29142  -12.420  4.587  44.253 0.7777780294
30269  -18.739  6.062  42.784 0.3333329856
29156  -12.679  4.048  43.187 0.7777780294
29168  -13.001  3.529  42.519 0.8888890147
55943  -13.419  4.374  41.864 0.8888890147
30276  -18.803  6.683  41.972 0.4444440007
30277  -19.770  5.975  41.130 0.4444440007
29725  -13.815  5.044  40.273 0.8888890147
30282  -19.158  6.768  40.643 0.6666669846
26927  -24.553  -0.431  40.355 0.2222220004
30281  -13.477  6.975  39.801 0.8888890147
30782  -15.034  7.606  38.701 0.7777780294
30784  -16.824  7.369  38.592 0.7777780294
30776  -18.599  7.416  39.923 0.7777780294
28619  -24.662  3.556  41.301 0.6666669846
28618  -24.134  3.309  40.686 0.7777780294
27450  -24.450  0.612  40.068 0.5555559993
28631  -24.602  3.064  40.261 0.8888890147
28065  -24.389  1.819  39.662 0.8888890147
30239  -11.286  5.868  47.518 0.3333329856
29140  -10.967  4.319  45.912 0.5555559993
29683  -10.851  5.354  46.488 0.3333329856
29684  -11.511  5.415  45.347 0.4444440007
29676  -19.358  4.171  45.494 0.2222220004
29143  -20.230  3.944  45.287 0.1111110002
29110  -21.311  3.517  47.051 0.1111110002
29685  -12.338  6.185  44.677 0.3333329856
29697  -13.049  5.469  43.953 0.2222220004
29699  -19.009  5.193  44.087 0.2222220004
29690  -19.626  4.532  44.680 0.2222220004
30268  -18.026  7.047  43.119 0.3333329856
30262  -18.438  5.958  43.585 0.3333329856
29708  -13.211  4.730  42.884 0.6666669846
29709  -13.411  6.012  43.205 0.8888890147
30767  -15.583  9.598  41.561 0.7777780294
64567  -18.200  7.660  42.342 0.5555559993
56494  -25.973  3.401  42.869 0.4444440007
29717  -13.354  5.550  41.922 0.8888890147
30273  -13.280  7.008  41.720 0.7777780294
30768  -17.228  9.220  41.430 0.7777780294
30769  -18.300  8.062  41.406 0.6666669846
28613  -25.155  3.602  41.924 0.4444440007
29174  -25.273  3.373  42.796 0.4444440007
31262  -15.084  8.487  39.847 0.7777780294
58670  -16.918  7.985  39.697 0.7777780294
29182  -25.878  3.629  41.925 0.5555559993
28621  -25.700  3.573  40.668 0.6666669846
28620  -25.180  3.542  40.922 0.6666669846
28632  -25.133  2.710  39.862 0.8888890147
28066  -24.940  1.335  39.633 0.8888890147
27451  -25.163  0.282  40.004 0.6666669846
30250  -12.276  6.863  45.439 0.2222220004
30251  -13.104  7.149  44.769 0.2222220004
30242  -14.314  6.989  45.490 0.2222220004
29698  -18.091  5.678  44.433 0.1111110002
30252  -14.251  7.210  44.825 0.3333329856
30259  -14.093  7.449  44.606 0.4444440007
30260  -15.673  7.104  44.467 0.2222220004
30261  -17.312  6.515  44.019 0.2222220004
29689  -18.747  4.898  44.986 0.1111110002
29686  -13.587  6.610  44.089 0.4444440007
30267  -16.330  7.769  43.891 0.2222220004
30266  -13.931  7.579  43.725 0.4444440007
29175  -26.722  3.559  42.663 0.2222220004
29162  -26.557  3.466  43.415 0.2222220004
30274  -14.739  8.848  43.063 0.6666669846
56038  -26.708  3.729  42.121 0.3333329856
29183  -26.216  3.835  41.214 0.6666669846
55380  -25.353  -0.784  40.227 0.2222220004
28633  -25.990  2.989  40.024 0.7777780294
29190  -26.242  3.588  40.458 0.7777780294
29164  -28.275  3.760  42.905 0.2222220004
29176  -27.423  3.733  42.579 0.2222220004
29184  -27.051  3.884  42.010 0.4444440007
29721  -26.641  4.061  41.232 0.7777780294
28067  -25.430  1.959  39.281 0.8888890147
29730  -26.529  4.197  40.516 0.7777780294
28641  -26.244  3.089  39.729 1.0000000000
61327  -26.057  2.404  39.112 0.8888890147
28072  -26.008  1.456  38.956 1.0000000000
29741  -26.320  3.894  39.670 1.0000000000
56218  -26.258  3.195  38.967 1.0000000000
29747  -25.950  4.114  38.565 1.0000000000
29714  -27.925  4.012  42.445 0.2222220004
29722  -27.440  4.378  41.739 0.6666669846
29731  -27.079  4.678  40.890 0.8888890147
28644  -26.426  1.930  38.470 1.0000000000
55037  -26.327  2.750  38.342 0.8888890147
29740  -26.019  4.854  39.030 1.0000000000
28646  -26.684  2.358  37.739 0.7777780294
29202  -25.961  3.557  38.028 1.0000000000
29204  -26.280  3.125  37.444 1.0000000000
29749  -25.577  4.341  37.655 1.0000000000
29207  -25.751  3.846  37.125 1.0000000000
30285  -26.600  4.957  39.983 1.0000000000
30298  -25.731  5.762  38.511 1.0000000000
57770  -25.556  4.938  38.151 1.0000000000
28650  -26.833  2.716  36.908 0.6666669846
57817  -25.355  5.100  37.330 1.0000000000
29751  -25.451  4.597  36.781 1.0000000000
29210  -25.729  4.131  36.362 1.0000000000
30278  -27.763  5.192  41.355 0.3333329856
30286  -27.269  5.577  40.570 0.7777780294
30291  -26.238  5.597  39.299 1.0000000000
29208  -26.322  3.501  36.437 0.5555559993
30301  -25.425  5.569  37.776 1.0000000000
63042  -25.290  5.770  37.212 1.0000000000
30302  -25.263  5.484  36.477 1.0000000000
62333  -27.086  3.016  36.091 0.4444440007
30795  -25.246  6.378  36.827 0.8888890147
29753  -25.542  4.762  35.796 1.0000000000
29211  -26.009  4.056  35.776 0.7777780294
29214  -26.764  3.717  35.455 0.4444440007
61984  -27.450  3.236  35.472 0.3333329856
29215  -27.520  3.625  34.851 0.4444440007
29754  -26.125  4.432  35.049 0.7777780294
30778  -26.713  6.009  39.865 0.5555559993
30785  -26.264  6.382  39.093 0.6666669846
30792  -25.785  6.699  38.394 0.7777780294
30791  -25.422  6.335  37.716 0.8888890147
30797  -25.188  6.312  35.923 1.0000000000
30305  -25.326  5.597  35.590 1.0000000000
31274  -25.319  7.195  36.340 1.0000000000
30799  -25.334  6.206  35.050 1.0000000000
29756  -25.645  5.326  34.811 1.0000000000
29757  -26.954  4.223  34.581 0.6666669846
29760  -26.383  4.899  34.229 1.0000000000
30779  -27.463  6.501  40.301 0.2222220004
30786  -26.904  6.843  39.605 0.4444440007
61342  -25.520  6.929  37.914 0.5555559993
31271  -25.431  7.210  37.346 0.6666669846
54378  -25.547  8.053  36.773 0.5555559993
58191  -25.270  7.118  35.363 1.0000000000
58667  -25.532  7.992  34.788 1.0000000000
64343  -25.540  6.064  34.366 1.0000000000
30308  -25.985  5.666  33.964 1.0000000000
30309  -26.753  5.385  33.477 1.0000000000
30803  -26.325  6.190  33.314 1.0000000000
31264  -26.434  7.291  38.878 0.4444440007
31265  -27.134  7.503  39.407 0.2222220004
31783  -27.041  7.914  38.991 0.2222220004
31268  -25.830  7.416  38.115 0.5555559993
31788  -26.513  8.152  38.359 0.3333329856
31792  -26.429  8.780  37.686 0.3333329856
31272  -25.894  8.078  37.573 0.3333329856
51051  -25.546  8.183  35.813 0.7777780294
31278  -25.451  6.964  34.360 1.0000000000
30802  -25.752  6.369  33.846 1.0000000000
31799  -25.495  8.038  33.820 1.0000000000
31281  -25.893  7.149  33.373 1.0000000000
30805  -26.704  6.787  32.669 1.0000000000
30311  -27.052  5.961  32.795 1.0000000000
52243  -28.721  9.505  38.340 0.1111110002
59225  -29.860  9.898  38.406 0.1111110002
31789  -27.400  8.547  38.782 0.2222220004
60070  -27.752  9.158  38.328 0.1111110002
63095  -26.997  8.830  38.210 0.2222220004
31793  -27.102  9.293  37.698 0.1111110002
59801  -27.971  9.641  37.684 0.2222220004
31791  -25.945  8.768  36.999 0.2222220004
54252  -26.460  9.365  37.058 0.2222220004
51058  -25.962  9.418  36.370 0.2222220004
51050  -25.667  8.794  36.388 0.3333329856
54125  -25.712  9.292  35.744 0.3333329856
31797  -25.693  8.894  35.149 0.5555559993
31283  -25.706  8.122  33.090 1.0000000000
31284  -26.313  7.689  32.591 0.8888890147
31285  -27.098  7.467  32.104 0.8888890147
30806  -27.719  6.523  32.162 1.0000000000
30316  -28.689  6.027  31.752 0.7777780294
53215  -28.952  9.927  37.634 0.2222220004
61048  -28.201  10.055  36.979 0.2222220004
54967  -27.229  9.791  37.041 0.2222220004
56207  -26.518  9.957  36.338 0.2222220004
51067  -25.716  9.909  34.786 0.5555559993
53359  -25.712  8.980  34.334 0.7777780294
31802  -25.542  9.218  33.323 0.8888890147
31803  -25.994  8.698  32.388 0.8888890147
31804  -26.667  8.123  32.020 0.8888890147
31287  -27.841  7.567  31.615 0.8888890147
30809  -28.496  6.931  31.449 0.8888890147
30810  -29.122  6.460  31.284 0.8888890147
53526  -26.700  10.534  35.429 0.2222220004
51077  -26.450  10.974  34.579 0.3333329856
52792  -26.001  10.087  35.548 0.3333329856
54490  -26.684  10.669  34.364 0.3333329856
60299  -26.472  10.651  33.529 0.4444440007
60390  -26.578  10.969  33.477 0.3333329856
63336  -25.740  9.967  33.920 0.4444440007
52779  -26.071  10.498  33.284 0.4444440007
31807  -26.738  8.803  31.640 0.7777780294
31808  -27.282  8.200  31.620 0.8888890147
30819  -29.706  6.524  30.809 0.8888890147
31809  -27.835  8.409  31.235 0.8888890147
31288  -28.421  7.834  31.086 0.8888890147
31289  -29.097  7.232  30.936 0.8888890147
52586  -26.083  10.963  33.126 0.3333329856
60391  -25.889  10.678  32.699 0.6666669846
32318  -25.464  9.877  32.504 0.6666669846
32322  -26.123  9.607  31.697 0.7777780294
58500  -27.350  8.983  31.234 0.8888890147
31299  -28.803  7.985  30.535 0.8888890147
31300  -29.646  7.410  30.384 0.8888890147
31818  -28.167  8.743  30.249 0.8888890147
31823  -28.603  8.826  29.429 0.8888890147
32338  -27.322  10.012  29.993 0.8888890147
32341  -28.035  9.829  28.697 0.8888890147
32347  -29.451  10.342  26.572 0.8888890147
63788  -30.570  9.803  26.546 0.8888890147
32321  -25.836  10.283  31.989 0.7777780294
32761  -26.587  10.589  31.929 0.6666669846
32323  -27.017  9.733  31.380 0.6666669846
58979  -27.724  9.198  31.012 0.8888890147
31817  -27.957  8.754  30.791 0.8888890147
32333  -27.799  9.784  30.837 0.8888890147
32776  -26.925  11.310  28.741 0.8888890147
32346  -27.734  10.665  27.555 0.8888890147
33166  -28.242  11.331  26.476 0.8888890147
32790  -28.981  11.076  25.908 0.8888890147
59024  -29.723  10.826  25.624 0.8888890147
32353  -30.550  10.375  25.785 0.8888890147
32354  -31.384  10.327  25.325 0.7777780294
32349  -31.385  9.449  26.448 0.7777780294
31840  -32.246  8.584  26.906 0.6666669846
58658  -27.411  10.463  31.644 0.5555559993
32324  -27.617  9.881  31.227 0.6666669846
32332  -27.850  9.932  31.049 0.6666669846
33161  -27.322  12.287  27.461 0.8888890147
33162  -28.104  13.932  27.594 0.8888890147
33167  -28.518  12.599  26.219 0.8888890147
32784  -30.244  11.493  25.019 0.8888890147
32363  -30.776  10.864  25.012 0.8888890147
32762  -27.422  11.031  32.144 0.5555559993
32763  -28.057  10.677  31.563 0.5555559993
32770  -28.333  10.727  31.177 0.5555559993
32771  -28.310  11.013  30.786 0.4444440007
32772  -28.155  12.245  30.024 0.6666669846
33155  -27.114  13.245  28.700 0.7777780294
33156  -28.557  14.504  29.311 0.4444440007
33163  -29.943  14.519  27.956 0.5555559993
33168  -30.911  13.527  26.645 0.5555559993
33173  -29.954  12.679  25.541 0.7777780294
33538  -30.986  12.927  25.786 0.5555559993
33174  -30.890  12.404  25.002 0.8888890147
31846  -32.392  9.395  25.810 0.7777780294
33137  -28.404  11.218  32.272 0.3333329856
33147  -28.607  11.223  31.596 0.4444440007
63998  -28.713  11.840  30.884 0.4444440007
33157  -30.771  14.485  29.459 0.1111110002
55164  -32.053  13.892  28.054 0.4444440007
33169  -31.724  13.029  26.188 0.5555559993
32785  -31.151  11.526  24.507 0.8888890147
57019  -31.936  10.666  24.490 0.7777780294
31841  -33.103  8.325  26.645 0.6666669846
33506  -30.807  12.507  32.994 0.1111110002
33128  -30.007  12.163  32.447 0.1111110002
33138  -29.227  11.653  31.973 0.3333329856
33139  -29.870  12.285  31.616 0.1111110002
33148  -28.938  11.629  31.288 0.2222220004
33149  -29.390  12.419  31.014 0.2222220004
55808  -29.946  13.392  30.487 0.2222220004
33150  -31.606  13.465  30.467 0.2222220004
54753  -32.835  13.052  30.554 0.1111110002
55610  -33.852  12.370  30.635 0.1111110002
33158  -32.256  13.651  29.615 0.1111110002
33530  -33.427  13.176  29.464 0.2222220004
55300  -34.114  13.032  28.943 0.2222220004
33164  -32.679  13.095  26.563 0.5555559993
63185  -31.709  11.773  23.783 0.8888890147
33175  -31.868  12.564  24.678 0.7777780294
32355  -32.974  9.756  24.855 0.6666669846
31847  -33.483  8.768  25.780 0.6666669846
33513  -30.812  12.771  32.108 0.1111110002
33523  -30.860  12.791  31.123 0.1111110002
55331  -32.142  13.080  31.305 0.1111110002
33524  -34.605  11.852  30.614 0.1111110002
33536  -34.250  13.025  28.080 0.1111110002
33539  -33.663  13.068  26.930 0.4444440007
33535  -33.448  13.102  28.070 0.3333329856
33542  -32.987  13.154  25.156 0.5555559993
58020  -32.564  12.504  23.662 0.8888890147
32786  -32.571  11.083  23.813 0.7777780294
33507  -31.704  12.717  32.635 0.1111110002
33514  -31.606  12.999  31.849 0.1111110002
33515  -32.259  12.771  32.035 0.1111110002
33516  -33.117  12.092  31.634 0.1111110002
33141  -34.154  11.533  31.328 0.1111110002
33151  -35.149  11.332  31.251 0.1111110002
63490  -34.508  12.494  29.765 0.1111110002
32356  -33.630  9.994  24.335 0.7777780294
50336  -6.505  -10.167  52.724 0.2222220004
52340  -7.062  -9.332  52.029 0.2222220004
50350  -5.940  -9.394  52.388 0.1111110002
57666  -7.725  -9.557  50.136 0.1111110002
58003  -4.919  -8.319  52.850 0.2222220004
50347  -6.411  -8.810  52.358 0.2222220004
23274  -6.965  -7.987  51.931 0.4444440007
23263  -3.463  -9.126  53.232 0.1111110002
24163  -4.036  -6.757  52.614 0.2222220004
24164  -5.091  -6.794  52.465 0.2222220004
54174  -2.942  -9.716  53.463 0.1111110002
62461  -5.930  -6.014  52.426 0.3333329856
26396  -9.535  -1.497  54.602 0.1111110002
50919  -9.793  -1.443  53.579 0.1111110002
63546  -9.931  -0.577  48.941 0.6666669846
27419  -10.502  0.408  46.179 0.7777780294
26899  -13.824  -0.777  45.464 0.6666669846
61331  -10.489  -0.093  53.342 0.1111110002
26903  -14.936  -0.315  44.527 0.6666669846
50937  -9.576  1.129  47.850 0.5555559993
28063  -22.363  1.417  39.761 0.6666669846
28048  -16.185  1.356  42.154 0.6666669846
29734  -14.525  5.525  38.870 0.8888890147
30294  -16.550  5.823  37.590 0.8888890147
29736  -17.145  4.889  37.919 0.8888890147
29746  -19.256  5.170  37.786 0.7777780294
29745  -17.917  5.531  37.588 0.8888890147
30297  -19.605  5.876  37.809 0.7777780294
29719  -21.226  4.847  41.194 0.5555559993
56950  -18.926  6.618  38.414 0.7777780294
30290  -20.066  6.049  38.616 0.8888890147
29132  -22.598  3.247  45.646 0.1111110002
56190  -24.074  3.706  42.953 0.2222220004
56926  -17.771  7.392  39.195 0.7777780294
29671  -10.928  4.764  47.023 0.5555559993
30766  -14.457  8.853  40.450 0.7777780294
31258  -16.495  8.895  40.286 0.7777780294
29129  -19.899  3.622  46.000 0.1111110002
30275  -17.216  8.606  42.624 0.6666669846
31252  -15.560  9.310  40.593 0.7777780294
58323  -13.708  8.450  41.111 0.7777780294
30775  -17.484  8.532  40.477 0.7777780294
30253  -15.502  6.690  44.939 0.3333329856
30254  -16.882  6.119  44.710 0.2222220004
27454  -25.597  0.911  39.431 0.7777780294
31259  -27.639  7.325  39.973 0.2222220004
53882  -27.437  10.199  36.294 0.2222220004
57864  -29.322  11.628  25.499 0.8888890147
55122  -29.475  13.598  26.650 0.6666669846
33508  -32.588  12.114  32.707 0.1111110002
24581  -4.645  -6.092  52.935 0.1111110002
25033  -5.806  -4.452  53.753 0.4444440007
25036  -6.449  -5.077  52.994 0.5555559993
24580  -3.616  -5.970  52.872 0.1111110002
24579  -2.989  -5.824  52.218 0.1111110002
25032  -4.706  -4.738  53.890 0.1111110002
25028  -5.124  -4.213  54.288 0.1111110002
25034  -6.880  -4.185  53.371 0.6666669846
24576  -4.143  -5.370  53.434 0.1111110002
56084  -2.970  -5.117  52.323 0.1111110002
25029  -5.714  -3.877  54.343 0.2222220004
50904  -6.050  -3.309  54.730 0.2222220004
25031  -3.782  -4.665  53.823 0.1111110002
25446  -6.438  -3.705  54.049 0.4444440007
24575  -3.306  -5.113  53.089 0.1111110002
25027  -4.321  -4.161  54.382 0.1111110002
25445  -6.855  -3.075  54.453 0.4444440007
25026  -3.509  -3.914  54.197 0.1111110002
25447  -7.290  -3.409  53.750 0.4444440007
28627  -19.123  2.124  39.873 0.5555559993
28060  -19.514  1.329  40.373 0.6666669846
28628  -20.131  2.087  39.582 0.6666669846
28070  -21.018  2.167  39.421 0.7777780294
28071  -21.630  1.756  39.623 0.7777780294
28637  -19.677  2.805  39.184 0.7777780294
28638  -20.828  3.036  38.897 0.7777780294
29187  -17.720  2.934  39.571 0.7777780294
29194  -18.358  3.529  38.815 0.7777780294
28636  -18.707  2.812  39.446 0.6666669846
63279  -19.212  3.338  38.849 0.7777780294
29195  -20.076  3.612  38.458 0.7777780294
29196  -20.921  4.118  38.283 0.7777780294
26928  -26.058  -0.154  39.799 0.6666669846
29163  -27.471  3.591  43.138 0.1111110002
29703  -28.174  3.763  43.588 0.1111110002
29151  -27.227  3.597  43.950 0.1111110002
27455  -26.408  0.622  39.150 0.4444440007
29693  -27.830  3.990  44.522 0.1111110002
29761  -27.260  4.632  33.781 0.7777780294
30310  -27.697  5.157  32.998 0.6666669846
29715  -28.850  4.167  42.782 0.2222220004
29723  -28.257  4.730  42.133 0.2222220004
29704  -29.026  4.023  43.245 0.2222220004
64930  -27.701  5.755  32.567 0.6666669846
30312  -28.254  5.530  32.375 0.6666669846
30313  -29.055  5.173  32.046 0.5555559993
30272  -29.783  6.049  43.246 0.1111110002
30271  -28.972  5.268  42.625 0.1111110002
30263  -29.298  4.768  43.253 0.1111110002
30279  -28.512  5.708  41.809 0.2222220004
30764  -29.314  6.314  42.329 0.1111110002
30770  -28.069  6.091  40.980 0.1111110002
30326  -30.268  5.733  30.726 0.5555559993
56126  -30.467  6.745  30.178 0.5555559993
53998  -27.724  10.916  33.577 0.2222220004
33112  -28.753  11.056  33.773 0.2222220004
60480  -26.463  11.147  33.478 0.2222220004
33126  -28.346  11.193  33.033 0.2222220004
33127  -29.240  11.567  32.963 0.2222220004
33125  -27.471  11.128  32.866 0.2222220004
32755  -26.497  11.065  32.838 0.4444440007
31819  -29.276  8.081  29.957 0.7777780294
31301  -30.105  7.607  29.875 0.7777780294
59632  -29.092  11.000  34.700 0.1111110002
51081  -28.110  10.739  34.389 0.1111110002
51084  -26.963  10.892  34.157 0.2222220004
60537  -27.343  10.689  34.944 0.2222220004
31825  -30.947  7.856  28.723 0.6666669846
31824  -29.897  8.102  29.178 0.7777780294
31834  -32.052  8.060  27.720 0.5555559993
52702  -28.414  10.626  35.243 0.1111110002
31832  -30.215  8.602  28.246 0.7777780294
31833  -31.213  8.280  27.929 0.6666669846
31831  -29.196  8.912  28.648 0.7777780294
31839  -31.535  8.670  27.259 0.6666669846
32342  -29.262  9.592  27.842 0.7777780294
32348  -30.594  9.228  27.281 0.7777780294
32787  -33.489  11.364  23.204 0.6666669846
61730  -34.383  10.162  24.075 0.5555559993
32791  -36.047  10.788  23.276 0.5555559993
32366  -36.544  9.817  24.705 0.6666669846
32367  -37.622  9.821  24.926 0.4444440007
31881  -38.219  9.003  25.287 0.4444440007
32788  -34.871  10.987  23.070 0.7777780294
63802  -33.480  12.569  23.424 0.5555559993
33177  -34.291  12.795  23.051 0.6666669846
33179  -35.521  12.347  22.007 0.6666669846
32792  -37.069  10.707  23.772 0.7777780294
32793  -38.019  10.760  24.352 0.6666669846
58015  -38.787  9.984  25.228 0.4444440007
33176  -33.789  13.193  24.435 0.4444440007
33181  -37.513  11.781  23.498 0.7777780294
61781  -38.933  10.847  24.830 0.4444440007
32798  -39.658  10.621  25.089 0.4444440007
33873  -33.892  13.333  25.958 0.3333329856
33878  -34.604  13.458  25.959 0.4444440007
33182  -38.484  11.606  24.181 0.7777780294
33187  -39.472  11.426  24.607 0.6666669846
33188  -40.390  11.360  24.834 0.5555559993
56676  -41.379  11.034  24.887 0.5555559993
33189  -41.229  11.907  24.768 0.4444440007
33190  -41.812  11.820  24.977 0.5555559993
33191  -42.475  11.981  24.861 0.2222220004
33192  -43.316  11.513  24.528 0.3333329856
56527  -39.966  11.961  24.325 0.3333329856
33195  -40.565  12.079  24.427 0.3333329856
33555  -41.754  12.437  24.823 0.3333329856
33892  -42.350  12.924  24.416 0.2222220004
33556  -43.175  12.359  24.220 0.1111110002
58054  -42.161  11.335  24.852 0.3333329856
33558  -43.246  13.141  23.573 0.1111110002
33193  -44.166  11.158  24.177 0.1111110002
33196  -43.917  11.895  23.829 0.1111110002
33559  -43.780  12.511  23.515 0.1111110002
33197  -44.696  11.548  23.329 0.1111110002
33203  -45.295  11.917  22.402 0.1111110002
33554  -41.065  12.656  24.499 0.3333329856
34254  -42.045  14.279  23.578 0.1111110002
33897  -42.468  13.549  23.826 0.1111110002
33903  -42.921  13.913  23.110 0.1111110002
34262  -42.582  14.669  22.677 0.1111110002
33563  -44.195  12.938  22.853 0.1111110002
33904  -43.793  13.597  22.612 0.1111110002
33560  -44.505  12.260  23.029 0.1111110002
33905  -44.611  13.299  22.100 0.1111110002
34263  -43.444  14.329  22.234 0.1111110002
34641  -42.648  15.941  21.375 0.1111110002
33564  -45.167  12.678  22.021 0.1111110002
34272  -43.914  14.783  21.331 0.1111110002
33914  -44.401  13.879  21.560 0.1111110002
33896  -41.923  13.647  24.227 0.1111110002
34631  -42.210  15.532  22.154 0.1111110002
34642  -43.473  15.654  20.933 0.1111110002
31319  -32.805  7.837  27.468 0.4444440007
31313  -31.795  7.676  28.437 0.6666669846
26413  -14.585  -0.889  45.136 0.3333329856
29200  -19.249  4.076  38.225 0.7777780294
63566  -25.008  3.310  43.444 0.2222220004
24161  -2.972  -6.662  51.748 0.1111110002
25030  -3.327  -4.414  53.527 0.1111110002
50895  -4.160  -3.508  54.868 0.1111110002
29762  -28.209  4.330  33.441 0.5555559993
29765  -28.589  4.765  32.666 0.5555559993
31308  -31.573  7.257  29.067 0.5555559993
31307  -30.775  7.407  29.465 0.7777780294
33180  -36.631  12.020  22.760 0.6666669846
62574  -35.138  13.537  23.515 0.5555559993
33874  -34.458  13.155  27.101 0.2222220004
33543  -34.784  13.580  24.582 0.4444440007
34271  -43.049  15.132  21.834 0.1111110002
33915  -45.320  13.266  21.245 0.1111110002
34261  -41.752  15.201  22.941 0.1111110002
31314  -32.492  7.460  28.174 0.3333329856
22796  -9.711  -9.628  54.557 0.1111110002
22349  -6.249  -10.593  54.212 0.2222220004
50333  -5.953  -10.436  53.332 0.1111110002
22800  -10.814  -9.036  53.931 0.1111110002
23264  -12.020  -8.888  54.209 0.1111110002
23275  -10.253  -8.103  51.982 0.3333329856
23713  -11.513  -8.068  52.320 0.1111110002
23270  -11.229  -8.614  53.043 0.2222220004
23718  -10.731  -7.636  51.197 0.1111110002
24174  -10.757  -6.931  50.679 0.2222220004
24173  -9.998  -6.267  50.708 0.3333329856
56820  -10.856  -6.200  50.490 0.2222220004
64277  -12.125  -4.591  49.158 0.1111110002
25048  -12.768  -4.983  49.296 0.1111110002
25051  -13.449  -4.744  48.872 0.1111110002
25468  -13.242  -4.029  48.240 0.1111110002
25050  -12.621  -4.362  48.741 0.1111110002
25467  -12.387  -3.656  48.268 0.2222220004
25471  -13.008  -3.191  47.605 0.1111110002
25470  -12.025  -2.943  47.857 0.3333329856
25945  -12.405  -2.452  47.235 0.2222220004
25944  -11.535  -2.256  47.517 0.5555559993
25948  -12.685  -2.025  46.723 0.2222220004
25949  -13.188  -2.503  46.894 0.2222220004
26403  -13.283  -1.850  46.396 0.3333329856
26402  -12.623  -1.458  46.368 0.5555559993
50905  -5.575  -2.845  55.389 0.1111110002
50908  -6.523  -2.679  55.147 0.1111110002
26409  -14.037  -1.552  45.958 0.2222220004
26410  -15.732  -1.835  45.270 0.1111110002
64661  -14.336  -1.176  45.536 0.2222220004
26408  -13.231  -1.123  45.993 0.4444440007
56277  -14.875  -1.533  45.555 0.2222220004
25485  -17.608  -3.121  45.486 0.1111110002
25957  -16.994  -2.614  45.272 0.1111110002
55392  -16.474  -2.159  45.077 0.1111110002
26415  -16.307  -1.510  44.616 0.1111110002
26414  -15.371  -1.151  44.879 0.1111110002
25493  -18.381  -3.034  44.923 0.1111110002
25961  -17.728  -2.629  44.760 0.1111110002
25960  -17.100  -2.120  44.619 0.1111110002
63717  -16.494  -0.987  44.217 0.1111110002
25969  -19.664  -2.501  43.412 0.1111110002
26421  -19.127  -1.835  43.115 0.1111110002
25978  -21.884  -2.432  41.245 0.2222220004
26430  -21.818  -1.788  41.433 0.2222220004
26904  -15.904  -0.720  44.331 0.2222220004
26425  -19.673  -1.297  42.626 0.1111110002
62658  -20.113  -0.843  42.193 0.2222220004
26921  -20.732  -0.908  41.851 0.2222220004
27443  -20.989  -0.382  41.301 0.3333329856
26922  -21.488  -0.984  41.488 0.2222220004
26920  -20.077  -0.142  41.478 0.2222220004
25962  -18.372  -2.604  44.338 0.1111110002
25494  -19.197  -2.910  44.241 0.1111110002
25968  -18.702  -2.272  43.746 0.1111110002
26420  -17.852  -2.132  44.113 0.1111110002
26419  -17.168  -1.363  44.061 0.1111110002
26911  -18.142  -1.452  43.437 0.1111110002
28584  -11.122  3.122  46.757 0.1111110002
26424  -18.803  -0.980  42.775 0.1111110002
26908  -15.689  0.002  43.906 0.3333329856
26909  -16.613  -0.458  43.820 0.3333329856
26916  -19.416  -0.528  42.231 0.2222220004
62203  -20.064  0.647  40.675 0.2222220004
27432  -15.517  0.554  43.412 0.5555559993
26910  -17.441  -0.733  43.505 0.1111110002
61843  -18.588  -0.142  42.276 0.1111110002
26915  -17.970  -0.488  42.916 0.1111110002
26919  -19.155  0.083  41.699 0.2222220004
58041  -16.295  0.302  43.336 0.4444440007
27437  -17.697  0.426  42.337 0.2222220004
27446  -20.866  0.338  40.696 0.4444440007
27440  -17.779  1.021  41.676 0.2222220004
28054  -18.170  1.327  41.155 0.4444440007
27441  -18.498  0.625  41.586 0.2222220004
27442  -19.332  0.590  41.092 0.3333329856
28055  -18.809  1.083  40.934 0.4444440007
28061  -20.674  1.280  40.016 0.5555559993
28062  -21.638  0.852  40.133 0.4444440007
27433  -17.156  0.009  43.154 0.2222220004
28043  -15.825  0.879  42.801 0.4444440007
28059  -18.594  1.640  40.519 0.4444440007
27436  -16.731  0.688  42.644 0.2222220004
28049  -17.075  1.148  41.943 0.3333329856
28052  -16.517  1.764  41.416 0.3333329856
28053  -17.393  1.543  41.278 0.4444440007
28058  -17.786  1.860  40.664 0.4444440007
28626  -18.223  2.287  40.093 0.4444440007
28625  -17.448  2.438  40.243 0.4444440007
27456  -26.949  -0.225  39.330 0.1111110002
26931  -26.773  -1.077  39.898 0.1111110002
27459  -26.721  1.166  38.595 0.5555559993
26442  -27.421  -2.088  40.180 0.1111110002
26932  -27.604  -1.113  39.558 0.1111110002
29758  -27.713  4.075  34.183 0.3333329856
29217  -29.086  3.132  34.136 0.2222220004
29219  -29.444  3.426  33.395 0.2222220004
64856  -28.240  3.907  33.913 0.2222220004
62667  -28.758  3.696  33.645 0.2222220004
55637  -30.225  3.201  33.127 0.2222220004
29223  -29.833  3.778  32.662 0.1111110002
29763  -29.059  4.130  33.024 0.2222220004
29766  -29.417  4.436  32.341 0.2222220004
29224  -30.628  3.523  32.399 0.1111110002
29767  -30.254  4.144  32.030 0.1111110002
29770  -29.806  4.779  31.714 0.1111110002
29226  -31.161  3.819  31.633 0.1111110002
29771  -30.543  4.451  31.395 0.1111110002
30318  -30.184  5.086  31.220 0.1111110002
30317  -29.530  5.636  31.351 0.4444440007
55606  -31.165  4.316  31.077 0.1111110002
29778  -30.768  4.915  30.847 0.1111110002
30327  -31.117  5.615  30.225 0.1111110002
30823  -31.305  6.591  29.626 0.2222220004
30333  -31.710  5.809  29.654 0.2222220004
30824  -32.110  6.485  29.157 0.2222220004
31848  -34.376  8.268  25.737 0.4444440007
31857  -34.005  9.061  25.096 0.4444440007
32364  -34.599  9.325  24.733 0.4444440007
32365  -35.405  9.807  24.469 0.4444440007
55203  -35.410  13.644  25.992 0.3333329856
33546  -35.954  13.610  23.345 0.2222220004
33547  -36.967  13.343  23.168 0.3333329856
33548  -37.859  12.750  23.787 0.4444440007
33552  -39.109  12.417  24.106 0.4444440007
25047  -11.458  -4.426  49.321 0.2222220004
24592  -12.262  -6.028  50.011 0.1111110002
24595  -11.945  -5.193  49.605 0.1111110002
24591  -11.361  -5.750  50.139 0.2222220004
22355  -8.820  -10.096  54.780 0.1111110002
22348  -4.905  -10.679  54.321 0.1111110002
21872  -5.642  -10.796  54.741 0.2222220004
28617  -16.949  2.174  40.752 0.5555559993
29216  -28.300  3.496  34.339 0.1111110002
31858  -34.984  8.547  25.177 0.4444440007
33544  -35.572  13.855  24.707 0.3333329856
53845  -7.558  -10.426  51.958 0.1111110002
50328  -7.953  -10.093  51.439 0.1111110002
59985  -7.514  -9.359  51.219 0.1111110002
52070  -8.222  -9.895  50.826 0.1111110002
29702  -21.846  4.510  43.154 0.1111110002
28076  -27.008  1.620  37.981 0.3333329856
28075  -27.516  0.936  38.216 0.3333329856
28647  -27.268  2.073  37.293 0.2222220004
28082  -27.822  1.868  36.956 0.2222220004
28077  -27.716  1.452  37.553 0.2222220004
28651  -27.506  2.404  36.569 0.2222220004
32377  -35.351  8.987  24.894 0.3333329856
32378  -39.815  9.743  25.230 0.2222220004
31884  -40.935  8.863  25.225 0.2222220004
32799  -40.510  10.377  25.102 0.2222220004
32379  -40.552  9.545  25.154 0.2222220004
32380  -41.413  9.776  24.897 0.2222220004
31885  -41.800  8.836  25.341 0.2222220004
32381  -42.478  9.497  24.730 0.2222220004
31886  -42.690  8.783  25.343 0.2222220004
32800  -42.217  10.432  24.601 0.3333329856
59132  -43.285  9.640  25.009 0.4444440007
31887  -43.497  9.264  25.722 0.4444440007
32368  -44.415  9.352  25.808 0.4444440007
64316  -42.967  10.276  24.787 0.4444440007
32802  -43.619  10.580  24.805 0.4444440007
32382  -44.089  9.939  25.227 0.4444440007
32801  -42.853  11.093  25.024 0.3333329856
28654  -27.778  2.708  35.826 0.1111110002
31880  -37.125  9.003  25.237 0.2222220004
31879  -36.112  9.008  24.991 0.3333329856
32358  -44.655  8.973  26.575 0.3333329856
50912  -7.586  -2.840  54.200 0.1111110002
26426  -20.511  -1.577  42.316 0.1111110002
64673  -20.982  -2.030  42.147 0.1111110002
26429  -21.139  -1.624  41.880 0.1111110002
30243  -15.524  6.337  45.412 0.1111110002
29645  -17.401  4.251  47.554 0.1111110002
29637  -18.920  4.184  48.175 0.1111110002
29646  -18.179  4.055  47.261 0.1111110002
29659  -17.316  4.336  46.777 0.1111110002
29674  -17.304  4.809  45.963 0.1111110002
29673  -16.417  5.576  45.936 0.1111110002
29687  -16.642  5.769  45.362 0.1111110002
29688  -17.761  5.302  45.242 0.1111110002
29108  -19.137  3.766  47.299 0.1111110002
29660  -18.702  3.863  46.550 0.1111110002
62419  -23.332  3.865  43.148 0.1111110002
29161  -25.557  3.352  43.622 0.1111110002
27460  -27.228  0.423  38.770 0.1111110002
27461  -28.200  0.161  38.511 0.1111110002
27464  -28.316  0.860  37.778 0.1111110002
28079  -29.029  0.907  37.312 0.1111110002
28078  -28.395  1.451  37.079 0.1111110002
28084  -29.131  1.487  36.501 0.1111110002
30334  -32.286  5.496  29.406 0.1111110002
30340  -33.403  5.441  28.671 0.1111110002
30829  -33.392  6.359  28.307 0.1111110002
30339  -32.769  5.950  28.836 0.1111110002
30834  -33.931  6.787  27.719 0.1111110002
30828  -32.723  6.800  28.545 0.1111110002
30835  -34.614  6.393  27.376 0.1111110002
30842  -35.025  6.781  26.721 0.1111110002
31315  -33.199  7.165  27.963 0.1111110002
31321  -34.337  7.192  27.028 0.1111110002
30843  -35.704  6.356  26.513 0.1111110002
62868  -32.189  7.189  28.724 0.1111110002
62848  -35.563  7.160  26.024 0.1111110002
31320  -33.587  7.545  27.264 0.1111110002
31328  -34.719  7.520  26.292 0.1111110002
31338  -36.433  7.215  25.532 0.1111110002
31859  -35.735  7.902  25.409 0.1111110002
31337  -35.067  7.853  25.679 0.1111110002
31339  -37.352  7.239  25.289 0.1111110002
31340  -38.354  7.305  25.274 0.1111110002
31327  -33.943  7.917  26.474 0.2222220004
31860  -36.601  8.127  25.258 0.1111110002
30857  -37.984  6.470  25.459 0.1111110002
31861  -37.739  8.133  25.283 0.1111110002
64033  -35.754  8.527  25.123 0.1111110002
31862  -38.771  8.150  25.261 0.1111110002
31863  -39.697  8.150  25.303 0.1111110002
31882  -39.255  8.963  25.246 0.1111110002
31883  -40.129  8.892  25.213 0.1111110002
33875  -35.245  13.408  27.096 0.1111110002
33876  -36.173  13.655  27.053 0.1111110002
34238  -37.204  13.937  27.396 0.1111110002
34240  -36.819  13.951  26.364 0.1111110002
33553  -40.107  12.786  24.254 0.2222220004
32803  -44.466  10.346  24.455 0.1111110002
31866  -45.487  8.968  25.728 0.1111110002
31850  -45.498  8.719  26.572 0.2222220004
32383  -45.076  9.601  24.845 0.1111110002
33891  -41.508  13.222  24.483 0.1111110002
62528  -45.239  10.212  24.076 0.1111110002
31851  -46.188  8.537  26.161 0.1111110002
31867  -46.574  8.654  25.417 0.1111110002
30858  -38.932  6.575  25.612 0.1111110002
30855  -36.289  6.496  26.014 0.1111110002
31341  -39.296  7.374  25.428 0.1111110002
28083  -28.290  2.088  36.333 0.1111110002
56340  -17.956  4.175  46.400 0.1111110002
64535  -19.725  4.270  48.468 0.1111110002
60542  -28.602  10.407  36.187 0.1111110002
52848  -27.689  10.453  35.632 0.1111110002
54151  -29.852  10.609  36.610 0.1111110002
51072  -29.104  10.230  36.959 0.1111110002
51053  -29.855  10.288  37.514 0.1111110002
31777  -28.348  7.809  40.177 0.1111110002
31778  -29.233  7.974  40.704 0.1111110002
31785  -28.841  8.434  39.928 0.1111110002
31784  -27.798  8.095  39.516 0.1111110002
51016  -42.903  8.286  27.154 0.1111110002
52514  -43.818  8.595  28.277 0.2222220004
32357  -43.641  9.097  26.532 0.2222220004
63729  -39.156  13.358  24.037 0.1111110002
31835  -44.830  8.457  28.572 0.2222220004
31849  -45.021  8.603  27.462 0.2222220004
33890  -40.671  13.556  24.270 0.1111110002
53006  -43.561  8.251  29.281 0.1111110002
51014  -43.816  8.878  27.359 0.2222220004
33888  -37.992  13.654  23.859 0.1111110002
25934  -8.172  -2.347  54.412 0.1111110002
55589  -13.887  -3.009  47.092 0.1111110002
25475  -13.940  -2.337  46.498 0.1111110002
28573  -9.988  1.723  50.425 0.2222220004
28576  -9.812  1.712  49.339 0.2222220004
64055  -10.232  2.150  48.355 0.1111110002
28582  -10.514  2.164  47.284 0.2222220004
62926  -10.495  2.235  46.514 0.2222220004
28583  -11.101  2.756  47.024 0.2222220004
64514  -11.974  6.313  48.381 0.1111110002
30232  -13.776  6.241  46.873 0.1111110002
30233  -14.454  6.424  46.218 0.1111110002
30748  -11.859  7.224  47.548 0.1111110002
30753  -12.103  7.061  46.318 0.1111110002
30241  -13.373  7.085  45.810 0.1111110002
29159  -24.178  3.471  43.774 0.1111110002
29212  -28.027  3.090  35.124 0.1111110002
28663  -29.908  2.747  33.965 0.1111110002
30350  -48.019  5.560  27.510 0.1111110002
30385  -46.863  5.175  25.598 0.1111110002
29802  -47.029  4.795  27.109 0.1111110002
30397  -47.330  5.767  24.835 0.1111110002
30864  -47.904  5.989  25.508 0.1111110002
30836  -48.925  5.765  26.845 0.1111110002
55798  -48.294  5.455  28.728 0.1111110002
30343  -48.511  5.131  30.336 0.1111110002
33879  -36.062  13.837  25.940 0.1111110002
33884  -36.429  14.097  24.802 0.1111110002
53906  -45.670  8.520  30.251 0.1111110002
52690  -45.714  7.545  31.425 0.1111110002
31826  -46.394  8.998  29.472 0.1111110002
31820  -46.713  8.141  30.344 0.1111110002
31290  -47.315  6.116  31.974 0.1111110002
30335  -48.537  4.968  30.599 0.1111110002
30329  -48.416  4.953  31.424 0.1111110002
29791  -48.553  4.459  31.022 0.1111110002
30845  -48.296  6.101  26.345 0.1111110002
30351  -49.326  5.693  27.660 0.1111110002
30344  -48.794  5.776  28.614 0.1111110002
32344  -46.743  9.297  28.372 0.1111110002
31309  -47.675  7.810  29.724 0.1111110002
31302  -47.518  7.048  30.826 0.1111110002
63925  -48.448  5.858  30.276 0.1111110002
30825  -48.635  6.137  29.191 0.1111110002
31329  -48.715  6.431  26.006 0.1111110002
30367  -49.856  5.669  26.735 0.1111110002
31827  -47.260  8.728  29.114 0.1111110002
31310  -48.353  7.369  29.057 0.1111110002
30831  -49.474  6.008  27.867 0.1111110002
30352  -49.712  5.781  27.357 0.1111110002
32350  -47.550  9.260  27.197 0.1111110002
30240  -12.748  7.129  46.597 0.1111110002
25950  -14.704  -2.140  46.158 0.1111110002
31842  -46.654  9.316  27.520 0.1111110002
32339  -45.753  9.266  29.170 0.1111110002
30366  -47.657  5.459  26.625 0.1111110002
57458  -47.463  5.515  25.742 0.1111110002
32343  -45.905  9.373  28.227 0.1111110002
60527  -46.697  7.129  31.419 0.1111110002
54215  -47.938  5.037  31.975 0.1111110002
31303  -48.181  6.715  30.054 0.1111110002
31828  -47.976  8.253  28.853 0.1111110002
30249  -11.587  6.294  46.254 0.1111110002
30774  -14.286  7.807  39.558 0.7777780294
30846  -49.768  6.063  26.116 0.1111110002
31253  -16.476  9.413  40.827 0.7777780294
31257  -15.824  8.921  40.252 0.7777780294
31263  -15.962  7.997  39.473 0.7777780294
31771  -16.097  9.301  40.552 0.7777780294
32359  -47.039  9.114  26.644 0.1111110002
32783  -29.174  10.962  25.861 0.8888890147
33172  -28.824  11.401  25.923 0.8888890147
50338  -3.940  -9.971  53.527 0.1111110002
51013  -48.380  4.488  31.465 0.1111110002
51090  -28.907  10.969  26.063 0.8888890147
54581  -5.132  -9.646  52.861 0.1111110002
54848  -48.197  5.794  31.131 0.1111110002
55855  -48.311  4.079  31.280 0.1111110002
57950  -10.545  -9.177  54.676 0.1111110002
59322  -13.851  8.003  40.259 0.7777780294
60289  -43.100  8.578  28.009 0.1111110002
64624  -46.058  8.633  27.044 0.1111110002
