#!ascii label  , from subject sub-v1s19x0051312_ses-1 vox2ras=TkReg
844
38802  -7.757  -30.684  48.161 0.0000000000
36124  -30.810  -33.879  43.470 0.0000000000
41644  -28.963  -27.950  38.880 0.0000000000
39778  -24.192  -30.280  44.969 0.0000000000
46985  -35.795  -21.432  27.904 0.0000000000
45236  -29.211  -23.314  31.735 0.0000000000
103830  -30.746  -31.547  46.310 0.0000000000
36984  -26.267  -33.309  44.081 0.0000000000
90687  -39.708  -18.884  30.602 0.0000000000
50756  -42.678  -15.690  28.559 0.0000000000
52203  -44.711  -14.029  27.011 0.0000000000
44287  -30.459  -23.944  38.654 0.0000000000
43354  -26.934  -24.875  35.792 0.0000000000
46938  -31.601  -21.320  34.592 0.0000000000
46960  -35.639  -21.356  32.307 0.0000000000
40706  -18.396  -28.485  43.213 0.0000000000
38738  -5.765  -30.762  56.815 0.0000000000
38934  -30.324  -30.933  41.850 0.0000000000
42505  -31.433  -26.315  41.682 0.0000000000
39843  -21.649  -29.374  40.366 0.0000000000
38002  -24.813  -31.901  39.548 0.0000000000
52223  -43.973  -14.915  21.906 0.0000000000
53660  -46.670  -12.585  25.413 0.0000000000
89837  -32.973  -23.579  29.257 0.0000000000
46103  -38.438  -22.378  31.549 0.0000000000
38873  -10.105  -29.725  44.235 0.0000000000
33479  1.427  -36.467  48.727 0.0000000000
49986  -40.495  -16.820  30.272 0.0000000000
45185  -30.951  -23.163  36.298 0.0000000000
38913  -17.278  -30.232  41.932 0.0000000000
93984  -6.948  -31.305  51.491 0.0000000000
37041  -31.970  -31.967  41.086 0.0000000000
37958  -31.225  -31.986  42.989 0.0000000000
39816  -22.838  -29.237  42.232 0.0000000000
38946  -23.470  -30.195  40.351 0.0000000000
92568  -24.727  -30.758  42.300 0.0000000000
35213  -28.666  -34.247  44.139 0.0000000000
35225  -26.485  -34.827  42.978 0.0000000000
106475  -28.923  -35.064  43.139 0.0000000000
39776  -22.729  -29.307  46.014 0.0000000000
104934  -21.118  -28.183  43.863 0.0000000000
50801  -38.768  -16.350  24.856 0.0000000000
51525  -42.343  -15.689  23.342 0.0000000000
52946  -45.539  -13.136  25.904 0.0000000000
44318  -27.449  -24.601  33.384 0.0000000000
95605  -30.444  -22.297  29.766 0.0000000000
46086  -36.736  -22.057  32.104 0.0000000000
89515  -14.775  -30.865  43.835 0.0000000000
104732  -13.324  -29.856  45.772 0.0000000000
40687  -11.891  -28.733  45.570 0.0000000000
39800  -11.923  -29.704  43.467 0.0000000000
35175  -4.125  -35.044  49.811 0.0000000000
36101  -30.162  -33.079  45.080 0.0000000000
37935  -31.768  -31.557  44.454 0.0000000000
38863  -32.377  -31.070  45.640 0.0000000000
37892  -24.469  -31.573  46.734 0.0000000000
37921  -25.327  -31.840  44.855 0.0000000000
36959  -26.461  -32.761  46.627 0.0000000000
36970  -28.757  -32.976  45.780 0.0000000000
102446  -37.727  -19.633  29.343 0.0000000000
49272  -38.330  -17.749  29.203 0.0000000000
106169  -40.247  -15.658  27.842 0.0000000000
50777  -41.572  -15.445  26.635 0.0000000000
51518  -41.985  -15.007  25.694 0.0000000000
94915  -43.374  -15.405  27.900 0.0000000000
42524  -28.970  -25.937  39.234 0.0000000000
41661  -27.706  -27.133  37.589 0.0000000000
44292  -28.651  -24.235  37.024 0.0000000000
44314  -29.157  -23.882  34.922 0.0000000000
45230  -30.563  -23.323  33.214 0.0000000000
98130  -32.235  -22.633  31.988 0.0000000000
47738  -32.965  -19.789  33.012 0.0000000000
39775  -17.327  -30.089  45.619 0.0000000000
91277  -16.050  -31.262  43.099 0.0000000000
53682  -48.193  -13.122  22.119 0.0000000000
87395  -0.532  -33.065  54.992 0.0000000000
37990  -30.181  -31.425  40.119 0.0000000000
39847  -29.331  -29.802  40.606 0.0000000000
38900  -31.483  -30.247  43.697 0.0000000000
40732  -30.108  -28.344  41.906 0.0000000000
42508  -29.795  -26.843  40.103 0.0000000000
43336  -30.812  -25.065  39.675 0.0000000000
37010  -25.686  -32.598  42.706 0.0000000000
41618  -19.365  -27.509  45.534 0.0000000000
40727  -19.833  -28.766  41.669 0.0000000000
52950  -43.778  -13.610  24.501 0.0000000000
52961  -44.899  -13.070  22.963 0.0000000000
52962  -46.336  -13.013  22.260 0.0000000000
90162  -48.546  -12.322  23.697 0.0000000000
98411  -9.656  -31.467  48.340 0.0000000000
36070  -8.194  -33.011  50.477 0.0000000000
46128  -34.859  -23.816  28.865 0.0000000000
93935  -34.007  -23.245  31.395 0.0000000000
88505  -36.162  -23.662  30.169 0.0000000000
46129  -36.941  -22.426  29.310 0.0000000000
46975  -39.480  -21.189  30.702 0.0000000000
38837  -8.385  -30.400  46.063 0.0000000000
88998  -6.480  -33.223  52.911 0.0000000000
88000  -3.214  -34.263  54.239 0.0000000000
34297  1.522  -35.318  49.689 0.0000000000
37854  -7.349  -30.755  49.929 0.0000000000
36137  -31.254  -33.772  42.775 0.0000000000
37012  -31.601  -32.560  42.543 0.0000000000
37000  -31.317  -32.499  43.368 0.0000000000
39790  -23.708  -29.688  43.867 0.0000000000
39830  -23.927  -30.098  41.999 0.0000000000
39805  -24.315  -30.090  43.490 0.0000000000
35228  -29.489  -34.300  44.080 0.0000000000
35227  -28.563  -34.867  43.633 0.0000000000
100265  -30.155  -34.309  43.663 0.0000000000
35229  -30.453  -34.435  42.861 0.0000000000
38842  -23.572  -30.631  47.047 0.0000000000
39755  -23.070  -30.183  47.297 0.0000000000
98579  -23.240  -29.714  45.610 0.0000000000
39789  -22.940  -29.261  44.230 0.0000000000
51524  -41.769  -15.975  23.738 0.0000000000
39856  -28.832  -29.785  39.157 0.0000000000
39879  -28.287  -29.151  37.727 0.0000000000
45228  -28.637  -23.833  32.260 0.0000000000
45234  -28.167  -24.198  31.946 0.0000000000
46094  -29.577  -22.721  30.970 0.0000000000
101230  -14.222  -30.635  43.039 0.0000000000
102145  -14.050  -30.393  44.356 0.0000000000
38893  -13.706  -30.319  43.645 0.0000000000
39786  -12.395  -29.323  44.239 0.0000000000
38892  -12.242  -30.291  42.846 0.0000000000
36972  -30.487  -32.240  45.286 0.0000000000
89706  -31.010  -31.744  45.653 0.0000000000
37912  -31.560  -31.316  46.205 0.0000000000
37893  -24.921  -31.861  47.469 0.0000000000
36958  -25.644  -32.456  46.186 0.0000000000
36951  -26.383  -32.335  47.326 0.0000000000
37910  -29.008  -31.811  46.772 0.0000000000
36961  -28.301  -32.671  46.556 0.0000000000
36962  -29.020  -32.285  46.133 0.0000000000
36100  -29.341  -33.260  45.157 0.0000000000
48542  -38.608  -19.658  29.790 0.0000000000
49271  -37.623  -18.486  29.061 0.0000000000
49266  -38.979  -17.825  29.756 0.0000000000
50747  -41.236  -15.951  28.997 0.0000000000
49999  -40.353  -16.135  29.244 0.0000000000
95707  -41.392  -15.599  28.084 0.0000000000
102199  -40.388  -15.849  26.888 0.0000000000
50765  -41.520  -15.489  27.363 0.0000000000
50778  -42.154  -15.270  27.307 0.0000000000
50766  -42.757  -15.447  27.892 0.0000000000
102981  -29.136  -24.975  39.026 0.0000000000
43342  -28.668  -25.382  38.538 0.0000000000
44293  -29.121  -24.073  37.461 0.0000000000
45193  -30.867  -23.115  35.400 0.0000000000
45192  -30.385  -23.472  35.692 0.0000000000
45211  -31.005  -23.164  34.539 0.0000000000
45222  -30.513  -23.470  34.063 0.0000000000
46067  -31.362  -22.473  34.098 0.0000000000
46950  -31.581  -20.720  32.947 0.0000000000
47727  -31.589  -20.309  33.683 0.0000000000
103294  -18.322  -28.234  45.423 0.0000000000
40675  -17.793  -29.295  46.400 0.0000000000
40697  -17.539  -29.371  44.671 0.0000000000
38912  -16.477  -30.786  42.339 0.0000000000
88897  -49.033  -12.579  22.267 0.0000000000
53683  -49.557  -12.447  21.413 0.0000000000
87515  -1.958  -31.828  58.101 0.0000000000
37974  -30.985  -31.656  41.611 0.0000000000
37991  -31.077  -31.672  40.694 0.0000000000
37973  -30.245  -31.269  41.044 0.0000000000
38950  -29.547  -30.776  40.515 0.0000000000
38933  -29.800  -30.386  41.267 0.0000000000
38882  -32.724  -30.494  44.616 0.0000000000
38881  -31.963  -30.940  44.200 0.0000000000
38901  -32.266  -30.068  44.161 0.0000000000
41638  -31.151  -27.230  43.083 0.0000000000
41637  -30.508  -27.781  42.793 0.0000000000
97879  -30.274  -27.378  41.815 0.0000000000
41639  -30.018  -27.804  41.208 0.0000000000
41641  -30.105  -27.100  40.906 0.0000000000
42516  -29.978  -25.811  40.007 0.0000000000
42510  -31.180  -25.968  40.894 0.0000000000
38018  -24.270  -31.317  39.100 0.0000000000
36983  -25.708  -32.578  44.549 0.0000000000
37945  -25.363  -31.814  43.147 0.0000000000
36999  -26.094  -33.377  43.106 0.0000000000
36151  -25.871  -34.289  41.774 0.0000000000
41609  -20.298  -27.428  47.118 0.0000000000
40721  -21.482  -28.503  42.574 0.0000000000
40709  -20.734  -28.208  42.819 0.0000000000
40728  -20.642  -28.638  41.562 0.0000000000
39841  -20.078  -29.694  40.747 0.0000000000
52207  -43.274  -14.318  26.074 0.0000000000
52211  -43.227  -14.178  25.086 0.0000000000
52212  -44.133  -13.743  25.608 0.0000000000
52953  -45.915  -12.753  25.461 0.0000000000
52952  -45.340  -12.827  25.077 0.0000000000
53662  -45.738  -12.503  24.327 0.0000000000
53670  -45.816  -12.684  23.202 0.0000000000
53671  -46.504  -12.373  23.859 0.0000000000
53672  -47.545  -12.417  23.541 0.0000000000
53664  -47.945  -12.366  24.304 0.0000000000
41659  -26.671  -26.628  36.781 0.0000000000
40765  -27.352  -27.943  36.571 0.0000000000
46139  -33.285  -23.756  28.420 0.0000000000
46127  -33.913  -23.920  29.091 0.0000000000
46958  -33.332  -21.265  32.171 0.0000000000
46098  -33.314  -22.686  31.717 0.0000000000
46965  -34.161  -22.452  31.740 0.0000000000
46102  -37.439  -22.418  31.602 0.0000000000
46101  -36.498  -22.530  31.376 0.0000000000
95821  -37.056  -22.680  30.781 0.0000000000
96363  -36.963  -22.995  29.967 0.0000000000
103372  -37.450  -22.497  30.330 0.0000000000
46982  -38.443  -21.242  29.896 0.0000000000
46967  -39.092  -22.011  31.087 0.0000000000
102148  -11.078  -28.666  44.235 0.0000000000
40694  -9.651  -28.443  44.458 0.0000000000
40693  -8.899  -28.500  44.644 0.0000000000
39773  -9.275  -29.238  44.452 0.0000000000
37916  -9.261  -30.691  45.837 0.0000000000
104397  -10.144  -30.564  44.790 0.0000000000
36074  -7.245  -33.790  49.946 0.0000000000
36064  -7.074  -33.069  51.930 0.0000000000
35167  -6.172  -34.170  50.637 0.0000000000
93253  -1.892  -35.103  49.436 0.0000000000
35160  -3.470  -34.620  51.895 0.0000000000
35164  -1.740  -34.703  50.945 0.0000000000
86229  -1.199  -34.210  51.540 0.0000000000
92958  1.985  -35.888  50.053 0.0000000000
37895  -26.810  -31.941  47.817 0.0000000000
49257  -40.681  -18.352  32.062 0.0000000000
49261  -40.032  -17.659  30.577 0.0000000000
49263  -41.118  -17.687  31.245 0.0000000000
45176  -30.382  -23.597  37.342 0.0000000000
39825  -18.468  -29.397  41.866 0.0000000000
39815  -17.811  -29.573  42.284 0.0000000000
37828  -5.240  -30.819  51.855 0.0000000000
96832  -6.492  -30.920  54.174 0.0000000000
37024  -32.068  -32.502  41.731 0.0000000000
37975  -31.499  -32.071  42.058 0.0000000000
37957  -30.825  -31.355  42.563 0.0000000000
43319  -32.113  -25.880  41.012 0.0000000000
40730  -22.106  -28.814  41.934 0.0000000000
39854  -22.217  -29.834  39.902 0.0000000000
39845  -23.124  -29.707  40.878 0.0000000000
38947  -24.156  -30.600  40.630 0.0000000000
38948  -24.774  -31.119  40.966 0.0000000000
36109  -27.482  -33.718  44.387 0.0000000000
99219  -26.435  -34.059  43.324 0.0000000000
36123  -27.751  -34.224  43.877 0.0000000000
35226  -27.393  -35.028  43.332 0.0000000000
89711  -29.454  -35.032  42.501 0.0000000000
40665  -21.556  -28.521  47.365 0.0000000000
40676  -21.432  -28.171  46.031 0.0000000000
40691  -22.176  -28.704  45.541 0.0000000000
40711  -22.349  -28.768  43.700 0.0000000000
50789  -38.182  -16.358  25.554 0.0000000000
51529  -43.254  -15.569  22.144 0.0000000000
52204  -45.750  -13.748  27.194 0.0000000000
52208  -44.935  -13.582  26.366 0.0000000000
43365  -26.909  -25.027  34.800 0.0000000000
97867  -29.714  -22.412  29.134 0.0000000000
102068  -31.150  -22.599  29.370 0.0000000000
46953  -36.767  -21.427  33.824 0.0000000000
97391  -36.267  -21.632  32.445 0.0000000000
46954  -37.606  -21.779  33.544 0.0000000000
37918  -16.113  -31.577  45.448 0.0000000000
38839  -14.615  -31.066  46.372 0.0000000000
39751  -13.043  -30.190  47.337 0.0000000000
39774  -12.648  -29.319  45.947 0.0000000000
40696  -11.718  -28.813  44.623 0.0000000000
39799  -11.198  -29.695  43.575 0.0000000000
38874  -10.520  -30.489  44.209 0.0000000000
38890  -10.969  -30.414  43.565 0.0000000000
102830  -30.459  -33.386  44.520 0.0000000000
36986  -31.323  -32.279  44.121 0.0000000000
36973  -31.220  -31.975  44.859 0.0000000000
37925  -32.442  -31.120  44.807 0.0000000000
38861  -24.398  -30.768  45.448 0.0000000000
38879  -24.720  -30.613  44.668 0.0000000000
38862  -24.949  -31.232  45.137 0.0000000000
36967  -25.656  -32.515  45.391 0.0000000000
36968  -26.224  -33.121  45.130 0.0000000000
36952  -27.102  -32.447  47.233 0.0000000000
92438  -26.909  -33.364  45.821 0.0000000000
36098  -27.634  -33.566  45.123 0.0000000000
36099  -28.490  -33.438  45.182 0.0000000000
36112  -29.861  -33.684  44.625 0.0000000000
38826  -24.048  -31.252  47.376 0.0000000000
47762  -36.337  -20.801  28.545 0.0000000000
47761  -35.713  -20.168  28.053 0.0000000000
48548  -36.845  -19.148  28.872 0.0000000000
49270  -36.858  -18.147  28.551 0.0000000000
50004  -37.744  -16.768  28.086 0.0000000000
49985  -39.794  -16.933  29.868 0.0000000000
106407  -38.962  -16.307  28.771 0.0000000000
91796  -38.089  -16.346  27.279 0.0000000000
50775  -39.629  -16.044  26.674 0.0000000000
50791  -40.268  -16.113  26.086 0.0000000000
50804  -41.199  -16.059  25.081 0.0000000000
51521  -41.723  -15.607  24.777 0.0000000000
51509  -41.601  -15.451  25.792 0.0000000000
51519  -42.597  -14.728  26.411 0.0000000000
51497  -44.222  -14.679  27.371 0.0000000000
51491  -43.736  -15.589  28.364 0.0000000000
51498  -44.676  -14.949  27.882 0.0000000000
41655  -28.998  -27.030  38.896 0.0000000000
41654  -28.446  -27.535  38.100 0.0000000000
105390  -28.189  -26.694  37.961 0.0000000000
43346  -27.785  -25.353  37.412 0.0000000000
43351  -27.246  -24.987  36.732 0.0000000000
45183  -29.742  -23.721  36.982 0.0000000000
44302  -29.159  -23.864  35.686 0.0000000000
44300  -27.672  -24.492  35.146 0.0000000000
44313  -28.309  -24.126  34.615 0.0000000000
89816  -29.709  -23.662  33.498 0.0000000000
94520  -29.907  -23.372  32.580 0.0000000000
46082  -31.056  -23.035  32.055 0.0000000000
46083  -31.845  -22.801  32.359 0.0000000000
46957  -32.214  -20.625  32.326 0.0000000000
47745  -33.721  -20.407  32.352 0.0000000000
47740  -35.097  -20.888  34.069 0.0000000000
46952  -35.329  -20.991  33.225 0.0000000000
37920  -17.053  -31.871  46.081 0.0000000000
38896  -17.128  -29.975  42.731 0.0000000000
39788  -16.609  -30.725  44.043 0.0000000000
37933  -16.380  -31.450  45.248 0.0000000000
38894  -15.776  -31.283  43.817 0.0000000000
38949  -29.076  -30.257  39.900 0.0000000000
39857  -29.097  -29.290  39.817 0.0000000000
37947  -31.429  -31.747  43.779 0.0000000000
37946  -31.219  -31.148  43.482 0.0000000000
38899  -30.858  -30.425  43.061 0.0000000000
40723  -30.406  -28.808  42.800 0.0000000000
39832  -30.104  -30.015  41.969 0.0000000000
39831  -29.816  -29.260  41.343 0.0000000000
40739  -29.477  -28.801  40.482 0.0000000000
41645  -29.342  -27.444  39.553 0.0000000000
42515  -29.385  -26.552  39.580 0.0000000000
43335  -29.755  -25.120  39.519 0.0000000000
44281  -30.614  -24.448  39.198 0.0000000000
43337  -31.758  -25.134  39.849 0.0000000000
44282  -31.559  -24.602  39.293 0.0000000000
38898  -25.316  -30.959  43.531 0.0000000000
37956  -25.334  -31.827  42.253 0.0000000000
101003  -25.724  -32.520  40.852 0.0000000000
37011  -26.017  -33.395  42.209 0.0000000000
37023  -26.108  -33.286  41.271 0.0000000000
41607  -18.612  -27.903  46.694 0.0000000000
41623  -18.772  -27.827  44.891 0.0000000000
41625  -20.254  -27.715  44.493 0.0000000000
41631  -19.751  -27.744  43.853 0.0000000000
102247  -18.848  -28.386  42.673 0.0000000000
39826  -19.297  -29.425  41.415 0.0000000000
51522  -42.076  -15.266  24.147 0.0000000000
52215  -43.002  -14.468  23.523 0.0000000000
52956  -43.560  -13.787  23.500 0.0000000000
52945  -44.946  -13.271  25.592 0.0000000000
52957  -44.263  -13.179  23.732 0.0000000000
52960  -44.158  -13.652  22.780 0.0000000000
52965  -44.863  -13.742  22.082 0.0000000000
52966  -45.866  -13.718  21.611 0.0000000000
52969  -46.581  -14.105  21.171 0.0000000000
52963  -47.258  -13.087  22.212 0.0000000000
53678  -48.353  -12.455  22.898 0.0000000000
38803  -8.935  -30.936  48.292 0.0000000000
37843  -8.461  -31.698  50.108 0.0000000000
36942  -9.178  -32.302  49.408 0.0000000000
40766  -28.200  -28.387  37.661 0.0000000000
46141  -35.966  -22.729  28.207 0.0000000000
46096  -31.576  -22.801  31.501 0.0000000000
46112  -32.303  -22.942  30.413 0.0000000000
105598  -32.853  -23.309  29.988 0.0000000000
46100  -35.700  -22.982  31.428 0.0000000000
46114  -34.293  -23.726  30.805 0.0000000000
45242  -34.581  -24.034  29.852 0.0000000000
45243  -35.555  -23.850  29.509 0.0000000000
88589  -36.462  -23.216  29.083 0.0000000000
46142  -36.489  -22.038  28.639 0.0000000000
46980  -37.121  -21.392  29.121 0.0000000000
47753  -39.008  -20.619  30.066 0.0000000000
47754  -39.685  -20.188  30.566 0.0000000000
100329  -6.414  -30.267  46.436 0.0000000000
38854  -7.659  -29.824  45.568 0.0000000000
38821  -8.346  -30.665  47.194 0.0000000000
37886  -9.476  -31.087  47.589 0.0000000000
37902  -9.916  -31.334  46.762 0.0000000000
36934  -7.867  -32.589  50.808 0.0000000000
36931  -6.852  -32.420  53.440 0.0000000000
36929  -6.997  -32.427  56.282 0.0000000000
35162  -5.445  -34.304  51.194 0.0000000000
36057  -5.688  -33.453  54.952 0.0000000000
86241  -5.507  -32.639  57.341 0.0000000000
96291  -1.419  -33.398  55.742 0.0000000000
87745  -0.464  -34.031  51.207 0.0000000000
31887  2.861  -38.288  49.790 0.0000000000
32683  3.563  -36.778  50.552 0.0000000000
93199  -6.949  -30.591  48.445 0.0000000000
38787  -7.588  -30.689  49.107 0.0000000000
36125  -31.324  -33.169  43.054 0.0000000000
36113  -30.965  -33.173  43.923 0.0000000000
39791  -24.297  -30.127  44.282 0.0000000000
94374  -30.328  -33.885  44.112 0.0000000000
39764  -23.784  -30.250  45.608 0.0000000000
39763  -23.307  -30.045  46.409 0.0000000000
39777  -23.585  -29.786  44.821 0.0000000000
40746  -28.916  -28.856  39.024 0.0000000000
39867  -28.587  -29.407  38.437 0.0000000000
40757  -28.564  -28.526  38.302 0.0000000000
45235  -28.560  -23.580  31.309 0.0000000000
46093  -28.780  -22.915  30.714 0.0000000000
88773  -13.224  -30.457  42.761 0.0000000000
39801  -12.779  -29.941  43.532 0.0000000000
37923  -30.192  -31.836  45.919 0.0000000000
37894  -25.909  -31.999  47.798 0.0000000000
37908  -25.685  -32.327  47.020 0.0000000000
93454  -30.037  -31.533  46.735 0.0000000000
37922  -29.533  -31.898  46.174 0.0000000000
36971  -29.609  -32.439  45.626 0.0000000000
37876  -25.373  -31.555  48.515 0.0000000000
48538  -39.263  -19.656  30.168 0.0000000000
48543  -39.102  -18.794  29.994 0.0000000000
50748  -42.136  -15.983  29.195 0.0000000000
50755  -41.973  -15.675  28.518 0.0000000000
101179  -42.117  -15.487  27.946 0.0000000000
43343  -29.724  -24.271  38.950 0.0000000000
43348  -29.062  -24.436  38.359 0.0000000000
44286  -29.867  -23.836  38.004 0.0000000000
46054  -31.224  -22.408  35.089 0.0000000000
46949  -31.400  -21.245  33.670 0.0000000000
40698  -18.114  -28.473  44.710 0.0000000000
40688  -17.812  -28.898  45.497 0.0000000000
90479  -17.870  -28.809  43.874 0.0000000000
98114  -49.995  -12.192  22.387 0.0000000000
38747  -5.647  -30.497  54.723 0.0000000000
38740  -4.367  -30.493  55.209 0.0000000000
37813  -3.069  -30.838  55.830 0.0000000000
91803  -3.064  -30.985  56.904 0.0000000000
42499  -30.837  -26.916  42.292 0.0000000000
42504  -30.635  -26.602  41.391 0.0000000000
42509  -30.359  -26.218  40.605 0.0000000000
39842  -20.870  -29.424  40.371 0.0000000000
39853  -21.398  -29.879  39.762 0.0000000000
36998  -25.697  -32.602  43.626 0.0000000000
40729  -21.355  -28.635  41.658 0.0000000000
40738  -21.127  -28.890  40.886 0.0000000000
52202  -44.102  -14.151  26.609 0.0000000000
94113  -45.758  -12.599  24.978 0.0000000000
53663  -46.237  -12.441  24.791 0.0000000000
90502  -47.087  -12.355  24.529 0.0000000000
43350  -26.569  -25.688  36.396 0.0000000000
42530  -26.240  -26.564  35.986 0.0000000000
46137  -31.379  -22.863  28.775 0.0000000000
46138  -32.302  -23.333  28.634 0.0000000000
46959  -34.250  -21.288  31.903 0.0000000000
46966  -35.108  -21.931  31.539 0.0000000000
46117  -37.827  -22.500  30.862 0.0000000000
46118  -38.457  -22.217  30.808 0.0000000000
39784  -10.682  -29.080  43.849 0.0000000000
40695  -10.412  -28.508  44.325 0.0000000000
91574  -9.973  -28.929  44.081 0.0000000000
38856  -9.572  -30.215  44.957 0.0000000000
36069  -7.069  -33.542  50.840 0.0000000000
34306  -0.581  -35.650  48.844 0.0000000000
35174  -2.287  -35.023  50.125 0.0000000000
34305  0.259  -35.640  49.223 0.0000000000
34293  -0.671  -34.929  50.199 0.0000000000
104772  1.759  -36.149  49.451 0.0000000000
45177  -31.039  -23.376  37.150 0.0000000000
39824  -17.966  -29.998  41.684 0.0000000000
37840  -6.067  -30.834  51.007 0.0000000000
37829  -6.436  -31.196  52.131 0.0000000000
37823  -5.930  -30.831  52.954 0.0000000000
37824  -6.734  -31.468  53.314 0.0000000000
36138  -31.846  -33.190  42.316 0.0000000000
39828  -22.649  -29.270  41.366 0.0000000000
39829  -23.345  -29.643  41.671 0.0000000000
93166  -24.388  -30.419  42.330 0.0000000000
38931  -24.401  -30.579  41.599 0.0000000000
38932  -24.924  -31.183  41.858 0.0000000000
36110  -28.207  -33.744  44.486 0.0000000000
35243  -28.230  -35.326  42.789 0.0000000000
91015  -30.332  -34.758  42.016 0.0000000000
39762  -22.669  -29.508  46.848 0.0000000000
39754  -22.472  -29.783  47.622 0.0000000000
104437  -22.129  -29.184  47.232 0.0000000000
40677  -22.047  -28.803  46.515 0.0000000000
39803  -23.043  -29.318  43.221 0.0000000000
40722  -22.280  -28.800  42.822 0.0000000000
44312  -27.493  -24.518  34.275 0.0000000000
44311  -26.865  -25.086  33.897 0.0000000000
46124  -29.598  -22.245  29.803 0.0000000000
46125  -31.438  -22.606  30.084 0.0000000000
46088  -38.921  -22.343  32.615 0.0000000000
102703  -15.394  -31.203  44.435 0.0000000000
99315  -15.421  -31.386  45.867 0.0000000000
38876  -14.664  -30.835  44.750 0.0000000000
38875  -13.825  -30.230  45.157 0.0000000000
38857  -13.907  -30.390  46.068 0.0000000000
39761  -13.197  -29.986  46.499 0.0000000000
95861  -13.012  -29.538  45.102 0.0000000000
39785  -11.499  -29.091  43.893 0.0000000000
38891  -11.541  -30.314  43.092 0.0000000000
36985  -30.821  -32.721  44.653 0.0000000000
37924  -31.803  -31.511  45.272 0.0000000000
38844  -24.622  -31.449  45.963 0.0000000000
92990  -26.143  -32.927  45.869 0.0000000000
37896  -27.729  -31.853  47.660 0.0000000000
36960  -27.423  -32.994  46.633 0.0000000000
36969  -27.923  -33.345  45.950 0.0000000000
38843  -24.003  -30.885  46.363 0.0000000000
47756  -36.950  -20.223  28.955 0.0000000000
48547  -36.152  -19.711  28.568 0.0000000000
49996  -37.645  -17.565  28.646 0.0000000000
49995  -36.923  -17.284  28.013 0.0000000000
50754  -40.486  -15.754  28.399 0.0000000000
49998  -39.642  -16.172  29.043 0.0000000000
50753  -39.570  -15.863  28.138 0.0000000000
50762  -38.633  -16.345  28.084 0.0000000000
88878  -39.085  -16.022  27.354 0.0000000000
50774  -38.600  -16.220  26.484 0.0000000000
50763  -39.997  -15.779  27.395 0.0000000000
50776  -40.992  -15.759  26.752 0.0000000000
50792  -41.117  -15.904  25.958 0.0000000000
104822  -40.543  -16.165  25.323 0.0000000000
51496  -42.821  -15.048  27.290 0.0000000000
51511  -43.394  -14.673  26.935 0.0000000000
104820  -43.574  -15.084  27.516 0.0000000000
42523  -28.558  -26.482  38.494 0.0000000000
43347  -28.499  -24.799  37.716 0.0000000000
42527  -28.226  -25.829  38.020 0.0000000000
44291  -28.038  -24.570  36.940 0.0000000000
45184  -30.387  -23.502  36.566 0.0000000000
45209  -29.882  -23.775  35.229 0.0000000000
44301  -28.461  -24.110  35.434 0.0000000000
45229  -29.223  -23.619  32.651 0.0000000000
103566  -30.608  -23.216  32.529 0.0000000000
45231  -31.310  -23.103  32.870 0.0000000000
47737  -31.908  -19.706  32.834 0.0000000000
47744  -32.696  -19.886  32.198 0.0000000000
46940  -35.946  -21.054  34.100 0.0000000000
38841  -17.142  -31.156  46.085 0.0000000000
37906  -17.264  -31.863  46.725 0.0000000000
38895  -16.518  -30.718  43.289 0.0000000000
38877  -16.420  -31.178  44.692 0.0000000000
89661  -16.166  -31.267  43.938 0.0000000000
37932  -16.002  -31.471  44.654 0.0000000000
36932  -1.085  -32.599  52.065 0.0000000000
39819  -30.440  -29.733  42.646 0.0000000000
93702  -30.191  -29.205  42.121 0.0000000000
40731  -29.851  -28.402  41.044 0.0000000000
105755  -29.667  -27.817  40.407 0.0000000000
40747  -29.228  -28.343  39.687 0.0000000000
43327  -32.663  -25.316  40.286 0.0000000000
43326  -31.750  -25.548  40.444 0.0000000000
44288  -31.242  -24.054  38.790 0.0000000000
38961  -22.966  -30.329  39.514 0.0000000000
38880  -25.264  -31.008  44.344 0.0000000000
37972  -25.269  -31.812  41.356 0.0000000000
37022  -25.788  -32.549  41.774 0.0000000000
36136  -26.070  -34.302  42.623 0.0000000000
41608  -19.289  -27.462  46.646 0.0000000000
41617  -18.715  -27.788  45.902 0.0000000000
40690  -21.557  -28.279  44.981 0.0000000000
41620  -20.721  -27.785  45.320 0.0000000000
41626  -20.980  -28.054  44.387 0.0000000000
40720  -20.251  -28.318  42.245 0.0000000000
41636  -19.990  -27.868  42.992 0.0000000000
40708  -19.144  -27.965  43.298 0.0000000000
91022  -19.489  -28.266  42.459 0.0000000000
40726  -19.001  -28.755  42.045 0.0000000000
102922  -42.094  -15.044  24.941 0.0000000000
52210  -42.576  -14.619  24.451 0.0000000000
98510  -43.165  -14.063  24.218 0.0000000000
52940  -45.711  -13.399  26.528 0.0000000000
52958  -45.063  -12.769  24.019 0.0000000000
52951  -44.595  -13.196  24.776 0.0000000000
88442  -45.525  -13.149  22.359 0.0000000000
92570  -46.850  -13.569  21.645 0.0000000000
53677  -47.633  -12.705  22.728 0.0000000000
37870  -9.342  -31.437  49.024 0.0000000000
95213  -27.806  -27.884  37.300 0.0000000000
46140  -34.251  -23.716  28.177 0.0000000000
89214  -35.159  -23.233  28.039 0.0000000000
46097  -32.457  -22.811  31.340 0.0000000000
89640  -33.262  -23.255  30.815 0.0000000000
46085  -36.015  -21.995  31.686 0.0000000000
46116  -36.361  -23.127  30.817 0.0000000000
104533  -35.673  -23.639  31.083 0.0000000000
46115  -35.211  -23.993  30.618 0.0000000000
46974  -38.789  -21.575  30.413 0.0000000000
47748  -40.054  -20.762  31.127 0.0000000000
38855  -8.608  -29.840  45.141 0.0000000000
39772  -7.856  -29.220  45.065 0.0000000000
38836  -7.419  -30.298  46.293 0.0000000000
37901  -9.155  -30.786  46.738 0.0000000000
37917  -9.966  -31.056  45.569 0.0000000000
36937  -8.369  -32.390  50.325 0.0000000000
37842  -7.925  -31.547  50.521 0.0000000000
36930  -7.058  -32.366  55.311 0.0000000000
36061  -6.596  -33.006  54.413 0.0000000000
35176  -4.979  -34.817  49.725 0.0000000000
98560  -5.398  -34.527  50.359 0.0000000000
35166  -4.579  -34.725  50.597 0.0000000000
35159  -4.087  -34.309  52.752 0.0000000000
36056  -4.301  -33.836  55.550 0.0000000000
86237  -5.556  -33.291  56.455 0.0000000000
87840  -2.250  -33.002  57.197 0.0000000000
87615  -2.719  -33.821  55.912 0.0000000000
86227  -0.357  -34.548  50.721 0.0000000000
86239  -1.434  -33.823  52.592 0.0000000000
35163  0.131  -34.182  50.735 0.0000000000
31886  3.393  -39.004  50.135 0.0000000000
32686  2.919  -37.201  50.078 0.0000000000
37841  -7.166  -30.967  50.783 0.0000000000
39817  -23.547  -29.663  42.488 0.0000000000
39804  -23.786  -29.753  43.156 0.0000000000
39818  -24.144  -30.081  42.739 0.0000000000
38914  -24.751  -30.529  42.998 0.0000000000
35244  -29.510  -34.726  43.382 0.0000000000
89851  -22.805  -29.262  45.137 0.0000000000
90419  -39.705  -16.242  25.070 0.0000000000
44323  -28.083  -24.237  32.841 0.0000000000
44322  -27.604  -24.703  32.545 0.0000000000
46109  -29.143  -22.437  30.185 0.0000000000
46110  -29.983  -22.304  30.438 0.0000000000
39787  -13.298  -29.895  44.345 0.0000000000
38907  -11.865  -30.813  42.307 0.0000000000
97286  -25.012  -32.041  46.516 0.0000000000
37909  -28.267  -32.045  47.142 0.0000000000
49265  -38.381  -18.686  29.556 0.0000000000
49992  -41.332  -16.414  29.982 0.0000000000
49991  -40.639  -16.342  29.736 0.0000000000
50764  -40.763  -15.646  27.504 0.0000000000
45210  -30.421  -23.514  34.878 0.0000000000
88396  -29.881  -23.804  34.459 0.0000000000
45223  -31.239  -23.132  33.680 0.0000000000
46073  -31.763  -22.410  33.174 0.0000000000
39752  -17.929  -29.771  47.298 0.0000000000
38927  -16.783  -30.800  41.439 0.0000000000
101078  -15.868  -31.168  42.372 0.0000000000
89022  -48.215  -13.657  21.307 0.0000000000
52967  -48.909  -13.244  21.513 0.0000000000
86235  -1.011  -32.233  56.667 0.0000000000
105153  -30.955  -27.763  43.357 0.0000000000
43325  -30.971  -25.563  40.222 0.0000000000
38962  -23.858  -30.693  39.704 0.0000000000
37934  -25.458  -31.705  44.026 0.0000000000
35241  -26.151  -34.895  42.163 0.0000000000
94558  -20.072  -27.407  46.000 0.0000000000
40710  -21.230  -28.296  43.372 0.0000000000
103364  -20.888  -28.401  42.139 0.0000000000
104086  -19.915  -29.225  41.214 0.0000000000
40737  -20.425  -29.024  41.023 0.0000000000
39852  -20.667  -30.100  39.942 0.0000000000
52206  -42.546  -14.627  25.492 0.0000000000
53676  -46.834  -12.635  22.933 0.0000000000
36947  -9.752  -32.268  48.607 0.0000000000
42526  -27.186  -26.707  37.299 0.0000000000
41660  -27.122  -27.329  37.044 0.0000000000
41665  -26.660  -27.347  36.360 0.0000000000
46084  -32.745  -22.188  32.211 0.0000000000
46130  -37.412  -22.132  29.766 0.0000000000
46973  -38.059  -21.986  30.209 0.0000000000
40686  -11.029  -28.405  45.079 0.0000000000
40685  -10.136  -28.026  44.974 0.0000000000
106280  -7.696  -33.329  50.474 0.0000000000
36065  -7.677  -33.043  51.011 0.0000000000
36068  -6.386  -33.691  51.637 0.0000000000
92746  -3.216  -35.056  49.961 0.0000000000
91778  -3.842  -34.792  51.126 0.0000000000
35165  -2.823  -34.885  51.085 0.0000000000
102292  -2.547  -34.589  52.127 0.0000000000
90471  -1.873  -34.223  52.941 0.0000000000
86228  -1.892  -34.412  51.881 0.0000000000
34298  0.595  -35.190  49.749 0.0000000000
49262  -40.249  -18.315  31.323 0.0000000000
88960  -40.818  -17.300  30.675 0.0000000000
94899  -42.873  -16.080  29.321 0.0000000000
45172  -30.928  -23.675  38.027 0.0000000000
46042  -31.383  -22.470  36.119 0.0000000000
46939  -32.106  -20.513  34.538 0.0000000000
40719  -18.338  -28.896  42.487 0.0000000000
96461  -17.751  -29.180  43.021 0.0000000000
37817  -6.790  -30.953  55.541 0.0000000000
39827  -21.901  -28.971  41.058 0.0000000000
39844  -22.425  -29.453  40.596 0.0000000000
39855  -22.861  -29.878  40.237 0.0000000000
39846  -23.759  -30.113  41.181 0.0000000000
37988  -24.500  -31.196  40.050 0.0000000000
37989  -25.054  -31.843  40.461 0.0000000000
36122  -26.941  -33.803  43.924 0.0000000000
104941  -26.921  -34.463  43.477 0.0000000000
35242  -27.032  -35.220  42.516 0.0000000000
103216  -21.153  -27.812  46.955 0.0000000000
105190  -21.552  -28.312  46.699 0.0000000000
40700  -22.281  -28.704  44.602 0.0000000000
40699  -21.631  -28.390  44.031 0.0000000000
99324  -21.800  -28.524  43.298 0.0000000000
50773  -37.614  -16.457  26.359 0.0000000000
52189  -44.991  -14.230  27.444 0.0000000000
105752  -45.258  -13.744  26.948 0.0000000000
104896  -47.796  -12.473  25.253 0.0000000000
43353  -26.374  -25.668  35.400 0.0000000000
43364  -26.434  -25.759  34.416 0.0000000000
46126  -32.051  -22.980  29.470 0.0000000000
93678  -36.120  -21.329  33.175 0.0000000000
46961  -36.810  -21.665  32.957 0.0000000000
46087  -37.518  -22.020  32.581 0.0000000000
99147  -38.134  -22.329  32.258 0.0000000000
46104  -39.379  -22.292  31.920 0.0000000000
38858  -14.612  -30.869  45.568 0.0000000000
101212  -12.371  -29.076  45.099 0.0000000000
39798  -10.657  -29.837  43.811 0.0000000000
33485  0.613  -36.602  48.150 0.0000000000
38846  -32.182  -30.871  46.362 0.0000000000
37907  -25.138  -31.967  45.664 0.0000000000
36953  -27.772  -32.484  47.106 0.0000000000
36097  -26.849  -33.551  44.787 0.0000000000
36111  -29.045  -33.781  44.608 0.0000000000
96931  -23.820  -31.121  48.094 0.0000000000
49269  -36.080  -18.736  28.397 0.0000000000
49267  -39.396  -17.939  30.329 0.0000000000
49990  -39.007  -16.969  29.299 0.0000000000
49997  -38.381  -16.967  28.715 0.0000000000
50790  -39.173  -16.234  25.763 0.0000000000
50803  -40.330  -16.199  24.488 0.0000000000
50809  -41.082  -16.102  24.092 0.0000000000
51510  -42.074  -15.063  26.565 0.0000000000
50757  -43.356  -15.764  28.843 0.0000000000
50767  -43.204  -15.596  28.313 0.0000000000
95186  -44.029  -15.319  27.887 0.0000000000
52190  -45.323  -14.430  27.807 0.0000000000
103836  -27.717  -26.280  37.618 0.0000000000
43345  -27.112  -25.895  37.146 0.0000000000
44297  -29.143  -23.909  36.544 0.0000000000
45191  -29.776  -23.699  36.072 0.0000000000
44296  -28.581  -24.179  36.251 0.0000000000
44295  -27.805  -24.484  36.073 0.0000000000
44319  -28.143  -24.196  33.724 0.0000000000
45221  -29.056  -24.027  34.042 0.0000000000
45220  -28.794  -23.947  33.172 0.0000000000
45237  -30.163  -23.134  31.818 0.0000000000
46074  -32.210  -22.029  32.503 0.0000000000
46951  -34.752  -20.959  32.276 0.0000000000
47728  -32.347  -19.867  33.832 0.0000000000
47730  -34.509  -20.719  34.560 0.0000000000
47739  -34.273  -20.549  33.370 0.0000000000
46942  -37.628  -21.661  34.433 0.0000000000
39802  -17.175  -29.830  43.729 0.0000000000
38878  -16.939  -30.380  44.697 0.0000000000
38860  -16.801  -31.174  45.479 0.0000000000
38911  -15.276  -30.984  42.847 0.0000000000
38964  -29.396  -31.016  39.826 0.0000000000
38963  -29.064  -30.675  39.210 0.0000000000
38916  -30.421  -30.528  42.463 0.0000000000
39806  -30.964  -29.486  43.277 0.0000000000
106115  -29.427  -25.888  39.672 0.0000000000
44283  -32.517  -24.719  39.507 0.0000000000
38897  -24.896  -30.490  43.890 0.0000000000
38915  -25.149  -31.100  42.697 0.0000000000
40662  -18.310  -28.575  47.202 0.0000000000
40689  -18.229  -28.393  46.193 0.0000000000
40707  -18.563  -28.160  44.010 0.0000000000
41610  -20.751  -27.660  46.286 0.0000000000
41619  -19.981  -27.506  45.181 0.0000000000
41632  -20.584  -27.979  43.669 0.0000000000
41624  -19.519  -27.616  44.663 0.0000000000
41630  -19.120  -27.783  44.127 0.0000000000
52214  -42.503  -14.978  23.654 0.0000000000
52218  -42.880  -15.170  22.957 0.0000000000
52219  -43.540  -14.476  22.666 0.0000000000
52220  -44.192  -14.213  22.209 0.0000000000
52224  -44.541  -14.476  21.749 0.0000000000
52225  -45.161  -14.429  21.394 0.0000000000
102656  -47.614  -13.513  21.665 0.0000000000
53679  -49.250  -12.265  23.072 0.0000000000
53680  -50.239  -12.279  23.332 0.0000000000
37869  -8.536  -30.869  49.087 0.0000000000
37855  -8.204  -30.983  49.830 0.0000000000
37856  -8.859  -31.504  49.665 0.0000000000
36938  -8.767  -32.217  49.929 0.0000000000
36076  -8.742  -32.951  49.876 0.0000000000
36075  -7.992  -33.436  49.862 0.0000000000
42540  -26.209  -26.572  34.987 0.0000000000
46095  -30.537  -22.744  31.189 0.0000000000
46111  -30.909  -22.535  30.644 0.0000000000
101044  -31.733  -22.751  30.815 0.0000000000
46099  -34.887  -23.424  31.499 0.0000000000
46113  -33.645  -23.733  29.995 0.0000000000
96880  -35.691  -23.445  28.673 0.0000000000
47757  -37.603  -20.644  29.300 0.0000000000
46981  -37.857  -21.345  29.592 0.0000000000
47758  -38.236  -20.543  29.622 0.0000000000
48539  -40.144  -19.699  31.082 0.0000000000
38820  -7.124  -30.537  47.164 0.0000000000
38853  -6.747  -29.786  45.765 0.0000000000
37887  -10.080  -31.784  47.810 0.0000000000
37831  -7.359  -31.885  51.206 0.0000000000
36933  -7.240  -32.638  51.720 0.0000000000
37830  -6.929  -31.889  52.243 0.0000000000
37818  -7.141  -31.587  54.752 0.0000000000
37815  -7.216  -31.714  56.096 0.0000000000
37814  -6.797  -31.054  56.707 0.0000000000
36063  -5.497  -33.983  52.456 0.0000000000
35161  -4.510  -34.481  51.623 0.0000000000
36060  -5.901  -33.536  53.627 0.0000000000
36058  -6.673  -33.003  55.858 0.0000000000
36055  -6.551  -32.775  56.625 0.0000000000
86240  -6.326  -31.288  57.775 0.0000000000
87842  -3.558  -32.618  57.868 0.0000000000
99939  -1.857  -34.159  54.904 0.0000000000
100972  -1.203  -33.345  52.372 0.0000000000
36062  -0.402  -33.364  51.334 0.0000000000
32691  1.740  -37.167  48.459 0.0000000000
32687  2.303  -37.675  49.184 0.0000000000
32690  2.224  -36.618  49.440 0.0000000000
33473  2.826  -36.161  50.576 0.0000000000
33476  1.189  -35.727  49.457 0.0000000000
33480  0.678  -36.133  48.832 0.0000000000
34299  0.058  -34.812  50.309 0.0000000000
34300  -1.170  -35.231  49.295 0.0000000000
35158  -2.857  -34.428  52.919 0.0000000000
35173  -1.446  -34.956  50.132 0.0000000000
36059  -4.813  -33.972  53.863 0.0000000000
38736  -2.073  -31.161  55.507 0.0000000000
38737  -4.459  -30.660  56.331 0.0000000000
38741  -5.768  -30.616  55.947 0.0000000000
38859  -15.395  -31.267  45.107 0.0000000000
39783  -8.506  -29.083  44.708 0.0000000000
86226  -0.970  -34.539  50.788 0.0000000000
86230  -1.228  -33.179  53.264 0.0000000000
86231  -0.995  -33.491  51.671 0.0000000000
86232  -2.057  -34.259  53.848 0.0000000000
86233  -3.936  -33.357  56.980 0.0000000000
86234  -1.170  -33.795  54.262 0.0000000000
86238  -4.611  -31.214  57.635 0.0000000000
87591  -1.766  -31.053  56.922 0.0000000000
89519  0.860  -34.569  50.064 0.0000000000
90389  -6.785  -30.580  47.812 0.0000000000
93085  -0.065  -36.192  48.484 0.0000000000
93372  -7.027  -32.141  57.002 0.0000000000
100444  -0.254  -35.252  49.643 0.0000000000
102721  -3.327  -31.445  57.976 0.0000000000
102814  -3.732  -34.966  50.516 0.0000000000
103762  1.184  -36.906  48.021 0.0000000000
104601  -5.423  -30.551  53.651 0.0000000000
