#!ascii label  , from subject sub-v1s19x0051312_ses-1 vox2ras=TkReg
1020
86694  -54.408  9.727  32.053 0.0000000000
94710  -48.870  26.777  12.875 0.0000000000
73299  -47.428  19.664  21.522 0.0000000000
71620  -54.351  14.805  17.687 0.0000000000
76029  -53.656  25.081  12.809 0.0000000000
73776  -52.638  20.490  14.752 0.0000000000
72129  -55.938  15.623  10.269 0.0000000000
72073  -50.249  16.304  16.196 0.0000000000
65906  -47.385  4.482  26.484 0.0000000000
68256  -48.261  9.575  30.079 0.0000000000
77549  -43.619  29.869  9.578 0.0000000000
77562  -50.110  29.286  8.361 0.0000000000
76834  -56.569  28.204  8.680 0.0000000000
71084  -51.472  15.008  27.049 0.0000000000
75026  -48.761  23.715  17.621 0.0000000000
72483  -52.222  18.089  20.816 0.0000000000
87701  -54.614  14.886  25.417 0.0000000000
70166  -50.658  13.270  21.882 0.0000000000
70174  -45.447  12.665  19.643 0.0000000000
86710  -52.056  10.525  28.524 0.0000000000
99077  -54.474  23.305  10.361 0.0000000000
74239  -54.890  20.919  9.456 0.0000000000
73811  -53.918  20.453  8.778 0.0000000000
72970  -51.811  18.180  12.112 0.0000000000
67698  -48.118  7.386  27.918 0.0000000000
68772  -45.838  9.711  28.073 0.0000000000
78303  -41.670  31.696  12.222 0.0000000000
77210  -53.307  28.745  8.237 0.0000000000
71552  -48.734  14.815  25.403 0.0000000000
105452  -48.785  17.667  23.822 0.0000000000
76799  -46.331  27.353  13.529 0.0000000000
75961  -49.009  24.976  15.344 0.0000000000
72936  -53.777  18.113  16.333 0.0000000000
73331  -52.422  19.549  17.696 0.0000000000
88723  -54.555  18.788  17.483 0.0000000000
86902  -54.301  18.445  22.370 0.0000000000
91747  -56.621  15.427  20.049 0.0000000000
86889  -52.459  14.555  23.325 0.0000000000
71142  -53.169  14.495  20.393 0.0000000000
71160  -48.008  14.707  18.760 0.0000000000
76811  -51.252  27.567  13.792 0.0000000000
75059  -51.935  24.965  15.333 0.0000000000
74224  -52.969  22.276  12.617 0.0000000000
73369  -54.327  18.446  12.898 0.0000000000
91027  -54.884  15.664  14.158 0.0000000000
97312  -53.240  15.354  16.689 0.0000000000
72112  -52.114  17.136  13.501 0.0000000000
94471  -49.976  16.582  13.774 0.0000000000
65883  -49.847  4.104  28.781 0.0000000000
67680  -50.334  7.032  30.667 0.0000000000
86708  -50.888  9.316  31.737 0.0000000000
77520  -43.197  29.971  14.944 0.0000000000
77172  -43.834  28.500  12.383 0.0000000000
90828  -46.190  28.372  10.916 0.0000000000
77191  -49.617  28.129  10.636 0.0000000000
77183  -52.504  28.564  11.124 0.0000000000
76429  -54.136  27.266  9.943 0.0000000000
76050  -54.853  25.044  8.612 0.0000000000
76839  -55.062  26.844  6.338 0.0000000000
70117  -47.655  11.842  27.191 0.0000000000
70100  -48.788  12.267  30.168 0.0000000000
87328  -51.869  13.500  32.016 0.0000000000
102723  -48.069  22.132  20.210 0.0000000000
74613  -50.384  22.668  16.516 0.0000000000
74171  -50.041  20.837  19.084 0.0000000000
73302  -49.868  19.375  21.080 0.0000000000
89931  -51.638  18.702  24.008 0.0000000000
86880  -53.314  16.220  27.658 0.0000000000
99515  -54.109  12.316  29.726 0.0000000000
70577  -52.044  13.791  26.711 0.0000000000
70149  -50.822  12.281  24.143 0.0000000000
69735  -48.746  11.233  22.275 0.0000000000
71162  -50.468  15.013  19.162 0.0000000000
70631  -48.672  13.036  20.361 0.0000000000
102084  -45.926  10.534  20.415 0.0000000000
87953  -53.759  8.228  32.586 0.0000000000
68259  -53.318  8.277  29.408 0.0000000000
88409  -53.046  9.809  30.576 0.0000000000
96022  -53.274  22.871  9.385 0.0000000000
74672  -53.763  22.209  9.653 0.0000000000
74241  -52.739  21.941  9.460 0.0000000000
73806  -52.056  20.339  10.393 0.0000000000
72457  -48.269  18.542  22.792 0.0000000000
76800  -47.214  27.173  13.258 0.0000000000
86920  -54.519  16.362  17.133 0.0000000000
86921  -53.711  17.673  17.631 0.0000000000
86915  -54.850  17.168  17.485 0.0000000000
99906  -57.229  17.559  18.039 0.0000000000
86914  -56.529  15.383  18.181 0.0000000000
72030  -54.489  15.576  20.557 0.0000000000
71619  -54.223  14.803  18.409 0.0000000000
75996  -53.233  26.323  13.810 0.0000000000
75518  -52.939  24.778  14.310 0.0000000000
75084  -53.728  23.944  12.587 0.0000000000
72983  -56.122  17.992  8.760 0.0000000000
73803  -54.754  20.155  10.642 0.0000000000
72972  -55.088  17.459  11.785 0.0000000000
91259  -54.848  17.050  12.780 0.0000000000
72119  -55.042  16.218  12.066 0.0000000000
102565  -54.399  15.819  14.069 0.0000000000
72123  -54.633  16.039  11.633 0.0000000000
72539  -50.678  17.422  12.868 0.0000000000
68266  -47.881  8.902  29.195 0.0000000000
67691  -49.292  7.347  29.031 0.0000000000
68257  -49.334  8.893  30.350 0.0000000000
68251  -50.746  8.222  31.832 0.0000000000
68250  -49.903  9.227  31.288 0.0000000000
77925  -42.207  30.175  10.068 0.0000000000
77920  -42.165  29.964  12.095 0.0000000000
77542  -43.204  29.196  10.773 0.0000000000
77176  -44.446  28.425  11.676 0.0000000000
77546  -44.716  29.024  10.212 0.0000000000
77560  -48.231  29.567  8.492 0.0000000000
77200  -48.094  28.806  9.779 0.0000000000
77554  -49.619  29.060  9.130 0.0000000000
77192  -50.790  28.424  10.767 0.0000000000
90322  -51.246  28.825  10.111 0.0000000000
77211  -54.926  28.703  8.479 0.0000000000
77205  -53.724  28.243  9.849 0.0000000000
76833  -55.962  27.943  9.156 0.0000000000
76051  -55.010  25.733  8.927 0.0000000000
76059  -55.217  25.979  8.256 0.0000000000
76435  -54.641  25.723  7.523 0.0000000000
95939  -56.940  27.520  7.783 0.0000000000
71107  -45.075  14.282  23.555 0.0000000000
70592  -44.786  13.250  24.380 0.0000000000
70593  -45.624  13.464  24.508 0.0000000000
70126  -46.450  11.835  26.459 0.0000000000
70595  -47.420  13.597  25.144 0.0000000000
71093  -49.975  14.992  26.037 0.0000000000
101064  -49.204  13.607  27.012 0.0000000000
70553  -50.331  13.571  28.345 0.0000000000
86714  -50.897  12.570  30.315 0.0000000000
71061  -51.726  15.141  29.342 0.0000000000
75454  -47.668  24.603  18.284 0.0000000000
75014  -46.989  24.041  19.981 0.0000000000
75016  -48.287  23.321  19.256 0.0000000000
94693  -51.672  22.420  14.547 0.0000000000
75040  -50.660  23.693  15.117 0.0000000000
74200  -51.559  21.533  15.824 0.0000000000
72924  -51.617  19.193  19.231 0.0000000000
73755  -51.426  20.412  18.062 0.0000000000
73320  -50.936  19.295  19.838 0.0000000000
73318  -49.697  19.942  20.367 0.0000000000
72921  -50.756  18.984  20.675 0.0000000000
72470  -50.966  18.301  22.091 0.0000000000
72471  -51.813  18.213  21.759 0.0000000000
86882  -55.312  16.517  23.828 0.0000000000
87878  -53.945  17.851  25.000 0.0000000000
99578  -54.102  16.248  26.664 0.0000000000
71062  -53.906  14.623  28.881 0.0000000000
71076  -54.084  14.341  27.524 0.0000000000
70567  -52.968  13.631  27.687 0.0000000000
71085  -53.657  14.279  26.579 0.0000000000
70620  -51.927  13.490  22.646 0.0000000000
93309  -51.833  13.370  23.907 0.0000000000
70158  -50.729  12.713  23.315 0.0000000000
101663  -49.693  11.585  23.189 0.0000000000
70160  -49.745  12.362  22.135 0.0000000000
71652  -51.952  15.896  16.895 0.0000000000
71618  -52.120  15.145  18.426 0.0000000000
71632  -50.370  15.711  17.756 0.0000000000
103626  -46.787  14.226  19.270 0.0000000000
71148  -48.265  14.235  19.240 0.0000000000
70169  -47.033  12.641  20.230 0.0000000000
69745  -47.447  12.044  20.699 0.0000000000
70168  -46.118  12.231  20.064 0.0000000000
105495  -45.002  9.981  19.886 0.0000000000
66552  -53.118  5.088  30.565 0.0000000000
98005  -51.750  10.136  26.876 0.0000000000
75538  -54.210  24.422  11.847 0.0000000000
74657  -54.033  22.937  11.023 0.0000000000
74665  -54.044  22.335  10.079 0.0000000000
73813  -55.370  19.888  8.617 0.0000000000
72987  -54.820  17.994  8.354 0.0000000000
72558  -53.594  16.788  10.583 0.0000000000
72980  -52.970  18.214  10.175 0.0000000000
67170  -47.852  5.912  27.157 0.0000000000
67705  -46.937  7.359  27.041 0.0000000000
68765  -46.354  10.155  29.375 0.0000000000
78317  -42.072  31.765  9.240 0.0000000000
77563  -51.308  29.132  8.392 0.0000000000
77573  -56.256  29.365  7.590 0.0000000000
77214  -57.270  28.454  7.223 0.0000000000
71101  -47.481  14.298  24.619 0.0000000000
72000  -48.862  16.508  24.587 0.0000000000
87881  -50.651  16.142  24.819 0.0000000000
75467  -48.982  24.419  16.000 0.0000000000
73777  -53.219  19.596  15.079 0.0000000000
73765  -52.416  20.313  16.143 0.0000000000
73332  -52.993  19.186  17.312 0.0000000000
72928  -52.924  18.741  18.066 0.0000000000
103040  -53.737  18.353  19.174 0.0000000000
72460  -53.622  18.543  21.255 0.0000000000
87621  -55.643  18.832  19.043 0.0000000000
102806  -56.128  16.356  21.351 0.0000000000
71579  -55.772  15.235  22.355 0.0000000000
99788  -54.856  14.639  23.927 0.0000000000
71578  -54.894  14.996  21.946 0.0000000000
71595  -53.114  15.192  21.875 0.0000000000
92971  -51.967  13.857  21.338 0.0000000000
71631  -49.315  15.467  17.762 0.0000000000
104728  -46.335  21.211  20.843 0.0000000000
76810  -50.210  27.011  13.054 0.0000000000
75981  -51.260  26.423  15.301 0.0000000000
75982  -51.806  26.394  16.045 0.0000000000
75060  -51.806  24.192  14.049 0.0000000000
74217  -52.549  21.814  13.545 0.0000000000
74232  -53.889  21.486  11.379 0.0000000000
93291  -53.540  20.843  12.425 0.0000000000
73784  -53.174  20.033  14.190 0.0000000000
92393  -53.955  18.437  14.818 0.0000000000
72517  -54.875  16.372  15.258 0.0000000000
72075  -54.614  15.201  16.061 0.0000000000
71170  -54.232  14.631  17.079 0.0000000000
71664  -54.825  15.365  15.039 0.0000000000
72092  -52.992  16.284  15.048 0.0000000000
72091  -51.694  16.710  15.275 0.0000000000
72546  -52.646  17.160  12.403 0.0000000000
72111  -50.816  16.844  13.478 0.0000000000
101675  -48.835  5.707  28.486 0.0000000000
67151  -50.011  5.714  29.522 0.0000000000
97433  -51.516  5.237  29.626 0.0000000000
67133  -51.955  5.930  31.356 0.0000000000
86697  -52.104  7.699  32.224 0.0000000000
99529  -53.686  9.751  33.432 0.0000000000
77521  -43.483  29.179  15.111 0.0000000000
77537  -43.114  29.303  13.615 0.0000000000
77169  -44.064  28.196  13.955 0.0000000000
106312  -44.948  27.886  12.674 0.0000000000
76807  -46.488  27.503  12.624 0.0000000000
76819  -47.560  27.671  11.653 0.0000000000
77550  -45.015  30.036  9.007 0.0000000000
77198  -46.349  29.069  9.751 0.0000000000
77179  -47.915  28.042  11.030 0.0000000000
99317  -49.267  27.280  11.964 0.0000000000
76821  -50.448  27.435  12.351 0.0000000000
76823  -52.022  28.239  12.531 0.0000000000
76814  -52.925  27.445  12.305 0.0000000000
77204  -52.910  28.670  9.836 0.0000000000
77195  -53.471  28.145  10.387 0.0000000000
99126  -53.681  26.476  11.693 0.0000000000
75540  -54.528  25.238  10.308 0.0000000000
75554  -54.532  24.401  9.952 0.0000000000
75571  -53.345  24.301  8.484 0.0000000000
76071  -53.727  25.438  7.241 0.0000000000
76841  -56.572  27.455  6.706 0.0000000000
69690  -47.313  10.941  27.926 0.0000000000
69246  -47.344  11.149  29.369 0.0000000000
70575  -48.616  13.559  26.292 0.0000000000
70119  -48.484  12.397  28.590 0.0000000000
96394  -47.553  11.797  31.191 0.0000000000
69671  -49.411  11.522  30.942 0.0000000000
88099  -51.816  12.401  32.647 0.0000000000
86698  -52.536  12.218  32.947 0.0000000000
73742  -47.405  20.815  20.864 0.0000000000
101593  -51.162  25.951  16.393 0.0000000000
75038  -50.321  24.619  16.166 0.0000000000
75027  -49.384  23.286  17.303 0.0000000000
74182  -51.281  20.993  17.387 0.0000000000
74181  -50.650  21.506  17.689 0.0000000000
74603  -49.529  22.460  18.195 0.0000000000
74170  -49.375  21.331  19.402 0.0000000000
73744  -49.032  20.436  20.530 0.0000000000
73300  -48.331  19.678  21.581 0.0000000000
72891  -49.199  18.602  22.678 0.0000000000
72453  -50.748  17.716  23.481 0.0000000000
87410  -51.548  17.027  24.967 0.0000000000
87891  -52.704  19.251  23.692 0.0000000000
86896  -51.901  19.003  25.219 0.0000000000
87718  -52.124  16.465  27.425 0.0000000000
71516  -52.535  15.347  29.576 0.0000000000
70537  -53.570  13.157  31.158 0.0000000000
86706  -54.362  11.197  30.980 0.0000000000
86713  -52.500  11.821  29.795 0.0000000000
87305  -51.591  12.280  27.962 0.0000000000
100127  -51.334  11.632  26.290 0.0000000000
71094  -52.155  14.262  25.182 0.0000000000
70140  -51.502  12.770  25.337 0.0000000000
69275  -50.330  10.390  25.230 0.0000000000
68803  -49.488  10.173  23.856 0.0000000000
68812  -48.309  9.652  22.577 0.0000000000
88343  -53.713  14.628  18.776 0.0000000000
71151  -51.888  14.383  20.003 0.0000000000
71140  -50.863  14.166  20.359 0.0000000000
95827  -49.630  14.852  19.040 0.0000000000
70642  -49.362  13.593  20.027 0.0000000000
70632  -49.467  13.038  20.730 0.0000000000
69741  -48.452  11.569  21.585 0.0000000000
69287  -47.395  10.580  21.472 0.0000000000
86696  -54.285  9.198  32.407 0.0000000000
87913  -53.222  8.168  31.076 0.0000000000
86699  -54.007  9.075  31.058 0.0000000000
103170  -52.811  9.267  29.815 0.0000000000
86700  -54.341  10.194  31.204 0.0000000000
92044  -52.700  23.366  8.945 0.0000000000
74671  -51.765  22.219  9.545 0.0000000000
72890  -47.626  18.574  22.398 0.0000000000
72902  -47.876  19.155  22.186 0.0000000000
76801  -48.107  26.967  13.001 0.0000000000
76411  -47.991  26.618  13.707 0.0000000000
76412  -49.200  26.302  13.453 0.0000000000
86919  -54.530  15.525  17.376 0.0000000000
86918  -54.453  16.693  17.297 0.0000000000
86917  -54.488  15.883  17.731 0.0000000000
88159  -56.086  16.389  17.061 0.0000000000
86916  -54.617  15.897  17.967 0.0000000000
96605  -54.923  16.022  18.315 0.0000000000
75997  -53.381  26.267  13.265 0.0000000000
75526  -53.277  25.147  14.032 0.0000000000
75537  -53.663  24.487  12.791 0.0000000000
72561  -56.377  16.563  9.089 0.0000000000
101219  -56.176  17.101  9.663 0.0000000000
72554  -56.157  15.901  10.175 0.0000000000
72553  -55.706  15.965  11.083 0.0000000000
72124  -55.593  15.924  11.152 0.0000000000
72128  -55.173  15.752  10.837 0.0000000000
66582  -48.007  4.849  27.022 0.0000000000
68267  -48.957  8.432  29.375 0.0000000000
68757  -48.797  10.078  30.890 0.0000000000
77548  -42.890  30.119  9.540 0.0000000000
94343  -42.587  29.629  10.638 0.0000000000
77545  -43.821  29.293  10.145 0.0000000000
88653  -44.469  29.610  9.587 0.0000000000
77567  -49.583  29.713  7.638 0.0000000000
77566  -48.702  29.951  7.796 0.0000000000
77561  -49.126  29.423  8.404 0.0000000000
77553  -48.634  29.166  9.144 0.0000000000
77202  -50.154  28.606  9.876 0.0000000000
77555  -50.686  28.967  9.201 0.0000000000
91830  -55.875  28.397  8.908 0.0000000000
76433  -55.121  27.086  8.713 0.0000000000
76836  -56.210  27.475  8.381 0.0000000000
76837  -57.153  27.906  8.165 0.0000000000
71119  -44.856  14.810  22.947 0.0000000000
71566  -45.651  14.843  23.345 0.0000000000
70606  -45.196  13.781  24.010 0.0000000000
71099  -45.915  14.182  23.969 0.0000000000
70594  -46.608  13.662  24.669 0.0000000000
71547  -51.198  15.217  26.024 0.0000000000
71083  -50.538  14.601  26.722 0.0000000000
71073  -50.892  14.346  27.660 0.0000000000
71060  -51.234  14.265  28.711 0.0000000000
71074  -51.548  15.049  28.186 0.0000000000
75461  -48.396  24.357  17.384 0.0000000000
75019  -48.221  23.947  18.587 0.0000000000
74210  -51.752  21.724  15.125 0.0000000000
74626  -51.190  22.555  15.322 0.0000000000
74201  -52.189  20.931  15.454 0.0000000000
72922  -51.689  18.524  20.112 0.0000000000
72905  -51.320  18.482  21.196 0.0000000000
87436  -54.987  15.470  25.096 0.0000000000
87723  -54.740  16.669  25.049 0.0000000000
99786  -54.504  15.511  26.125 0.0000000000
87792  -54.143  15.187  27.525 0.0000000000
86873  -54.402  14.965  26.470 0.0000000000
71086  -54.165  14.563  26.771 0.0000000000
87829  -54.114  14.573  25.769 0.0000000000
70627  -51.527  13.506  21.941 0.0000000000
70619  -51.084  13.237  22.623 0.0000000000
70161  -50.354  12.815  22.447 0.0000000000
103856  -50.091  12.849  21.796 0.0000000000
71651  -50.834  16.139  17.020 0.0000000000
71633  -51.437  15.646  17.711 0.0000000000
103669  -46.238  13.705  19.466 0.0000000000
70639  -46.932  13.484  19.752 0.0000000000
70175  -46.208  13.057  19.779 0.0000000000
69748  -45.318  11.767  19.795 0.0000000000
66543  -53.225  5.247  30.636 0.0000000000
68774  -52.245  9.653  27.230 0.0000000000
69247  -52.024  10.368  27.521 0.0000000000
75086  -54.681  23.949  10.798 0.0000000000
74664  -54.078  22.899  10.306 0.0000000000
97004  -53.584  21.349  9.244 0.0000000000
89408  -54.492  21.000  8.850 0.0000000000
73812  -54.897  20.154  8.469 0.0000000000
73400  -54.917  19.022  8.189 0.0000000000
73395  -54.299  19.386  8.531 0.0000000000
72986  -53.741  18.466  9.092 0.0000000000
73394  -53.241  19.456  9.303 0.0000000000
73387  -51.816  19.635  11.141 0.0000000000
68265  -46.878  9.340  28.960 0.0000000000
68773  -46.065  9.644  28.699 0.0000000000
78316  -41.587  32.076  9.968 0.0000000000
77572  -55.275  29.248  7.646 0.0000000000
77581  -55.380  29.449  6.603 0.0000000000
72014  -48.205  17.846  23.437 0.0000000000
72005  -48.304  17.045  23.965 0.0000000000
72006  -49.220  17.216  24.226 0.0000000000
71562  -49.523  16.044  25.071 0.0000000000
72001  -49.891  16.680  24.590 0.0000000000
76798  -45.489  27.548  13.856 0.0000000000
75476  -49.629  24.725  15.233 0.0000000000
73349  -53.575  18.845  15.757 0.0000000000
73348  -52.967  19.669  16.008 0.0000000000
73338  -53.328  19.120  16.623 0.0000000000
88174  -53.698  18.026  17.513 0.0000000000
72489  -53.209  18.398  18.347 0.0000000000
72487  -53.283  18.213  18.701 0.0000000000
72485  -54.515  18.894  19.734 0.0000000000
72925  -55.436  19.139  18.091 0.0000000000
86912  -57.481  16.597  18.403 0.0000000000
86911  -56.694  17.762  18.970 0.0000000000
87799  -56.789  16.308  19.918 0.0000000000
87693  -55.846  16.004  22.374 0.0000000000
71123  -56.074  15.175  21.229 0.0000000000
71122  -55.583  15.033  22.264 0.0000000000
71138  -55.792  15.030  21.141 0.0000000000
71604  -53.857  15.743  20.308 0.0000000000
71596  -53.904  15.685  21.381 0.0000000000
71603  -53.228  14.999  21.011 0.0000000000
71137  -52.696  14.232  21.319 0.0000000000
76417  -50.793  27.230  14.673 0.0000000000
75994  -51.248  27.147  15.527 0.0000000000
75995  -52.257  26.459  15.423 0.0000000000
75068  -52.772  23.308  12.711 0.0000000000
75067  -52.404  24.110  13.581 0.0000000000
75061  -52.173  23.554  13.406 0.0000000000
105542  -52.136  22.319  13.960 0.0000000000
74238  -54.330  21.684  9.963 0.0000000000
74658  -53.924  22.304  10.941 0.0000000000
74233  -54.427  21.076  10.541 0.0000000000
73376  -54.476  19.215  11.793 0.0000000000
73798  -54.109  20.470  11.628 0.0000000000
73375  -53.817  19.806  12.640 0.0000000000
73791  -53.302  20.399  13.335 0.0000000000
73368  -53.613  19.413  13.563 0.0000000000
73358  -53.540  19.223  14.326 0.0000000000
72952  -54.072  18.476  13.904 0.0000000000
97636  -54.807  16.335  13.551 0.0000000000
72953  -54.566  17.385  14.164 0.0000000000
72529  -54.976  16.192  14.381 0.0000000000
72106  -54.900  15.448  14.606 0.0000000000
90563  -54.650  15.170  15.865 0.0000000000
99131  -53.712  16.387  13.446 0.0000000000
72093  -54.342  15.570  14.670 0.0000000000
72104  -53.245  16.434  14.186 0.0000000000
72976  -52.607  17.622  11.300 0.0000000000
72551  -53.363  16.718  11.626 0.0000000000
72971  -52.384  17.454  12.098 0.0000000000
93828  -50.319  16.990  13.241 0.0000000000
72540  -51.122  17.087  13.049 0.0000000000
67159  -48.351  6.369  27.769 0.0000000000
100205  -48.385  5.278  27.850 0.0000000000
67149  -48.834  6.836  28.359 0.0000000000
67139  -49.899  6.705  29.659 0.0000000000
67150  -49.324  6.193  29.047 0.0000000000
67140  -50.622  6.208  30.212 0.0000000000
66566  -50.821  5.566  29.758 0.0000000000
66550  -51.639  5.733  30.578 0.0000000000
67132  -51.102  6.414  31.308 0.0000000000
67668  -51.380  7.391  32.138 0.0000000000
99942  -52.025  8.506  32.200 0.0000000000
99439  -53.175  9.031  33.644 0.0000000000
68745  -52.364  9.546  32.991 0.0000000000
77902  -42.957  30.804  15.085 0.0000000000
77899  -42.634  30.241  15.674 0.0000000000
77530  -43.341  29.294  14.332 0.0000000000
78295  -42.206  31.487  13.097 0.0000000000
77919  -41.882  30.799  12.381 0.0000000000
77539  -42.701  29.320  12.257 0.0000000000
77540  -43.165  28.884  12.867 0.0000000000
77168  -43.485  28.746  13.739 0.0000000000
88765  -43.900  28.348  13.125 0.0000000000
76805  -44.710  27.890  13.305 0.0000000000
77173  -44.482  28.160  12.534 0.0000000000
77177  -45.489  28.287  11.333 0.0000000000
76817  -45.909  27.833  11.999 0.0000000000
91786  -46.240  28.091  11.422 0.0000000000
76818  -46.719  27.742  11.828 0.0000000000
77178  -46.953  28.177  11.089 0.0000000000
94488  -46.235  29.500  9.213 0.0000000000
77551  -46.921  29.385  9.207 0.0000000000
77190  -48.475  28.298  10.419 0.0000000000
77189  -47.525  28.473  10.393 0.0000000000
76820  -48.327  27.583  11.552 0.0000000000
77180  -48.835  27.814  11.124 0.0000000000
99340  -49.741  27.584  11.414 0.0000000000
99021  -51.732  28.719  10.985 0.0000000000
77182  -51.432  28.338  11.714 0.0000000000
103679  -52.087  28.520  11.714 0.0000000000
76813  -52.437  27.715  13.000 0.0000000000
76824  -52.621  28.133  11.959 0.0000000000
77207  -52.572  28.678  8.844 0.0000000000
76830  -54.050  27.921  9.782 0.0000000000
76828  -53.503  27.627  10.707 0.0000000000
76425  -53.872  26.673  10.795 0.0000000000
76030  -54.099  25.791  11.253 0.0000000000
76031  -54.349  25.958  10.425 0.0000000000
75573  -54.766  24.971  9.358 0.0000000000
75572  -54.455  24.502  8.986 0.0000000000
75553  -53.818  24.093  9.181 0.0000000000
76049  -54.317  24.659  8.341 0.0000000000
76441  -55.174  26.594  7.430 0.0000000000
76440  -54.108  26.018  6.654 0.0000000000
104863  -57.314  28.015  6.880 0.0000000000
70125  -45.707  11.904  26.216 0.0000000000
70127  -47.213  12.302  26.292 0.0000000000
69703  -46.981  11.269  26.944 0.0000000000
69691  -47.903  11.718  28.354 0.0000000000
71102  -48.183  14.745  24.896 0.0000000000
71091  -48.197  14.011  25.360 0.0000000000
96284  -48.836  14.303  25.873 0.0000000000
105505  -49.644  13.103  28.612 0.0000000000
70566  -49.330  13.181  27.986 0.0000000000
70111  -49.058  12.579  29.038 0.0000000000
69685  -48.001  12.410  29.854 0.0000000000
106048  -48.209  11.517  31.242 0.0000000000
87183  -51.398  13.378  31.730 0.0000000000
90640  -51.223  12.644  31.691 0.0000000000
99779  -51.745  12.812  32.481 0.0000000000
99500  -52.848  11.680  32.885 0.0000000000
87894  -52.453  12.831  32.492 0.0000000000
74593  -47.831  22.937  19.964 0.0000000000
74164  -47.644  21.503  20.628 0.0000000000
75491  -51.701  25.856  16.005 0.0000000000
75967  -50.771  25.835  15.096 0.0000000000
75492  -51.588  25.746  15.953 0.0000000000
74625  -50.482  23.129  15.717 0.0000000000
75039  -50.039  24.451  15.072 0.0000000000
75030  -49.864  23.745  15.809 0.0000000000
75029  -49.606  23.836  15.888 0.0000000000
74608  -49.875  23.095  16.711 0.0000000000
103627  -52.152  20.425  16.721 0.0000000000
73764  -51.735  20.767  16.874 0.0000000000
92696  -51.944  20.274  17.385 0.0000000000
73754  -50.797  20.401  18.706 0.0000000000
74179  -50.904  20.888  18.047 0.0000000000
74178  -50.390  21.194  18.374 0.0000000000
74604  -50.098  21.941  17.977 0.0000000000
74177  -49.772  21.635  18.674 0.0000000000
74595  -49.203  22.192  19.052 0.0000000000
73733  -49.113  19.875  21.060 0.0000000000
73732  -48.504  20.180  20.985 0.0000000000
73301  -49.113  19.446  21.617 0.0000000000
73289  -48.664  19.103  22.201 0.0000000000
72903  -49.564  18.999  21.952 0.0000000000
86909  -51.410  18.169  22.774 0.0000000000
72459  -50.692  18.108  22.810 0.0000000000
72448  -51.293  17.504  24.107 0.0000000000
87774  -51.609  18.846  25.076 0.0000000000
86901  -53.468  18.903  22.279 0.0000000000
86885  -53.574  18.949  23.147 0.0000000000
86874  -53.702  17.281  25.955 0.0000000000
86877  -53.260  18.196  25.417 0.0000000000
87738  -52.610  17.558  26.395 0.0000000000
86884  -52.037  17.631  26.483 0.0000000000
88052  -52.491  16.836  27.025 0.0000000000
71977  -52.466  16.072  28.176 0.0000000000
71978  -53.229  15.927  28.216 0.0000000000
71053  -53.878  13.713  29.568 0.0000000000
71052  -53.650  14.407  29.890 0.0000000000
87531  -54.092  12.686  29.937 0.0000000000
70093  -53.810  12.242  31.484 0.0000000000
88189  -54.227  11.679  30.594 0.0000000000
86712  -54.237  11.003  30.243 0.0000000000
99722  -53.318  12.387  29.402 0.0000000000
87207  -52.097  13.154  28.616 0.0000000000
99723  -51.653  13.194  27.365 0.0000000000
101045  -51.563  11.514  26.987 0.0000000000
69704  -51.479  12.294  26.733 0.0000000000
87217  -53.863  14.941  23.416 0.0000000000
86875  -53.628  14.603  24.824 0.0000000000
89148  -52.608  14.607  24.603 0.0000000000
70150  -51.427  12.859  23.986 0.0000000000
70596  -51.755  13.340  24.691 0.0000000000
101584  -51.326  12.612  24.614 0.0000000000
70139  -50.966  11.971  24.991 0.0000000000
69725  -50.385  11.522  24.330 0.0000000000
69274  -50.035  10.666  24.500 0.0000000000
69728  -49.816  11.126  23.762 0.0000000000
69283  -49.151  10.876  23.093 0.0000000000
69282  -48.460  10.442  22.549 0.0000000000
69281  -47.848  10.056  22.054 0.0000000000
71635  -53.737  14.748  17.274 0.0000000000
71169  -54.070  14.513  17.448 0.0000000000
71164  -53.481  14.694  18.100 0.0000000000
71163  -51.487  14.883  19.193 0.0000000000
90226  -50.908  14.621  19.746 0.0000000000
71615  -48.578  15.072  18.277 0.0000000000
71161  -48.830  14.648  18.828 0.0000000000
70641  -48.492  13.651  19.745 0.0000000000
71149  -49.130  14.165  19.382 0.0000000000
70164  -48.809  12.302  21.024 0.0000000000
69286  -46.641  10.797  20.834 0.0000000000
69740  -47.364  11.391  21.022 0.0000000000
68816  -46.682  9.438  21.250 0.0000000000
67675  -53.111  7.160  31.407 0.0000000000
75095  -53.961  23.688  9.498 0.0000000000
73807  -52.805  20.421  9.478 0.0000000000
74237  -52.368  21.102  9.733 0.0000000000
72886  -48.933  18.173  23.359 0.0000000000
76410  -47.101  26.986  14.132 0.0000000000
75966  -49.400  25.338  14.663 0.0000000000
72503  -54.532  17.184  16.056 0.0000000000
72495  -54.203  17.293  16.849 0.0000000000
86913  -56.193  18.341  16.738 0.0000000000
87418  -56.653  18.350  17.848 0.0000000000
87101  -57.444  16.920  17.404 0.0000000000
71154  -57.298  15.370  18.973 0.0000000000
71605  -55.942  15.052  19.952 0.0000000000
71608  -54.572  15.682  19.202 0.0000000000
71153  -53.697  14.745  19.382 0.0000000000
76418  -52.346  27.173  14.128 0.0000000000
98536  -51.768  27.154  14.998 0.0000000000
76012  -52.930  26.110  14.784 0.0000000000
75075  -53.116  23.961  13.069 0.0000000000
73389  -55.410  19.808  9.625 0.0000000000
72982  -55.769  18.416  9.703 0.0000000000
73383  -55.184  18.762  10.760 0.0000000000
103138  -54.905  16.293  12.617 0.0000000000
72114  -54.759  16.268  13.303 0.0000000000
72105  -54.907  15.513  14.398 0.0000000000
72118  -54.260  16.286  12.663 0.0000000000
72117  -53.064  16.896  12.820 0.0000000000
72545  -51.627  17.558  12.708 0.0000000000
65890  -49.311  3.669  28.358 0.0000000000
67690  -48.496  7.871  28.629 0.0000000000
67679  -49.730  7.792  29.863 0.0000000000
67674  -50.765  7.196  31.778 0.0000000000
68258  -50.116  8.075  30.976 0.0000000000
77905  -43.061  30.651  14.434 0.0000000000
96978  -41.460  31.146  11.519 0.0000000000
77921  -41.767  30.496  11.568 0.0000000000
77922  -42.080  30.006  11.071 0.0000000000
77541  -42.629  29.429  11.415 0.0000000000
77171  -43.367  28.852  11.735 0.0000000000
77186  -44.057  28.852  10.879 0.0000000000
89469  -44.873  28.629  10.879 0.0000000000
77187  -45.665  28.721  10.405 0.0000000000
77940  -47.860  30.121  7.962 0.0000000000
77552  -47.745  29.273  9.179 0.0000000000
77201  -49.071  28.642  9.794 0.0000000000
89768  -53.808  28.340  9.147 0.0000000000
77208  -54.874  28.125  9.156 0.0000000000
76831  -54.793  27.702  9.211 0.0000000000
76430  -54.651  26.710  9.395 0.0000000000
76840  -55.942  27.181  7.423 0.0000000000
71574  -44.440  15.391  22.294 0.0000000000
71106  -44.315  14.237  23.171 0.0000000000
70138  -46.309  12.416  25.847 0.0000000000
70583  -46.017  12.991  25.168 0.0000000000
70584  -46.916  13.014  25.457 0.0000000000
70574  -47.782  13.150  25.799 0.0000000000
71092  -49.259  14.772  25.855 0.0000000000
91721  -49.446  14.299  26.460 0.0000000000
70576  -49.892  14.006  27.357 0.0000000000
87947  -49.980  12.879  29.240 0.0000000000
90666  -51.012  13.517  29.429 0.0000000000
87456  -51.323  14.045  30.791 0.0000000000
71050  -51.910  14.768  30.461 0.0000000000
75446  -47.449  24.375  19.168 0.0000000000
75015  -47.694  23.710  19.554 0.0000000000
74594  -48.511  22.587  19.467 0.0000000000
75053  -51.166  23.641  14.573 0.0000000000
75052  -51.013  24.939  14.810 0.0000000000
74614  -50.963  22.101  16.180 0.0000000000
73328  -52.152  19.318  18.481 0.0000000000
73330  -51.885  19.875  18.043 0.0000000000
73327  -51.470  19.815  18.612 0.0000000000
73324  -51.030  19.744  19.199 0.0000000000
73750  -50.340  20.029  19.598 0.0000000000
73319  -50.310  19.503  20.285 0.0000000000
72904  -50.429  18.780  21.573 0.0000000000
86899  -52.090  19.132  23.492 0.0000000000
86895  -55.069  17.289  23.265 0.0000000000
86883  -54.378  18.164  23.315 0.0000000000
86879  -54.627  17.429  24.172 0.0000000000
87256  -53.845  15.956  27.402 0.0000000000
71535  -53.725  15.628  28.005 0.0000000000
71077  -54.075  14.795  28.154 0.0000000000
70569  -54.073  14.208  28.294 0.0000000000
87078  -53.743  13.138  28.823 0.0000000000
70568  -53.981  13.761  28.085 0.0000000000
71075  -53.759  13.961  27.334 0.0000000000
70578  -52.948  13.994  26.867 0.0000000000
71120  -52.412  14.006  22.644 0.0000000000
103223  -52.354  14.540  23.917 0.0000000000
88051  -52.136  13.792  23.413 0.0000000000
70607  -51.574  13.212  23.325 0.0000000000
69729  -50.215  11.941  23.611 0.0000000000
70157  -49.979  12.237  22.895 0.0000000000
69736  -49.394  11.702  22.559 0.0000000000
71634  -52.673  15.317  17.577 0.0000000000
71617  -50.941  15.394  18.495 0.0000000000
71147  -47.554  14.389  19.148 0.0000000000
70640  -47.626  13.872  19.544 0.0000000000
70630  -47.791  13.210  20.054 0.0000000000
70170  -47.978  12.515  20.581 0.0000000000
89970  -46.769  11.759  20.541 0.0000000000
69744  -46.010  11.320  20.260 0.0000000000
68820  -45.482  9.887  20.247 0.0000000000
69290  -45.238  10.717  19.940 0.0000000000
69747  -44.511  11.266  19.486 0.0000000000
66567  -52.306  5.101  29.527 0.0000000000
75085  -54.287  23.617  11.487 0.0000000000
105726  -54.593  21.261  9.304 0.0000000000
74242  -54.341  21.504  9.414 0.0000000000
73808  -55.446  20.192  8.882 0.0000000000
73396  -55.938  18.968  8.447 0.0000000000
72571  -56.106  17.443  8.216 0.0000000000
72560  -55.907  15.884  9.088 0.0000000000
72559  -54.889  15.915  9.982 0.0000000000
72981  -54.021  17.176  9.421 0.0000000000
73382  -52.205  18.744  11.218 0.0000000000
73388  -52.429  19.501  10.309 0.0000000000
66581  -47.350  5.522  26.502 0.0000000000
67158  -47.702  6.928  27.286 0.0000000000
67696  -46.442  8.141  27.573 0.0000000000
67697  -47.257  7.804  27.713 0.0000000000
68274  -47.543  8.315  28.426 0.0000000000
68766  -47.208  10.038  29.786 0.0000000000
78310  -41.439  31.900  11.457 0.0000000000
78314  -41.390  31.542  10.703 0.0000000000
77928  -41.692  31.097  9.868 0.0000000000
77934  -43.224  31.032  8.786 0.0000000000
77212  -56.092  28.873  8.338 0.0000000000
77213  -56.958  28.731  8.080 0.0000000000
77582  -56.417  29.331  6.558 0.0000000000
71568  -48.132  16.042  24.198 0.0000000000
71561  -48.605  15.576  24.915 0.0000000000
71554  -50.310  15.558  25.458 0.0000000000
88828  -51.428  15.846  25.350 0.0000000000
75460  -48.106  24.876  16.912 0.0000000000
101728  -52.655  20.186  15.482 0.0000000000
73337  -52.588  19.793  16.843 0.0000000000
72929  -53.491  18.406  17.211 0.0000000000
100764  -52.480  18.548  19.052 0.0000000000
72484  -52.729  18.035  19.838 0.0000000000
72472  -52.597  18.199  21.398 0.0000000000
98882  -53.157  17.960  20.399 0.0000000000
72906  -54.519  18.564  20.915 0.0000000000
88742  -55.141  17.936  21.614 0.0000000000
87432  -55.544  18.142  20.249 0.0000000000
86894  -55.489  16.466  23.059 0.0000000000
86891  -55.560  15.587  23.408 0.0000000000
99891  -55.334  15.199  24.166 0.0000000000
86892  -54.562  14.694  24.740 0.0000000000
87340  -55.342  14.888  23.400 0.0000000000
99735  -54.962  14.725  23.014 0.0000000000
71597  -55.025  15.230  21.072 0.0000000000
86906  -53.749  15.327  22.414 0.0000000000
86903  -52.851  15.085  22.816 0.0000000000
71121  -52.662  14.225  22.039 0.0000000000
71136  -52.297  13.728  21.969 0.0000000000
71650  -49.813  16.007  16.997 0.0000000000
71649  -48.820  15.804  16.891 0.0000000000
71630  -48.273  15.481  17.634 0.0000000000
71614  -47.695  15.177  18.276 0.0000000000
71159  -47.187  14.797  18.798 0.0000000000
71146  -45.760  14.195  19.044 0.0000000000
70638  -45.576  13.422  19.404 0.0000000000
76416  -49.997  26.366  13.299 0.0000000000
76413  -50.540  27.004  14.660 0.0000000000
75508  -52.048  25.689  15.965 0.0000000000
92218  -52.476  25.618  15.390 0.0000000000
75509  -52.473  24.961  14.930 0.0000000000
74643  -51.775  23.158  13.856 0.0000000000
74211  -52.247  21.488  14.491 0.0000000000
75076  -53.674  23.376  12.103 0.0000000000
74649  -53.505  22.770  11.844 0.0000000000
74225  -53.418  21.619  12.309 0.0000000000
74218  -53.068  21.301  13.048 0.0000000000
73783  -52.748  20.878  13.890 0.0000000000
97333  -54.550  17.522  13.483 0.0000000000
72944  -54.626  17.287  14.836 0.0000000000
72943  -54.309  17.785  15.541 0.0000000000
72504  -54.753  16.024  16.194 0.0000000000
88022  -54.600  15.319  16.737 0.0000000000
71171  -54.260  14.644  17.250 0.0000000000
71655  -54.420  14.883  16.646 0.0000000000
71654  -54.212  14.813  16.529 0.0000000000
71663  -54.071  15.213  15.622 0.0000000000
71653  -52.527  16.052  15.978 0.0000000000
72074  -51.276  16.394  16.170 0.0000000000
72552  -54.354  16.054  10.950 0.0000000000
72122  -53.618  16.533  12.192 0.0000000000
72541  -52.038  17.372  12.900 0.0000000000
66573  -48.980  4.659  28.498 0.0000000000
66565  -49.453  5.116  29.057 0.0000000000
65885  -51.388  4.548  28.891 0.0000000000
103334  -52.358  5.253  30.330 0.0000000000
66551  -52.607  5.339  31.058 0.0000000000
67126  -52.533  5.806  31.284 0.0000000000
67124  -51.501  6.603  31.893 0.0000000000
67669  -51.998  7.039  32.213 0.0000000000
94691  -52.251  6.459  31.768 0.0000000000
67670  -52.578  7.474  31.863 0.0000000000
86695  -53.912  9.213  33.301 0.0000000000
87831  -54.151  9.706  32.854 0.0000000000
94300  -42.867  30.455  13.815 0.0000000000
104395  -42.218  30.282  12.712 0.0000000000
99144  -42.607  29.780  13.116 0.0000000000
77529  -43.086  29.907  14.039 0.0000000000
77164  -43.706  28.661  14.537 0.0000000000
77165  -44.191  28.086  14.789 0.0000000000
76797  -44.750  27.769  14.290 0.0000000000
76806  -45.543  27.651  12.841 0.0000000000
77174  -45.114  27.974  12.140 0.0000000000
76808  -47.370  27.378  12.408 0.0000000000
76809  -48.322  27.235  12.256 0.0000000000
77931  -44.182  30.244  9.089 0.0000000000
77197  -45.462  29.366  9.553 0.0000000000
77188  -46.637  28.613  10.378 0.0000000000
77199  -47.208  28.952  9.790 0.0000000000
103383  -49.265  26.911  12.606 0.0000000000
77181  -50.567  27.963  11.561 0.0000000000
76822  -51.338  27.971  12.654 0.0000000000
76812  -51.966  27.829  13.461 0.0000000000
76414  -52.652  27.055  13.355 0.0000000000
75998  -53.465  26.291  12.828 0.0000000000
77203  -51.822  28.904  9.490 0.0000000000
77193  -52.238  28.887  10.384 0.0000000000
77194  -53.002  28.496  10.467 0.0000000000
77184  -53.046  28.164  11.037 0.0000000000
76825  -53.080  27.754  11.555 0.0000000000
76423  -53.376  27.138  11.611 0.0000000000
76015  -53.740  26.105  12.225 0.0000000000
75539  -54.403  24.829  11.081 0.0000000000
76042  -54.675  25.744  9.709 0.0000000000
76058  -54.606  25.075  7.947 0.0000000000
76057  -53.360  24.813  7.762 0.0000000000
76842  -57.238  27.825  7.395 0.0000000000
69244  -46.388  10.404  27.736 0.0000000000
98897  -45.838  10.149  28.765 0.0000000000
69245  -46.529  10.393  28.911 0.0000000000
69237  -47.092  10.786  29.946 0.0000000000
68756  -47.433  10.967  30.891 0.0000000000
70128  -48.082  12.644  26.634 0.0000000000
70565  -48.688  12.948  27.276 0.0000000000
70118  -48.202  12.310  27.540 0.0000000000
69684  -47.584  12.227  29.909 0.0000000000
69230  -47.147  11.820  30.668 0.0000000000
69231  -48.219  11.084  31.386 0.0000000000
86709  -49.351  10.930  31.217 0.0000000000
87273  -51.079  10.203  31.481 0.0000000000
87466  -49.722  11.883  30.568 0.0000000000
86704  -51.165  11.961  30.553 0.0000000000
99941  -52.717  10.574  32.967 0.0000000000
87031  -54.039  10.441  32.373 0.0000000000
74163  -46.780  21.479  20.918 0.0000000000
73317  -47.260  20.229  21.050 0.0000000000
75980  -50.028  25.774  14.027 0.0000000000
75962  -50.607  25.372  16.132 0.0000000000
75478  -50.806  25.590  15.966 0.0000000000
75477  -50.711  25.340  16.137 0.0000000000
75468  -50.030  24.443  15.619 0.0000000000
75028  -49.162  23.939  16.368 0.0000000000
74189  -51.902  20.860  16.266 0.0000000000
74188  -51.413  21.340  16.606 0.0000000000
74187  -50.848  21.793  16.974 0.0000000000
74609  -50.308  22.270  17.278 0.0000000000
91561  -49.824  22.596  17.513 0.0000000000
74602  -48.835  23.079  18.500 0.0000000000
74169  -48.726  21.786  19.747 0.0000000000
73749  -49.557  20.577  19.817 0.0000000000
74166  -48.890  21.069  20.091 0.0000000000
74165  -48.314  21.463  20.297 0.0000000000
73743  -48.230  20.814  20.667 0.0000000000
73731  -47.848  20.218  21.129 0.0000000000
72892  -50.116  18.531  22.414 0.0000000000
72458  -49.851  18.182  23.145 0.0000000000
72452  -49.572  17.725  23.730 0.0000000000
72007  -50.278  17.246  24.100 0.0000000000
86890  -51.020  16.697  24.316 0.0000000000
104218  -51.604  15.776  25.883 0.0000000000
86900  -52.764  19.196  22.895 0.0000000000
91127  -53.601  18.574  24.145 0.0000000000
102710  -52.574  19.008  24.635 0.0000000000
87749  -51.911  19.273  24.467 0.0000000000
87376  -52.000  18.628  25.748 0.0000000000
86897  -51.802  17.741  26.108 0.0000000000
86904  -51.774  16.063  26.720 0.0000000000
71534  -51.881  15.885  27.827 0.0000000000
71045  -52.429  14.131  31.244 0.0000000000
71517  -53.437  15.152  29.381 0.0000000000
71051  -52.943  14.764  30.267 0.0000000000
86711  -52.561  13.392  31.895 0.0000000000
87604  -53.325  12.124  32.484 0.0000000000
86693  -53.671  11.372  32.363 0.0000000000
86703  -54.378  10.913  31.266 0.0000000000
86702  -54.275  10.727  30.709 0.0000000000
86715  -52.433  11.274  29.862 0.0000000000
88019  -51.886  11.194  29.111 0.0000000000
99791  -51.828  12.457  29.165 0.0000000000
69692  -51.701  11.228  27.968 0.0000000000
69252  -51.713  10.807  27.068 0.0000000000
69251  -51.325  10.836  26.436 0.0000000000
88339  -53.053  14.483  25.538 0.0000000000
70585  -51.819  13.654  25.718 0.0000000000
86888  -52.068  13.998  24.263 0.0000000000
70129  -51.586  13.029  26.289 0.0000000000
69721  -51.312  12.175  25.856 0.0000000000
69720  -50.943  11.331  25.704 0.0000000000
68793  -50.477  9.462  25.649 0.0000000000
68804  -49.944  9.774  24.733 0.0000000000
68307  -49.581  9.300  24.128 0.0000000000
68806  -48.789  10.025  23.205 0.0000000000
71165  -54.140  14.528  17.847 0.0000000000
71152  -53.076  14.440  19.776 0.0000000000
88225  -52.734  14.613  19.108 0.0000000000
71141  -52.437  14.237  20.674 0.0000000000
104290  -51.595  14.074  20.747 0.0000000000
70634  -50.945  13.717  21.169 0.0000000000
71150  -50.053  14.358  19.770 0.0000000000
70633  -50.129  13.691  20.538 0.0000000000
70626  -50.130  13.213  21.241 0.0000000000
70165  -49.577  12.585  21.407 0.0000000000
69742  -49.136  11.933  21.803 0.0000000000
101220  -48.010  11.847  21.062 0.0000000000
103646  -47.870  11.258  21.430 0.0000000000
69288  -48.132  10.842  21.892 0.0000000000
66536  -52.235  5.520  30.863 0.0000000000
66542  -52.888  5.231  30.975 0.0000000000
67125  -51.969  6.135  31.557 0.0000000000
67127  -52.731  6.439  31.480 0.0000000000
68751  -49.618  10.237  31.257 0.0000000000
69677  -47.586  12.169  30.683 0.0000000000
70538  -54.000  12.517  30.628 0.0000000000
70543  -53.795  13.419  30.293 0.0000000000
70554  -53.929  13.395  29.015 0.0000000000
70605  -44.551  13.721  23.729 0.0000000000
71041  -53.029  13.592  31.479 0.0000000000
71046  -53.310  14.086  30.815 0.0000000000
71118  -44.132  14.695  22.625 0.0000000000
71143  -56.457  15.328  20.110 0.0000000000
71144  -57.059  15.287  19.238 0.0000000000
71520  -52.118  15.713  28.758 0.0000000000
71521  -53.007  15.697  28.839 0.0000000000
71522  -53.650  15.396  28.608 0.0000000000
71523  -53.899  15.194  28.291 0.0000000000
71553  -49.349  15.356  25.500 0.0000000000
71606  -57.068  15.231  19.138 0.0000000000
71636  -54.464  14.878  17.111 0.0000000000
71983  -52.694  16.302  27.754 0.0000000000
72042  -54.855  15.641  19.692 0.0000000000
72094  -54.752  15.403  15.387 0.0000000000
72113  -54.732  15.874  13.801 0.0000000000
72130  -56.232  15.931  9.452 0.0000000000
72134  -56.233  16.523  8.659 0.0000000000
72138  -56.248  17.010  8.260 0.0000000000
72547  -55.198  16.261  11.879 0.0000000000
72565  -55.108  16.589  8.852 0.0000000000
72566  -55.933  16.946  8.164 0.0000000000
72567  -56.231  17.194  8.337 0.0000000000
72977  -55.735  17.175  10.613 0.0000000000
72988  -55.903  18.202  8.275 0.0000000000
72993  -55.708  18.362  8.156 0.0000000000
73390  -55.846  19.226  9.131 0.0000000000
73401  -55.765  19.113  8.366 0.0000000000
73741  -46.645  20.612  20.834 0.0000000000
73809  -55.781  19.627  8.899 0.0000000000
73816  -55.019  19.307  8.215 0.0000000000
74243  -54.990  20.887  8.863 0.0000000000
74644  -52.367  22.768  13.305 0.0000000000
74650  -53.581  22.131  11.848 0.0000000000
75517  -53.024  25.445  14.701 0.0000000000
75519  -53.654  25.971  12.717 0.0000000000
75527  -53.308  24.634  13.562 0.0000000000
75528  -53.864  25.389  12.110 0.0000000000
75983  -52.799  26.741  13.651 0.0000000000
75984  -53.072  26.613  13.153 0.0000000000
76013  -53.453  25.686  13.665 0.0000000000
76014  -53.634  25.809  12.990 0.0000000000
76027  -53.313  25.652  14.149 0.0000000000
76028  -53.460  25.131  13.507 0.0000000000
76419  -52.816  27.047  12.913 0.0000000000
76420  -53.309  26.711  12.440 0.0000000000
76422  -52.922  26.385  14.376 0.0000000000
76426  -54.356  26.473  10.053 0.0000000000
76802  -52.351  27.360  13.660 0.0000000000
76851  -57.154  27.883  6.636 0.0000000000
77544  -42.989  29.610  10.051 0.0000000000
77574  -56.813  29.151  7.290 0.0000000000
77924  -41.602  30.677  10.753 0.0000000000
77929  -42.520  30.827  9.224 0.0000000000
77930  -43.376  30.458  9.108 0.0000000000
78660  -41.557  32.513  11.902 0.0000000000
86701  -53.198  12.956  32.011 0.0000000000
86705  -52.489  10.563  29.966 0.0000000000
86707  -54.234  11.461  30.077 0.0000000000
86716  -51.704  11.832  29.095 0.0000000000
86876  -55.320  15.942  24.368 0.0000000000
86878  -52.465  14.213  26.109 0.0000000000
86881  -53.242  18.524  24.921 0.0000000000
86886  -52.662  18.675  25.210 0.0000000000
86887  -53.052  19.283  23.002 0.0000000000
86893  -55.042  14.786  24.439 0.0000000000
86898  -51.948  17.072  26.694 0.0000000000
86905  -51.688  16.524  25.909 0.0000000000
86907  -56.244  15.599  21.270 0.0000000000
86908  -55.509  16.984  22.230 0.0000000000
86910  -52.199  18.497  22.304 0.0000000000
87152  -51.594  18.865  25.717 0.0000000000
87385  -54.048  11.560  31.703 0.0000000000
87593  -52.965  14.921  23.883 0.0000000000
87707  -53.380  16.705  26.940 0.0000000000
87709  -51.332  11.296  31.338 0.0000000000
87722  -52.496  18.371  25.772 0.0000000000
87793  -57.306  15.565  18.978 0.0000000000
87807  -53.063  8.362  32.575 0.0000000000
87981  -57.485  15.623  18.451 0.0000000000
88215  -52.964  18.834  22.117 0.0000000000
88271  -55.948  17.218  20.745 0.0000000000
91627  -54.872  17.812  22.617 0.0000000000
96029  -50.483  11.146  25.056 0.0000000000
99684  -51.678  14.092  31.354 0.0000000000
99734  -54.063  14.698  24.208 0.0000000000
99800  -51.926  18.265  26.093 0.0000000000
99913  -54.547  16.201  25.863 0.0000000000
100490  -50.617  10.839  25.473 0.0000000000
101590  -46.798  10.066  21.243 0.0000000000
102286  -48.161  12.033  31.079 0.0000000000
103610  -51.446  14.515  29.855 0.0000000000
104572  -55.937  15.771  10.723 0.0000000000
105446  -57.320  28.141  7.815 0.0000000000
105553  -51.257  16.939  13.779 0.0000000000
105793  -55.107  16.612  24.386 0.0000000000
106040  -46.881  10.549  29.437 0.0000000000
106043  -54.201  15.606  26.927 0.0000000000
