#!ascii label  , from subject sub-v1s19x0051312_ses-1 vox2ras=TkReg
1791
106005  -25.253  -76.933  -24.329 0.1000000015
3495  -25.294  -78.024  -25.568 0.1000000015
102423  -23.324  -78.616  -25.179 0.1000000015
3493  -23.696  -78.285  -25.891 0.1000000015
4124  -23.064  -77.581  -26.669 0.1000000015
4125  -24.079  -77.795  -26.784 0.1000000015
4580  -21.544  -76.006  -27.461 0.1000000015
4138  -23.611  -76.604  -28.944 0.1000000015
4588  -22.373  -76.169  -29.363 0.1000000015
4587  -21.291  -75.784  -28.978 0.1000000015
4599  -22.891  -76.024  -30.084 0.1000000015
93203  -21.842  -75.788  -30.472 0.1000000015
4597  -19.609  -75.442  -30.224 0.1000000015
4615  -22.288  -75.533  -30.699 0.1000000015
5634  -21.854  -73.821  -30.534 0.1000000015
4613  -19.722  -75.309  -31.044 0.1000000015
5646  -20.920  -74.802  -30.894 0.1000000015
4614  -21.067  -75.277  -30.900 0.1000000015
6179  -24.806  -73.070  -25.569 0.1000000015
4570  -25.393  -76.981  -25.244 0.1000000015
5055  -24.887  -75.551  -25.846 0.1000000015
5067  -25.306  -75.498  -27.214 0.1000000015
93243  -25.312  -77.078  -26.665 0.1000000015
4126  -24.987  -77.769  -26.741 0.1000000015
4131  -24.366  -77.282  -27.766 0.1000000015
4589  -24.599  -76.627  -28.679 0.1000000015
4600  -23.829  -76.211  -29.726 0.1000000015
4616  -23.454  -75.501  -30.624 0.1000000015
102926  -27.628  -70.314  -26.900 0.1000000015
6794  -26.256  -71.219  -27.589 0.1000000015
6809  -25.923  -71.774  -28.311 0.1000000015
6229  -25.478  -72.165  -29.080 0.1000000015
6248  -24.261  -72.663  -30.298 0.1000000015
5648  -24.116  -73.653  -30.880 0.1000000015
5099  -23.540  -74.680  -31.049 0.1000000015
106441  -21.818  -74.680  -30.949 0.1000000015
5098  -22.486  -75.041  -31.064 0.1000000015
6733  -25.716  -71.322  -24.086 0.1000000015
6754  -26.461  -71.656  -24.697 0.2000000030
6163  -24.416  -72.728  -24.812 0.1000000015
6755  -27.505  -71.612  -24.572 0.1000000015
6777  -27.040  -72.051  -25.357 0.1000000015
6164  -25.217  -72.448  -25.009 0.1000000015
6181  -26.512  -72.672  -25.984 0.1000000015
6201  -25.316  -73.423  -26.264 0.1000000015
13050  -29.759  -62.640  -26.407 0.1000000015
12321  -31.164  -63.420  -27.297 0.1000000015
5603  -26.076  -73.785  -27.241 0.1000000015
5618  -25.776  -75.116  -28.091 0.1000000015
11528  -31.075  -64.230  -28.004 0.1000000015
10775  -31.511  -65.083  -27.795 0.1000000015
10080  -31.852  -66.136  -27.650 0.1000000015
8714  -30.980  -67.854  -27.729 0.1000000015
101109  -30.546  -68.806  -27.661 0.1000000015
8084  -29.692  -69.510  -27.403 0.1000000015
5619  -26.224  -74.603  -28.365 0.1000000015
5078  -25.877  -75.077  -29.434 0.1000000015
4601  -24.471  -75.788  -29.938 0.1000000015
9378  -30.934  -66.800  -27.826 0.1000000015
8705  -29.606  -68.203  -27.380 0.1000000015
7449  -29.252  -70.530  -27.557 0.1000000015
6812  -29.350  -71.761  -28.514 0.1000000015
6829  -27.332  -72.399  -29.290 0.1000000015
5088  -25.238  -75.299  -30.116 0.1000000015
8704  -28.795  -68.890  -26.865 0.1000000015
7448  -28.149  -70.760  -27.404 0.1000000015
91894  -27.797  -71.956  -28.790 0.1000000015
6268  -25.714  -72.892  -30.752 0.1000000015
6267  -24.933  -72.928  -30.818 0.1000000015
6810  -26.971  -71.737  -28.396 0.1000000015
6828  -26.480  -72.256  -29.345 0.1000000015
6249  -25.196  -72.490  -30.208 0.1000000015
5649  -25.262  -73.731  -30.822 0.1000000015
7419  -27.734  -71.270  -23.852 0.1000000015
7396  -27.239  -70.660  -23.569 0.2000000030
91143  -26.281  -70.672  -23.612 0.1000000015
8025  -26.685  -69.675  -22.591 0.2000000030
8010  -26.165  -69.238  -21.790 0.2000000030
7397  -28.342  -71.030  -23.142 0.1000000015
6735  -28.811  -71.912  -23.934 0.1000000015
14521  -28.856  -60.628  -25.499 0.1000000015
6182  -27.609  -72.617  -26.189 0.1000000015
6203  -26.989  -73.291  -27.181 0.1000000015
6204  -28.212  -72.958  -27.359 0.1000000015
12322  -31.723  -63.970  -27.268 0.1000000015
9380  -32.116  -66.977  -27.302 0.1000000015
8715  -32.033  -67.844  -27.452 0.1000000015
8092  -31.657  -68.886  -27.443 0.1000000015
7450  -30.750  -70.504  -27.665 0.1000000015
6813  -30.104  -71.970  -28.268 0.1000000015
6253  -28.459  -72.793  -28.881 0.1000000015
5637  -26.858  -73.425  -30.143 0.1000000015
5636  -26.453  -74.322  -29.871 0.1000000015
5651  -26.382  -72.938  -30.493 0.1000000015
5100  -24.659  -74.875  -30.910 0.1000000015
9310  -28.374  -67.239  -21.640 0.1000000015
89983  -28.215  -67.989  -21.977 0.1000000015
8039  -28.691  -69.768  -22.688 0.1000000015
8650  -28.337  -68.913  -22.137 0.1000000015
103009  -27.750  -69.086  -21.957 0.2000000030
8633  -27.638  -68.642  -21.534 0.2000000030
8038  -27.508  -70.218  -22.942 0.2000000030
8624  -27.150  -68.168  -20.819 0.2000000030
8632  -26.676  -68.751  -21.278 0.2000000030
103903  -29.102  -71.450  -23.293 0.1000000015
7398  -29.192  -70.868  -22.941 0.1000000015
6736  -29.867  -71.746  -23.606 0.1000000015
6183  -29.427  -72.574  -24.975 0.1000000015
13049  -29.132  -62.046  -25.746 0.1000000015
101483  -30.460  -63.254  -26.165 0.1000000015
12315  -29.535  -62.936  -25.229 0.1000000015
12309  -30.221  -63.717  -25.245 0.1000000015
6778  -28.222  -72.251  -25.158 0.1000000015
91661  -28.846  -72.709  -26.147 0.1000000015
15274  -28.953  -59.381  -24.592 0.1000000015
92156  -31.267  -63.471  -26.788 0.1000000015
104974  -31.643  -63.916  -26.749 0.1000000015
10076  -32.337  -66.087  -27.239 0.1000000015
8707  -32.331  -67.725  -27.125 0.1000000015
105563  -32.189  -69.476  -26.973 0.1000000015
96148  -32.180  -70.561  -25.970 0.1000000015
6207  -31.259  -72.579  -26.625 0.1000000015
6184  -30.945  -72.947  -25.838 0.1000000015
94523  -29.307  -59.955  -25.754 0.1000000015
8085  -31.858  -69.984  -27.265 0.1000000015
7451  -32.041  -70.993  -27.276 0.1000000015
6232  -30.864  -72.241  -27.534 0.1000000015
6206  -30.487  -72.773  -26.914 0.1000000015
102034  -28.699  -73.099  -28.373 0.1000000015
16100  -29.684  -58.984  -25.256 0.1000000015
91437  -29.841  -59.467  -26.141 0.1000000015
16109  -30.218  -58.801  -26.588 0.1000000015
16999  -30.631  -58.060  -26.087 0.1000000015
10710  -28.500  -65.685  -21.676 0.1000000015
9346  -28.787  -68.139  -22.564 0.1000000015
10017  -29.106  -66.650  -22.818 0.1000000015
9347  -29.280  -67.500  -23.029 0.1000000015
10001  -28.334  -66.487  -21.224 0.1000000015
9302  -28.254  -67.159  -20.754 0.1000000015
8625  -27.951  -67.858  -21.174 0.2000000030
96266  -29.389  -68.290  -23.127 0.1000000015
8667  -29.107  -69.039  -22.757 0.1000000015
9995  -28.055  -66.876  -20.067 0.2000000030
10031  -29.638  -66.870  -23.547 0.1000000015
8668  -29.812  -69.003  -23.560 0.1000000015
17921  -29.099  -57.148  -23.475 0.1000000015
16096  -28.964  -58.508  -24.157 0.1000000015
16088  -28.435  -58.792  -23.335 0.1000000015
93952  -28.409  -60.887  -24.456 0.1000000015
13045  -28.790  -62.282  -24.545 0.1000000015
90914  -30.205  -66.986  -24.317 0.1000000015
8683  -30.696  -68.892  -24.528 0.1000000015
7399  -30.088  -70.960  -23.569 0.1000000015
14514  -28.625  -60.206  -24.514 0.1000000015
11492  -30.674  -64.511  -25.262 0.1000000015
10758  -31.229  -65.317  -25.519 0.1000000015
93191  -31.939  -66.009  -26.139 0.1000000015
8057  -31.353  -70.013  -25.168 0.1000000015
92802  -30.794  -70.808  -24.386 0.1000000015
6165  -30.397  -72.684  -25.013 0.1000000015
10759  -32.120  -65.220  -26.401 0.1000000015
10067  -31.728  -66.995  -26.019 0.1000000015
8073  -32.086  -69.734  -26.306 0.1000000015
6758  -31.399  -71.910  -25.098 0.1000000015
6779  -31.054  -72.500  -25.172 0.1000000015
16990  -29.211  -57.860  -24.000 0.1000000015
16101  -29.881  -58.365  -25.043 0.1000000015
17007  -30.438  -58.178  -27.377 0.1000000015
10703  -28.244  -65.712  -20.785 0.1000000015
10720  -28.951  -65.742  -22.598 0.1000000015
101775  -28.418  -63.220  -20.301 0.1000000015
12227  -28.359  -63.503  -19.595 0.1000000015
9996  -28.250  -66.485  -20.377 0.1000000015
91962  -28.657  -64.355  -22.055 0.1000000015
11427  -28.342  -64.406  -19.507 0.1000000015
93189  -28.333  -65.308  -19.329 0.1000000015
11480  -28.865  -64.057  -22.880 0.1000000015
11465  -28.998  -64.879  -22.753 0.1000000015
9987  -28.191  -66.363  -19.810 0.2000000030
16980  -28.541  -57.877  -23.075 0.1000000015
15271  -28.348  -59.695  -23.447 0.1000000015
88259  -28.279  -60.638  -23.516 0.1000000015
11481  -29.374  -64.641  -23.628 0.1000000015
89710  -28.528  -64.751  -18.652 0.1000000015
12191  -29.576  -63.636  -17.416 0.2000000030
11491  -29.824  -64.271  -24.462 0.1000000015
10049  -30.805  -66.352  -25.096 0.1000000015
8693  -31.574  -68.826  -25.677 0.1000000015
17922  -29.741  -56.603  -24.123 0.1000000015
16991  -29.824  -57.500  -24.642 0.1000000015
17933  -30.582  -57.102  -25.477 0.1000000015
18945  -30.604  -56.093  -24.978 0.1000000015
17934  -31.248  -56.759  -26.313 0.1000000015
17946  -30.887  -57.379  -27.198 0.1000000015
88585  -28.514  -61.937  -20.167 0.1000000015
13012  -28.480  -62.611  -20.665 0.1000000015
94620  -28.540  -61.953  -21.045 0.1000000015
11459  -28.527  -63.968  -21.390 0.1000000015
12995  -28.430  -62.689  -19.769 0.1000000015
11444  -28.234  -65.010  -20.216 0.1000000015
12280  -28.571  -63.403  -22.100 0.1000000015
11416  -28.523  -63.846  -18.790 0.1000000015
12298  -28.726  -63.226  -23.139 0.1000000015
13027  -28.518  -62.584  -21.566 0.1000000015
12972  -29.358  -62.364  -18.103 0.1000000015
89984  -28.710  -56.967  -22.234 0.1000000015
102970  -28.358  -58.429  -22.430 0.1000000015
15263  -28.299  -59.178  -22.394 0.1000000015
100126  -28.392  -61.627  -23.759 0.1000000015
13040  -28.610  -62.530  -23.597 0.1000000015
12299  -29.190  -63.841  -23.765 0.1000000015
12209  -28.931  -63.191  -18.142 0.1000000015
17909  -29.114  -56.304  -22.955 0.1000000015
12308  -29.524  -63.585  -24.523 0.1000000015
10744  -30.144  -65.255  -24.479 0.1000000015
18933  -29.707  -55.728  -23.532 0.1000000015
100517  -31.138  -55.317  -25.330 0.1000000015
19897  -31.677  -55.288  -26.624 0.1000000015
14478  -29.125  -60.565  -19.527 0.1000000015
13748  -28.740  -61.223  -19.762 0.1000000015
13749  -29.042  -61.256  -19.089 0.1000000015
14495  -28.775  -60.419  -20.157 0.1000000015
12970  -28.645  -62.032  -19.226 0.1000000015
104557  -28.531  -61.528  -21.300 0.1000000015
13733  -29.132  -61.851  -18.621 0.1000000015
12208  -28.434  -62.919  -18.944 0.1000000015
13035  -28.518  -62.354  -22.631 0.1000000015
13774  -28.500  -61.814  -21.794 0.1000000015
93287  -29.800  -61.758  -18.267 0.1000000015
18926  -29.323  -55.572  -22.332 0.1000000015
13778  -28.369  -61.299  -22.589 0.1000000015
88758  -28.481  -61.077  -21.621 0.1000000015
12210  -29.826  -62.796  -17.605 0.1000000015
18914  -28.975  -56.165  -21.955 0.1000000015
14509  -28.315  -60.235  -22.275 0.1000000015
12973  -31.616  -62.162  -18.399 0.1000000015
19872  -29.844  -54.965  -22.798 0.1000000015
19885  -30.374  -55.146  -24.023 0.1000000015
19886  -30.443  -54.405  -23.218 0.1000000015
89767  -30.990  -54.534  -24.458 0.1000000015
106191  -31.586  -54.710  -25.669 0.1000000015
20778  -31.660  -53.985  -25.169 0.1000000015
92905  -29.023  -58.932  -19.871 0.1000000015
15233  -29.112  -59.750  -19.753 0.1000000015
14465  -29.649  -60.737  -19.142 0.1000000015
13750  -30.459  -60.961  -18.974 0.1000000015
16078  -28.403  -58.567  -21.547 0.1000000015
15258  -28.424  -59.441  -21.363 0.1000000015
16066  -28.628  -58.737  -20.587 0.1000000015
15248  -28.710  -59.588  -20.415 0.1000000015
13734  -29.732  -61.300  -18.693 0.1000000015
91294  -28.449  -57.796  -21.865 0.1000000015
13735  -31.804  -61.924  -18.957 0.1000000015
96129  -30.322  -62.074  -17.908 0.1000000015
12211  -30.843  -62.416  -17.492 0.1000000015
20761  -31.080  -53.736  -23.613 0.1000000015
20762  -31.857  -53.214  -24.600 0.1000000015
21637  -32.848  -51.931  -25.063 0.1000000015
93797  -29.675  -60.033  -19.399 0.1000000015
14479  -30.233  -60.372  -19.203 0.1000000015
14480  -31.018  -60.410  -19.223 0.1000000015
18915  -29.216  -55.609  -21.193 0.1000000015
17881  -28.858  -56.955  -20.533 0.1000000015
92913  -28.609  -57.814  -20.785 0.1000000015
16054  -28.959  -58.123  -19.970 0.1000000015
19873  -30.125  -54.305  -22.101 0.1000000015
19856  -29.620  -54.883  -21.678 0.1000000015
17894  -28.815  -56.473  -21.224 0.1000000015
91686  -30.761  -61.593  -18.567 0.1000000015
94852  -30.598  -53.861  -22.513 0.1000000015
103898  -31.465  -53.005  -23.310 0.1000000015
101029  -31.703  -52.518  -22.352 0.1000000015
21619  -32.404  -51.837  -23.209 0.1000000015
21636  -32.105  -52.510  -23.975 0.1000000015
16055  -29.431  -58.374  -19.560 0.1000000015
15234  -29.711  -59.117  -19.420 0.1000000015
15235  -30.431  -59.722  -19.299 0.1000000015
15236  -31.403  -59.551  -19.422 0.1000000015
16939  -29.562  -57.574  -19.546 0.1000000015
16952  -29.017  -57.432  -20.057 0.1000000015
20749  -31.057  -53.284  -22.339 0.1000000015
20748  -30.579  -53.719  -21.555 0.1000000015
22439  -33.176  -51.158  -24.188 0.1000000015
16056  -30.059  -58.240  -19.312 0.1000000015
96272  -30.618  -58.904  -19.328 0.1000000015
19857  -30.124  -54.293  -21.117 0.1000000015
17882  -29.231  -56.178  -20.433 0.1000000015
16953  -29.405  -56.796  -19.877 0.1000000015
22403  -32.304  -51.924  -21.868 0.1000000015
23193  -33.724  -50.490  -23.982 0.1000000015
23958  -34.319  -50.057  -25.289 0.1000000015
16940  -30.400  -57.469  -19.328 0.1000000015
17866  -29.912  -55.951  -19.751 0.1000000015
92337  -30.049  -56.774  -19.441 0.1000000015
20737  -31.212  -53.013  -21.085 0.1000000015
20736  -30.722  -53.822  -20.587 0.1000000015
19839  -29.762  -54.884  -20.697 0.1000000015
18904  -29.621  -55.481  -20.329 0.1000000015
23170  -33.300  -50.749  -22.899 0.1000000015
105364  -34.038  -50.166  -23.698 0.1000000015
23943  -34.418  -49.935  -23.489 0.1000000015
102256  -30.563  -55.488  -19.559 0.1000000015
96786  -30.320  -54.433  -20.397 0.1000000015
19840  -30.840  -54.284  -19.932 0.1000000015
18890  -30.223  -54.989  -19.912 0.1000000015
21606  -31.923  -52.460  -21.265 0.1000000015
22420  -32.803  -51.238  -22.447 0.1000000015
23171  -33.816  -50.331  -22.682 0.1000000015
23944  -35.030  -49.703  -23.131 0.1000000015
23150  -33.306  -50.849  -21.912 0.1000000015
23945  -35.657  -49.942  -23.048 0.1000000015
23172  -34.453  -50.214  -22.385 0.1000000015
22404  -32.903  -51.549  -21.510 0.1000000015
23151  -33.964  -50.647  -21.662 0.1000000015
23173  -35.089  -50.444  -22.422 0.1000000015
3482  -24.352  -78.549  -25.081 0.1000000015
4117  -22.730  -78.040  -25.664 0.1000000015
4132  -25.021  -77.204  -27.548 0.1000000015
4130  -23.369  -77.082  -27.890 0.1000000015
4129  -22.404  -76.584  -27.762 0.1000000015
5066  -24.601  -74.392  -26.084 0.1000000015
5589  -24.755  -73.709  -26.004 0.1000000015
5602  -25.335  -74.263  -26.969 0.1000000015
4581  -25.148  -76.570  -27.813 0.1000000015
5077  -25.374  -75.921  -28.881 0.1000000015
98004  -27.150  -71.007  -27.352 0.1000000015
6808  -24.629  -71.740  -28.230 0.1000000015
6228  -24.526  -72.274  -29.219 0.1000000015
6753  -25.659  -71.946  -24.618 0.1000000015
6776  -26.076  -72.243  -25.212 0.1000000015
7380  -26.730  -70.216  -23.216 0.2000000030
6202  -25.999  -73.154  -26.431 0.1000000015
11517  -32.058  -64.725  -27.341 0.1000000015
104879  -30.934  -69.556  -27.575 0.1000000015
7460  -29.929  -71.283  -28.074 0.1000000015
7458  -27.868  -71.428  -28.109 0.1000000015
7461  -31.008  -71.493  -27.719 0.1000000015
6254  -29.111  -72.358  -28.632 0.1000000015
6250  -26.081  -72.477  -30.189 0.1000000015
6252  -27.741  -72.812  -29.298 0.1000000015
5089  -25.693  -74.553  -30.503 0.1000000015
5650  -26.128  -73.604  -30.612 0.1000000015
95514  -28.353  -70.300  -22.764 0.1000000015
5620  -27.113  -74.030  -28.835 0.1000000015
10768  -32.365  -65.250  -27.122 0.1000000015
8706  -32.232  -68.633  -27.056 0.1000000015
6795  -31.740  -71.892  -26.947 0.1000000015
5622  -28.328  -73.049  -28.976 0.1000000015
8040  -29.494  -70.004  -23.158 0.1000000015
11506  -31.983  -64.487  -26.754 0.1000000015
92932  -30.023  -72.934  -25.980 0.1000000015
9368  -32.214  -67.439  -26.747 0.1000000015
8694  -32.129  -68.555  -26.651 0.1000000015
103809  -32.358  -70.246  -26.672 0.1000000015
7437  -32.115  -71.303  -26.170 0.1000000015
6205  -29.401  -72.814  -27.440 0.1000000015
91647  -28.449  -64.806  -21.227 0.1000000015
10016  -28.603  -66.488  -22.100 0.1000000015
9327  -28.704  -67.305  -22.384 0.1000000015
9357  -29.975  -67.869  -23.872 0.1000000015
9971  -28.179  -65.948  -19.294 0.2000000030
8056  -30.355  -69.967  -24.004 0.1000000015
10048  -29.991  -66.163  -23.965 0.1000000015
7420  -30.767  -71.577  -24.270 0.1000000015
9367  -31.829  -67.917  -26.090 0.1000000015
9358  -30.915  -67.698  -25.116 0.1000000015
18946  -31.460  -56.086  -26.398 0.1000000015
21654  -32.603  -52.662  -25.693 0.1000000015
92227  -38.313  -64.633  -11.108 0.5000000000
103047  -39.959  -69.408  -14.913 0.5000000000
7924  -40.357  -69.933  -14.756 0.5000000000
12108  -37.095  -63.904  -11.662 0.5000000000
11328  -39.502  -64.781  -11.223 0.5000000000
11329  -40.458  -65.157  -10.756 0.5000000000
8570  -40.808  -69.054  -14.588 0.5000000000
12889  -35.093  -62.471  -12.032 0.5000000000
12890  -35.908  -62.988  -11.939 0.5000000000
11336  -37.839  -64.191  -11.911 0.5000000000
9247  -42.112  -67.988  -13.775 0.5000000000
12117  -36.702  -63.375  -12.232 0.5000000000
12891  -36.400  -62.883  -12.746 0.5000000000
12119  -38.230  -63.919  -12.677 0.5000000000
12123  -37.064  -63.082  -13.006 0.4000000060
104491  -39.012  -64.170  -12.740 0.4000000060
9262  -39.003  -66.980  -15.246 0.5000000000
9932  -38.382  -66.523  -15.382 0.5000000000
9933  -39.434  -66.223  -15.058 0.5000000000
10613  -39.446  -65.165  -14.420 0.5000000000
12145  -40.718  -63.884  -15.147 0.5000000000
11373  -40.076  -64.438  -14.683 0.5000000000
12174  -41.328  -63.537  -16.339 0.4000000060
12961  -42.067  -63.283  -18.644 0.4000000060
6061  -38.383  -73.007  -13.681 0.1000000015
102529  -39.887  -70.449  -14.933 0.5000000000
12107  -36.426  -63.567  -11.260 0.5000000000
11327  -37.475  -64.345  -11.156 0.5000000000
10597  -38.947  -64.989  -10.698 0.5000000000
10590  -40.871  -65.625  -10.120 0.4000000060
7925  -41.727  -69.108  -14.060 0.5000000000
13646  -34.235  -61.914  -11.955 0.5000000000
12881  -35.319  -62.824  -11.203 0.5000000000
94162  -32.319  -60.018  -11.649 0.5000000000
14391  -32.943  -60.612  -12.060 0.5000000000
15140  -32.150  -59.322  -12.275 0.4000000060
13653  -33.595  -61.198  -12.588 0.3000000119
12894  -34.851  -62.079  -12.807 0.5000000000
12895  -35.698  -62.449  -12.979 0.4000000060
12124  -37.829  -63.350  -13.217 0.4000000060
88223  -40.756  -64.710  -12.701 0.6999999881
14390  -32.711  -59.870  -12.654 0.3000000119
14396  -33.260  -60.427  -13.141 0.3000000119
13657  -34.323  -61.565  -13.182 0.3000000119
12896  -36.579  -62.584  -13.451 0.4000000060
11346  -39.847  -64.181  -13.080 0.5000000000
10609  -41.603  -65.523  -12.646 0.6000000238
9905  -42.452  -66.838  -12.668 0.6000000238
93806  -40.646  -67.974  -14.480 0.5000000000
9244  -39.037  -67.664  -15.098 0.3000000119
12131  -38.888  -63.104  -14.084 0.4000000060
12127  -41.127  -64.043  -13.400 0.5000000000
11347  -41.379  -64.761  -13.440 0.6000000238
10615  -41.279  -65.052  -13.348 0.6000000238
9912  -40.057  -66.535  -14.369 0.5000000000
12900  -36.021  -62.089  -13.900 0.4000000060
106111  -37.414  -62.375  -14.280 0.4000000060
12898  -40.706  -63.428  -14.005 0.5000000000
12133  -41.810  -63.761  -13.793 0.5000000000
11354  -42.145  -64.422  -13.830 0.5000000000
11353  -40.834  -64.831  -14.073 0.5000000000
13661  -35.533  -61.456  -14.328 0.4000000060
13663  -37.389  -61.848  -14.675 0.4000000060
12901  -39.073  -62.511  -14.781 0.5000000000
12904  -42.739  -63.672  -14.666 0.5000000000
12148  -43.154  -63.991  -14.930 0.4000000060
11374  -41.488  -64.392  -14.568 0.5000000000
12915  -40.872  -62.494  -15.379 0.5000000000
12917  -43.236  -63.378  -15.616 0.5000000000
93407  -43.618  -63.453  -16.129 0.4000000060
12146  -42.092  -64.084  -15.358 0.4000000060
13684  -41.501  -62.005  -16.106 0.5000000000
12962  -44.240  -62.493  -17.611 0.4000000060
12199  -43.806  -63.303  -17.283 0.4000000060
12197  -42.009  -63.440  -17.316 0.4000000060
13706  -43.440  -62.072  -17.227 0.3000000119
12963  -44.530  -62.375  -18.079 0.4000000060
12984  -43.954  -62.867  -19.065 0.3000000119
13004  -43.370  -62.581  -19.961 0.3000000119
12982  -41.417  -63.115  -20.061 0.3000000119
5444  -38.306  -73.420  -12.780 0.1000000015
5453  -37.808  -73.654  -13.278 0.1000000015
6050  -38.756  -72.869  -12.617 0.1000000015
7259  -40.287  -70.709  -12.709 0.4000000060
6646  -39.941  -71.155  -13.608 0.4000000060
6659  -39.274  -71.534  -14.482 0.4000000060
7288  -40.371  -70.512  -14.300 0.5000000000
7270  -40.743  -70.473  -13.346 0.4000000060
102833  -41.410  -70.000  -13.106 0.5000000000
7906  -41.151  -69.841  -14.046 0.5000000000
12101  -36.187  -63.817  -10.346 0.5000000000
11317  -37.412  -64.729  -10.605 0.5000000000
11318  -38.279  -65.035  -10.641 0.5000000000
8544  -42.578  -68.924  -12.504 0.5000000000
7907  -41.937  -69.372  -13.334 0.5000000000
13645  -33.459  -61.229  -11.091 0.5000000000
12880  -34.711  -62.447  -10.960 0.5000000000
12106  -35.731  -63.292  -10.802 0.5000000000
14383  -32.678  -60.541  -10.822 0.5000000000
9899  -43.048  -67.118  -11.104 0.6000000238
15972  -31.585  -58.770  -12.163 0.4000000060
17783  -32.146  -56.742  -12.043 0.2000000030
14397  -33.886  -60.869  -13.630 0.4000000060
16854  -31.820  -57.844  -12.534 0.3000000119
15145  -32.532  -59.099  -13.108 0.3000000119
17789  -32.316  -56.815  -12.481 0.3000000119
15983  -32.446  -58.315  -13.479 0.4000000060
14404  -33.608  -60.082  -14.024 0.4000000060
15155  -32.850  -58.831  -13.958 0.3000000119
14405  -34.293  -60.440  -14.406 0.4000000060
13664  -38.284  -61.849  -15.061 0.4000000060
12913  -38.979  -61.815  -15.399 0.4000000060
15156  -33.385  -59.288  -14.392 0.3000000119
14424  -34.754  -60.005  -15.090 0.3000000119
13681  -38.555  -61.149  -15.774 0.3000000119
13683  -40.339  -61.643  -16.027 0.4000000060
14427  -37.956  -60.517  -15.973 0.3000000119
13704  -40.839  -61.175  -16.948 0.3000000119
13722  -44.058  -61.769  -18.256 0.4000000060
13737  -43.892  -61.700  -19.234 0.3000000119
14428  -38.528  -60.610  -16.220 0.2000000030
14443  -39.800  -60.323  -17.365 0.2000000030
14456  -41.781  -60.832  -18.553 0.3000000119
14471  -42.941  -61.429  -19.738 0.3000000119
14453  -39.110  -59.940  -17.352 0.1000000015
14454  -39.753  -60.039  -18.230 0.2000000030
14470  -42.025  -61.015  -19.358 0.4000000060
16912  -36.053  -56.982  -17.293 0.1000000015
6631  -39.028  -72.152  -12.346 0.1000000015
6632  -39.501  -71.375  -12.738 0.1000000015
7250  -40.576  -70.169  -12.136 0.5000000000
7260  -41.063  -70.232  -12.419 0.4000000060
7261  -41.843  -69.666  -12.341 0.4000000060
11316  -36.533  -64.471  -10.290 0.5000000000
10588  -37.843  -65.352  -10.534 0.4000000060
9886  -39.398  -66.326  -10.116 0.4000000060
9218  -41.209  -67.293  -9.700 0.4000000060
8533  -42.530  -68.414  -10.781 0.5000000000
7887  -42.298  -69.147  -11.522 0.5000000000
12879  -34.054  -61.974  -10.520 0.5000000000
12105  -35.079  -63.001  -10.283 0.5000000000
12100  -35.423  -63.638  -10.025 0.4000000060
8545  -42.901  -68.330  -11.638 0.4000000060
15136  -31.239  -59.250  -11.672 0.4000000060
15130  -32.000  -60.140  -10.741 0.4000000060
14377  -33.005  -61.004  -10.018 0.5000000000
15971  -30.909  -58.382  -11.845 0.4000000060
98034  -31.716  -59.610  -11.545 0.5000000000
16852  -30.910  -57.206  -11.673 0.3000000119
16853  -31.491  -57.710  -12.121 0.3000000119
17782  -31.859  -56.669  -11.669 0.3000000119
17770  -32.890  -55.988  -11.272 0.2000000030
18766  -33.591  -55.779  -10.537 0.1000000015
87887  -33.356  -55.820  -11.592 0.3000000119
17771  -34.245  -56.053  -10.829 0.1000000015
17797  -32.439  -56.748  -13.199 0.3000000119
17790  -32.871  -55.965  -12.351 0.2000000030
15993  -33.161  -58.485  -14.727 0.2000000030
15177  -34.475  -59.223  -15.405 0.2000000030
18835  -32.656  -56.004  -14.400 0.2000000030
16005  -33.493  -58.062  -15.413 0.2000000030
15178  -35.313  -59.508  -15.658 0.2000000030
16888  -32.748  -56.989  -15.172 0.2000000030
16006  -34.205  -58.415  -15.709 0.1000000015
14426  -37.160  -60.085  -15.955 0.2000000030
14442  -38.514  -60.152  -16.641 0.2000000030
17824  -33.376  -56.257  -16.023 0.1000000015
16022  -34.741  -57.880  -16.255 0.1000000015
15196  -36.969  -59.261  -16.522 0.1000000015
15198  -38.441  -59.575  -17.220 0.1000000015
17825  -34.078  -56.248  -16.440 0.1000000015
16900  -35.389  -57.211  -16.772 0.1000000015
16024  -36.515  -58.409  -16.769 0.1000000015
16901  -36.201  -57.633  -17.029 0.1000000015
17831  -35.774  -56.387  -17.185 0.1000000015
19800  -36.171  -55.013  -17.125 0.1000000015
7258  -39.015  -71.377  -12.268 0.3000000119
7897  -39.740  -70.610  -12.311 0.3000000119
8542  -37.373  -69.200  -12.368 0.3000000119
8543  -38.180  -69.470  -12.289 0.3000000119
7885  -40.419  -69.792  -11.677 0.3000000119
7886  -41.333  -69.692  -11.548 0.4000000060
9227  -37.506  -67.859  -11.397 0.3000000119
8530  -38.872  -68.892  -11.657 0.3000000119
8532  -41.078  -69.171  -10.765 0.5000000000
94718  -41.831  -69.017  -10.823 0.5000000000
10586  -36.063  -65.135  -10.202 0.4000000060
94465  -37.183  -65.960  -10.620 0.5000000000
9216  -38.901  -67.196  -10.526 0.4000000060
9217  -39.998  -67.283  -10.032 0.4000000060
8519  -41.845  -68.242  -10.144 0.5000000000
106454  -30.930  -59.813  -10.946 0.4000000060
13642  -32.439  -61.218  -9.756 0.4000000060
12878  -34.345  -62.673  -9.906 0.5000000000
12099  -34.576  -63.450  -9.821 0.5000000000
16847  -29.712  -57.132  -11.071 0.4000000060
16848  -30.247  -57.751  -11.495 0.4000000060
15963  -30.779  -59.263  -11.485 0.4000000060
14376  -32.311  -60.621  -10.087 0.5000000000
17768  -30.349  -56.547  -11.120 0.4000000060
18764  -30.839  -55.785  -10.688 0.3000000119
17769  -31.405  -56.333  -11.226 0.3000000119
18765  -32.101  -55.718  -10.647 0.3000000119
105500  -32.385  -56.064  -11.095 0.3000000119
18742  -32.934  -55.104  -9.993 0.3000000119
18743  -34.641  -55.710  -9.688 0.1000000015
86089  -36.530  -56.913  -10.245 0.1000000015
86090  -35.390  -56.407  -10.878 0.1000000015
18791  -34.203  -55.652  -11.597 0.2000000030
18793  -36.417  -56.848  -10.322 0.1000000015
18792  -35.846  -56.096  -11.334 0.1000000015
17798  -32.775  -55.931  -13.118 0.2000000030
18817  -34.553  -55.144  -11.813 0.2000000030
18816  -33.322  -55.299  -12.570 0.2000000030
19755  -33.409  -54.641  -13.337 0.1000000015
18848  -33.163  -55.522  -15.611 0.1000000015
19778  -33.476  -54.731  -15.181 0.1000000015
18856  -33.796  -55.503  -16.255 0.1000000015
17826  -34.951  -56.341  -16.743 0.1000000015
106359  -34.409  -54.401  -15.988 0.1000000015
19789  -34.401  -54.888  -16.372 0.1000000015
19790  -35.223  -54.928  -16.719 0.1000000015
20702  -35.832  -53.561  -16.076 0.1000000015
89950  -35.988  -54.324  -16.664 0.1000000015
20703  -36.723  -52.956  -16.116 0.1000000015
102028  -36.719  -53.673  -16.676 0.1000000015
20704  -37.165  -53.125  -16.877 0.1000000015
22367  -37.222  -52.000  -17.264 0.1000000015
7895  -37.444  -69.830  -12.423 0.3000000119
7256  -37.622  -70.610  -12.200 0.2000000030
8527  -35.960  -68.487  -12.075 0.3000000119
9894  -36.291  -66.722  -10.917 0.4000000060
93833  -34.756  -66.322  -10.651 0.3000000119
94512  -30.563  -60.160  -10.965 0.3000000119
106041  -32.041  -60.814  -9.849 0.3000000119
12876  -32.407  -61.911  -9.612 0.4000000060
11314  -34.018  -64.078  -9.797 0.4000000060
10596  -34.280  -65.845  -10.445 0.3000000119
15962  -29.438  -58.178  -11.229 0.3000000119
15128  -30.008  -59.295  -11.404 0.3000000119
12097  -32.674  -63.322  -9.740 0.4000000060
11325  -34.179  -65.083  -9.888 0.4000000060
10595  -33.544  -65.724  -10.759 0.3000000119
19692  -29.730  -54.736  -9.395 0.3000000119
105058  -29.759  -56.540  -10.824 0.3000000119
18763  -29.803  -55.979  -10.553 0.3000000119
19672  -30.164  -54.046  -8.920 0.3000000119
18740  -30.236  -55.220  -10.098 0.3000000119
20598  -31.046  -53.807  -9.120 0.3000000119
18741  -31.406  -55.110  -10.145 0.3000000119
19694  -31.783  -54.411  -9.568 0.3000000119
19695  -32.801  -54.351  -9.461 0.2000000030
19696  -33.950  -54.769  -9.540 0.1000000015
20577  -33.763  -53.052  -8.939 0.1000000015
90545  -34.203  -52.449  -8.668 0.1000000015
19697  -35.486  -55.402  -9.425 0.1000000015
20578  -34.566  -52.947  -9.393 0.1000000015
96953  -36.692  -55.861  -8.962 0.1000000015
20603  -36.356  -55.728  -9.114 0.1000000015
19729  -35.965  -56.530  -10.442 0.1000000015
19749  -34.342  -54.168  -12.044 0.2000000030
20661  -33.965  -53.210  -12.688 0.1000000015
20668  -33.671  -53.960  -13.842 0.1000000015
20680  -33.848  -54.011  -14.679 0.1000000015
20681  -34.065  -53.263  -14.189 0.1000000015
20692  -34.428  -53.281  -15.055 0.1000000015
20701  -34.803  -53.766  -15.765 0.1000000015
20693  -35.260  -53.046  -15.481 0.1000000015
21558  -36.572  -52.195  -15.535 0.1000000015
21570  -37.058  -52.305  -16.389 0.1000000015
22354  -36.839  -51.631  -15.801 0.1000000015
22377  -36.917  -51.264  -16.561 0.1000000015
22378  -37.162  -51.132  -17.594 0.1000000015
7247  -36.271  -70.437  -11.585 0.2000000030
7248  -37.084  -70.883  -11.713 0.2000000030
7873  -35.435  -69.966  -11.210 0.2000000030
7871  -34.132  -68.902  -11.127 0.2000000030
91300  -35.269  -68.673  -11.903 0.3000000119
9225  -35.126  -67.935  -11.771 0.3000000119
13641  -31.772  -61.234  -9.870 0.3000000119
101894  -32.365  -62.577  -9.651 0.3000000119
9892  -33.950  -66.554  -11.058 0.3000000119
15127  -28.850  -59.073  -11.025 0.3000000119
12875  -31.678  -62.199  -9.973 0.3000000119
12096  -31.868  -63.067  -10.064 0.3000000119
11323  -32.473  -64.398  -10.659 0.3000000119
18739  -29.301  -55.549  -9.842 0.3000000119
95742  -28.605  -56.820  -10.162 0.3000000119
12095  -31.189  -62.911  -10.484 0.3000000119
12104  -31.947  -63.787  -10.457 0.3000000119
10594  -32.729  -65.452  -10.976 0.2000000030
19671  -29.433  -54.417  -8.567 0.2000000030
20574  -30.614  -53.461  -8.432 0.3000000119
97028  -31.326  -53.300  -8.653 0.3000000119
20599  -32.094  -53.618  -9.057 0.2000000030
20600  -33.288  -53.801  -9.198 0.1000000015
21446  -32.534  -52.348  -8.134 0.2000000030
21447  -33.408  -52.392  -8.378 0.1000000015
22238  -34.109  -51.909  -8.110 0.1000000015
89049  -35.067  -51.755  -8.161 0.1000000015
89891  -37.006  -51.647  -7.136 0.1000000015
89415  -38.959  -52.455  -7.046 0.1000000015
21448  -34.980  -52.220  -8.837 0.1000000015
89403  -35.859  -51.649  -8.138 0.1000000015
90277  -36.663  -51.645  -8.086 0.1000000015
21430  -38.824  -52.283  -7.977 0.1000000015
21432  -40.350  -52.840  -7.723 0.1000000015
19661  -42.785  -54.147  -6.959 0.1000000015
20602  -35.430  -54.281  -9.783 0.1000000015
22239  -35.663  -51.799  -8.802 0.1000000015
88087  -36.340  -51.603  -8.810 0.1000000015
22241  -38.229  -51.985  -8.289 0.1000000015
21450  -40.017  -52.725  -8.536 0.1000000015
21451  -40.752  -53.025  -8.533 0.1000000015
20624  -36.032  -54.430  -9.959 0.1000000015
21464  -35.052  -52.945  -9.815 0.1000000015
19712  -36.311  -54.891  -10.822 0.1000000015
97344  -35.196  -54.139  -11.344 0.2000000030
20669  -33.891  -53.376  -13.466 0.1000000015
21528  -34.232  -52.621  -13.480 0.1000000015
21542  -34.630  -52.633  -14.357 0.1000000015
21556  -35.004  -52.679  -14.959 0.1000000015
21557  -35.776  -52.458  -15.125 0.1000000015
22353  -36.136  -51.773  -14.827 0.1000000015
20694  -36.075  -52.829  -15.645 0.1000000015
105628  -36.597  -51.467  -15.238 0.1000000015
23097  -36.659  -50.823  -15.602 0.1000000015
9211  -30.794  -67.136  -9.830 0.2000000030
9214  -33.136  -67.560  -11.071 0.2000000030
9224  -34.335  -67.427  -11.397 0.3000000119
104371  -34.503  -66.848  -11.140 0.3000000119
10584  -29.997  -66.071  -10.132 0.2000000030
9212  -31.410  -66.979  -10.241 0.2000000030
9222  -32.812  -66.847  -11.096 0.2000000030
9223  -33.495  -67.122  -11.210 0.3000000119
14372  -28.725  -60.669  -11.120 0.3000000119
104279  -29.136  -61.300  -11.211 0.3000000119
12874  -30.663  -62.384  -10.609 0.3000000119
16835  -28.213  -57.458  -9.980 0.3000000119
15122  -27.981  -59.090  -10.339 0.3000000119
105918  -28.973  -62.029  -11.195 0.3000000119
12094  -30.373  -63.382  -10.869 0.3000000119
19644  -29.132  -53.997  -6.965 0.2000000030
18720  -28.573  -55.477  -8.642 0.3000000119
103133  -31.548  -64.366  -10.917 0.2000000030
10593  -31.787  -65.229  -11.107 0.2000000030
19659  -29.256  -54.190  -7.706 0.2000000030
20573  -29.860  -53.742  -8.128 0.2000000030
20547  -30.239  -53.013  -6.779 0.2000000030
21414  -31.047  -52.528  -7.136 0.3000000119
20559  -31.132  -52.894  -8.033 0.3000000119
20575  -31.899  -52.853  -8.459 0.2000000030
90263  -31.915  -51.965  -6.999 0.3000000119
22209  -32.864  -51.575  -6.977 0.2000000030
22210  -33.939  -51.462  -6.704 0.2000000030
22212  -35.425  -51.488  -6.782 0.1000000015
22253  -35.955  -51.515  -9.395 0.1000000015
22240  -37.108  -51.561  -8.801 0.1000000015
90977  -37.936  -51.766  -8.857 0.1000000015
22255  -38.433  -51.527  -9.415 0.1000000015
21481  -35.136  -52.115  -10.096 0.1000000015
22276  -35.535  -51.478  -10.161 0.1000000015
22277  -36.052  -51.095  -9.887 0.1000000015
23004  -37.234  -50.632  -9.886 0.1000000015
21480  -34.806  -52.558  -10.728 0.1000000015
22275  -34.942  -51.727  -10.872 0.1000000015
23020  -35.834  -50.778  -10.524 0.1000000015
23021  -36.475  -50.622  -10.160 0.1000000015
21493  -34.520  -52.063  -11.634 0.1000000015
22288  -34.844  -51.282  -11.693 0.1000000015
23036  -35.199  -50.587  -11.708 0.1000000015
21514  -34.236  -52.344  -12.513 0.1000000015
22305  -34.540  -51.540  -12.426 0.1000000015
23071  -34.681  -51.103  -12.957 0.1000000015
22327  -34.501  -51.771  -13.145 0.1000000015
22341  -34.926  -52.013  -13.829 0.1000000015
21543  -35.388  -52.183  -14.506 0.1000000015
11298  -28.189  -64.843  -8.676 0.3000000119
11306  -28.408  -64.465  -9.557 0.3000000119
11307  -29.036  -64.813  -9.965 0.3000000119
91478  -29.849  -65.056  -10.404 0.2000000030
103838  -30.788  -65.494  -10.679 0.2000000030
9883  -32.356  -66.102  -11.043 0.2000000030
11310  -28.720  -64.024  -10.224 0.3000000119
11311  -29.372  -64.322  -10.429 0.3000000119
11312  -30.513  -64.751  -10.743 0.3000000119
9891  -33.092  -66.337  -11.090 0.2000000030
15952  -27.844  -58.315  -9.715 0.3000000119
15126  -27.714  -59.984  -10.067 0.3000000119
12871  -27.811  -61.721  -10.611 0.3000000119
12093  -29.280  -63.509  -10.755 0.3000000119
11322  -31.094  -64.813  -10.924 0.2000000030
103550  -28.467  -55.141  -7.440 0.2000000030
16834  -27.784  -57.525  -9.156 0.3000000119
16824  -27.636  -57.613  -8.247 0.3000000119
20546  -29.502  -53.518  -6.312 0.2000000030
21396  -30.915  -52.480  -5.648 0.2000000030
98342  -30.724  -52.551  -6.364 0.2000000030
21398  -32.623  -52.029  -5.448 0.3000000119
21416  -32.244  -51.808  -6.220 0.2000000030
22197  -33.165  -51.596  -6.028 0.2000000030
23050  -34.870  -50.809  -12.405 0.1000000015
23072  -35.090  -50.365  -13.108 0.1000000015
22328  -35.026  -51.208  -13.505 0.1000000015
22342  -35.551  -51.432  -14.214 0.1000000015
11291  -28.025  -64.797  -7.652 0.1000000015
12074  -27.452  -63.296  -6.951 0.2000000030
11297  -27.701  -64.082  -8.284 0.3000000119
102728  -27.153  -62.766  -8.495 0.3000000119
12865  -27.144  -61.991  -8.528 0.3000000119
90747  -27.490  -60.176  -9.181 0.3000000119
92494  -27.311  -61.152  -9.004 0.3000000119
91196  -27.783  -56.157  -6.989 0.3000000119
88230  -27.655  -57.015  -7.852 0.3000000119
105431  -27.526  -58.249  -7.753 0.3000000119
15114  -27.483  -59.527  -8.461 0.3000000119
18673  -28.095  -54.964  -5.914 0.2000000030
100413  -29.720  -53.305  -5.456 0.2000000030
20533  -30.371  -52.977  -4.987 0.1000000015
21397  -31.749  -52.216  -5.546 0.2000000030
20499  -31.683  -52.997  -4.328 0.1000000015
21372  -32.153  -52.516  -4.864 0.2000000030
21373  -33.155  -52.543  -4.835 0.2000000030
20501  -33.466  -53.341  -4.357 0.2000000030
99322  -33.913  -52.860  -4.653 0.3000000119
12856  -27.238  -62.495  -7.630 0.3000000119
104300  -27.208  -61.858  -7.824 0.3000000119
88309  -27.233  -61.301  -8.013 0.3000000119
14361  -27.360  -60.451  -8.254 0.3000000119
17700  -27.502  -56.506  -6.287 0.3000000119
16808  -27.514  -57.616  -7.401 0.3000000119
15926  -27.477  -58.998  -7.676 0.3000000119
19630  -28.476  -54.355  -5.331 0.2000000030
20482  -29.691  -53.679  -3.760 0.1000000015
99331  -31.305  -53.450  -3.913 0.1000000015
20484  -32.044  -53.667  -3.921 0.1000000015
20485  -32.927  -53.964  -4.020 0.1000000015
14331  -26.990  -60.245  -5.910 0.3000000119
15059  -26.736  -59.460  -5.473 0.2000000030
14332  -27.309  -60.123  -6.701 0.3000000119
15103  -27.404  -59.862  -7.532 0.3000000119
103749  -27.302  -59.089  -6.470 0.3000000119
18672  -27.538  -55.732  -5.536 0.2000000030
17682  -27.238  -56.556  -5.491 0.3000000119
15907  -27.389  -58.496  -6.818 0.3000000119
19598  -27.731  -54.839  -4.163 0.2000000030
18644  -27.352  -55.502  -4.602 0.2000000030
19566  -30.280  -54.598  -2.742 0.1000000015
18613  -30.584  -55.596  -2.569 0.1000000015
19567  -31.075  -54.867  -3.069 0.1000000015
18628  -31.785  -54.967  -3.386 0.1000000015
19584  -32.328  -54.526  -3.669 0.1000000015
18629  -32.444  -55.423  -3.509 0.1000000015
19585  -33.305  -54.924  -3.746 0.1000000015
18630  -34.021  -55.679  -3.788 0.1000000015
15883  -26.762  -58.623  -5.387 0.2000000030
16769  -26.788  -57.854  -5.218 0.2000000030
92003  -27.234  -55.371  -3.799 0.2000000030
17681  -26.899  -57.071  -5.002 0.2000000030
19564  -28.502  -54.558  -2.554 0.1000000015
19580  -27.639  -54.897  -3.459 0.2000000030
18612  -29.734  -54.934  -2.097 0.1000000015
18614  -31.599  -55.819  -3.162 0.1000000015
18615  -32.457  -56.287  -3.408 0.1000000015
90780  -33.184  -55.912  -3.619 0.1000000015
17631  -33.803  -56.494  -3.630 0.1000000015
16725  -32.786  -57.846  -3.270 0.1000000015
17630  -32.613  -57.074  -3.334 0.1000000015
16726  -33.478  -57.275  -3.434 0.1000000015
16727  -34.379  -57.136  -3.558 0.1000000015
89920  -33.531  -58.142  -3.346 0.1000000015
87948  -34.097  -57.740  -3.434 0.1000000015
11339  -40.682  -65.046  -11.689 0.4000000060
11337  -38.721  -64.403  -12.039 0.5000000000
11338  -39.718  -64.568  -12.293 0.5000000000
9896  -42.739  -66.420  -10.616 0.5000000000
9888  -41.678  -66.371  -9.796 0.4000000060
8569  -39.673  -68.437  -14.865 0.5000000000
9889  -42.488  -66.494  -10.031 0.4000000060
10603  -41.597  -65.477  -11.800 0.5000000000
8555  -42.406  -68.539  -13.479 0.5000000000
10600  -42.255  -65.821  -11.110 0.6000000238
9246  -41.375  -67.757  -14.032 0.5000000000
9245  -39.849  -67.227  -14.884 0.3000000119
9261  -38.307  -67.359  -15.301 0.5000000000
9230  -42.941  -67.360  -12.085 0.5000000000
7949  -38.998  -70.140  -15.439 0.5000000000
9234  -41.829  -67.276  -13.529 0.5000000000
12125  -38.798  -63.601  -13.331 0.4000000060
12173  -40.088  -63.396  -15.881 0.4000000060
12175  -42.824  -63.684  -16.361 0.4000000060
96715  -42.818  -63.085  -19.622 0.3000000119
12983  -43.440  -63.279  -18.431 0.4000000060
6645  -39.150  -72.105  -13.350 0.2000000030
10589  -38.916  -65.518  -10.405 0.5000000000
10599  -41.375  -65.388  -10.803 0.4000000060
12130  -38.179  -63.055  -13.772 0.3000000119
90129  -41.327  -65.320  -12.409 0.6000000238
13658  -35.156  -61.832  -13.591 0.4000000060
12897  -37.423  -62.740  -13.771 0.4000000060
12126  -39.842  -63.552  -13.639 0.5000000000
9904  -41.560  -66.359  -13.127 0.6000000238
10604  -42.166  -65.994  -12.178 0.6000000238
9898  -42.774  -66.531  -11.573 0.6000000238
9913  -40.720  -67.044  -13.971 0.5000000000
90793  -38.066  -62.531  -14.389 0.4000000060
12132  -39.681  -63.143  -14.271 0.4000000060
12128  -42.405  -64.065  -13.762 0.5000000000
9903  -40.787  -66.091  -13.458 0.5000000000
10614  -40.093  -65.635  -13.902 0.5000000000
91332  -36.849  -62.273  -14.163 0.4000000060
13660  -34.623  -61.220  -14.064 0.4000000060
12902  -40.228  -62.805  -14.709 0.5000000000
11356  -43.043  -64.100  -14.130 0.5000000000
11375  -42.660  -64.267  -14.532 0.4000000060
11355  -42.907  -64.199  -13.991 0.5000000000
13662  -36.453  -61.643  -14.512 0.4000000060
14406  -35.097  -60.736  -14.713 0.3000000119
12914  -39.748  -62.151  -15.414 0.5000000000
12903  -41.600  -63.298  -14.519 0.5000000000
12916  -42.231  -62.812  -15.316 0.5000000000
12147  -43.044  -64.047  -15.173 0.4000000060
13705  -42.086  -61.638  -16.994 0.4000000060
12943  -42.821  -62.484  -16.250 0.4000000060
12216  -44.277  -63.067  -18.124 0.4000000060
9887  -40.526  -66.357  -9.836 0.4000000060
8556  -43.012  -68.132  -12.491 0.5000000000
9220  -42.865  -67.075  -10.366 0.5000000000
15975  -32.099  -58.586  -12.753 0.3000000119
14395  -33.062  -59.608  -13.564 0.4000000060
16860  -32.189  -57.723  -13.051 0.3000000119
16868  -32.448  -57.493  -13.776 0.3000000119
98756  -32.701  -58.017  -14.265 0.3000000119
15157  -34.020  -59.670  -14.756 0.3000000119
13680  -37.721  -61.220  -15.359 0.3000000119
13679  -36.916  -61.151  -15.061 0.3000000119
13682  -39.400  -61.385  -15.963 0.3000000119
14425  -35.620  -60.268  -15.311 0.3000000119
15176  -33.749  -58.889  -15.107 0.2000000030
104081  -37.286  -60.687  -15.526 0.3000000119
13703  -39.926  -60.921  -16.651 0.3000000119
106382  -40.280  -60.635  -17.217 0.3000000119
13720  -41.550  -61.004  -17.692 0.4000000060
13736  -43.007  -61.213  -18.945 0.4000000060
14455  -40.688  -60.459  -17.890 0.3000000119
14469  -40.891  -60.511  -18.866 0.2000000030
14441  -37.831  -59.789  -16.566 0.2000000030
16040  -36.866  -57.911  -17.391 0.1000000015
10587  -36.942  -65.107  -10.268 0.4000000060
11315  -35.754  -64.367  -9.939 0.4000000060
9885  -38.212  -66.305  -10.518 0.5000000000
8518  -40.636  -68.291  -10.284 0.4000000060
9219  -42.292  -67.187  -9.810 0.5000000000
100611  -33.512  -61.575  -10.031 0.5000000000
18767  -35.233  -56.274  -9.974 0.1000000015
17805  -32.521  -56.707  -14.096 0.2000000030
18824  -32.663  -56.179  -13.729 0.2000000030
16877  -32.921  -57.672  -15.018 0.2000000030
16876  -32.602  -57.233  -14.558 0.2000000030
18825  -32.953  -55.420  -13.757 0.2000000030
16889  -33.243  -57.127  -15.654 0.1000000015
15179  -36.252  -59.757  -15.837 0.2000000030
18847  -32.686  -55.916  -15.065 0.1000000015
16890  -33.925  -57.600  -15.992 0.1000000015
16007  -35.043  -58.698  -15.946 0.2000000030
15195  -35.934  -58.985  -16.224 0.2000000030
16899  -34.442  -57.040  -16.414 0.1000000015
16023  -35.632  -58.152  -16.505 0.1000000015
15197  -37.810  -59.155  -17.088 0.1000000015
16025  -37.285  -58.593  -17.153 0.1000000015
18858  -35.490  -55.637  -16.987 0.1000000015
7896  -39.319  -69.746  -12.053 0.3000000119
8541  -36.686  -69.307  -12.341 0.3000000119
8528  -36.946  -68.556  -12.076 0.3000000119
8529  -37.870  -68.669  -11.926 0.3000000119
7257  -38.523  -70.420  -12.335 0.3000000119
8531  -40.020  -69.133  -11.083 0.3000000119
9228  -38.438  -67.996  -11.181 0.3000000119
9215  -38.067  -67.230  -10.945 0.3000000119
9226  -36.584  -67.699  -11.535 0.3000000119
9895  -37.299  -66.927  -11.004 0.3000000119
8517  -39.473  -68.163  -10.757 0.3000000119
99133  -34.868  -64.297  -9.778 0.4000000060
10585  -35.090  -65.332  -9.981 0.4000000060
9893  -35.635  -66.095  -10.383 0.4000000060
9884  -36.440  -65.755  -10.428 0.4000000060
15970  -30.271  -58.560  -11.554 0.4000000060
13643  -33.015  -61.730  -9.582 0.4000000060
12098  -33.637  -63.158  -9.590 0.4000000060
20601  -34.366  -54.058  -9.530 0.1000000015
18744  -35.763  -55.999  -9.184 0.1000000015
18745  -36.619  -56.439  -9.353 0.1000000015
19713  -35.844  -55.779  -9.921 0.1000000015
19728  -35.803  -55.149  -11.451 0.2000000030
19748  -33.698  -54.614  -12.486 0.1000000015
18836  -32.965  -55.346  -14.757 0.1000000015
19766  -33.369  -54.671  -14.281 0.1000000015
19788  -33.796  -54.843  -15.908 0.1000000015
19779  -34.135  -54.197  -15.429 0.1000000015
97334  -35.055  -54.297  -16.315 0.1000000015
7884  -36.786  -70.071  -12.259 0.2000000030
7883  -35.869  -69.431  -12.049 0.2000000030
7249  -37.811  -71.448  -11.649 0.2000000030
96640  -35.756  -67.602  -11.588 0.3000000119
14374  -30.866  -60.888  -10.443 0.3000000119
93636  -32.952  -62.502  -9.481 0.4000000060
16846  -28.896  -57.377  -10.623 0.3000000119
105025  -29.264  -56.059  -10.242 0.3000000119
20660  -33.737  -53.957  -12.990 0.1000000015
7872  -34.713  -69.600  -10.988 0.2000000030
7882  -34.945  -69.140  -11.645 0.2000000030
8526  -34.581  -68.338  -11.630 0.2000000030
15961  -28.474  -58.228  -10.512 0.3000000119
95245  -29.341  -59.924  -11.220 0.3000000119
14373  -29.813  -60.721  -11.141 0.3000000119
13640  -30.030  -61.634  -10.950 0.3000000119
18721  -29.015  -55.097  -9.023 0.3000000119
18738  -28.623  -55.805  -9.314 0.3000000119
19670  -28.812  -54.911  -8.086 0.3000000119
20576  -32.791  -52.963  -8.733 0.1000000015
21428  -32.409  -51.956  -7.525 0.2000000030
21429  -33.135  -51.906  -7.758 0.1000000015
22220  -34.442  -51.576  -7.496 0.1000000015
22221  -35.269  -51.541  -7.486 0.1000000015
22224  -38.068  -51.963  -7.342 0.1000000015
21431  -39.587  -52.565  -7.745 0.1000000015
22223  -37.507  -51.769  -8.118 0.1000000015
102605  -39.355  -52.500  -8.544 0.1000000015
20579  -40.981  -53.151  -7.794 0.1000000015
20561  -41.436  -53.508  -7.381 0.1000000015
20562  -42.253  -53.641  -7.593 0.1000000015
21465  -35.399  -51.963  -9.428 0.1000000015
21449  -38.772  -52.218  -8.925 0.1000000015
20580  -41.603  -53.280  -8.344 0.1000000015
20623  -35.271  -53.660  -10.633 0.1000000015
20639  -34.448  -53.113  -11.624 0.1000000015
9878  -30.180  -66.890  -9.687 0.2000000030
9881  -30.784  -66.449  -10.239 0.2000000030
102352  -32.578  -67.341  -10.797 0.2000000030
10581  -29.260  -65.688  -9.770 0.3000000119
9213  -32.127  -66.811  -10.750 0.2000000030
94016  -28.306  -59.903  -10.785 0.3000000119
12873  -29.649  -62.641  -11.034 0.3000000119
95160  -28.202  -56.634  -9.463 0.3000000119
13639  -28.358  -61.471  -11.035 0.3000000119
100157  -27.873  -60.861  -10.551 0.3000000119
94842  -28.806  -62.747  -11.009 0.3000000119
11321  -30.791  -64.209  -10.871 0.3000000119
17718  -28.328  -55.571  -7.984 0.3000000119
20557  -29.692  -53.579  -7.267 0.2000000030
17732  -28.183  -56.068  -8.673 0.3000000119
21427  -31.776  -52.354  -7.736 0.2000000030
22211  -34.757  -51.424  -6.955 0.1000000015
22198  -34.779  -51.534  -6.302 0.2000000030
101757  -36.661  -51.194  -9.438 0.1000000015
22254  -37.568  -51.280  -9.359 0.1000000015
21466  -39.628  -52.522  -9.148 0.1000000015
22289  -35.311  -51.055  -11.032 0.1000000015
10580  -28.671  -65.292  -9.312 0.3000000119
9876  -28.832  -66.138  -9.080 0.3000000119
11305  -27.850  -63.970  -9.193 0.3000000119
12090  -27.638  -63.226  -9.754 0.3000000119
12091  -28.266  -63.163  -10.512 0.3000000119
12869  -27.641  -62.426  -10.284 0.3000000119
15121  -27.613  -59.243  -9.444 0.3000000119
15941  -27.596  -58.488  -8.649 0.3000000119
13637  -27.429  -61.600  -9.910 0.3000000119
17717  -27.904  -56.281  -7.793 0.3000000119
18688  -28.326  -55.031  -6.751 0.3000000119
19643  -28.728  -54.292  -6.286 0.2000000030
21371  -31.270  -52.640  -4.914 0.2000000030
105880  -33.400  -51.927  -5.357 0.2000000030
97932  -34.133  -51.685  -5.679 0.2000000030
10568  -28.360  -65.439  -7.029 0.1000000015
12846  -27.380  -62.492  -6.598 0.2000000030
95577  -27.338  -63.374  -7.932 0.3000000119
104112  -27.218  -61.813  -9.235 0.3000000119
18687  -27.867  -55.645  -6.459 0.3000000119
88327  -27.596  -56.825  -7.158 0.3000000119
20532  -29.087  -53.765  -5.465 0.2000000030
20497  -29.539  -53.507  -4.637 0.2000000030
20498  -30.879  -53.114  -4.321 0.1000000015
20500  -32.571  -53.121  -4.340 0.2000000030
13608  -27.203  -60.991  -6.409 0.3000000119
14350  -27.327  -60.727  -7.331 0.3000000119
16791  -27.391  -57.480  -6.564 0.3000000119
19629  -27.865  -54.904  -5.027 0.2000000030
20481  -28.936  -53.889  -3.987 0.2000000030
20496  -28.852  -53.925  -4.764 0.2000000030
98960  -30.192  -53.333  -4.252 0.1000000015
20483  -30.554  -53.613  -3.688 0.1000000015
97009  -30.658  -54.174  -3.179 0.1000000015
19586  -34.297  -54.852  -3.937 0.1000000015
15082  -27.197  -59.539  -6.226 0.3000000119
16790  -27.188  -58.134  -5.927 0.3000000119
17653  -27.041  -56.266  -4.846 0.2000000030
99369  -29.129  -54.113  -3.078 0.1000000015
94065  -29.617  -54.352  -2.630 0.1000000015
97248  -31.828  -56.839  -3.173 0.1000000015
17629  -26.338  -56.532  -3.571 0.2000000030
17652  -26.558  -56.783  -4.311 0.2000000030
19565  -29.093  -54.493  -2.242 0.1000000015
106236  -33.109  -56.604  -3.491 0.1000000015
9260  -37.417  -67.720  -15.288 0.3000000119
95698  -35.835  -68.403  -15.118 0.3000000119
94384  -36.741  -68.281  -15.193 0.3000000119
8584  -27.292  -68.150  -14.767 0.2000000030
7967  -24.367  -69.471  -16.432 0.2000000030
7923  -34.092  -69.041  -14.858 0.4000000060
8567  -32.251  -68.697  -14.740 0.3000000119
9259  -36.401  -67.543  -15.347 0.4000000060
8586  -33.835  -68.238  -15.075 0.3000000119
8566  -31.343  -68.445  -14.677 0.3000000119
98931  -37.701  -66.902  -15.469 0.4000000060
9257  -33.998  -67.480  -15.358 0.4000000060
9240  -29.716  -67.954  -14.584 0.3000000119
9254  -26.329  -67.932  -15.293 0.2000000030
9930  -36.951  -66.830  -15.524 0.4000000060
9258  -35.467  -67.429  -15.371 0.4000000060
9241  -31.250  -67.289  -14.600 0.4000000060
9931  -37.540  -66.199  -15.518 0.4000000060
9911  -30.329  -67.014  -14.359 0.3000000119
8597  -25.616  -68.212  -15.892 0.3000000119
93580  -36.048  -66.706  -15.547 0.4000000060
100190  -34.702  -67.264  -15.422 0.4000000060
9255  -27.062  -67.200  -14.965 0.4000000060
10633  -38.379  -65.562  -15.220 0.4000000060
92925  -34.268  -66.694  -15.521 0.4000000060
101180  -27.689  -66.626  -14.748 0.3000000119
11372  -38.850  -64.573  -14.803 0.4000000060
100476  -36.653  -66.039  -15.603 0.4000000060
93581  -35.140  -66.644  -15.516 0.4000000060
9928  -31.967  -66.440  -15.088 0.4000000060
9929  -32.871  -66.198  -15.403 0.4000000060
9927  -29.943  -65.913  -14.387 0.3000000119
10632  -36.430  -65.293  -15.658 0.4000000060
95279  -34.711  -65.957  -15.579 0.4000000060
102678  -35.774  -65.133  -15.703 0.4000000060
103166  -34.362  -65.323  -15.641 0.4000000060
100276  -33.752  -65.919  -15.573 0.4000000060
10627  -29.535  -65.051  -14.702 0.3000000119
11371  -37.843  -64.646  -15.189 0.4000000060
10630  -33.067  -65.419  -15.479 0.4000000060
10628  -31.432  -65.348  -15.047 0.3000000119
9943  -26.807  -65.914  -16.024 0.2000000030
12144  -39.453  -63.779  -15.080 0.3000000119
11370  -36.948  -64.667  -15.542 0.4000000060
12143  -38.459  -63.752  -15.246 0.4000000060
95910  -36.582  -63.883  -15.554 0.4000000060
94564  -34.606  -64.553  -15.681 0.4000000060
11366  -32.738  -64.623  -15.461 0.4000000060
10626  -28.602  -65.116  -14.999 0.2000000030
9944  -27.764  -65.420  -15.676 0.2000000030
106492  -26.016  -66.945  -17.957 0.3000000119
12172  -39.022  -63.228  -15.826 0.3000000119
12142  -37.407  -63.659  -15.511 0.3000000119
11365  -31.857  -64.556  -15.324 0.3000000119
10646  -28.519  -64.895  -15.858 0.2000000030
11364  -30.971  -64.504  -15.216 0.2000000030
9956  -26.394  -66.503  -17.630 0.2000000030
8622  -24.673  -68.702  -20.143 0.2000000030
12942  -40.398  -62.958  -16.920 0.3000000119
12141  -35.857  -63.708  -15.726 0.4000000060
10648  -30.104  -64.563  -15.292 0.1000000015
12960  -41.018  -62.986  -17.999 0.3000000119
12940  -38.488  -62.696  -16.825 0.3000000119
12169  -35.545  -63.031  -16.243 0.2000000030
11392  -33.236  -63.831  -15.672 0.2000000030
9285  -26.259  -66.823  -18.607 0.1000000015
12939  -36.176  -62.711  -16.841 0.2000000030
12167  -33.788  -63.211  -16.245 0.1000000015
10661  -28.215  -65.120  -16.750 0.1000000015
9969  -26.881  -66.335  -18.366 0.1000000015
9299  -25.690  -67.675  -19.802 0.1000000015
105547  -41.164  -63.066  -19.203 0.2000000030
12959  -39.939  -62.739  -18.239 0.3000000119
99044  -37.295  -62.665  -16.795 0.3000000119
13020  -42.814  -62.334  -20.377 0.2000000030
12981  -40.434  -63.092  -19.848 0.1000000015
12957  -38.054  -62.551  -18.105 0.2000000030
10662  -28.982  -64.663  -16.557 0.1000000015
9292  -26.346  -67.095  -19.484 0.1000000015
8623  -25.407  -68.283  -20.414 0.1000000015
103264  -40.602  -62.996  -20.464 0.2000000030
12980  -39.359  -63.028  -19.960 0.2000000030
12955  -35.954  -62.694  -17.732 0.1000000015
12938  -35.182  -62.761  -17.195 0.1000000015
12165  -31.828  -63.240  -16.183 0.1000000015
12164  -30.900  -63.422  -16.306 0.1000000015
10660  -27.888  -65.465  -17.735 0.1000000015
105751  -25.915  -67.922  -20.266 0.1000000015
6721  -24.187  -70.922  -23.003 0.1000000015
12979  -38.533  -62.879  -19.647 0.1000000015
105586  -36.554  -62.703  -18.224 0.2000000030
106249  -35.376  -62.873  -18.182 0.1000000015
12195  -33.265  -62.783  -17.086 0.1000000015
11403  -29.341  -64.274  -17.118 0.1000000015
9970  -27.645  -65.993  -18.641 0.1000000015
9300  -26.528  -67.580  -20.218 0.1000000015
90142  -24.949  -70.283  -22.647 0.1000000015
6732  -24.060  -71.748  -23.531 0.1000000015
12976  -34.565  -63.096  -18.172 0.1000000015
12192  -30.370  -63.115  -17.011 0.1000000015
10673  -28.206  -65.399  -18.581 0.1000000015
7379  -25.930  -70.195  -22.991 0.1000000015
7395  -25.291  -70.730  -23.391 0.1000000015
9986  -27.838  -66.460  -19.460 0.1000000015
94653  -35.016  -53.275  -4.652 0.2000000030
14487  -42.128  -61.344  -20.029 0.2000000030
13757  -41.646  -61.930  -20.448 0.1000000015
98474  -38.771  -62.825  -20.237 0.1000000015
12977  -36.106  -62.965  -18.759 0.1000000015
12978  -37.901  -62.882  -19.543 0.1000000015
12215  -35.290  -63.882  -19.343 0.1000000015
12194  -32.337  -62.664  -16.968 0.1000000015
8024  -25.595  -69.727  -22.284 0.1000000015
8631  -25.714  -68.732  -21.146 0.1000000015
9293  -27.223  -66.980  -19.807 0.1000000015
100275  -34.712  -68.121  -15.168 0.3000000119
9239  -28.834  -67.945  -14.635 0.3000000119
9242  -32.147  -67.588  -14.848 0.3000000119
9243  -33.102  -67.778  -15.103 0.3000000119
8585  -27.972  -67.734  -14.727 0.3000000119
9910  -29.374  -66.831  -14.336 0.3000000119
9256  -32.721  -66.960  -15.220 0.4000000060
94976  -30.936  -66.168  -14.681 0.3000000119
100084  -37.285  -65.425  -15.518 0.4000000060
11368  -35.420  -64.504  -15.697 0.4000000060
98660  -30.496  -65.144  -14.744 0.2000000030
95575  -26.708  -66.023  -16.907 0.2000000030
12170  -36.576  -63.090  -15.934 0.3000000119
11367  -34.098  -63.822  -15.735 0.2000000030
9291  -25.783  -67.306  -19.088 0.2000000030
12941  -39.520  -62.800  -16.848 0.3000000119
104034  -37.310  -62.976  -15.860 0.3000000119
11391  -32.305  -63.817  -15.621 0.2000000030
12140  -34.930  -63.639  -15.862 0.4000000060
105761  -34.358  -63.395  -16.019 0.2000000030
11390  -31.393  -63.854  -15.635 0.1000000015
104077  -24.521  -69.377  -21.363 0.1000000015
11389  -30.539  -64.039  -15.835 0.1000000015
12958  -38.975  -62.618  -18.204 0.3000000119
12196  -34.160  -62.813  -17.160 0.1000000015
8023  -24.643  -69.752  -21.976 0.1000000015
13001  -40.208  -62.960  -20.371 0.1000000015
96421  -28.577  -64.832  -17.666 0.1000000015
91102  -24.799  -71.300  -23.682 0.1000000015
6155  -23.965  -72.468  -24.076 0.1000000015
89979  -33.670  -63.142  -18.173 0.1000000015
98620  -37.099  -62.976  -19.354 0.1000000015
6668  -36.705  -72.165  -16.326 0.3000000119
6667  -35.683  -72.223  -16.538 0.2000000030
6666  -34.432  -72.228  -16.543 0.3000000119
7302  -35.572  -71.266  -16.095 0.2000000030
7287  -39.821  -70.956  -14.637 0.4000000060
7305  -38.295  -71.336  -15.655 0.2000000030
7286  -39.204  -70.866  -15.348 0.4000000060
7304  -37.573  -71.432  -15.924 0.3000000119
7301  -33.706  -71.488  -16.084 0.2000000030
7950  -39.655  -70.079  -15.177 0.4000000060
7303  -36.629  -71.387  -16.135 0.2000000030
89879  -34.685  -71.034  -15.899 0.2000000030
7300  -32.730  -71.873  -16.048 0.1000000015
90483  -33.227  -70.828  -15.628 0.2000000030
7298  -31.876  -70.775  -15.162 0.1000000015
7947  -36.406  -70.184  -15.524 0.3000000119
7284  -31.459  -70.367  -14.839 0.1000000015
7945  -34.221  -70.153  -15.375 0.2000000030
7283  -30.717  -69.783  -14.650 0.1000000015
7918  -29.495  -69.194  -14.503 0.1000000015
7919  -30.134  -69.401  -14.566 0.1000000015
90007  -30.534  -69.207  -14.728 0.1000000015
102645  -26.777  -68.274  -14.346 0.1000000015
89550  -28.345  -68.657  -14.312 0.1000000015
8563  -27.546  -68.361  -14.462 0.1000000015
8562  -25.962  -68.258  -14.609 0.1000000015
7948  -38.184  -69.555  -15.337 0.3000000119
7946  -35.335  -70.168  -15.412 0.2000000030
7922  -33.252  -69.856  -15.128 0.2000000030
7944  -32.486  -70.858  -15.467 0.2000000030
7920  -31.254  -69.754  -14.922 0.2000000030
8582  -25.359  -68.578  -15.362 0.1000000015
8581  -24.489  -68.570  -15.136 0.1000000015
104800  -38.043  -68.920  -15.163 0.2000000030
92105  -37.245  -69.601  -15.356 0.3000000119
8565  -29.886  -68.895  -14.709 0.2000000030
94639  -26.684  -68.312  -14.942 0.1000000015
7942  -24.066  -68.981  -15.715 0.1000000015
8588  -36.602  -69.092  -15.172 0.3000000119
8568  -33.183  -68.877  -14.786 0.3000000119
101233  -28.418  -68.341  -14.646 0.2000000030
7966  -23.398  -69.328  -16.168 0.1000000015
7943  -24.888  -69.083  -15.911 0.1000000015
8583  -25.894  -68.386  -15.408 0.1000000015
7315  -23.141  -69.968  -16.794 0.1000000015
90991  -37.509  -68.778  -15.179 0.2000000030
8596  -25.335  -68.805  -15.951 0.1000000015
7328  -22.788  -70.595  -17.354 0.1000000015
7316  -24.061  -70.060  -16.817 0.1000000015
8589  -38.411  -68.468  -15.101 0.2000000030
7982  -24.817  -69.249  -16.603 0.1000000015
91582  -24.545  -69.924  -16.880 0.1000000015
9268  -25.180  -68.454  -16.554 0.1000000015
6692  -21.871  -71.554  -18.373 0.1000000015
6684  -23.638  -71.344  -17.663 0.1000000015
7329  -23.860  -70.686  -17.294 0.1000000015
7330  -24.371  -70.444  -17.321 0.1000000015
6112  -24.063  -71.927  -17.983 0.1000000015
8590  -39.176  -69.367  -15.146 0.3000000119
92082  -38.355  -70.675  -15.618 0.3000000119
89776  -37.451  -70.487  -15.685 0.2000000030
100090  -35.860  -69.387  -15.158 0.3000000119
8564  -28.773  -68.721  -14.559 0.1000000015
7341  -22.057  -70.934  -17.817 0.1000000015
98167  -21.167  -70.835  -18.253 0.1000000015
6693  -23.116  -71.842  -17.990 0.1000000015
98379  -25.770  -67.210  -15.879 0.2000000030
6707  -24.425  -72.556  -19.117 0.1000000015
6134  -24.030  -73.363  -19.153 0.1000000015
5537  -23.407  -74.335  -19.914 0.1000000015
8603  -24.894  -68.668  -17.319 0.2000000030
6702  -24.490  -71.126  -18.440 0.2000000030
89510  -23.890  -73.820  -19.813 0.2000000030
7351  -24.357  -71.571  -19.173 0.1000000015
5550  -23.121  -74.773  -20.455 0.1000000015
92980  -24.210  -73.014  -19.880 0.2000000030
93137  -24.061  -71.904  -20.034 0.1000000015
9269  -25.477  -67.427  -16.557 0.2000000030
7989  -24.406  -69.468  -18.517 0.1000000015
6139  -23.624  -74.198  -20.490 0.1000000015
6140  -23.874  -73.393  -20.565 0.1000000015
9923  -26.385  -66.657  -15.558 0.2000000030
9275  -25.218  -67.746  -17.324 0.2000000030
7352  -24.049  -70.338  -19.482 0.1000000015
7359  -23.827  -70.620  -20.356 0.1000000015
8610  -25.047  -68.021  -18.018 0.1000000015
7995  -24.247  -69.388  -19.493 0.1000000015
9925  -28.018  -65.835  -14.728 0.2000000030
9942  -26.040  -66.526  -16.502 0.2000000030
9276  -25.700  -67.008  -17.335 0.2000000030
7360  -24.177  -69.502  -20.520 0.1000000015
8616  -24.662  -68.652  -19.242 0.1000000015
7365  -23.572  -70.947  -21.228 0.1000000015
7981  -24.619  -69.667  -17.433 0.1000000015
7342  -24.517  -70.485  -17.916 0.1000000015
6080  -37.753  -71.978  -15.945 0.2000000030
6090  -34.839  -72.798  -16.564 0.1000000015
103675  -38.332  -71.217  -12.085 0.2000000030
6625  -38.507  -72.099  -11.727 0.1000000015
9205  -31.196  -67.662  -9.615 0.1000000015
7228  -35.560  -71.426  -9.722 0.1000000015
7240  -35.843  -70.987  -10.655 0.1000000015
8516  -33.391  -68.366  -10.763 0.1000000015
9197  -30.972  -68.065  -8.873 0.2000000030
8508  -31.621  -68.360  -9.303 0.1000000015
7227  -34.739  -71.158  -9.298 0.1000000015
9203  -29.766  -67.296  -8.996 0.2000000030
8509  -32.362  -68.558  -9.700 0.1000000015
7226  -34.091  -70.303  -9.633 0.1000000015
88394  -34.250  -69.705  -10.429 0.1000000015
6658  -38.567  -71.726  -15.313 0.2000000030
7239  -34.919  -70.490  -10.260 0.1000000015
8515  -32.753  -67.992  -10.438 0.1000000015
9869  -29.153  -66.833  -8.640 0.2000000030
8510  -32.970  -68.701  -10.058 0.1000000015
8499  -32.085  -69.069  -8.874 0.1000000015
6079  -37.044  -72.588  -15.961 0.1000000015
97197  -26.367  -58.984  -4.918 0.1000000015
14310  -26.492  -60.316  -5.129 0.1000000015
96737  -26.814  -60.999  -5.601 0.1000000015
91134  -26.912  -61.818  -5.444 0.1000000015
11269  -27.701  -64.024  -5.596 0.1000000015
13590  -27.245  -61.805  -6.216 0.1000000015
15043  -25.673  -59.621  -3.987 0.1000000015
14282  -25.485  -60.343  -3.670 0.1000000015
13574  -25.725  -61.070  -3.955 0.1000000015
101983  -26.942  -62.958  -4.753 0.1000000015
90778  -25.968  -58.916  -4.293 0.1000000015
14300  -25.935  -60.353  -4.375 0.1000000015
12830  -27.056  -62.573  -5.180 0.1000000015
12051  -27.363  -63.278  -5.262 0.1000000015
10551  -28.449  -65.347  -5.499 0.1000000015
15861  -25.946  -58.132  -3.997 0.1000000015
12806  -25.481  -61.722  -3.386 0.1000000015
15821  -25.164  -58.329  -2.358 0.1000000015
94480  -25.370  -59.724  -3.333 0.1000000015
12817  -25.977  -61.768  -4.117 0.1000000015
15023  -25.526  -58.851  -3.408 0.1000000015
12818  -26.528  -62.278  -4.608 0.1000000015
12042  -26.995  -63.625  -4.549 0.1000000015
16724  -26.088  -57.302  -3.775 0.1000000015
15006  -24.817  -59.212  -1.784 0.1000000015
14266  -25.144  -60.389  -2.902 0.1000000015
13540  -25.085  -61.221  -2.818 0.1000000015
16710  -25.455  -57.332  -2.388 0.1000000015
16723  -25.849  -56.975  -3.031 0.1000000015
18626  -26.706  -55.824  -3.317 0.1000000015
21374  -34.563  -52.774  -4.793 0.1000000015
21375  -35.298  -52.741  -4.989 0.1000000015
89664  -36.889  -52.861  -5.479 0.1000000015
98020  -26.082  -56.139  -1.984 0.1000000015
18627  -27.212  -55.253  -2.994 0.1000000015
19563  -27.823  -54.812  -2.771 0.1000000015
20502  -34.360  -53.500  -4.427 0.1000000015
105608  -34.964  -51.754  -5.700 0.1000000015
20503  -35.678  -53.470  -4.794 0.1000000015
20537  -38.938  -53.915  -6.024 0.1000000015
21402  -36.441  -52.212  -5.657 0.1000000015
21403  -37.754  -52.745  -5.881 0.1000000015
15007  -25.132  -59.441  -2.656 0.1000000015
14265  -24.850  -60.140  -2.110 0.1000000015
97285  -24.888  -60.835  -2.326 0.1000000015
22200  -36.109  -51.793  -5.951 0.1000000015
11280  -27.727  -64.024  -6.377 0.1000000015
11281  -28.072  -64.717  -6.695 0.1000000015
15862  -26.352  -58.352  -4.721 0.1000000015
21401  -35.616  -52.072  -5.481 0.1000000015
13575  -26.339  -61.235  -4.744 0.1000000015
12063  -27.582  -63.238  -6.054 0.1000000015
11270  -28.196  -64.643  -5.861 0.1000000015
15839  -25.638  -57.817  -3.167 0.1000000015
17616  -25.775  -56.686  -2.366 0.1000000015
20534  -36.089  -52.804  -5.195 0.1000000015
97169  -37.095  -52.273  -5.886 0.1000000015
14485  -39.935  -60.518  -19.327 0.1000000015
6060  -34.516  -73.583  -13.889 0.1000000015
6059  -33.775  -72.881  -15.019 0.1000000015
6069  -34.121  -73.176  -15.757 0.1000000015
6048  -33.880  -72.937  -13.502 0.1000000015
6630  -33.411  -72.287  -13.075 0.1000000015
6629  -32.915  -71.533  -13.317 0.1000000015
97831  -34.523  -73.353  -14.884 0.1000000015
6038  -33.740  -73.048  -12.186 0.1000000015
5450  -35.152  -73.843  -14.303 0.1000000015
6621  -32.654  -71.685  -11.660 0.1000000015
6037  -33.222  -72.568  -11.399 0.1000000015
6049  -34.419  -73.866  -12.685 0.1000000015
6616  -32.698  -71.890  -10.736 0.1000000015
4881  -29.804  -75.138  -5.816 0.1000000015
4882  -30.267  -74.883  -5.001 0.1000000015
4923  -27.885  -74.420  -8.428 0.1000000015
4930  -27.667  -74.353  -9.304 0.1000000015
5408  -27.381  -73.614  -8.508 0.1000000015
5407  -27.035  -72.947  -8.885 0.1000000015
5472  -35.017  -73.086  -16.303 0.1000000015
5418  -26.489  -73.467  -10.340 0.1000000015
6013  -27.368  -72.665  -8.282 0.1000000015
6620  -32.051  -71.115  -11.243 0.1000000015
6615  -31.918  -71.094  -10.418 0.1000000015
91431  -33.719  -72.834  -16.540 0.1000000015
5417  -25.739  -73.029  -10.672 0.1000000015
6605  -26.766  -71.602  -8.889 0.1000000015
6607  -28.692  -70.787  -8.680 0.1000000015
7225  -31.137  -70.521  -10.006 0.1000000015
6610  -31.766  -70.964  -9.588 0.1000000015
6611  -32.354  -71.556  -10.023 0.1000000015
102538  -33.713  -73.414  -11.231 0.1000000015
91461  -33.374  -72.431  -16.406 0.1000000015
5425  -25.322  -73.484  -11.507 0.1000000015
7220  -26.132  -71.017  -9.440 0.1000000015
6609  -30.882  -70.476  -9.086 0.1000000015
4894  -29.172  -74.830  -6.414 0.1000000015
4893  -28.609  -74.649  -6.999 0.1000000015
5394  -27.951  -73.822  -7.010 0.1000000015
5451  -35.936  -74.215  -13.729 0.1000000015
103190  -36.523  -73.925  -14.198 0.1000000015
5461  -35.776  -73.748  -14.746 0.1000000015
5393  -27.695  -73.933  -7.813 0.1000000015
5996  -27.654  -73.175  -7.710 0.1000000015
6077  -34.208  -73.052  -16.417 0.1000000015
6608  -29.769  -70.491  -8.773 0.1000000015
6028  -33.476  -72.976  -10.524 0.1000000015
6591  -29.269  -71.137  -8.189 0.1000000015
6592  -30.371  -70.787  -8.262 0.1000000015
6023  -33.001  -72.122  -9.946 0.1000000015
4883  -30.901  -74.339  -4.533 0.1000000015
5357  -29.632  -74.126  -5.338 0.1000000015
5342  -31.486  -73.724  -4.059 0.1000000015
92057  -31.987  -73.171  -3.319 0.1000000015
90234  -29.133  -74.360  -5.862 0.1000000015
5371  -30.179  -73.163  -5.673 0.1000000015
5440  -35.172  -74.228  -13.186 0.1000000015
5463  -37.364  -73.523  -14.283 0.1000000015
5370  -29.264  -73.491  -6.064 0.1000000015
5428  -34.255  -74.040  -11.581 0.1000000015
6070  -37.074  -73.109  -15.328 0.1000000015
5395  -28.590  -73.397  -6.622 0.1000000015
5997  -28.433  -72.731  -7.237 0.1000000015
6014  -27.965  -72.279  -7.890 0.1000000015
6590  -28.301  -71.527  -8.254 0.1000000015
6589  -27.492  -71.891  -8.408 0.1000000015
6015  -28.825  -71.850  -7.728 0.1000000015
6593  -31.599  -70.913  -8.600 0.1000000015
6594  -32.410  -71.504  -9.358 0.1000000015
6575  -30.826  -71.135  -7.813 0.1000000015
5441  -36.109  -74.458  -12.674 0.1000000015
5359  -31.093  -73.212  -4.720 0.1000000015
5343  -31.793  -72.822  -4.300 0.1000000015
5930  -32.901  -72.884  -2.837 0.1000000015
90764  -35.211  -74.532  -11.961 0.1000000015
5452  -36.991  -74.146  -13.254 0.1000000015
5372  -30.857  -72.940  -5.364 0.1000000015
6078  -36.410  -73.074  -15.923 0.1000000015
5978  -30.196  -72.613  -6.440 0.1000000015
96040  -33.621  -72.796  -9.660 0.1000000015
5977  -29.307  -72.688  -6.785 0.1000000015
93907  -32.468  -71.475  -8.656 0.1000000015
98640  -29.325  -72.122  -7.308 0.1000000015
5948  -32.639  -72.700  -3.707 0.1000000015
5427  -34.114  -73.884  -10.704 0.1000000015
6071  -37.869  -72.595  -15.056 0.1000000015
91068  -33.159  -71.960  -9.165 0.1000000015
5998  -30.365  -71.896  -7.200 0.1000000015
5419  -34.794  -73.958  -10.120 0.1000000015
5429  -36.063  -74.544  -10.970 0.1000000015
5413  -34.072  -73.518  -9.999 0.1000000015
5961  -31.701  -72.578  -5.408 0.1000000015
6018  -33.777  -72.527  -8.832 0.1000000015
5414  -34.227  -73.184  -9.301 0.1000000015
6016  -31.847  -71.319  -7.741 0.1000000015
6017  -33.100  -71.739  -8.190 0.1000000015
5979  -31.026  -72.547  -6.060 0.1000000015
5999  -31.308  -71.988  -6.841 0.1000000015
6000  -32.538  -71.713  -7.189 0.1000000015
95090  -35.868  -74.107  -10.017 0.1000000015
92982  -34.461  -72.873  -8.540 0.1000000015
101941  -34.655  -73.593  -9.597 0.1000000015
5962  -32.643  -72.476  -4.884 0.1000000015
6001  -33.946  -72.148  -7.853 0.1000000015
101103  -33.293  -71.776  -7.524 0.1000000015
93180  -31.968  -72.151  -6.395 0.1000000015
95403  -36.687  -73.571  -9.648 0.1000000015
5415  -35.398  -73.699  -9.457 0.1000000015
5409  -34.969  -73.353  -8.978 0.1000000015
5980  -32.709  -72.137  -5.961 0.1000000015
6024  -36.763  -73.106  -9.227 0.1000000015
5918  -33.279  -72.390  -2.350 0.1000000015
5931  -33.719  -72.484  -2.560 0.1000000015
5327  -33.305  -72.997  -2.529 0.1000000015
4911  -28.193  -74.525  -7.696 0.1000000015
5412  -26.728  -73.173  -9.555 0.1000000015
6022  -26.522  -72.396  -9.092 0.1000000015
6027  -26.127  -72.653  -9.854 0.1000000015
7222  -28.117  -70.436  -9.255 0.1000000015
7223  -29.178  -70.150  -9.310 0.1000000015
7236  -29.634  -69.788  -10.123 0.1000000015
5369  -28.576  -74.111  -6.330 0.1000000015
5358  -30.420  -73.713  -5.023 0.1000000015
89234  -34.936  -74.441  -10.859 0.1000000015
3492  -10.608  -77.736  -26.405 0.1000000015
3480  -10.124  -77.072  -25.616 0.1000000015
99020  -9.073  -75.590  -29.515 0.1000000015
4611  -9.752  -75.636  -30.328 0.1000000015
4595  -9.795  -76.101  -29.030 0.1000000015
95063  -10.832  -76.688  -29.011 0.1000000015
2912  -12.248  -79.182  -29.000 0.1000000015
91652  -8.315  -75.432  -29.333 0.1000000015
5084  -6.936  -74.876  -28.030 0.1000000015
5071  -6.350  -74.197  -27.345 0.1000000015
3481  -10.141  -77.271  -25.885 0.1000000015
92626  -10.191  -76.363  -24.508 0.1000000015
4094  -10.253  -76.164  -23.591 0.1000000015
4120  -10.942  -77.638  -26.758 0.1000000015
4137  -11.571  -77.564  -28.501 0.1000000015
3511  -11.789  -78.307  -27.913 0.1000000015
4113  -9.595  -76.717  -24.823 0.1000000015
4594  -8.846  -75.667  -28.589 0.1000000015
4147  -11.882  -77.860  -29.416 0.1000000015
4146  -11.566  -76.946  -29.655 0.1000000015
5072  -7.058  -74.556  -26.983 0.1000000015
5058  -6.645  -73.797  -26.411 0.1000000015
5594  -6.560  -73.180  -26.349 0.1000000015
5507  -14.540  -73.381  -18.533 0.1000000015
104677  -11.664  -75.087  -19.804 0.1000000015
5517  -14.132  -73.456  -19.431 0.1000000015
92694  -10.582  -75.915  -23.794 0.1000000015
4095  -10.664  -75.778  -23.150 0.1000000015
4543  -10.659  -75.833  -22.402 0.1000000015
4531  -11.478  -75.176  -21.445 0.1000000015
4989  -11.505  -75.059  -20.617 0.1000000015
4990  -12.176  -74.490  -20.235 0.1000000015
4104  -10.586  -75.787  -24.223 0.1000000015
4530  -10.648  -75.943  -21.730 0.1000000015
4114  -10.241  -76.503  -25.241 0.1000000015
88213  -10.152  -76.136  -22.798 0.1000000015
4128  -11.159  -77.552  -27.382 0.1000000015
91730  -8.130  -75.424  -28.438 0.1000000015
5519  -15.857  -72.911  -19.457 0.1000000015
4985  -13.353  -73.839  -19.529 0.1000000015
103476  -15.818  -72.907  -18.632 0.1000000015
4535  -11.128  -75.525  -21.943 0.1000000015
4995  -12.129  -74.642  -21.388 0.1000000015
88887  -12.759  -74.224  -20.964 0.1000000015
4536  -11.723  -75.048  -22.187 0.1000000015
4544  -11.184  -75.389  -22.713 0.1000000015
4136  -10.475  -76.809  -28.082 0.1000000015
89625  -9.420  -76.016  -27.640 0.1000000015
4573  -8.782  -75.339  -26.524 0.1000000015
5060  -8.218  -74.496  -25.687 0.1000000015
4121  -10.274  -77.107  -26.154 0.1000000015
91538  -12.941  -74.355  -18.837 0.1000000015
4991  -13.032  -73.988  -20.306 0.1000000015
93786  -10.467  -77.155  -26.860 0.1000000015
4984  -12.207  -74.861  -19.190 0.1000000015
4096  -11.065  -75.272  -23.473 0.1000000015
4978  -12.582  -75.027  -18.294 0.1000000015
5034  -12.746  -74.138  -23.968 0.1000000015
5024  -13.565  -74.151  -23.677 0.1000000015
5027  -16.420  -73.986  -23.493 0.1000000015
95038  -13.043  -74.285  -21.770 0.1000000015
5010  -12.495  -74.615  -22.431 0.1000000015
5023  -12.703  -74.525  -23.284 0.1000000015
5012  -14.331  -74.010  -22.580 0.1000000015
4555  -11.866  -74.619  -23.612 0.1000000015
5025  -14.438  -73.934  -23.336 0.1000000015
92632  -13.916  -74.046  -21.921 0.1000000015
4996  -13.464  -73.893  -21.101 0.1000000015
4997  -14.852  -73.843  -22.025 0.1000000015
4545  -11.825  -74.871  -22.975 0.1000000015
102019  -15.007  -73.739  -23.928 0.1000000015
3494  -24.606  -78.273  -26.043 0.1000000015
3504  -11.340  -78.290  -27.313 0.1000000015
3512  -12.118  -78.559  -28.691 0.1000000015
3523  -12.063  -78.495  -29.769 0.1000000015
4158  -11.838  -77.379  -30.591 0.1000000015
4576  -10.302  -76.143  -25.392 0.1000000015
4583  -7.637  -75.151  -27.785 0.1000000015
4584  -8.444  -75.441  -27.633 0.1000000015
4598  -20.886  -75.619  -30.399 0.1000000015
5011  -13.519  -74.316  -22.755 0.1000000015
5059  -7.339  -74.213  -25.969 0.1000000015
5073  -7.897  -74.904  -26.748 0.1000000015
5460  -34.928  -73.375  -15.534 0.1000000015
5462  -36.477  -73.471  -15.041 0.1000000015
5473  -35.710  -73.319  -15.750 0.1000000015
5518  -14.929  -73.128  -19.454 0.1000000015
5595  -7.144  -73.397  -25.663 0.1000000015
5621  -27.930  -73.422  -28.521 0.1000000015
5638  -27.520  -73.182  -29.449 0.1000000015
5645  -19.556  -75.023  -31.208 0.1000000015
5647  -22.822  -74.130  -30.896 0.1000000015
6091  -35.799  -72.602  -16.496 0.3000000119
6180  -25.588  -72.775  -25.762 0.1000000015
6230  -29.017  -72.800  -28.528 0.1000000015
6231  -29.978  -72.566  -28.124 0.1000000015
6251  -26.976  -72.712  -30.007 0.1000000015
6574  -29.818  -71.452  -7.707 0.1000000015
6588  -26.987  -72.270  -8.624 0.1000000015
6606  -27.699  -71.158  -8.724 0.1000000015
6713  -23.441  -72.115  -21.101 0.1000000015
6734  -26.817  -71.098  -24.158 0.2000000030
6756  -29.908  -72.394  -24.215 0.1000000015
6757  -30.630  -72.240  -24.448 0.1000000015
6780  -31.573  -72.268  -25.908 0.1000000015
6807  -23.793  -72.071  -28.362 0.1000000015
6811  -28.554  -71.842  -28.663 0.1000000015
6830  -28.137  -72.436  -28.928 0.1000000015
7224  -30.237  -70.140  -9.583 0.1000000015
7299  -32.412  -71.518  -15.533 0.1000000015
7421  -31.543  -71.101  -25.164 0.1000000015
7459  -28.823  -71.264  -28.055 0.1000000015
7862  -33.541  -69.332  -10.073 0.1000000015
7921  -32.287  -69.837  -15.008 0.2000000030
8001  -24.864  -68.831  -20.970 0.1000000015
8009  -25.194  -69.207  -21.645 0.1000000015
8011  -27.125  -69.175  -21.918 0.2000000030
8026  -27.779  -69.537  -22.443 0.2000000030
8520  -42.658  -67.724  -10.252 0.5000000000
8521  -43.025  -67.706  -10.871 0.4000000060
8525  -33.815  -67.944  -11.340 0.2000000030
8571  -41.599  -68.443  -14.135 0.5000000000
8587  -35.042  -69.183  -15.038 0.3000000119
8609  -24.702  -68.687  -18.242 0.1000000015
8617  -25.209  -67.941  -18.954 0.1000000015
9204  -30.494  -67.528  -9.274 0.1000000015
9206  -32.002  -67.680  -10.137 0.1000000015
9231  -43.094  -67.732  -11.603 0.6000000238
9235  -42.715  -67.727  -13.156 0.5000000000
9301  -27.599  -67.459  -20.455 0.2000000030
9374  -32.271  -66.951  -27.095 0.1000000015
9379  -31.730  -67.123  -27.656 0.1000000015
9861  -28.699  -66.136  -7.382 0.1000000015
9868  -28.671  -66.263  -8.282 0.2000000030
9877  -29.463  -66.550  -9.433 0.2000000030
9882  -31.542  -66.148  -10.781 0.2000000030
9909  -28.439  -66.725  -14.496 0.3000000119
9924  -27.216  -66.153  -15.203 0.2000000030
9926  -28.942  -65.784  -14.389 0.2000000030
9957  -27.128  -65.921  -17.704 0.1000000015
9958  -27.422  -65.608  -16.803 0.2000000030
9985  -26.984  -66.549  -19.114 0.1000000015
10068  -32.302  -66.515  -26.782 0.1000000015
10550  -27.973  -64.748  -5.130 0.1000000015
10560  -28.551  -65.286  -6.162 0.1000000015
10591  -42.038  -65.921  -10.248 0.4000000060
10598  -39.758  -65.252  -10.469 0.5000000000
10629  -32.317  -65.449  -15.335 0.4000000060
10631  -35.100  -65.252  -15.675 0.4000000060
10647  -29.251  -64.689  -15.550 0.1000000015
10688  -28.304  -65.883  -19.916 0.1000000015
10721  -29.454  -65.469  -23.433 0.1000000015
10776  -32.086  -65.253  -27.454 0.1000000015
11290  -27.630  -64.088  -7.307 0.2000000030
11313  -33.280  -63.914  -9.877 0.4000000060
11320  -30.015  -64.213  -10.753 0.3000000119
11324  -33.371  -64.803  -10.239 0.3000000119
11326  -36.831  -64.129  -10.769 0.5000000000
11348  -42.958  -64.064  -13.929 0.5000000000
11369  -36.171  -64.586  -15.646 0.4000000060
11376  -43.008  -64.186  -14.405 0.4000000060
11388  -29.750  -64.318  -16.183 0.1000000015
11404  -30.065  -63.782  -16.631 0.1000000015
11417  -28.944  -64.188  -17.989 0.1000000015
11505  -31.568  -64.635  -25.937 0.1000000015
11529  -31.681  -64.513  -27.627 0.1000000015
12084  -27.372  -63.349  -8.876 0.3000000119
12103  -31.257  -63.644  -10.731 0.3000000119
12118  -37.439  -63.645  -12.495 0.5000000000
12134  -42.614  -63.887  -13.890 0.5000000000
12166  -32.792  -63.196  -16.191 0.1000000015
12168  -34.648  -63.065  -16.400 0.2000000030
12171  -38.020  -63.024  -15.807 0.3000000119
12176  -44.326  -62.887  -17.458 0.4000000060
12193  -31.323  -62.784  -16.889 0.1000000015
12198  -42.860  -63.473  -17.578 0.4000000060
12242  -28.384  -64.017  -20.468 0.1000000015
12263  -28.492  -63.300  -21.097 0.1000000015
12307  -28.944  -63.105  -24.114 0.1000000015
12316  -31.246  -63.906  -26.096 0.1000000015
12331  -31.225  -63.742  -27.749 0.1000000015
12831  -27.333  -62.520  -5.783 0.1000000015
12872  -28.199  -62.274  -10.911 0.3000000119
12877  -33.602  -62.266  -9.652 0.5000000000
12944  -43.926  -62.896  -16.649 0.4000000060
12956  -36.609  -62.627  -17.505 0.2000000030
12971  -28.769  -62.468  -18.579 0.1000000015
12985  -44.437  -62.558  -18.401 0.4000000060
13002  -41.194  -62.866  -20.436 0.2000000030
13003  -42.265  -62.800  -20.316 0.2000000030
13005  -44.125  -62.249  -19.303 0.3000000119
13019  -42.079  -62.414  -20.512 0.2000000030
13051  -30.597  -63.039  -26.959 0.1000000015
13559  -25.354  -60.955  -3.354 0.1000000015
13622  -27.302  -61.656  -7.132 0.3000000119
13678  -36.025  -60.967  -14.893 0.3000000119
13721  -42.666  -61.315  -17.950 0.4000000060
13738  -44.433  -62.102  -18.638 0.4000000060
13758  -42.583  -61.806  -20.312 0.2000000030
13759  -43.499  -61.945  -20.032 0.3000000119
13765  -28.601  -61.206  -20.721 0.1000000015
13787  -28.672  -61.417  -25.032 0.1000000015
14369  -27.527  -60.748  -9.790 0.3000000119
14375  -31.559  -60.430  -10.344 0.4000000060
14504  -28.534  -60.327  -21.079 0.1000000015
15044  -26.182  -59.600  -4.688 0.1000000015
15083  -27.381  -59.360  -6.885 0.3000000119
15129  -31.364  -59.837  -11.036 0.4000000060
15906  -27.178  -58.906  -6.014 0.3000000119
16744  -26.414  -57.585  -4.509 0.2000000030
16770  -27.182  -57.286  -5.740 0.3000000119
16898  -33.760  -56.866  -16.149 0.1000000015
17617  -26.203  -56.297  -2.796 0.1000000015
17731  -27.817  -56.824  -8.578 0.3000000119
17750  -28.817  -56.212  -9.966 0.3000000119
17751  -36.691  -56.937  -9.889 0.1000000015
17767  -29.240  -56.573  -10.511 0.3000000119
17816  -32.592  -56.520  -14.834 0.2000000030
17817  -32.888  -56.373  -15.450 0.1000000015
18643  -26.796  -56.015  -4.113 0.2000000030
18705  -28.109  -55.628  -7.230 0.3000000119
18857  -34.601  -55.556  -16.626 0.1000000015
19581  -28.287  -54.432  -3.482 0.1000000015
19582  -29.953  -53.947  -3.109 0.1000000015
19583  -31.412  -54.138  -3.492 0.1000000015
19599  -28.336  -54.351  -4.463 0.2000000030
19658  -28.764  -54.580  -7.202 0.2000000030
19693  -30.673  -54.507  -9.587 0.3000000119
19698  -36.857  -56.246  -9.084 0.1000000015
19714  -36.711  -56.534  -9.418 0.1000000015
19730  -36.602  -56.755  -9.779 0.1000000015
20558  -30.401  -53.178  -7.638 0.2000000030
21399  -33.988  -52.228  -5.010 0.1000000015
21400  -34.766  -52.149  -5.225 0.1000000015
21415  -31.401  -52.190  -6.325 0.2000000030
22199  -35.519  -51.646  -6.083 0.1000000015
22219  -33.658  -51.622  -7.436 0.1000000015
22222  -36.078  -51.550  -7.359 0.1000000015
86087  -36.592  -56.874  -9.878 0.1000000015
86088  -36.677  -56.970  -10.090 0.1000000015
89660  -35.158  -67.003  -11.214 0.3000000119
89988  -26.231  -68.267  -20.657 0.1000000015
91526  -33.436  -66.843  -15.421 0.4000000060
91583  -40.780  -62.270  -20.421 0.1000000015
91729  -39.906  -65.742  -10.089 0.5000000000
91811  -25.085  -68.166  -19.781 0.2000000030
91959  -20.805  -71.234  -18.669 0.1000000015
92424  -28.142  -68.399  -14.574 0.1000000015
93745  -36.555  -60.499  -15.429 0.3000000119
93835  -30.195  -52.886  -5.917 0.2000000030
93883  -33.688  -64.786  -15.593 0.4000000060
96073  -39.115  -60.605  -16.546 0.2000000030
96186  -35.696  -65.858  -15.639 0.4000000060
96742  -27.242  -62.478  -9.357 0.3000000119
97579  -31.054  -61.615  -10.290 0.3000000119
98623  -24.243  -70.128  -18.782 0.1000000015
98919  -15.620  -73.744  -21.794 0.1000000015
98978  -23.749  -72.482  -29.357 0.1000000015
100334  -25.146  -57.546  -1.728 0.1000000015
100358  -32.188  -69.410  -26.735 0.1000000015
101077  -28.159  -63.765  -9.858 0.3000000119
101525  -28.503  -65.657  -8.685 0.3000000119
102153  -30.528  -68.143  -14.597 0.3000000119
103116  -28.583  -57.178  -21.282 0.1000000015
103485  -28.750  -65.069  -22.042 0.1000000015
103513  -15.276  -73.039  -18.819 0.1000000015
103821  -37.228  -62.621  -18.179 0.2000000030
103877  -12.709  -74.260  -19.614 0.1000000015
104105  -29.294  -68.690  -14.673 0.2000000030
104644  -27.089  -61.396  -5.919 0.1000000015
105834  -30.279  -57.132  -11.377 0.4000000060
105840  -22.942  -71.246  -17.678 0.1000000015
105927  -29.436  -66.154  -23.256 0.1000000015
106340  -32.430  -65.781  -26.833 0.1000000015
